# Flux Network Reconstruction using RW method
# Walkers leave from emitting cells
# Probability involves emitting fluxes, then absorbing flux is shared among connections
# Seed: 1684539223
# Threshold: 0.5
# Precision: 100000.0
# Dt: 1.0
# Radius step: 4.000000
# Matrix output


0.194035 0.008274 0.002955 0.010200 0.007833 0.000043 0.000020 0.005170 0.019215 0.001734 0.002872 0.000249 0.006529 0.021440 0.000421 0.002187 0.000188 0.000247 0.001351 0.000040 0.000006 0.000082 0.000176 -0.000000 0.000075 -0.000000 0.000352 0.000115 0.000369 0.000110 0.000221 -0.000000 0.000096 0.000011 0.000083 0.000043 -0.000000 0.000184 -0.000000 0.000026 -0.000000 -0.000000 0.000067 -0.000000 0.000152 0.000020 -0.000000 -0.000000 0.000094 -0.000000 -0.000000 -0.000000 0.000022 -0.000000 0.000021 -0.000000 -0.000000 -0.000000 -0.000000 -0.000000 -0.000000 -0.000000 -0.000000 -0.000000 -0.000000 -0.000000 -0.000000 -0.000000 -0.000000 -0.000000 -0.000000 -0.000000 -0.000000 -0.000000 -0.000000 -0.000000 -0.000000 
0.008035 0.000883 0.023309 0.004107 0.039793 0.000869 0.000567 0.004998 0.004560 0.009442 0.009630 0.000058 0.004353 0.029786 0.005615 0.005602 0.001506 0.002302 0.001154 0.000323 0.000013 0.000115 0.000234 0.001693 0.000603 0.001173 0.000410 0.000691 0.002708 0.000221 0.001770 0.000520 0.000578 0.000084 0.000372 0.000115 0.000193 0.000692 0.000096 0.000128 0.000013 0.000052 0.000234 0.000586 0.001668 0.000139 0.000086 0.000190 0.000188 0.000021 0.000021 0.000024 0.000044 0.000031 0.000042 0.000127 0.000001 -0.000000 0.000013 -0.000000 -0.000000 0.000064 0.000002 -0.000000 0.000033 -0.000000 -0.000000 0.000023 -0.000000 -0.000000 -0.000000 -0.000000 -0.000000 -0.000000 -0.000000 -0.000000 -0.000000 
0.000557 0.000055 0.636402 0.000325 0.108485 0.064022 0.026889 0.000500 0.000163 0.017583 0.003684 -0.000000 -0.000000 0.002446 0.037833 0.000809 0.008678 0.001685 0.000042 0.000685 -0.000000 0.000005 -0.000000 0.027254 0.000490 0.001222 -0.000000 0.000058 0.000431 0.000028 0.003539 0.004680 -0.000000 0.000316 0.000062 0.000014 0.001573 0.000046 0.000192 -0.000000 0.000831 0.000567 0.000033 -0.000000 -0.000000 -0.000000 0.000086 0.000380 -0.000000 -0.000000 0.000021 -0.000000 -0.000000 -0.000000 -0.000000 -0.000000 -0.000000 -0.000000 0.000062 0.000030 -0.000000 -0.000000 0.000004 -0.000000 -0.000000 0.000224 -0.000000 -0.000000 0.000053 -0.000000 -0.000000 -0.000000 -0.000000 0.000006 -0.000000 -0.000000 -0.000000 
0.158964 0.009708 0.099474 0.055677 0.234706 0.001999 0.001854 0.043081 0.045107 0.046680 0.065092 0.000632 0.019043 0.226346 0.018741 0.037833 0.003137 0.008241 0.007571 0.001641 0.000059 0.000497 0.001075 0.003306 0.001846 0.002591 0.000938 0.002208 0.009661 0.000829 0.004424 0.001040 0.002602 0.000179 0.001096 0.000511 0.000221 0.002075 0.000192 0.000306 0.000064 0.000155 0.001004 0.000761 0.001516 0.000278 -0.000000 0.000095 0.000281 0.000042 0.000062 -0.000000 0.000109 -0.000000 0.000021 -0.000000 0.000001 -0.000000 -0.000000 0.000030 -0.000000 0.000032 -0.000000 -0.000000 0.000033 0.000056 -0.000000 -0.000000 -0.000000 -0.000000 -0.000000 -0.000000 -0.000000 -0.000000 -0.000000 -0.000000 -0.000000 
0.002668 0.000993 0.876141 0.003068 0.285032 0.018705 0.011751 0.006217 0.005211 0.067636 0.028862 0.000094 0.004171 0.054392 0.074262 0.014648 0.017879 0.014078 0.002463 0.004401 0.000024 0.000235 0.000547 0.030560 0.006216 0.013641 0.000821 0.004416 0.014461 0.000525 0.029974 0.010487 0.002506 0.001928 0.002688 0.000677 0.004166 0.002214 0.001341 0.000561 0.001074 0.002267 0.001673 0.002986 0.006216 0.000497 0.001865 0.005793 0.000750 0.000073 0.001082 0.000122 0.000414 0.000282 0.000382 0.000700 0.000011 0.000057 0.000159 0.000370 -0.000000 0.000096 0.000052 0.000057 0.000361 0.000730 0.000386 0.000160 0.000106 0.000106 0.000042 0.000099 -0.000000 0.000017 -0.000000 0.000355 0.000008 
0.007448 0.041150 0.005581 0.007399 0.013684 0.000500 0.000320 0.011981 0.107476 0.006359 0.006498 0.001217 0.060030 0.075545 0.005685 0.010934 0.001547 0.002343 0.007092 0.000718 0.000056 0.000928 0.002853 0.002500 0.001771 0.004449 0.005130 0.002170 0.008184 0.003232 0.009180 0.001647 0.012336 0.000590 0.002212 0.000864 0.000828 0.004704 0.000395 0.002143 0.000217 0.000489 0.003246 0.002401 0.010158 0.001311 0.000603 0.002469 0.001719 0.000241 0.000687 0.000441 0.001220 0.000221 0.000955 0.002354 0.000041 0.000597 0.000040 0.000296 0.000284 0.000417 0.000069 0.000340 0.000788 0.000281 0.000386 0.000367 0.000529 0.000425 0.000075 0.000136 0.000042 0.000022 0.000052 0.000320 0.000008 
0.038649 0.017321 0.013624 0.032686 0.039163 0.001173 0.000800 0.030788 0.106499 0.018113 0.018826 0.001300 0.064745 0.183465 0.013336 0.024923 0.003388 0.006905 0.013931 0.001759 0.000113 0.001529 0.004113 0.005322 0.003711 0.008165 0.006860 0.004820 0.017599 0.004226 0.016591 0.003510 0.018794 0.001022 0.003846 0.001526 0.001242 0.009040 0.001365 0.003163 0.000345 0.001108 0.004551 0.005622 0.013342 0.001570 0.001320 0.003324 0.003282 0.000294 0.001020 0.000808 0.001546 0.000458 0.001146 0.004327 0.000058 0.000768 0.000102 0.000399 0.000995 0.000641 0.000075 0.000481 0.001150 0.000617 0.001158 0.000413 0.001217 0.000425 0.000151 0.000173 0.000084 0.000050 0.000052 0.000284 0.000041 
0.002610 0.001048 0.096355 0.003494 0.153859 0.006278 0.003861 0.008029 0.013679 0.046006 0.027586 0.000179 0.008887 0.073242 0.045273 0.016715 0.011543 0.013317 0.004348 0.003914 0.000046 0.000448 0.001426 0.018062 0.008570 0.017699 0.002199 0.006836 0.023199 0.001298 0.030858 0.009967 0.007228 0.002550 0.005045 0.001490 0.004911 0.005166 0.002299 0.001913 0.001444 0.003091 0.004518 0.007613 0.021832 0.001887 0.003271 0.009591 0.003250 0.000246 0.002476 0.000490 0.001786 0.000938 0.001762 0.004391 0.000051 0.000995 0.000252 0.000946 0.001563 0.000705 0.000165 0.000877 0.001741 0.001010 0.001158 0.000573 0.002169 0.001274 0.000226 0.000322 -0.000000 0.000101 0.000083 0.000960 0.000083 
0.054483 0.104089 0.010670 0.050971 0.037632 0.000456 0.000527 0.054827 0.369490 0.013585 0.019290 0.004260 0.168845 0.227641 0.007932 0.024563 0.001422 0.003802 0.022839 0.000837 0.000139 0.002500 0.006956 0.001855 0.001752 0.003520 0.009323 0.002765 0.011876 0.005746 0.004203 0.001343 0.020432 0.000284 0.001695 0.000986 0.000248 0.008256 0.000347 0.002628 0.000026 0.000077 0.002878 0.001405 0.005458 0.000934 0.000230 0.000570 0.000969 0.000163 0.000333 0.000245 0.000806 0.000031 0.000361 0.001464 0.000020 0.000057 0.000009 0.000089 0.000142 0.000288 0.000023 0.000085 0.000131 0.000056 -0.000000 0.000138 0.000212 -0.000000 0.000008 0.000025 -0.000000 0.000006 -0.000000 0.000107 0.000008 
0.001056 0.175027 0.000410 0.001328 0.002161 -0.000000 0.000047 0.002530 0.081584 0.000578 0.001102 0.000583 0.033007 0.014102 0.000491 0.001618 0.000063 0.000164 0.001731 0.000026 0.000013 0.000278 0.000625 0.000242 0.000207 0.000244 0.001495 0.000192 0.000923 0.000884 0.000774 0.000130 0.002699 0.000021 0.000207 0.000144 0.000028 0.000876 0.000096 0.000332 0.000013 0.000026 0.000602 0.000410 0.000910 0.000199 -0.000000 -0.000000 0.000250 0.000047 0.000021 0.000098 0.000065 0.000008 0.000106 0.000064 -0.000000 0.000085 -0.000000 -0.000000 -0.000000 -0.000000 -0.000000 0.000028 0.000066 0.000056 -0.000000 0.000046 -0.000000 -0.000000 0.000025 -0.000000 -0.000000 0.000006 -0.000000 -0.000000 -0.000000 
0.000411 0.000055 0.040627 0.000527 0.040513 0.002325 0.001514 0.001640 0.002931 0.013489 0.005975 0.000051 0.002176 0.014389 0.018460 0.003804 0.004538 0.003679 0.000887 0.001410 0.000012 0.000142 0.000440 0.006854 0.002863 0.007627 0.000645 0.002746 0.006707 0.000359 0.015263 0.004247 0.003180 0.001117 0.002254 0.000597 0.001904 0.002537 0.001125 0.000485 0.000716 0.001623 0.001405 0.004041 0.008339 0.000636 0.001406 0.005698 0.001375 0.000115 0.001311 0.000220 0.000610 0.000420 0.000913 0.002354 0.000031 0.000370 0.000111 0.000665 0.001421 0.000384 0.000082 0.000509 0.000854 0.000617 0.000386 0.000481 0.001005 0.000637 0.000143 0.000297 0.000021 0.000034 0.000073 0.000569 0.000056 
0.010762 0.413489 0.004432 0.013788 0.009453 0.000239 0.000140 0.020869 0.649579 0.003517 0.006121 0.005008 0.261882 0.098855 0.001474 0.010394 0.000314 0.001439 0.012932 0.000296 0.000074 0.001698 0.005510 0.000645 0.000584 0.001418 0.007740 0.000845 0.005107 0.005359 0.001217 0.000260 0.015806 0.000095 0.000827 0.000403 0.000193 0.004382 0.000120 0.001327 -0.000000 0.000052 0.001640 0.000995 0.002577 0.000735 0.000172 0.000190 0.000625 0.000089 0.000083 0.000196 0.000348 0.000031 0.000255 0.000827 0.000014 0.000142 -0.000000 0.000074 -0.000000 0.000032 0.000008 0.000028 0.000033 0.000056 -0.000000 -0.000000 -0.000000 0.000212 0.000025 -0.000000 -0.000000 -0.000000 -0.000000 -0.000000 -0.000000 
0.006832 0.587799 0.000985 0.007969 0.003871 0.000065 0.000020 0.011200 0.656419 0.001445 0.002408 0.003702 0.204391 0.043168 0.000772 0.003355 0.000084 0.000206 0.006473 0.000066 0.000030 0.000871 0.002481 0.000081 0.000094 0.000147 0.004134 0.000192 0.001231 0.001989 0.000332 0.000043 0.005590 0.000011 0.000165 0.000151 -0.000000 0.001338 0.000024 0.000255 -0.000000 -0.000000 0.000268 0.000293 0.001213 0.000139 0.000029 -0.000000 0.000125 0.000010 -0.000000 0.000073 0.000109 -0.000000 0.000064 0.000191 0.000001 0.000028 -0.000000 -0.000000 -0.000000 -0.000000 -0.000000 -0.000000 -0.000000 -0.000000 -0.000000 -0.000000 -0.000000 -0.000000 0.000008 -0.000000 -0.000000 -0.000000 -0.000000 -0.000000 -0.000000 
0.009296 0.005571 0.021996 0.022630 0.062570 0.002629 0.001567 0.042550 0.062694 0.033143 0.031183 0.001018 0.043707 0.256132 0.032358 0.038462 0.007591 0.012495 0.017393 0.003327 0.000151 0.001883 0.004709 0.012337 0.007817 0.017014 0.007915 0.009851 0.037660 0.005414 0.039817 0.009663 0.027853 0.002613 0.007526 0.002908 0.003311 0.017250 0.002682 0.005281 0.000984 0.002988 0.009337 0.013176 0.035325 0.003874 0.003271 0.009496 0.005876 0.000676 0.003267 0.001175 0.003877 0.001083 0.002951 0.009354 0.000142 0.001905 0.000186 0.001464 0.002842 0.001538 0.000199 0.001188 0.003285 0.001291 0.001930 0.001146 0.004337 0.001805 0.000369 0.000532 0.000063 0.000285 0.000145 0.000924 0.000086 
0.007008 0.160409 0.001313 0.009911 0.005222 0.000022 0.000060 0.017542 2.261070 0.002168 0.003597 0.009575 0.764789 0.072091 0.001193 0.006530 0.000167 0.000617 0.012834 0.000105 0.000068 0.001946 0.007102 0.000161 0.000283 0.000538 0.011521 0.000480 0.003015 0.007155 0.000885 0.000217 0.013879 0.000032 0.000351 0.000288 -0.000000 0.004566 0.000036 0.001046 -0.000000 -0.000000 0.001071 0.000410 0.001364 0.000338 0.000029 -0.000000 0.000250 0.000079 -0.000000 0.000098 0.000196 0.000008 0.000085 0.000127 0.000013 0.000085 -0.000000 0.000044 -0.000000 -0.000000 0.000002 0.000085 0.000033 -0.000000 -0.000000 0.000046 0.000053 -0.000000 -0.000000 0.000012 -0.000000 -0.000000 -0.000000 -0.000000 -0.000000 
0.003460 0.000662 0.855950 0.003638 1.916537 0.055897 0.069184 0.006061 0.003094 0.499463 0.083280 0.000043 0.001088 0.057126 0.703592 0.019441 0.108924 0.045583 0.001084 0.019562 0.000016 0.000071 0.000117 0.108774 0.011188 0.019557 -0.000000 0.004052 0.015015 0.000083 0.043799 0.024483 0.000482 0.003340 0.001282 0.000194 0.007836 0.000738 0.001209 0.000077 0.002160 0.002447 0.000569 0.001698 0.001061 0.000060 0.001148 0.003324 0.000063 0.000005 0.000395 -0.000000 -0.000000 0.000099 0.000021 0.000064 -0.000000 -0.000000 0.000159 0.000163 -0.000000 0.000032 0.000006 -0.000000 -0.000000 0.000730 -0.000000 -0.000000 0.000106 -0.000000 -0.000000 -0.000000 -0.000000 -0.000000 -0.000000 0.000036 -0.000000 
0.000147 -0.000000 0.040545 0.000094 0.019086 0.191980 0.016739 0.000109 -0.000000 0.006889 0.001189 -0.000000 -0.000000 0.000719 0.033341 0.000449 0.016122 0.001439 0.000014 0.001008 0.000001 0.000003 -0.000000 0.483314 0.002223 0.006503 -0.000000 0.000403 0.000492 -0.000000 0.023116 0.036053 -0.000000 0.002866 0.000455 0.000072 0.039923 -0.000000 0.001891 0.000026 0.028705 0.015792 0.000067 0.001347 0.001668 -0.000000 0.004305 0.029532 0.000063 -0.000000 0.001103 -0.000000 0.000044 0.000183 0.000021 0.000127 -0.000000 -0.000000 0.002319 0.000976 -0.000000 -0.000000 0.000036 -0.000000 0.000197 0.012796 -0.000000 -0.000000 0.000212 -0.000000 0.000008 -0.000000 -0.000000 -0.000000 -0.000000 0.000675 0.000030 
0.000029 0.000055 0.000082 0.000108 0.000900 0.000065 0.000047 0.000578 0.001466 0.000482 0.000464 0.000014 0.001814 0.005900 0.000562 0.000659 0.000209 0.000247 0.000633 0.000086 0.000004 0.000049 0.000088 -0.000000 0.000226 0.000489 0.000117 0.000192 0.000738 0.000249 0.000774 0.000347 0.000964 0.000053 0.000269 0.000065 0.000166 0.000461 0.000108 0.000179 0.000026 0.000155 0.000234 0.000703 0.000910 0.000079 0.000115 0.000285 0.000156 0.000021 0.000083 0.000073 0.000065 0.000038 0.000042 0.000382 0.000011 0.000085 -0.000000 0.000044 -0.000000 0.000064 0.000008 0.000057 0.000099 0.000056 -0.000000 -0.000000 0.000106 -0.000000 0.000034 0.000012 -0.000000 -0.000000 0.000010 0.000036 0.000004 
0.012932 0.021458 0.017482 0.026954 0.056268 0.001564 0.000980 0.118073 0.360534 0.027700 0.041132 0.006520 0.280199 0.813435 0.020004 0.082945 0.004768 0.011920 0.142790 0.002247 0.000809 0.012425 0.032013 0.005806 0.006479 0.012565 0.042861 0.010465 0.054336 0.023177 0.023669 0.004160 0.109100 0.001285 0.010007 0.005564 0.001435 0.052118 0.001736 0.015026 0.000281 0.000979 0.017301 0.009955 0.035780 0.008106 0.001291 0.003419 0.008251 0.001216 0.001436 0.001885 0.005096 0.000648 0.004331 0.008209 0.000154 0.002047 0.000075 0.000739 0.003695 0.001282 0.000157 0.001217 0.002102 0.000337 0.001544 0.000779 0.001746 0.001699 0.000193 0.000223 0.000084 0.000117 0.000145 0.000640 0.000056 
0.010029 0.025926 0.010013 0.018256 0.030250 0.001108 0.000520 0.060872 0.651859 0.016909 0.022336 0.013465 0.558403 0.410962 0.010178 0.043644 0.002781 0.005734 0.083715 0.001364 0.000528 0.015406 0.048523 0.002419 0.003805 0.008409 0.071063 0.006663 0.036060 0.039447 0.012941 0.002643 0.144182 0.000906 0.007278 0.003830 0.000828 0.045753 0.001149 0.015485 0.000294 0.000644 0.015862 0.007905 0.031535 0.007450 0.001033 0.002089 0.006438 0.001111 0.001207 0.002619 0.004182 0.000420 0.003439 0.007954 0.000158 0.002047 0.000044 0.000547 0.003127 0.002499 0.000109 0.001245 0.001905 0.000449 0.001158 0.000779 0.001904 0.001487 0.000168 0.000235 0.000042 0.000089 0.000114 0.000284 0.000049 
0.001349 0.007723 0.000164 0.002808 0.001530 -0.000000 0.000020 0.008419 0.570764 0.000482 0.001044 0.015091 2.786574 0.036549 -0.000000 0.002966 -0.000000 0.000144 0.014255 0.000026 0.000071 0.005863 0.041577 0.000081 0.000075 0.000098 0.159335 0.000173 0.001969 0.129805 -0.000000 0.000087 0.094258 -0.000000 0.000393 0.000288 -0.000000 0.010470 0.000012 0.004286 -0.000000 -0.000000 0.001439 0.000117 0.002123 0.000636 -0.000000 -0.000000 0.000406 0.000136 0.000062 0.000636 0.000240 0.000015 0.000127 0.000127 0.000006 0.000085 -0.000000 -0.000000 0.000284 0.000064 0.000002 0.000085 0.000033 -0.000000 -0.000000 -0.000000 -0.000000 -0.000000 0.000008 -0.000000 -0.000000 -0.000000 -0.000000 -0.000000 -0.000000 
0.004457 0.002758 0.057944 0.008258 0.210398 0.006561 0.004482 0.030803 0.034197 0.218033 0.251638 0.000588 0.023758 0.514422 0.137855 0.264592 0.032516 0.140386 0.025386 0.024372 0.000384 0.002503 0.005734 0.029915 0.067262 0.125407 0.008033 0.099275 0.425580 0.004420 0.181280 0.028037 0.040479 0.009029 0.051773 0.015937 0.006732 0.041648 0.009254 0.008546 0.001495 0.004483 0.029649 0.039702 0.094756 0.008026 0.006227 0.016048 0.015940 0.000870 0.005702 0.001493 0.005423 0.001846 0.004713 0.013554 0.000131 0.001365 0.000217 0.001922 0.002132 0.001153 0.000307 0.000934 0.004303 0.001347 0.000386 0.000940 0.003438 0.001593 0.000310 0.000347 0.000042 0.000157 0.000124 0.001209 0.000094 
0.002463 0.001545 0.047275 0.004086 0.139455 0.009754 0.005322 0.015948 0.027032 0.135319 0.086181 0.000408 0.022307 0.185768 0.148383 0.067489 0.040065 0.100681 0.013059 0.022566 0.000164 0.001583 0.003732 0.053943 0.058993 0.120664 0.007270 0.057952 0.175992 0.004834 0.208820 0.046193 0.028817 0.013664 0.033971 0.009135 0.014899 0.025367 0.012941 0.007322 0.004243 0.012907 0.021718 0.047608 0.116436 0.008444 0.014664 0.036085 0.015565 0.001232 0.012090 0.002301 0.007405 0.003600 0.006412 0.022971 0.000225 0.004123 0.000992 0.005472 0.002842 0.002691 0.000646 0.002490 0.007653 0.005781 0.002703 0.002659 0.008358 0.004247 0.001082 0.001572 0.000313 0.000615 0.000415 0.003022 0.000304 
0.003988 0.006950 0.015102 0.009045 0.041323 0.001521 0.000927 0.035927 0.175219 0.022352 0.026339 0.003350 0.168301 0.345778 0.019724 0.049605 0.005750 0.011735 0.084194 0.002741 0.000681 0.016501 0.038275 0.009515 0.008683 0.018628 0.050688 0.012309 0.053228 0.030276 0.033845 0.008710 0.161338 0.002729 0.013688 0.006378 0.003118 0.072688 0.003388 0.022756 0.000613 0.002550 0.027842 0.022194 0.073379 0.012973 0.003931 0.007597 0.014408 0.002349 0.004308 0.005141 0.011086 0.001465 0.007876 0.020744 0.000377 0.005430 0.000186 0.002041 0.007959 0.004197 0.000343 0.004074 0.007029 0.001571 0.002703 0.002613 0.004972 0.004141 0.000822 0.001090 0.000439 0.000319 0.000352 0.001493 0.000173 
0.006011 0.003696 0.029218 0.010337 0.111996 0.001933 0.001661 0.052359 0.046573 0.089265 0.154290 0.000892 0.038085 1.159932 0.045624 0.619889 0.008971 0.051070 0.062396 0.008012 0.001207 0.005719 0.010980 0.011208 0.028140 0.048011 0.014658 0.059757 0.375490 0.007099 0.072667 0.008190 0.076717 0.003508 0.050243 0.023611 0.001600 0.085280 0.004896 0.014261 0.000358 0.001546 0.050029 0.032148 0.109462 0.012377 0.002812 0.005318 0.018972 0.001316 0.003454 0.002007 0.006969 0.001045 0.005201 0.014445 0.000131 0.001791 0.000111 0.000887 0.002416 0.001089 0.000243 0.001019 0.002496 0.000393 0.000386 0.000550 0.001534 0.000531 0.000185 0.000223 0.000021 0.000112 0.000021 0.000391 0.000041 
0.002639 0.007723 0.005335 0.005234 0.016385 0.000760 0.000393 0.018807 0.260874 0.010116 0.011110 0.005943 0.379039 0.157564 0.008212 0.023455 0.002488 0.004809 0.031507 0.000982 0.000275 0.012526 0.067865 0.004032 0.002938 0.007676 0.147403 0.005799 0.027137 0.084585 0.016591 0.003553 0.238055 0.001054 0.005913 0.003664 0.001435 0.055346 0.000994 0.023266 0.000332 0.001237 0.015929 0.009604 0.034567 0.009278 0.001722 0.002374 0.007689 0.002045 0.001873 0.005165 0.006512 0.000633 0.004968 0.011708 0.000306 0.004179 0.000066 0.000606 0.007816 0.002916 0.000159 0.002688 0.002956 0.000337 0.001544 0.001215 0.002433 0.001911 0.000537 0.000656 0.000188 0.000201 0.000228 0.000427 0.000079 
0.001759 0.007392 0.001970 0.003804 0.006662 0.000130 0.000100 0.011528 0.327639 0.002842 0.003974 0.006782 0.662503 0.084466 0.001895 0.010754 0.000502 0.001151 0.019771 0.000244 0.000150 0.007913 0.044019 0.000484 0.000885 0.002542 0.197271 0.001690 0.009969 0.158507 0.002986 0.000563 0.215599 0.000295 0.002398 0.001389 0.000166 0.035376 0.000323 0.017551 0.000064 0.000103 0.007663 0.004041 0.012735 0.004868 0.000402 0.000855 0.003125 0.001075 0.000354 0.003158 0.002505 0.000183 0.001911 0.004009 0.000132 0.001763 0.000009 0.000192 0.002132 0.001442 0.000025 0.000962 0.000657 -0.000000 -0.000000 0.000458 0.000476 0.001062 0.000092 0.000161 0.000042 0.000028 0.000041 0.000107 0.000023 
0.000293 0.000055 0.066562 0.000332 0.072023 0.142361 0.037646 0.000437 0.000326 0.034926 0.007484 0.000011 -0.000000 0.005756 0.181232 0.002666 0.096127 0.012413 0.000155 0.007768 0.000004 0.000035 0.000068 2.601623 0.018723 0.059061 0.000029 0.005377 0.011199 0.000110 0.180837 0.253674 0.000289 0.024115 0.004631 0.000626 0.129564 0.000415 0.012546 0.000051 0.037460 0.053224 0.000602 0.011887 0.010158 0.000079 0.021523 0.077677 0.000469 0.000010 0.006201 0.000049 0.000087 0.001304 0.000085 0.000573 0.000003 0.000028 0.002709 0.002588 -0.000000 0.000064 0.000144 -0.000000 0.000591 0.014031 -0.000000 0.000069 0.001322 -0.000000 0.000008 0.000062 -0.000000 0.000011 -0.000000 0.001493 0.000068 
0.004721 0.006013 0.016333 0.009868 0.061400 0.000934 0.000860 0.054952 0.081421 0.046680 0.071677 0.001666 0.067284 1.092446 0.024005 0.253389 0.005960 0.024703 0.115898 0.004513 0.002843 0.011639 0.023426 0.006209 0.014974 0.030313 0.029668 0.034833 0.228482 0.015166 0.043135 0.007583 0.141966 0.002571 0.038354 0.023136 0.001573 0.148282 0.003795 0.027807 0.000358 0.001288 0.064084 0.033495 0.121894 0.017602 0.002066 0.004178 0.024222 0.002149 0.003288 0.003501 0.009518 0.001182 0.008046 0.017881 0.000255 0.003156 0.000044 0.000946 0.004406 0.001250 0.000268 0.001386 0.003843 0.000281 0.001544 0.001123 0.003015 0.001274 0.000411 0.000384 0.000104 0.000134 0.000114 0.000711 0.000053 
0.000674 0.000331 0.053020 0.000895 0.104164 0.031001 0.015432 0.002999 0.001466 0.102176 0.032024 0.000049 0.001270 0.037556 0.411598 0.019381 0.208460 0.074765 0.002237 0.042794 0.000034 0.000172 0.000430 0.238270 0.152474 0.435379 0.000381 0.049503 0.094949 0.000497 0.996319 0.249731 0.002988 0.055373 0.026155 0.004247 0.044889 0.005258 0.028217 0.000944 0.009381 0.027153 0.006726 0.035369 0.050486 0.001430 0.019227 0.054982 0.005345 0.000105 0.011112 0.000196 0.000806 0.002754 0.000849 0.004772 0.000034 0.000199 0.001084 0.003387 0.000142 0.000160 0.000287 0.000170 0.002168 0.005051 -0.000000 0.000160 0.002433 0.000212 0.000050 0.000186 0.000042 0.000067 0.000010 0.001564 0.000098 
0.002287 0.001710 0.040052 0.003674 0.119829 0.009146 0.005509 0.013293 0.019704 0.140378 0.090387 0.000345 0.011970 0.196991 0.170634 0.084413 0.047468 0.120513 0.011539 0.029089 0.000179 0.001471 0.003566 0.060313 0.151927 0.274917 0.005482 0.182325 0.409150 0.003453 0.403593 0.058414 0.025251 0.019943 0.064882 0.015520 0.014982 0.029057 0.019274 0.007041 0.003745 0.012649 0.026972 0.064648 0.138723 0.006914 0.015094 0.033426 0.018034 0.000807 0.012611 0.001714 0.005837 0.003844 0.005414 0.019917 0.000151 0.001820 0.000686 0.003978 0.003553 0.001025 0.000669 0.001641 0.007062 0.004434 0.001158 0.001352 0.005977 0.001911 0.000612 0.000730 0.000188 0.000302 0.000166 0.002240 0.000188 
0.003138 0.003475 0.019041 0.006360 0.059779 0.003737 0.001927 0.027898 0.067091 0.050678 0.048007 0.001197 0.058579 0.386788 0.041834 0.103524 0.013320 0.025648 0.043018 0.006253 0.000725 0.006933 0.018493 0.018707 0.024204 0.055394 0.030636 0.041093 0.199375 0.017845 0.103968 0.022750 0.149290 0.007301 0.053014 0.027203 0.006456 0.143854 0.009733 0.033317 0.001725 0.007265 0.087643 0.066932 0.223170 0.031232 0.010819 0.024310 0.047226 0.004399 0.012257 0.007515 0.023653 0.004264 0.020105 0.049315 0.000761 0.010946 0.000571 0.004984 0.010943 0.008042 0.001067 0.007469 0.015241 0.004209 0.004633 0.004996 0.015234 0.006371 0.001938 0.002538 0.000501 0.000827 0.000715 0.004052 0.000353 
0.000352 0.000110 0.007961 0.000614 0.018816 0.004106 0.001981 0.002327 0.001466 0.025966 0.021146 0.000038 0.001814 0.044751 0.052713 0.024563 0.024027 0.032944 0.002814 0.010450 0.000063 0.000379 0.000664 0.042413 0.143207 0.566751 0.000674 0.265028 0.376044 0.000608 1.439288 0.098670 0.008289 0.058903 0.188588 0.020947 0.013795 0.014390 0.069722 0.001786 0.002326 0.011490 0.020614 0.158283 0.207705 0.003179 0.021149 0.030197 0.014377 0.000252 0.021809 0.000245 0.001982 0.005950 0.002463 0.011454 0.000041 0.000199 0.000354 0.003993 0.000142 0.000096 0.000540 0.000481 0.004402 0.001235 -0.000000 0.000367 0.003385 0.000106 0.000117 0.000210 -0.000000 0.000039 0.000021 0.001422 0.000075 
0.001085 0.001269 0.022817 0.002577 0.060950 0.007234 0.003314 0.009591 0.020355 0.047981 0.032198 0.000359 0.020494 0.121159 0.068366 0.039121 0.022584 0.030436 0.009836 0.009323 0.000137 0.001466 0.003800 0.049509 0.042229 0.111522 0.007300 0.073314 0.233035 0.005691 0.244766 0.057634 0.037106 0.017921 0.099453 0.020120 0.019644 0.037589 0.022459 0.010332 0.005905 0.017441 0.042232 0.103648 0.225444 0.014066 0.024507 0.061534 0.033943 0.002013 0.022350 0.003256 0.013155 0.007376 0.013609 0.043588 0.000411 0.006824 0.001129 0.010115 0.011085 0.005191 0.001404 0.005347 0.016851 0.007577 0.003475 0.004652 0.019413 0.007008 0.002005 0.002885 0.000585 0.001017 0.000736 0.006932 0.000650 
0.001965 0.002924 0.007879 0.004310 0.022867 0.000739 0.000694 0.020619 0.075070 0.019414 0.026745 0.001590 0.082518 0.277572 0.013687 0.063175 0.003827 0.010646 0.047550 0.002299 0.000783 0.014544 0.040072 0.007821 0.009738 0.022490 0.070242 0.021314 0.107441 0.041933 0.043025 0.006587 0.463966 0.003213 0.031821 0.020227 0.002124 0.512876 0.004777 0.102324 0.000550 0.002164 0.124052 0.044797 0.174654 0.057456 0.004305 0.008262 0.047695 0.009070 0.005265 0.016818 0.036198 0.002090 0.024861 0.053452 0.001000 0.015353 0.000168 0.002322 0.020891 0.009004 0.000605 0.007865 0.011726 0.001010 0.006950 0.004973 0.009310 0.005416 0.001300 0.001585 0.000585 0.000542 0.000539 0.001920 0.000180 
0.000117 0.000386 -0.000000 0.000195 0.000540 0.000022 -0.000000 0.000843 0.014819 0.000096 0.000290 0.000361 0.034095 0.007770 -0.000000 0.001558 0.000021 0.000144 0.002364 0.000033 0.000027 0.001482 0.008831 -0.000000 0.000038 0.000147 0.091907 0.000269 0.002277 0.179832 0.000111 -0.000000 0.409609 0.000011 0.000620 0.000518 -0.000000 0.031963 0.000012 0.043930 0.000013 -0.000000 0.003848 0.000878 0.002274 0.004053 0.000029 -0.000000 0.001000 0.002275 0.000021 0.013856 0.002091 0.000031 0.001295 0.001082 0.000145 0.002985 -0.000000 -0.000000 0.007248 0.001794 0.000008 0.000792 0.000296 -0.000000 0.000386 0.000275 0.000053 0.000743 0.000025 0.000025 0.000042 0.000006 0.000010 -0.000000 0.000004 
0.001437 0.001820 0.005991 0.003386 0.021337 0.000782 0.000453 0.016807 0.038919 0.017342 0.026716 0.000953 0.050962 0.251815 0.012283 0.068956 0.003931 0.012495 0.039050 0.002253 0.000734 0.010163 0.025321 0.005644 0.009983 0.022735 0.043066 0.026902 0.162823 0.025110 0.048113 0.007757 0.328554 0.003319 0.050057 0.039080 0.002124 0.638098 0.005663 0.097502 0.000409 0.001932 0.236960 0.065175 0.304432 0.090714 0.005739 0.009781 0.081481 0.010317 0.007138 0.014688 0.047806 0.002655 0.033013 0.074705 0.001118 0.013448 0.000190 0.002588 0.016201 0.007658 0.000841 0.005970 0.013697 0.001122 0.005405 0.004515 0.010156 0.004778 0.001283 0.001783 0.000501 0.000537 0.000529 0.001955 0.000169 
0.000029 0.000055 0.008864 0.000022 0.011434 0.018900 0.005115 0.000156 0.000326 0.007274 0.001885 0.000002 0.000181 0.002302 0.038043 0.001498 0.023399 0.003781 0.000084 0.002339 0.000003 0.000016 0.000029 0.416873 0.009418 0.039944 -0.000000 0.006298 0.010461 -0.000000 0.183049 0.485422 0.000578 0.055532 0.010731 0.001382 0.572940 0.001153 0.059941 0.000128 0.057078 0.395031 0.002108 0.059144 0.047151 0.000258 0.161390 0.500533 0.003219 0.000031 0.041682 0.000024 0.000305 0.008246 0.000446 0.003945 0.000008 0.000085 0.005502 0.012762 0.000142 -0.000000 0.000678 0.000141 0.002628 0.023291 0.000386 0.000160 0.004708 -0.000000 0.000151 0.000272 0.000042 0.000073 0.000021 0.004515 0.000248 
0.001173 0.001545 0.010341 0.002346 0.020527 0.002259 0.001014 0.010091 0.038594 0.018210 0.016418 0.000610 0.036453 0.122022 0.022531 0.028966 0.005583 0.010029 0.016239 0.002543 0.000232 0.003791 0.011371 0.013466 0.010717 0.025570 0.025535 0.015784 0.069597 0.017155 0.060832 0.014387 0.149965 0.004572 0.025494 0.013490 0.006456 0.271981 0.006991 0.063063 0.001930 0.005461 0.112339 0.058324 0.211344 0.064807 0.009786 0.023645 0.058415 0.009678 0.011882 0.015912 0.046913 0.004432 0.037089 0.086477 0.001552 0.024167 0.000522 0.005738 0.033397 0.017334 0.001234 0.014967 0.023978 0.003536 0.009266 0.011322 0.023750 0.018795 0.003045 0.004321 0.001880 0.001705 0.001327 0.005759 0.000639 
0.000117 0.000276 0.000328 0.000180 0.000810 0.000065 0.000027 0.000984 0.006677 0.000530 0.000812 0.000121 0.007617 0.007626 0.000842 0.001648 0.000125 0.000349 0.001759 0.000105 0.000023 0.000729 0.002813 0.000081 0.000358 0.000684 0.013222 0.000806 0.003815 0.014447 0.001770 0.000563 0.102161 0.000190 0.001468 0.000561 0.000193 0.024491 0.000227 0.032934 0.000026 0.000129 0.006258 0.002342 0.013493 0.007252 0.000344 0.000665 0.003157 0.003397 0.000271 0.024382 0.005488 0.000214 0.003503 0.006936 0.000425 0.007591 0.000013 0.000177 0.016628 0.006825 0.000056 0.003735 0.001839 0.000056 0.004633 0.001673 0.001322 0.003717 0.000294 0.000384 0.000272 0.000134 0.000228 0.000107 0.000004 
0.000440 0.000331 0.013871 0.000744 0.029169 0.011080 0.003768 0.002499 0.003420 0.023653 0.013024 0.000112 0.006529 0.030649 0.046045 0.010035 0.017189 0.012927 0.002828 0.004691 0.000042 0.000491 0.001211 0.111757 0.018798 0.061946 0.001994 0.020258 0.056490 0.001519 0.187695 0.119990 0.012047 0.029162 0.026941 0.007198 0.078743 0.013145 0.044678 0.004337 0.024743 0.098487 0.019142 0.134098 0.204825 0.006815 0.178637 0.386296 0.023847 0.000965 0.078099 0.001738 0.007449 0.022388 0.009108 0.036080 0.000276 0.004151 0.006135 0.033363 0.006822 0.003236 0.002870 0.004725 0.022599 0.033674 0.003089 0.004515 0.033166 0.005416 0.002248 0.003900 0.000668 0.001426 0.000757 0.019267 0.001409 
0.000176 -0.000000 0.002298 0.000224 0.006302 0.001021 0.000534 0.001125 0.003094 0.006263 0.003133 0.000054 0.001995 0.012519 0.008072 0.003385 0.002530 0.002836 0.000901 0.000863 0.000014 0.000175 0.000625 0.011047 0.003711 0.010218 0.001026 0.003956 0.011815 0.000829 0.028093 0.009187 0.004819 0.002360 0.005686 0.001713 0.004828 0.005166 0.004118 0.002143 0.001470 0.005436 0.006191 0.031914 0.054580 0.002444 0.008810 0.019467 0.007876 0.000467 0.011841 0.000661 0.002570 0.004028 0.003588 0.013427 0.000120 0.001876 0.000518 0.004437 0.002416 0.001538 0.000630 0.002150 0.006044 0.003592 0.002317 0.002108 0.008939 0.002973 0.000940 0.001473 0.000355 0.000442 0.000384 0.003235 0.000361 
0.000029 0.000055 0.003447 0.000144 0.005942 0.004128 0.001154 0.000656 0.000163 0.004817 0.002350 0.000013 0.000363 0.008921 0.014389 0.003145 0.006273 0.003638 0.000760 0.001232 0.000012 0.000142 0.000205 0.061926 0.007873 0.031584 0.000528 0.010273 0.023630 0.000331 0.115692 0.085064 0.005108 0.022630 0.024563 0.005809 0.055843 0.005765 0.053740 0.001403 0.017791 0.078341 0.014657 0.246413 0.285481 0.003437 0.351047 0.492177 0.026598 0.000330 0.362483 0.000710 0.003681 0.080398 0.006051 0.036080 0.000115 0.001137 0.007025 0.094320 0.002132 0.001025 0.005753 0.002235 0.029464 0.037041 0.001930 0.003415 0.045332 0.002973 0.001552 0.003727 0.000209 0.000990 0.000487 0.028403 0.001962 
-0.000000 -0.000000 0.001477 -0.000000 0.000810 0.004540 0.000700 -0.000000 -0.000000 0.000723 0.000145 -0.000000 -0.000000 -0.000000 0.002737 0.000060 0.001987 0.000185 -0.000000 0.000171 -0.000000 -0.000000 -0.000000 0.075553 0.000659 0.001760 -0.000000 0.000538 0.000677 -0.000000 0.012498 0.035793 0.000096 0.004404 0.001344 0.000274 0.109782 0.000138 0.008931 -0.000000 0.111140 0.275779 0.000803 0.014815 0.020012 0.000099 0.230033 3.212300 0.001438 0.000010 0.033316 0.000049 0.000065 0.009504 0.000149 0.003309 0.000001 0.000085 0.044454 0.063561 -0.000000 0.000032 0.001598 0.000085 0.005453 0.143563 -0.000000 0.000206 0.016927 0.000319 0.000134 0.000755 -0.000000 0.000201 0.000083 0.032171 0.001391 
0.000235 0.000552 0.000657 0.000383 0.003871 0.000369 0.000113 0.002265 0.011725 0.002746 0.002814 0.000171 0.013058 0.026045 0.002036 0.006081 0.000481 0.001952 0.004602 0.000389 0.000062 0.001409 0.005090 0.002016 0.001695 0.003911 0.014482 0.003015 0.014830 0.011740 0.009180 0.002037 0.137147 0.000811 0.006120 0.003606 0.001076 0.102944 0.001437 0.115232 0.000256 0.000979 0.046114 0.014874 0.078079 0.065483 0.001923 0.005318 0.029161 0.067981 0.003454 0.125631 0.067038 0.001198 0.046643 0.069423 0.007476 0.136956 0.000075 0.001922 0.202516 0.093624 0.000661 0.057320 0.019248 0.001010 0.044400 0.020260 0.016874 0.053837 0.005067 0.004928 0.004303 0.001755 0.003047 0.002346 0.000353 
0.000557 0.001048 0.008125 0.001054 0.019716 0.003671 0.001501 0.003140 0.008305 0.015560 0.010472 0.000182 0.009975 0.045471 0.027023 0.013510 0.008030 0.009947 0.004461 0.003248 0.000069 0.000843 0.002364 0.030560 0.012827 0.038967 0.004339 0.018626 0.059443 0.003453 0.100649 0.034233 0.029203 0.011536 0.036225 0.013655 0.018044 0.037220 0.018867 0.013521 0.006850 0.022181 0.065757 0.238625 0.803380 0.023801 0.041668 0.105785 0.105172 0.003062 0.057289 0.005263 0.027224 0.025142 0.032971 0.164300 0.001073 0.014216 0.002231 0.030020 0.018333 0.012080 0.007332 0.014825 0.082643 0.014985 0.010424 0.016043 0.083205 0.021450 0.007390 0.011700 0.001943 0.003936 0.002705 0.027549 0.002357 
0.000411 0.000276 0.006648 0.000303 0.011254 0.005996 0.001641 0.001484 0.002605 0.011610 0.006237 0.000058 0.003446 0.019138 0.024848 0.006081 0.009013 0.006679 0.001787 0.002392 0.000029 0.000281 0.000694 0.065393 0.011471 0.038869 0.001671 0.014286 0.037783 0.000635 0.112705 0.066344 0.009349 0.017141 0.024150 0.007098 0.049801 0.011807 0.032790 0.003572 0.018979 0.065744 0.022856 0.184107 0.281843 0.008026 0.199815 0.388955 0.035380 0.000870 0.186704 0.001665 0.008995 0.060894 0.011188 0.058924 0.000304 0.004464 0.007348 0.090668 0.006395 0.004326 0.006395 0.005687 0.042209 0.042990 0.004633 0.007311 0.064533 0.007115 0.003515 0.006785 0.000815 0.002102 0.001161 0.038249 0.002796 
0.000029 0.000055 0.000082 0.000079 0.001440 0.000087 0.000033 0.000578 0.000814 0.001060 0.001305 0.000043 0.001451 0.012375 0.000983 0.004463 0.000335 0.000863 0.001787 0.000145 0.000036 0.000448 0.000909 0.000968 0.001469 0.003325 0.002756 0.003476 0.018584 0.001602 0.009401 0.002210 0.024480 0.001064 0.012261 0.010200 0.001242 0.066139 0.002694 0.018368 0.000307 0.001159 0.220261 0.063301 0.445278 0.109747 0.003702 0.005793 0.374086 0.008593 0.007720 0.006903 0.192444 0.004485 0.395904 1.118982 0.003097 0.029000 0.000212 0.006211 0.016343 0.014611 0.002945 0.030273 0.099921 0.001459 0.007722 0.030527 0.050357 0.021450 0.008288 0.009162 0.001295 0.002460 0.002083 0.005972 0.000737 
0.000147 0.000552 0.009685 0.000469 0.015485 0.005388 0.001774 0.001765 0.004071 0.013585 0.007426 0.000096 0.005259 0.026908 0.026322 0.007668 0.009765 0.007604 0.002055 0.002655 0.000031 0.000336 0.000928 0.063216 0.010435 0.032171 0.002316 0.010964 0.033598 0.001436 0.090585 0.047797 0.010216 0.012168 0.016252 0.005003 0.040696 0.013560 0.019382 0.004566 0.016308 0.048947 0.019041 0.100076 0.185570 0.007987 0.110741 0.310329 0.025035 0.001069 0.070774 0.002350 0.007993 0.025737 0.010530 0.047979 0.000314 0.005175 0.006759 0.068101 0.006253 0.004582 0.004140 0.005800 0.032683 0.041756 0.003861 0.007059 0.052261 0.010194 0.003481 0.005547 0.001003 0.002264 0.001337 0.033202 0.002571 
0.000176 0.000110 0.007715 0.000238 0.010173 0.005583 0.001727 0.000890 0.002117 0.008382 0.004409 0.000040 0.002539 0.013958 0.019513 0.004763 0.007131 0.004871 0.001126 0.001786 0.000016 0.000180 0.000430 0.065797 0.007101 0.020730 0.000850 0.006894 0.019876 0.000663 0.058620 0.039130 0.004723 0.009292 0.008498 0.002699 0.049552 0.006595 0.012139 0.002041 0.030379 0.060566 0.009470 0.056801 0.097485 0.003477 0.074583 0.332359 0.015065 0.000624 0.033254 0.001102 0.004291 0.011861 0.005626 0.025835 0.000193 0.002985 0.022831 0.038406 0.004406 0.002307 0.002742 0.002744 0.022040 0.119374 0.002703 0.005432 0.039566 0.004885 0.002374 0.004309 0.000585 0.001532 0.000736 0.034730 0.002578 
0.000205 0.000276 0.001970 0.000513 0.006122 0.000782 0.000413 0.001796 0.006025 0.004914 0.004003 0.000139 0.006166 0.022735 0.005966 0.007159 0.002426 0.002713 0.003434 0.000870 0.000043 0.000803 0.002159 0.008225 0.003937 0.009729 0.005834 0.006049 0.022707 0.004365 0.023890 0.008840 0.037491 0.002665 0.011207 0.005024 0.004166 0.043724 0.004298 0.024950 0.001559 0.004946 0.052572 0.044973 0.171016 0.043430 0.010187 0.023740 0.061478 0.011036 0.011653 0.018874 0.071328 0.004607 0.090781 0.216415 0.005596 0.083675 0.000620 0.007882 0.097350 0.064499 0.002265 0.090394 0.074037 0.004939 0.052122 0.069259 0.073102 0.099603 0.019134 0.020911 0.009024 0.008431 0.009764 0.014432 0.001710 
0.000117 0.000276 0.002791 0.000253 0.006302 0.001217 0.000440 0.001265 0.003908 0.006022 0.004351 0.000069 0.005259 0.020145 0.007651 0.005152 0.002718 0.003535 0.002266 0.000982 0.000038 0.000562 0.001690 0.010724 0.003955 0.012027 0.002463 0.006414 0.025353 0.002845 0.036057 0.012913 0.026311 0.003930 0.013481 0.006443 0.007505 0.030533 0.007207 0.013725 0.002748 0.007780 0.054145 0.085027 0.310194 0.028907 0.017878 0.048429 0.090576 0.005169 0.024951 0.008519 0.045258 0.011175 0.063245 0.369006 0.002331 0.033891 0.001452 0.020970 0.042777 0.026594 0.006840 0.042382 0.305216 0.011112 0.024324 0.063873 0.218248 0.059889 0.027473 0.039891 0.006120 0.012618 0.007888 0.038605 0.004262 
0.000264 0.000055 0.002298 0.000173 0.005312 0.000652 0.000340 0.001031 0.004722 0.003998 0.001943 0.000067 0.005259 0.013238 0.007721 0.003535 0.002133 0.002220 0.001548 0.000639 0.000017 0.000273 0.000772 0.007499 0.002336 0.007383 0.002345 0.003380 0.010830 0.001409 0.015595 0.005590 0.011084 0.001464 0.004528 0.001929 0.003118 0.011023 0.002287 0.006276 0.001329 0.003169 0.013653 0.018446 0.056550 0.009218 0.005165 0.014814 0.016377 0.001851 0.005494 0.003794 0.011674 0.002082 0.015074 0.049379 0.000796 0.014216 0.000372 0.003313 0.019044 0.012047 0.000822 0.014429 0.022073 0.002750 0.012741 0.017555 0.026130 0.023361 0.005838 0.007825 0.002089 0.003343 0.002446 0.006221 0.000744 
-0.000000 -0.000000 0.000082 0.000007 0.000180 0.000478 0.000033 0.000031 0.000163 0.000241 0.000232 0.000004 0.000181 0.001007 0.000421 0.000270 0.000397 0.000103 0.000084 0.000026 0.000003 0.000022 0.000039 0.007660 0.000377 0.001711 0.000029 0.001018 0.002892 0.000028 0.007079 0.006630 0.000482 0.001749 0.004507 0.001497 0.007229 0.001753 0.005232 0.000434 0.005994 0.014324 0.008901 0.097090 0.226960 0.002086 0.053921 0.155544 0.033349 0.000220 0.058600 0.000318 0.003223 0.040710 0.007600 0.093349 0.000190 0.001422 0.007556 0.221826 0.001990 0.001346 0.050336 0.003876 0.188148 0.054496 0.000772 0.009259 0.426921 0.003292 0.005847 0.019599 0.000460 0.004148 0.001368 0.211722 0.014365 
0.000029 0.000055 0.000410 0.000051 0.000810 0.000087 0.000040 0.000219 0.000326 0.000385 0.000493 0.000013 0.000725 0.003741 0.000421 0.001078 0.000167 0.000473 0.000507 0.000099 0.000011 0.000153 0.000440 0.002903 0.000772 0.002445 0.001085 0.001440 0.006461 0.000746 0.007079 0.003077 0.011855 0.000843 0.004880 0.002577 0.001821 0.017480 0.002251 0.007832 0.000652 0.002087 0.033565 0.038121 0.175564 0.022828 0.006227 0.016333 0.064166 0.005038 0.009094 0.007711 0.047458 0.004821 0.080951 0.396369 0.003810 0.052314 0.000673 0.011653 0.059689 0.044089 0.005050 0.098260 0.283964 0.005107 0.048647 0.220612 0.274053 0.123707 0.092518 0.091099 0.010381 0.027450 0.016564 0.031957 0.003969 
-0.000000 -0.000000 0.000985 -0.000000 0.000810 0.002824 0.000340 -0.000000 -0.000000 0.000434 0.000087 -0.000000 -0.000000 -0.000000 0.001404 0.000030 0.000795 0.000144 -0.000000 0.000105 0.000000 0.000003 -0.000000 0.032737 0.000226 0.001076 -0.000000 0.000288 0.000800 -0.000000 0.003761 0.009143 -0.000000 0.001233 0.000641 0.000151 0.023590 0.000277 0.002382 -0.000000 0.034060 0.033336 0.000468 0.009955 0.015767 0.000358 0.040807 0.249269 0.001969 0.000005 0.011924 -0.000000 0.000174 0.005286 0.000488 0.005854 0.000007 0.000171 0.073664 0.041260 -0.000000 0.000064 0.001784 0.000283 0.008869 1.476486 0.000386 0.000825 0.028511 0.000637 0.000419 0.002030 0.000042 0.000486 0.000114 0.070669 0.003360 
0.000293 0.000276 0.001641 0.000238 0.005042 0.001499 0.000393 0.001218 0.003257 0.004576 0.002901 0.000087 0.003083 0.016980 0.006809 0.004433 0.002928 0.002980 0.001759 0.000791 0.000030 0.000344 0.001065 0.013304 0.003842 0.011538 0.002638 0.005645 0.018461 0.001409 0.030195 0.013780 0.015613 0.003961 0.012054 0.004924 0.009105 0.020893 0.006967 0.007679 0.003924 0.010047 0.033130 0.072144 0.224686 0.016450 0.021953 0.060299 0.054289 0.003056 0.025034 0.005165 0.024415 0.011190 0.032546 0.170218 0.001248 0.020357 0.001894 0.026530 0.027286 0.016726 0.008043 0.026595 0.268164 0.015097 0.020463 0.048197 0.423272 0.046404 0.024184 0.047159 0.004449 0.013541 0.007349 0.061711 0.006743 
-0.000000 -0.000000 -0.000000 -0.000000 -0.000000 -0.000000 -0.000000 -0.000000 -0.000000 0.000048 -0.000000 -0.000000 -0.000000 0.000144 0.000070 0.000090 -0.000000 -0.000000 -0.000000 0.000007 0.000000 0.000003 0.000010 0.000484 0.000038 0.000049 -0.000000 0.000019 0.000308 -0.000000 0.000553 0.000173 0.000289 0.000126 0.000455 0.000310 0.000414 0.000876 0.000299 0.000332 0.000256 0.000644 0.003447 0.011536 0.047605 0.001728 0.002784 0.008262 0.013940 0.000467 0.003642 0.000588 0.005554 0.002319 0.014861 0.116003 0.000580 0.005971 0.000482 0.010751 0.004690 0.004358 0.004414 0.016891 0.267474 0.003985 0.006564 0.066921 1.021417 0.021981 0.068149 0.395705 0.002381 0.042187 0.008303 0.060218 0.010430 
0.000029 -0.000000 0.001559 0.000108 0.004141 0.002346 0.000707 0.000250 0.000814 0.002312 0.001305 0.000009 0.000725 0.003741 0.006809 0.001588 0.002635 0.001603 0.000338 0.000619 0.000006 0.000046 0.000176 0.032818 0.002618 0.007040 0.000293 0.002477 0.007446 0.000193 0.023559 0.019890 0.002217 0.003888 0.004549 0.001454 0.024335 0.003275 0.005639 0.001276 0.017011 0.030115 0.005388 0.031680 0.062160 0.002146 0.042988 0.183937 0.009345 0.000283 0.020955 0.000392 0.002679 0.007941 0.002909 0.020744 0.000097 0.001308 0.018582 0.035108 0.002132 0.001250 0.002569 0.002292 0.020661 0.266304 0.001544 0.004194 0.044221 0.003929 0.002273 0.004296 0.000334 0.001364 0.000757 0.068358 0.004514 
0.000029 -0.000000 0.001067 -0.000000 0.001530 0.002542 0.000407 0.000031 -0.000000 0.000626 0.000348 -0.000000 -0.000000 0.001007 0.002597 0.000240 0.001694 0.000596 0.000042 0.000231 0.000002 0.000005 -0.000000 0.026851 0.000603 0.002249 0.000059 0.000787 0.001969 0.000138 0.010507 0.011137 0.000482 0.002023 0.001820 0.000446 0.020417 0.000646 0.003388 0.000102 0.020193 0.027282 0.001841 0.016923 0.030777 0.000437 0.036416 0.182703 0.003907 0.000058 0.014692 0.000024 0.000741 0.005805 0.001295 0.009736 0.000041 0.000426 0.031025 0.035359 0.000142 0.000481 0.002140 0.000877 0.013139 0.693794 0.000772 0.001627 0.035281 0.001168 0.001032 0.003120 0.000167 0.000822 0.000373 0.073086 0.004074 
0.000088 0.000110 0.000410 0.000094 0.002341 0.000500 0.000093 0.000562 0.001628 0.001590 0.000986 0.000034 0.002720 0.006331 0.001965 0.001737 0.000690 0.000966 0.001027 0.000310 0.000012 0.000199 0.000645 0.004032 0.001187 0.003422 0.001437 0.001767 0.006461 0.000912 0.011282 0.003857 0.011951 0.001243 0.003825 0.001879 0.002483 0.014298 0.002191 0.007373 0.000869 0.003426 0.017569 0.023072 0.079140 0.011702 0.006313 0.017283 0.023785 0.003093 0.006472 0.007026 0.021976 0.003402 0.025604 0.091949 0.001785 0.034346 0.000611 0.007793 0.057699 0.034316 0.001981 0.061112 0.067435 0.004602 0.058300 0.181146 0.113620 0.151634 0.077376 0.060642 0.018674 0.038721 0.030547 0.023426 0.003011 
0.000029 -0.000000 -0.000000 0.000014 0.000090 0.000022 0.000020 0.000031 0.000163 0.000048 0.000174 0.000004 0.000181 0.000719 0.000281 0.000359 -0.000000 0.000164 0.000169 0.000013 0.000002 0.000055 0.000088 0.000242 0.000094 0.000538 0.000322 0.000230 0.001169 0.000166 0.001438 0.000260 0.004144 0.000105 0.001034 0.000576 0.000303 0.005442 0.000455 0.003469 0.000192 0.000386 0.007128 0.008901 0.037902 0.006735 0.001492 0.004368 0.013908 0.002092 0.002268 0.005875 0.014767 0.001320 0.020912 0.078459 0.001831 0.035426 0.000248 0.003401 0.071911 0.047805 0.001184 0.106040 0.054789 0.001684 0.094978 0.385348 0.096429 0.375901 0.093205 0.062152 0.040857 0.055649 0.087908 0.015712 0.002548 
-0.000000 -0.000000 0.000082 -0.000000 0.000090 0.000152 0.000020 0.000016 -0.000000 -0.000000 0.000116 0.000002 -0.000000 0.000576 0.000421 0.000240 0.000209 0.000164 0.000042 0.000007 0.000001 0.000011 0.000078 0.002016 0.000188 0.000782 0.000088 0.000442 0.001415 0.000083 0.002654 0.001300 0.000964 0.000548 0.001633 0.000720 0.002097 0.002260 0.001233 0.000612 0.001099 0.003066 0.005990 0.021257 0.076108 0.002722 0.009212 0.030292 0.018815 0.000472 0.007908 0.000465 0.006120 0.005477 0.011443 0.086604 0.000456 0.005601 0.001607 0.023691 0.006537 0.005735 0.006941 0.014797 0.185980 0.012740 0.007336 0.047418 1.117634 0.031644 0.038160 0.165619 0.003864 0.038195 0.011402 0.148945 0.025516 
-0.000000 -0.000000 0.000410 0.000007 0.000990 0.001629 0.000300 0.000016 -0.000000 0.000385 0.000174 -0.000000 -0.000000 0.000576 0.001825 0.000180 0.000920 0.000247 0.000014 0.000145 0.000001 0.000003 0.000010 0.020803 0.000320 0.001467 -0.000000 0.000422 0.001231 -0.000000 0.005973 0.008927 0.000482 0.001717 0.001282 0.000389 0.016996 0.000415 0.003089 0.000077 0.018353 0.024448 0.001974 0.015635 0.027745 0.000477 0.038540 0.189730 0.003876 0.000068 0.015524 0.000024 0.000653 0.006758 0.001168 0.008909 0.000024 0.000199 0.029723 0.044587 0.000284 0.000449 0.002450 0.000368 0.014748 0.572399 0.000772 0.001673 0.044591 0.001062 0.001074 0.003120 0.000251 0.000867 0.000425 0.109949 0.005480 
0.000059 0.000110 0.001067 0.000166 0.002341 0.000587 0.000173 0.000719 0.001791 0.001975 0.001392 0.000043 0.002539 0.007483 0.001965 0.002157 0.001129 0.001171 0.000915 0.000422 0.000013 0.000248 0.000625 0.004354 0.001450 0.005183 0.000997 0.002170 0.007507 0.000994 0.011282 0.003857 0.008963 0.001180 0.004177 0.001749 0.002428 0.009547 0.001760 0.005434 0.000946 0.003246 0.012415 0.019910 0.066557 0.009417 0.005366 0.016143 0.016409 0.002160 0.006555 0.004896 0.014113 0.002784 0.015328 0.059369 0.001135 0.022177 0.000509 0.006433 0.037661 0.022301 0.001632 0.035847 0.045625 0.004546 0.039767 0.081475 0.082835 0.111496 0.034905 0.040882 0.014454 0.031313 0.027458 0.018911 0.002747 
-0.000000 -0.000000 0.000246 0.000022 0.000270 0.000152 0.000053 0.000047 0.000489 0.000434 0.000174 0.000002 0.000544 0.001295 0.000421 0.000300 0.000188 0.000164 0.000113 0.000066 0.000003 0.000033 0.000098 0.001855 0.000377 0.001369 0.000147 0.000576 0.002031 0.000110 0.001880 0.002037 0.001638 0.000569 0.001882 0.000986 0.001683 0.002583 0.001353 0.000918 0.001240 0.003710 0.006793 0.022428 0.069740 0.003675 0.007806 0.028203 0.016534 0.000881 0.008178 0.001248 0.007383 0.004851 0.012016 0.079414 0.000600 0.008501 0.001328 0.018530 0.012506 0.009100 0.004771 0.020229 0.131717 0.010271 0.017374 0.060046 0.545038 0.055748 0.044191 0.170311 0.006392 0.052731 0.018077 0.115068 0.019570 
-0.000000 -0.000000 0.001149 0.000022 0.001260 0.001542 0.000260 0.000062 0.000163 0.000674 0.000580 -0.000000 -0.000000 0.000432 0.002597 0.000479 0.000857 0.000596 0.000070 0.000211 0.000001 0.000005 0.000049 0.016852 0.000772 0.002445 0.000029 0.000922 0.001785 0.000028 0.008185 0.008060 0.000193 0.001433 0.001447 0.000425 0.011284 0.000692 0.002598 0.000179 0.009509 0.013783 0.001774 0.008901 0.020164 0.000338 0.017878 0.078912 0.002375 0.000084 0.007533 0.000196 0.000610 0.002944 0.001062 0.006363 0.000025 0.000569 0.011296 0.013191 0.000284 0.000352 0.000883 0.000396 0.007161 0.315019 -0.000000 0.001306 0.015763 0.000425 0.000646 0.001510 0.000104 0.000514 0.000363 0.029505 0.001718 
-0.000000 0.000055 0.000739 0.000014 0.000900 0.001303 0.000353 0.000094 0.000163 0.000626 0.000464 -0.000000 0.000363 0.000719 0.002036 0.000539 0.001234 0.000514 0.000113 0.000171 0.000001 0.000014 0.000078 0.019513 0.000923 0.002982 0.000264 0.001075 0.002584 0.000083 0.012498 0.009837 0.000386 0.002107 0.002915 0.000828 0.016747 0.000830 0.004429 0.000230 0.013893 0.025401 0.003581 0.028518 0.052912 0.001113 0.044021 0.196187 0.007939 0.000142 0.021996 0.000269 0.001764 0.009718 0.002781 0.020617 0.000069 0.000825 0.018790 0.061298 0.000995 0.001025 0.004259 0.001896 0.029365 0.219946 0.001544 0.004263 0.091563 0.002973 0.002609 0.007045 0.000313 0.002214 0.000829 0.223524 0.011839 
0.000029 -0.000000 0.000739 0.000022 0.000630 0.000369 0.000173 0.000141 -0.000000 0.000434 0.000464 0.000009 0.000725 0.002302 0.001685 0.000899 0.000648 0.000473 0.000281 0.000152 0.000004 0.000049 0.000137 0.006370 0.000942 0.002836 0.000205 0.001306 0.005600 0.000138 0.009401 0.005373 0.002313 0.001485 0.003101 0.001224 0.004828 0.004335 0.003125 0.001480 0.003246 0.008321 0.007964 0.030216 0.093846 0.003477 0.018796 0.057261 0.017878 0.000666 0.015649 0.001175 0.005684 0.008131 0.009893 0.060706 0.000338 0.005516 0.002948 0.032608 0.007959 0.005928 0.006058 0.010864 0.092925 0.026883 0.007722 0.026814 0.380638 0.025166 0.016274 0.048063 0.003008 0.015827 0.006603 0.287972 0.048788 
0.000059 0.000055 0.000246 0.000072 0.000720 0.000282 0.000040 0.000375 0.000977 0.000723 0.000464 0.000011 0.000907 0.003741 0.001053 0.000929 0.000460 0.000452 0.000422 0.000171 0.000008 0.000068 0.000342 0.001532 0.000678 0.002396 0.000792 0.000806 0.003200 0.000470 0.005420 0.001863 0.005975 0.000632 0.002295 0.000936 0.001021 0.006503 0.001053 0.004209 0.000690 0.001134 0.009069 0.013176 0.046089 0.006854 0.003243 0.007977 0.013783 0.002097 0.003787 0.004823 0.011478 0.001937 0.013354 0.054661 0.001186 0.024082 0.000332 0.004303 0.053436 0.029606 0.001165 0.047248 0.037150 0.002918 0.066794 0.096876 0.071991 0.208869 0.033051 0.037390 0.031144 0.027864 0.073376 0.017383 0.002556 
-0.000000 -0.000000 0.000903 0.000022 0.001530 0.000891 0.000253 0.000125 0.000489 0.000723 0.000319 0.000004 0.000363 0.001151 0.002106 0.000479 0.000983 0.000452 0.000169 0.000132 0.000003 0.000030 0.000029 0.014998 0.001262 0.003031 0.000205 0.001229 0.004061 0.000055 0.011613 0.009837 0.001157 0.002097 0.003060 0.000878 0.012333 0.001291 0.004082 0.000791 0.010097 0.018626 0.004484 0.030157 0.064131 0.001689 0.038482 0.142914 0.011064 0.000168 0.022391 0.000122 0.002657 0.010298 0.004395 0.025453 0.000106 0.001791 0.011602 0.058976 0.001421 0.001346 0.005071 0.002518 0.040238 0.127961 0.001544 0.006348 0.120126 0.006265 0.003599 0.010623 0.000522 0.003326 0.001410 0.377055 0.019878 
0.000059 0.000055 0.000328 0.000058 0.001981 0.000456 0.000147 0.000328 0.001466 0.002505 0.001015 0.000027 0.001995 0.005468 0.003159 0.001498 0.000816 0.000863 0.000549 0.000329 0.000010 0.000126 0.000391 0.003225 0.001055 0.003862 0.000704 0.001805 0.004369 0.000608 0.006304 0.002427 0.004819 0.000938 0.002088 0.000914 0.001849 0.004889 0.001113 0.002526 0.000652 0.002267 0.005823 0.008315 0.029412 0.004212 0.003271 0.008167 0.007282 0.000938 0.003038 0.002203 0.006011 0.001289 0.006518 0.021635 0.000394 0.008217 0.000252 0.002765 0.015349 0.007530 0.000596 0.011374 0.015011 0.002245 0.009266 0.019595 0.026078 0.034192 0.008389 0.010734 0.004825 0.007106 0.010811 0.006576 0.000921 
0.000147 -0.000000 0.000903 0.000166 0.002971 0.000652 0.000253 0.000469 0.002605 0.002023 0.001479 0.000032 0.001088 0.008921 0.003369 0.002097 0.001046 0.001274 0.000858 0.000422 0.000011 0.000139 0.000498 0.004919 0.001337 0.004840 0.000967 0.002554 0.006954 0.000746 0.011613 0.005850 0.006361 0.001349 0.003536 0.001591 0.002897 0.008625 0.002131 0.003623 0.001431 0.004302 0.010775 0.019500 0.061402 0.007252 0.007375 0.018992 0.015377 0.001646 0.006180 0.003133 0.010824 0.002952 0.011825 0.044797 0.000721 0.011259 0.000722 0.007069 0.022881 0.012849 0.001713 0.020399 0.042176 0.005612 0.017374 0.039832 0.091404 0.055960 0.021156 0.039507 0.007624 0.022553 0.013558 0.027869 0.003871 
-0.000000 -0.000000 0.000164 0.000014 0.000180 0.000022 0.000020 0.000094 0.000326 0.000289 0.000058 -0.000000 -0.000000 0.001007 0.000421 0.000240 0.000125 0.000164 0.000183 0.000013 0.000002 0.000016 0.000117 0.000323 0.000170 0.000342 0.000352 0.000211 0.001231 0.000193 0.000885 0.000650 0.001928 0.000074 0.000331 0.000252 0.000248 0.002629 0.000156 0.001403 0.000115 0.000206 0.002543 0.002342 0.010309 0.002146 0.001004 0.002184 0.003563 0.000938 0.000770 0.002203 0.003790 0.000351 0.004777 0.013936 0.000469 0.010662 0.000058 0.000961 0.037661 0.015604 0.000251 0.021785 0.007949 0.000505 0.061388 0.026700 0.015340 0.261538 0.006510 0.006921 0.094142 0.004646 0.044291 0.003484 0.000481 
-0.000000 -0.000000 0.000082 0.000014 0.000180 0.000391 0.000107 -0.000000 -0.000000 0.000048 0.000029 -0.000000 -0.000000 0.000432 0.000211 0.000210 0.000272 0.000123 0.000028 0.000046 0.000000 0.000005 -0.000000 0.005080 0.000264 0.000440 0.000059 0.000422 0.000800 -0.000000 0.002433 0.002643 0.000386 0.000643 0.001096 0.000317 0.005215 0.000830 0.001987 0.000179 0.004588 0.009377 0.001573 0.016104 0.037144 0.000596 0.022785 0.089927 0.005970 0.000068 0.012860 0.000073 0.001285 0.006301 0.001974 0.018199 0.000077 0.000825 0.007295 0.047841 0.000711 0.000769 0.004690 0.001613 0.038004 0.071838 0.001158 0.004515 0.142713 0.003717 0.003381 0.011576 0.000543 0.003164 0.001472 1.035968 0.039787 
-0.000000 -0.000000 0.000575 0.000014 0.000540 0.001195 0.000193 0.000031 -0.000000 0.000241 0.000174 -0.000000 -0.000000 0.000288 0.001474 0.000210 0.000711 0.000123 0.000070 0.000086 0.000001 0.000008 0.000010 0.014433 0.000339 0.001565 -0.000000 0.000480 0.000800 -0.000000 0.004977 0.006630 0.000193 0.001254 0.000889 0.000317 0.011367 0.000692 0.002203 0.000179 0.011745 0.016668 0.001372 0.011360 0.019103 0.000298 0.025884 0.121738 0.003438 0.000042 0.010550 0.000049 0.000501 0.004623 0.000913 0.007954 0.000023 0.000284 0.017608 0.030464 0.000568 0.000352 0.001709 0.000764 0.010971 0.360479 0.000772 0.001329 0.033589 0.000956 0.000923 0.002625 0.000146 0.000676 0.000373 0.085386 0.004615 
-0.000000 -0.000000 0.000246 -0.000000 0.000090 0.000413 0.000053 -0.000000 -0.000000 0.000096 0.000029 -0.000000 -0.000000 0.000288 0.000351 0.000090 0.000293 0.000164 -0.000000 0.000020 0.000000 -0.000000 0.000010 0.006047 0.000132 0.000489 -0.000000 0.000288 0.000554 -0.000000 0.002876 0.003900 0.000193 0.000664 0.000806 0.000288 0.006153 0.000231 0.001389 0.000102 0.007400 0.011412 0.000970 0.013117 0.030474 0.000377 0.025999 0.116136 0.004001 0.000037 0.012840 0.000024 0.000436 0.006209 0.001380 0.011772 0.000027 0.000370 0.012212 0.055190 0.000142 0.000160 0.003958 0.000764 0.027296 0.142665 -0.000000 0.002934 0.105104 0.001487 0.001946 0.007119 0.000167 0.002219 0.000663 0.533927 0.024287 
