# Flux Network Reconstruction using RW method
# Walkers leave from emitting cells
# Probability involves emitting fluxes, then absorbing flux is shared among connections
# Seed: 1684539223
# Threshold: 0.5
# Precision: 100000.0
# Dt: 1.0
# Radius step: 4.000000
# Matrix output


0.000841 0.000097 0.000086 0.555823 0.027461 -0.000000 0.062159 0.121602 0.000585 0.000403 0.002875 0.006316 0.000017 -0.000000 0.001600 0.029450 0.000277 0.003480 0.000298 0.000002 0.031727 -0.000000 0.000514 0.001669 -0.000000 0.000459 -0.000000 0.005745 0.001063 -0.000000 0.000132 0.000189 0.001135 -0.000000 -0.000000 -0.000000 0.001254 -0.000000 0.000142 0.000189 -0.000000 0.000088 0.002193 0.000014 -0.000000 0.000052 -0.000000 0.000011 0.000060 -0.000000 -0.000000 0.000005 0.000008 0.000007 -0.000000 -0.000000 -0.000000 0.000013 -0.000000 0.000416 -0.000000 0.000053 -0.000000 -0.000000 -0.000000 -0.000000 -0.000000 -0.000000 0.000039 -0.000000 
0.851240 0.075977 0.025094 0.028333 0.011721 0.002265 0.094353 0.002620 0.046099 0.041689 0.035513 0.009746 0.002182 0.013484 0.114299 0.007028 0.012230 0.003000 0.001799 0.000151 0.001433 0.001494 0.000619 0.001498 0.001606 0.008376 0.001123 0.002872 0.000157 0.003197 0.000628 0.001753 0.000108 0.003288 0.000787 0.000450 0.000050 0.000594 0.000256 0.001797 0.000199 0.000068 0.000399 0.000111 0.000082 0.000062 0.000111 0.000021 0.000181 -0.000000 0.000040 0.000001 0.000001 0.000033 -0.000000 -0.000000 0.000038 0.000013 0.000022 -0.000000 -0.000000 0.000053 -0.000000 -0.000000 -0.000000 -0.000000 -0.000000 -0.000000 -0.000000 0.000007 
0.458319 0.058237 0.024987 0.064612 0.023470 0.002692 0.190192 0.006016 0.064988 0.045858 0.063811 0.017896 0.002518 0.015527 0.175703 0.011187 0.020350 0.005486 0.003023 0.000199 0.002273 0.001989 0.001333 0.002861 0.001898 0.013539 0.002245 0.004384 0.000261 0.003453 0.000870 0.002643 0.000147 0.003687 0.000967 0.000450 0.000125 0.000844 0.000455 0.002080 0.000246 0.000098 0.000199 0.000291 0.000082 0.000072 0.000111 0.000032 0.000605 0.000028 0.000013 -0.000000 0.000001 0.000007 -0.000000 -0.000000 -0.000000 -0.000000 0.000011 0.000059 0.000006 -0.000000 0.000020 -0.000000 0.000019 -0.000000 -0.000000 -0.000000 -0.000000 0.000007 
0.003470 0.000790 0.000796 0.225941 0.028862 0.000142 0.087584 0.017593 0.004265 0.005110 0.014656 0.010708 0.000284 0.003269 0.020889 0.024573 0.004053 0.008520 0.002382 0.000033 0.012948 0.000520 0.003642 0.009024 0.001022 0.012277 0.001392 0.018594 0.001403 0.003965 0.001674 0.004045 0.001439 0.003986 0.000877 0.000567 0.001317 0.001313 0.003182 0.008321 0.000516 0.000928 0.008372 0.000929 0.000355 0.000984 0.001381 0.000930 0.002600 0.000290 0.000266 0.000030 0.000076 0.000465 0.000307 0.000296 0.001147 0.000509 0.000312 0.001664 0.000118 0.001629 0.000674 0.000113 0.000429 0.000110 0.000040 0.000186 0.000903 0.000086 
0.007570 0.005225 0.056258 0.000642 0.000196 0.070992 0.002146 0.000080 0.006718 0.098574 0.001607 0.000327 0.003205 0.029318 0.016088 0.000191 0.000816 0.000171 0.000139 0.000071 0.000049 0.001116 0.000063 0.000136 0.001436 0.001549 0.001123 0.000151 0.000007 0.001791 0.000077 0.000512 -0.000000 0.001345 0.000247 0.000200 0.000013 0.000188 -0.000000 0.000473 0.000082 0.000010 0.000100 0.000055 -0.000000 0.000031 0.000022 -0.000000 -0.000000 -0.000000 -0.000000 -0.000000 -0.000000 -0.000000 0.000047 -0.000000 0.000076 -0.000000 -0.000000 -0.000000 -0.000000 -0.000000 -0.000000 -0.000000 -0.000000 0.000005 -0.000000 -0.000000 -0.000000 0.000007 
0.188522 0.094282 0.067578 0.019584 0.005924 0.006740 0.054482 0.003235 0.059685 0.132867 0.027509 0.010436 0.006536 0.050872 0.166100 0.012000 0.015882 0.005297 0.002884 0.000387 0.002619 0.005152 0.002519 0.006811 0.007494 0.021456 0.009026 0.010204 0.000515 0.017586 0.002511 0.006931 0.000460 0.012505 0.002867 0.002233 0.000326 0.002767 0.002813 0.010023 0.001337 0.000381 0.002990 0.001372 0.000901 0.000424 0.001560 0.000232 0.003748 0.000443 0.000306 0.000005 0.000022 0.000159 0.000260 0.000296 0.000880 0.000375 0.000212 0.000416 0.000080 0.000473 0.000225 0.000281 0.000234 0.000031 0.000009 -0.000000 0.000393 0.000043 
0.168650 0.109038 0.274272 0.010996 0.003571 0.021556 0.040696 0.001524 0.074102 0.268424 0.021900 0.005463 0.011332 0.086115 0.166774 0.004876 0.014332 0.002743 0.001998 0.000519 0.000890 0.006243 0.001018 0.002145 0.008078 0.013654 0.008262 0.004308 0.000267 0.015795 0.001465 0.004450 0.000157 0.008918 0.002238 0.001516 0.000176 0.001751 0.001108 0.004822 0.000903 0.000156 0.000598 0.000665 0.000382 0.000124 0.000646 0.000063 0.001149 0.000180 0.000186 0.000002 0.000005 0.000046 0.000095 0.000035 0.000306 0.000094 0.000045 0.000059 0.000025 0.000420 0.000041 0.000056 0.000058 0.000016 0.000009 -0.000000 0.000079 -0.000000 
0.004942 0.001145 0.000904 0.041657 0.011847 0.000306 0.075862 0.007781 0.005416 0.007262 0.015953 0.010509 0.000369 0.002860 0.025353 0.016924 0.005299 0.006772 0.002626 0.000048 0.007413 0.000822 0.003233 0.008888 0.001460 0.015146 0.001392 0.017990 0.001337 0.004349 0.002335 0.004692 0.001292 0.005131 0.001304 0.000916 0.001192 0.001735 0.003722 0.012197 0.001067 0.001192 0.008771 0.001040 0.000601 0.001087 0.001671 0.000972 0.004111 0.000456 0.000372 0.000024 0.000078 0.000531 0.000662 0.000348 0.001721 0.000791 0.000435 0.001188 0.000136 0.001944 0.000613 0.000225 0.000409 0.000105 0.000063 0.000046 0.000981 0.000079 
0.004101 0.002532 0.020252 0.000642 0.000252 0.083083 0.002311 0.000134 0.004019 0.074771 0.001240 0.000581 0.002745 0.027071 0.014066 0.000622 0.000982 0.000189 0.000225 0.000054 0.000198 0.000965 0.000136 0.000511 0.001630 0.001721 0.002066 0.000680 0.000013 0.002942 0.000220 0.000620 0.000010 0.001794 0.000281 0.000317 -0.000000 0.000266 0.000227 0.001135 0.000129 0.000039 0.000100 0.000139 0.000109 0.000031 0.000134 -0.000000 0.000423 0.000041 0.000053 -0.000000 0.000001 0.000007 0.000024 0.000070 0.000115 0.000013 0.000022 -0.000000 0.000012 -0.000000 0.000041 -0.000000 0.000039 -0.000000 -0.000000 -0.000000 0.000039 -0.000000 
0.030281 0.017337 0.167051 0.002970 0.001064 0.163660 0.009576 0.000241 0.029060 0.497175 0.006764 0.001416 0.015327 0.143525 0.063004 0.001673 0.005133 0.000634 0.000569 0.000317 0.000297 0.004472 0.000325 0.000647 0.006351 0.005221 0.006511 0.001058 0.000039 0.009656 0.000529 0.001699 0.000010 0.005729 0.001068 0.000750 -0.000000 0.000750 0.000455 0.001229 0.000317 0.000020 0.000199 0.000139 0.000246 0.000072 0.000201 0.000011 0.000363 0.000180 0.000053 -0.000000 0.000001 0.000013 0.000024 0.000017 0.000153 0.000013 -0.000000 -0.000000 -0.000000 0.000105 -0.000000 0.000056 0.000058 0.000005 -0.000000 0.000046 -0.000000 -0.000000 
0.205870 0.067703 0.069494 0.039811 0.012855 0.008841 0.123080 0.006818 0.169640 0.201721 0.064459 0.018930 0.010724 0.075287 0.387455 0.020653 0.038362 0.009172 0.005643 0.000782 0.004349 0.008987 0.003810 0.008786 0.011558 0.039413 0.012483 0.014739 0.000887 0.026155 0.003920 0.011245 0.000695 0.022170 0.004599 0.003766 0.000489 0.004111 0.003494 0.012292 0.001806 0.000537 0.003189 0.001774 0.000628 0.000600 0.002228 0.000402 0.003567 0.000816 0.000332 0.000005 0.000017 0.000139 0.000307 0.000244 0.000956 0.000335 0.000245 0.000475 0.000062 0.000788 0.000184 0.000225 0.000175 0.000021 0.000009 0.000093 0.000275 0.000079 
0.075283 0.021708 0.023416 0.035797 0.011749 0.004005 0.108056 0.009679 0.116597 0.114309 0.061133 0.022560 0.005962 0.053528 0.333548 0.030932 0.035789 0.013629 0.007747 0.000595 0.009686 0.007392 0.006298 0.015427 0.011777 0.052723 0.013651 0.035072 0.001872 0.029033 0.006332 0.016073 0.001634 0.026056 0.005982 0.004815 0.001242 0.005971 0.007699 0.027893 0.003319 0.001261 0.008671 0.003826 0.001885 0.001667 0.003966 0.001310 0.008645 0.001521 0.000957 0.000019 0.000071 0.000664 0.001159 0.001010 0.002562 0.001314 0.000736 0.000951 0.000303 0.004046 0.000613 0.000563 0.000760 0.000136 0.000054 0.000232 0.001060 0.000186 
0.001472 0.000323 0.000387 0.036279 0.005293 0.000142 0.035166 0.043127 0.002585 0.004169 0.008174 0.008131 0.000233 0.002554 0.010866 0.033705 0.003265 0.008503 0.002375 0.000026 0.046503 0.000495 0.004587 0.014916 0.000827 0.015777 0.000943 0.033031 0.003497 0.003453 0.003083 0.005340 0.005206 0.003886 0.001214 0.000866 0.004315 0.001798 0.005796 0.014750 0.000868 0.002707 0.027708 0.001442 0.000492 0.002443 0.002161 0.002029 0.005260 0.000719 0.000465 0.000090 0.000232 0.001049 0.000615 0.000540 0.002142 0.001059 0.000624 0.005645 0.000155 0.003205 0.000715 0.000619 0.000740 0.000204 0.000103 0.000279 0.002512 0.000272 
0.009358 0.002016 0.001227 0.670278 0.172709 0.000109 1.445010 0.270716 0.007114 0.004572 0.075818 0.182023 0.000199 0.000817 0.033523 0.446146 0.008342 0.090892 0.010168 0.000030 0.094587 0.000168 0.009678 0.025268 0.000170 0.015949 0.000135 0.053062 0.006784 0.000639 0.001443 0.002023 0.005255 0.000797 0.000180 0.000100 0.003161 0.000375 0.002102 0.002553 0.000070 0.001094 0.008970 0.000111 0.000027 0.000549 0.000045 0.000232 0.000242 0.000014 -0.000000 0.000024 0.000026 0.000086 -0.000000 -0.000000 -0.000000 0.000027 0.000011 0.000891 -0.000000 0.000315 -0.000000 -0.000000 -0.000000 -0.000000 -0.000000 -0.000000 0.000118 0.000007 
0.009253 0.005048 0.022705 0.001525 0.000546 0.030178 0.006356 0.000481 0.011605 0.687869 0.003495 0.001089 0.015992 0.257631 0.038240 0.001530 0.003057 0.000549 0.000377 0.000219 0.000395 0.004531 0.000420 0.000613 0.007592 0.005106 0.010103 0.001361 0.000085 0.010743 0.000540 0.001942 0.000049 0.005231 0.001248 0.001050 0.000038 0.000750 0.000597 0.001891 0.000411 0.000068 0.000299 0.000360 0.000464 0.000104 0.000446 0.000042 0.001209 0.000152 0.000186 0.000001 0.000001 0.000046 0.000024 0.000070 0.000191 0.000080 0.000056 0.000059 0.000025 0.000263 0.000061 0.000113 -0.000000 0.000016 0.000009 0.000093 0.000039 0.000022 
0.000526 0.000048 0.000129 0.057308 0.005868 0.000011 0.028066 0.120505 0.000226 0.000134 0.002142 0.004701 -0.000000 0.000102 0.001685 0.053880 0.000374 0.007063 0.000582 0.000001 0.334909 0.000008 0.001963 0.009399 -0.000000 0.002180 -0.000000 0.030613 0.007861 -0.000000 0.000716 0.000405 0.018017 0.000100 0.000011 -0.000000 0.030255 0.000063 0.001761 0.003215 -0.000000 0.002648 0.042758 0.000083 -0.000000 0.000901 0.000022 0.000940 0.000060 -0.000000 0.000013 0.000260 0.000355 0.000365 0.000024 0.000017 -0.000000 0.000174 0.000011 0.014736 0.000006 0.000473 0.000041 -0.000000 0.000019 0.000005 -0.000000 -0.000000 0.001060 0.000050 
0.027653 0.009806 0.015582 0.022955 0.005854 0.003698 0.066534 0.006470 0.123258 0.138919 0.042954 0.015609 0.008587 0.076206 0.416262 0.022135 0.034475 0.011297 0.006688 0.001050 0.009340 0.013744 0.006970 0.018934 0.020780 0.059952 0.023350 0.039154 0.002048 0.049944 0.008039 0.022841 0.001673 0.043841 0.009625 0.008331 0.001405 0.009441 0.010909 0.039712 0.005079 0.001759 0.013954 0.005059 0.003879 0.002371 0.006862 0.001712 0.016323 0.002476 0.002087 0.000036 0.000109 0.000856 0.002129 0.001603 0.005584 0.001903 0.001360 0.002020 0.000421 0.004046 0.001512 0.001857 0.001461 0.000241 0.000112 0.000511 0.001688 0.000265 
0.041742 0.016208 0.032412 0.020628 0.005714 0.007375 0.063150 0.004679 0.159243 0.340909 0.049521 0.014320 0.021562 0.181220 0.541764 0.016446 0.043924 0.009017 0.006411 0.002915 0.005485 0.031507 0.005332 0.014235 0.040684 0.067410 0.044364 0.025170 0.001285 0.094005 0.008138 0.027561 0.000998 0.070545 0.014472 0.012230 0.000665 0.011785 0.008551 0.034134 0.005935 0.000840 0.006877 0.004851 0.003633 0.001574 0.005882 0.000729 0.012031 0.002324 0.001675 0.000014 0.000051 0.000431 0.001774 0.000993 0.003748 0.001166 0.000758 0.000654 0.000235 0.002995 0.000695 0.000732 0.000584 0.000152 0.000049 0.000186 0.000824 0.000136 
0.035013 0.012515 0.030044 0.009953 0.003865 0.009257 0.036652 0.002807 0.088990 0.528375 0.028298 0.008803 0.037576 0.293487 0.314597 0.010422 0.027738 0.005537 0.004307 0.003125 0.003064 0.046309 0.003264 0.008684 0.064456 0.047847 0.068882 0.017687 0.000978 0.122846 0.005561 0.020873 0.000617 0.068154 0.012684 0.013180 0.000276 0.009925 0.005597 0.024206 0.005700 0.000645 0.005382 0.004089 0.004288 0.001004 0.004768 0.000475 0.011547 0.002365 0.001449 0.000015 0.000026 0.000398 0.001112 0.001080 0.002524 0.001019 0.000669 0.000238 0.000192 0.002207 0.000756 0.000619 0.000390 0.000099 0.000036 0.000093 0.000471 0.000122 
0.003470 0.001371 0.005789 0.000482 0.000084 0.003458 0.001568 0.000053 0.008246 0.581091 0.001099 0.000218 0.038821 2.279654 0.020720 0.000048 0.001370 0.000034 0.000086 0.000456 -0.000000 0.022059 0.000031 -0.000000 0.065016 0.002123 0.110507 0.000076 -0.000000 0.037346 0.000198 0.001241 -0.000000 0.006377 0.000798 0.001700 -0.000000 0.000500 0.000170 0.000662 0.000235 -0.000000 -0.000000 0.000042 0.000410 0.000010 0.000089 -0.000000 0.000242 0.000083 0.000053 -0.000000 -0.000000 -0.000000 0.000047 0.000052 -0.000000 -0.000000 -0.000000 -0.000000 -0.000000 -0.000000 -0.000000 -0.000000 -0.000000 -0.000000 0.000004 -0.000000 -0.000000 -0.000000 
0.003995 0.000710 0.000581 0.117586 0.024003 0.000088 0.214708 0.141815 0.005869 0.003497 0.045124 0.078897 0.000256 0.002247 0.030828 1.093038 0.010901 0.151922 0.020402 0.000049 0.203209 0.000579 0.047737 0.151882 0.000706 0.080203 0.000763 0.328802 0.030562 0.003581 0.011177 0.014535 0.019093 0.005779 0.001675 0.000433 0.011791 0.002282 0.017131 0.030919 0.000680 0.007495 0.068174 0.001982 0.000137 0.004773 0.001203 0.003508 0.004534 0.000221 0.000120 0.000138 0.000389 0.001347 0.000095 0.000070 0.000765 0.001032 0.000189 0.008438 0.000050 0.003415 0.000163 0.000056 0.000312 0.000089 -0.000000 -0.000000 0.001609 0.000222 
0.011355 0.003274 0.004498 0.050405 0.013528 0.000875 0.146854 0.020160 0.031192 0.044244 0.118152 0.051854 0.002268 0.020737 0.205520 0.081178 0.063126 0.042395 0.031199 0.000371 0.029750 0.005999 0.024855 0.064669 0.009295 0.196951 0.010687 0.124793 0.006112 0.033509 0.020604 0.046141 0.005412 0.040902 0.010176 0.007265 0.004177 0.013958 0.023751 0.082923 0.006005 0.004945 0.042459 0.009120 0.002841 0.005881 0.009625 0.003931 0.024908 0.003306 0.002764 0.000093 0.000260 0.002223 0.002649 0.001846 0.008222 0.003726 0.002262 0.005288 0.000576 0.011034 0.002615 0.002476 0.002299 0.000529 0.000238 0.001022 0.003847 0.000616 
0.007675 0.002177 0.002045 0.061963 0.016426 0.000328 0.205215 0.039197 0.014832 0.013448 0.121731 0.122202 0.000676 0.004801 0.104360 0.289670 0.036301 0.235271 0.093339 0.000158 0.053125 0.002047 0.087162 0.178921 0.002604 0.240897 0.003143 0.263344 0.012186 0.010424 0.021804 0.033709 0.007271 0.016341 0.004734 0.002349 0.004415 0.006252 0.021336 0.049073 0.001947 0.004202 0.036180 0.003742 0.000765 0.004473 0.002562 0.002589 0.007678 0.000567 0.000505 0.000055 0.000185 0.001281 0.000473 0.000226 0.001568 0.001501 0.000279 0.002852 0.000204 0.002417 0.000327 0.000225 0.000546 0.000110 0.000004 0.000093 0.000864 0.000229 
0.016402 0.005193 0.006263 0.012682 0.005013 0.001149 0.072560 0.002674 0.076159 0.039268 0.155835 0.028586 0.003302 0.017264 0.951203 0.019123 0.457112 0.016114 0.031404 0.001521 0.003410 0.014180 0.013099 0.024655 0.012312 0.412204 0.009519 0.036130 0.001174 0.057362 0.024359 0.093766 0.000411 0.087334 0.023321 0.007748 0.000213 0.021820 0.011051 0.051815 0.004410 0.000469 0.002990 0.005974 0.001530 0.001273 0.003476 0.000296 0.005078 0.000871 0.000372 0.000001 0.000011 0.000153 0.000402 0.000105 0.000574 0.000550 0.000067 0.000119 0.000006 0.000841 0.000082 0.000056 0.000097 0.000026 0.000018 0.000046 0.000275 0.000022 
0.008832 0.002726 0.004390 0.014929 0.003809 0.001204 0.037064 0.005401 0.027795 0.056078 0.026353 0.011253 0.003484 0.034119 0.162226 0.020510 0.022536 0.009532 0.005537 0.000662 0.009637 0.009842 0.006613 0.019275 0.015646 0.055821 0.017782 0.035979 0.002061 0.045724 0.008711 0.024567 0.002006 0.044190 0.010885 0.009147 0.001668 0.010926 0.012955 0.046426 0.006169 0.002482 0.020333 0.007277 0.004043 0.003355 0.009736 0.002272 0.022127 0.003707 0.002539 0.000060 0.000181 0.001380 0.003146 0.002491 0.008605 0.003029 0.002117 0.003268 0.000817 0.008407 0.002799 0.002589 0.002046 0.000576 0.000265 0.001022 0.003415 0.000502 
0.009253 0.003984 0.009965 0.005057 0.001442 0.003381 0.019481 0.001898 0.026248 0.301506 0.013106 0.004338 0.021050 0.259367 0.113625 0.007076 0.011939 0.003617 0.002276 0.001193 0.002520 0.053709 0.001984 0.006436 0.122221 0.027538 0.141041 0.011716 0.000691 0.162495 0.003403 0.013295 0.000460 0.060531 0.011256 0.016195 0.000389 0.007393 0.005483 0.023355 0.005548 0.000498 0.004585 0.004435 0.005900 0.001025 0.006104 0.000623 0.010277 0.002974 0.002419 0.000013 0.000030 0.000392 0.002365 0.001690 0.003518 0.001019 0.000880 0.000594 0.000316 0.002470 0.001021 0.001407 0.000701 0.000173 0.000090 0.000232 0.000903 0.000108 
0.003575 0.001742 0.005617 0.000321 0.000084 0.002232 0.001734 0.000053 0.012945 0.328268 0.001578 0.000127 0.038281 0.847873 0.038830 0.000048 0.002684 0.000120 0.000165 0.000985 0.000049 0.071582 0.000126 0.000204 0.317317 0.004131 0.557430 0.000076 0.000007 0.124956 0.000319 0.002265 -0.000000 0.017885 0.002271 0.005398 -0.000000 0.000922 0.000028 0.001135 0.000434 -0.000000 -0.000000 0.000180 0.001256 0.000010 0.000223 -0.000000 0.000121 0.000263 0.000106 -0.000000 -0.000000 -0.000000 0.000071 -0.000000 0.000076 0.000013 -0.000000 -0.000000 -0.000000 -0.000000 -0.000000 -0.000000 -0.000000 -0.000000 0.000004 -0.000000 -0.000000 -0.000000 
0.000105 0.000177 0.000194 0.078818 0.011189 0.000044 0.070001 0.195477 0.000604 0.000403 0.008145 0.018222 0.000017 0.000409 0.004717 0.232874 0.001549 0.031749 0.003830 0.000006 1.758704 0.000084 0.013194 0.056360 0.000024 0.015433 0.000135 0.179367 0.045304 0.000384 0.004163 0.004207 0.059472 0.000648 0.000157 0.000083 0.041481 0.000610 0.011818 0.015507 0.000129 0.008922 0.113224 0.000527 -0.000000 0.004079 0.000312 0.003635 0.001028 0.000014 -0.000000 0.000296 0.000600 0.001115 -0.000000 0.000035 0.000268 0.000402 0.000045 0.014617 0.000050 0.001944 0.000082 0.000056 0.000058 0.000005 -0.000000 -0.000000 0.001766 0.000215 
0.023342 0.008209 0.012095 0.016855 0.005700 0.002648 0.069258 0.004438 0.107087 0.108526 0.085711 0.021671 0.008655 0.070384 0.895022 0.024287 0.143669 0.015412 0.016936 0.002990 0.005584 0.034847 0.011399 0.025813 0.037301 0.259140 0.035159 0.048149 0.002068 0.135188 0.025042 0.095573 0.001174 0.175216 0.041110 0.020861 0.000690 0.034450 0.019404 0.083869 0.012374 0.001407 0.008771 0.011546 0.005709 0.002650 0.011117 0.000972 0.020132 0.003333 0.002206 0.000013 0.000041 0.000677 0.001537 0.001132 0.004513 0.001997 0.000981 0.000357 0.000211 0.003573 0.000817 0.000732 0.000643 0.000099 0.000049 0.000186 0.000667 0.000136 
0.001998 0.000919 0.000646 0.065575 0.012940 0.000131 0.134059 0.077726 0.005604 0.005514 0.042137 0.054286 0.000347 0.001737 0.037314 0.456377 0.013793 0.124819 0.024716 0.000067 0.169357 0.000999 0.088652 0.339658 0.001192 0.130632 0.001257 0.724875 0.042604 0.003965 0.021132 0.025188 0.023008 0.007423 0.002474 0.001233 0.014287 0.004767 0.033126 0.062500 0.001302 0.011062 0.099071 0.003992 0.000710 0.008976 0.002339 0.005780 0.008403 0.000484 0.000332 0.000191 0.000500 0.002502 0.000260 0.000348 0.002371 0.001823 0.000502 0.007843 0.000180 0.004781 0.000552 0.000281 0.000916 0.000120 0.000031 0.000093 0.003180 0.000358 
0.006309 0.002290 0.002992 0.043021 0.011063 0.000635 0.125804 0.026096 0.019851 0.019769 0.088219 0.057952 0.001472 0.011543 0.134430 0.148301 0.041586 0.076167 0.057397 0.000268 0.050209 0.004229 0.087844 0.193088 0.006472 0.412777 0.007409 0.309225 0.012616 0.020656 0.040569 0.068012 0.009023 0.037863 0.009996 0.005232 0.006033 0.014740 0.039234 0.110249 0.005618 0.007397 0.059204 0.010021 0.002103 0.008614 0.009469 0.005727 0.024908 0.002185 0.001196 0.000115 0.000418 0.002754 0.001514 0.001428 0.006195 0.003472 0.001661 0.007665 0.000588 0.009931 0.001491 0.001238 0.001792 0.000366 0.000144 0.000372 0.003886 0.000573 
0.006834 0.002161 0.004433 0.006742 0.002269 0.001291 0.025095 0.003877 0.019945 0.078537 0.014910 0.007006 0.005024 0.051281 0.103434 0.014199 0.013765 0.006566 0.003533 0.000948 0.006523 0.026263 0.004303 0.013111 0.036596 0.038323 0.040503 0.028874 0.001481 0.095988 0.006046 0.019255 0.001605 0.060880 0.012155 0.013979 0.001154 0.010629 0.010171 0.042738 0.007659 0.001417 0.013356 0.006764 0.005791 0.002650 0.010204 0.001574 0.020797 0.004329 0.003389 0.000037 0.000123 0.001115 0.003359 0.002752 0.008911 0.002614 0.001850 0.001307 0.000625 0.007198 0.002717 0.002814 0.001734 0.000534 0.000189 0.001022 0.002551 0.000394 
0.011355 0.003484 0.005962 0.023357 0.005307 0.001346 0.062489 0.009171 0.032720 0.061189 0.048760 0.021035 0.003853 0.039125 0.218491 0.039251 0.043910 0.018875 0.012093 0.000806 0.016160 0.014751 0.014558 0.042534 0.024016 0.171823 0.029052 0.085640 0.004756 0.088058 0.026264 0.084166 0.003895 0.131873 0.032429 0.021027 0.002860 0.036060 0.035598 0.140979 0.016467 0.005091 0.040067 0.019405 0.008577 0.007268 0.024396 0.004396 0.053443 0.007330 0.005848 0.000069 0.000276 0.002754 0.005913 0.005104 0.019045 0.006984 0.004246 0.004932 0.001498 0.016919 0.004678 0.005065 0.004462 0.000953 0.000391 0.001022 0.005731 0.000946 
0.001367 0.000242 0.000452 0.007304 0.001582 0.000044 0.021628 0.010615 0.003585 0.002286 0.022435 0.014483 0.000227 0.001022 0.032260 0.067649 0.016020 0.033000 0.026978 0.000092 0.033703 0.001158 0.130480 0.479348 0.000973 0.647421 0.000629 1.081190 0.024221 0.006011 0.138138 0.101613 0.009963 0.012405 0.005240 0.001333 0.004102 0.009910 0.098440 0.162158 0.001478 0.012088 0.060101 0.006515 0.000328 0.014909 0.002629 0.005421 0.011487 0.000332 0.000173 0.000044 0.000241 0.002223 0.000071 0.000105 0.001300 0.002131 0.000423 0.001961 0.000050 0.005727 0.000184 0.000056 0.000429 0.000042 0.000018 0.000046 0.002551 0.000222 
0.000210 0.000194 0.000430 0.000080 0.000014 0.000186 0.000495 -0.000000 0.001717 0.014524 0.000620 0.000109 0.001722 0.028705 0.007328 0.000096 0.001010 0.000069 0.000060 0.000146 -0.000000 0.012695 0.000073 0.000068 0.118304 0.002180 0.586123 0.000378 0.000013 0.311816 0.000286 0.002184 0.000020 0.029444 0.004284 0.032674 -0.000000 0.001704 0.000256 0.001702 0.002745 -0.000000 -0.000000 0.000554 0.016115 0.000010 0.001849 -0.000000 0.001572 0.002061 0.001714 -0.000000 0.000003 0.000027 0.001159 0.000557 0.000803 0.000080 0.000045 -0.000000 0.000050 0.000210 0.000061 0.000394 0.000039 0.000005 0.000040 0.000093 -0.000000 -0.000000 
0.003890 0.001048 0.002045 0.020066 0.004999 0.000394 0.047630 0.012299 0.009416 0.016138 0.026494 0.017787 0.000966 0.010215 0.067384 0.049960 0.014498 0.021189 0.010380 0.000162 0.027131 0.003457 0.021014 0.064805 0.006910 0.173602 0.007499 0.145958 0.007221 0.023086 0.039259 0.061998 0.006782 0.035173 0.009333 0.006965 0.005406 0.016490 0.041223 0.128781 0.007495 0.007896 0.069968 0.013694 0.003496 0.009856 0.014125 0.006720 0.040747 0.004149 0.003283 0.000144 0.000489 0.003929 0.004257 0.003554 0.013385 0.006474 0.004068 0.008794 0.001331 0.019336 0.004923 0.003095 0.004832 0.000932 0.000418 0.001301 0.007497 0.001254 
0.008411 0.003548 0.005854 0.009953 0.002759 0.001565 0.031534 0.003583 0.031966 0.079075 0.026889 0.010164 0.005984 0.057614 0.197686 0.015777 0.031141 0.007903 0.006583 0.001371 0.007561 0.036592 0.006938 0.019377 0.061244 0.101316 0.065020 0.040590 0.001696 0.282527 0.016761 0.070682 0.001331 0.453062 0.084436 0.060450 0.001267 0.049533 0.021364 0.114031 0.030565 0.002453 0.014253 0.021775 0.019748 0.004255 0.030923 0.002208 0.054652 0.011825 0.008984 0.000034 0.000121 0.001533 0.006812 0.006079 0.016865 0.004611 0.003388 0.002139 0.001245 0.010036 0.003391 0.004277 0.001948 0.000560 0.000301 0.001022 0.002826 0.000473 
0.002103 0.000823 0.000882 0.029296 0.007268 0.000153 0.059683 0.035641 0.005585 0.007665 0.024408 0.023105 0.000415 0.002554 0.037145 0.127887 0.011164 0.037492 0.012689 0.000090 0.134863 0.001426 0.043182 0.187605 0.002287 0.140155 0.002335 0.662365 0.071978 0.007610 0.035581 0.050025 0.036797 0.018184 0.005611 0.002199 0.021801 0.010941 0.083269 0.173316 0.004070 0.029941 0.242197 0.011837 0.001502 0.026546 0.007129 0.018417 0.028777 0.001563 0.001342 0.000412 0.001372 0.007997 0.001301 0.001620 0.007763 0.007225 0.002374 0.019490 0.000663 0.022383 0.002349 0.001069 0.003409 0.000581 0.000175 0.000139 0.011383 0.001627 
0.007675 0.002564 0.003745 0.006261 0.001638 0.000853 0.026993 0.002674 0.028550 0.048951 0.027847 0.008331 0.003882 0.033302 0.197686 0.011617 0.036799 0.007132 0.007833 0.001164 0.004546 0.026892 0.007578 0.018321 0.038153 0.158456 0.041491 0.041799 0.001840 0.211160 0.025846 0.132572 0.001204 0.567199 0.170322 0.056384 0.000778 0.102990 0.032274 0.168210 0.042763 0.001954 0.013156 0.031921 0.016061 0.004235 0.039100 0.001860 0.062934 0.010982 0.007084 0.000017 0.000088 0.001248 0.005842 0.004355 0.013270 0.005469 0.002942 0.001129 0.000737 0.009773 0.002104 0.002758 0.001987 0.000262 0.000153 0.000883 0.002630 0.000409 
0.001262 0.000306 0.000409 0.009551 0.002423 0.000109 0.020142 0.005936 0.002925 0.004841 0.007610 0.006498 0.000307 0.003575 0.017014 0.021561 0.003777 0.007612 0.003063 0.000055 0.019669 0.000898 0.006382 0.024860 0.001728 0.031439 0.001931 0.066743 0.005669 0.007162 0.007896 0.014589 0.006028 0.011708 0.002811 0.002033 0.004290 0.005611 0.022614 0.052950 0.002510 0.006401 0.057310 0.005919 0.001721 0.006429 0.006038 0.005463 0.019588 0.001687 0.001223 0.000134 0.000411 0.002801 0.002129 0.001672 0.007725 0.004088 0.002084 0.006477 0.000817 0.011297 0.002839 0.001970 0.002981 0.000586 0.000220 0.000697 0.005927 0.000918 
0.000526 0.000226 0.000258 0.000241 0.000070 0.000033 0.001486 -0.000000 0.001585 0.009145 0.001099 0.000218 0.000358 0.005618 0.007496 0.000526 0.001162 0.000223 0.000251 0.000068 0.000247 0.003323 0.000220 0.000443 0.013261 0.003442 0.028334 0.002041 0.000085 0.073286 0.000705 0.002912 0.000078 0.027700 0.004453 0.026809 0.000038 0.003064 0.001136 0.005484 0.005454 0.000068 0.000598 0.001442 0.034170 0.000207 0.005280 0.000137 0.006831 0.005173 0.004824 -0.000000 0.000005 0.000080 0.004754 0.003066 0.003174 0.000643 0.000791 0.000059 0.000402 0.001208 0.000654 0.002026 0.000526 0.000157 0.000117 0.000557 0.000314 0.000065 
0.001893 0.000371 0.000452 0.016855 0.003697 0.000077 0.027654 0.017406 0.003340 0.004572 0.011274 0.008530 0.000250 0.002350 0.016256 0.038916 0.005091 0.011846 0.004227 0.000047 0.087421 0.001032 0.009793 0.036608 0.001898 0.042224 0.002155 0.101513 0.015649 0.006970 0.009966 0.018742 0.043364 0.011807 0.003261 0.002499 0.039098 0.006909 0.034376 0.079519 0.003272 0.031348 0.387116 0.007693 0.001448 0.017839 0.007463 0.020953 0.025512 0.001992 0.001568 0.000824 0.002558 0.009617 0.002034 0.001777 0.010938 0.006917 0.003076 0.039752 0.001034 0.024590 0.003616 0.002476 0.004539 0.000989 0.000315 0.000836 0.016212 0.002086 
0.001157 0.000387 0.000753 0.013886 0.003067 0.000197 0.025673 0.011337 0.004057 0.007262 0.011556 0.008621 0.000426 0.003882 0.023500 0.031745 0.005229 0.011812 0.003857 0.000068 0.044823 0.001275 0.009237 0.036029 0.002677 0.042339 0.003637 0.089570 0.011644 0.009656 0.010792 0.021574 0.016803 0.014597 0.004127 0.003066 0.014626 0.008175 0.040569 0.090109 0.004129 0.030664 0.226349 0.009619 0.001939 0.019268 0.010783 0.018850 0.031860 0.002891 0.002166 0.000455 0.001537 0.009126 0.002909 0.002578 0.013385 0.007815 0.003711 0.024837 0.001282 0.025116 0.004780 0.003377 0.005592 0.001308 0.000342 0.001208 0.015387 0.002186 
0.001472 0.000564 0.000624 0.010354 0.002899 0.000066 0.024682 0.007647 0.004717 0.008607 0.012148 0.008004 0.000534 0.004801 0.028385 0.026725 0.006281 0.010097 0.004565 0.000101 0.028811 0.001930 0.009552 0.035621 0.003674 0.056452 0.004176 0.086849 0.007861 0.016627 0.016298 0.036918 0.009591 0.024312 0.007095 0.006065 0.009395 0.016475 0.105230 0.215675 0.008750 0.018313 0.130866 0.019987 0.003660 0.039529 0.019160 0.020298 0.070491 0.005698 0.004373 0.000335 0.001255 0.012995 0.005747 0.005609 0.024973 0.015670 0.008091 0.020440 0.002439 0.047131 0.009744 0.005910 0.010696 0.002125 0.000692 0.001858 0.020294 0.003262 
0.001157 0.000290 0.000366 0.009471 0.001919 0.000077 0.016179 0.011524 0.002019 0.003093 0.007187 0.005699 0.000199 0.001634 0.013729 0.030310 0.004593 0.009772 0.003361 0.000045 0.057523 0.000915 0.010538 0.045667 0.001168 0.054043 0.001437 0.143614 0.018089 0.005628 0.020901 0.035705 0.026942 0.011508 0.004093 0.002316 0.023231 0.011473 0.135714 0.248674 0.004656 0.099273 0.528646 0.018033 0.001775 0.118433 0.012320 0.088947 0.061725 0.002573 0.001635 0.000824 0.003350 0.036529 0.001798 0.002561 0.017018 0.018860 0.005862 0.041475 0.001461 0.064470 0.005842 0.003095 0.008300 0.001586 0.000364 0.000929 0.033954 0.004860 
0.000526 0.000242 0.000710 0.000722 0.000224 0.000131 0.002724 0.000321 0.003038 0.008338 0.002537 0.000889 0.000665 0.006742 0.017772 0.001482 0.003680 0.000617 0.000781 0.000171 0.000642 0.005563 0.001050 0.002520 0.017544 0.018072 0.022631 0.007030 0.000424 0.120032 0.003711 0.018365 0.000274 0.185529 0.036455 0.130413 0.000151 0.036841 0.008551 0.058812 0.097348 0.000713 0.004186 0.021276 0.167109 0.001812 0.102461 0.000930 0.114563 0.132887 0.094602 0.000007 0.000041 0.000856 0.062583 0.043496 0.069067 0.008351 0.011022 0.000535 0.005585 0.013399 0.010459 0.025721 0.005066 0.001418 0.001407 0.004413 0.002865 0.000495 
-0.000000 -0.000000 -0.000000 0.002167 0.000238 -0.000000 0.002724 0.005401 -0.000000 -0.000000 0.000141 0.000563 -0.000000 -0.000000 0.000168 0.007315 0.000208 0.001337 0.000212 0.000001 0.065331 -0.000000 0.001060 0.006470 -0.000000 0.003844 -0.000000 0.034619 0.011070 0.000064 0.002202 0.001861 0.062525 0.000249 0.000112 0.000033 0.121408 0.000469 0.015711 0.017492 0.000047 0.076436 2.986393 0.000929 -0.000000 0.014681 0.000401 0.057798 0.003023 0.000028 0.000013 0.004105 0.017790 0.015278 0.000024 0.000087 0.000803 0.002185 0.000334 0.107906 0.000025 0.013819 0.000225 0.000113 0.000682 0.000152 0.000013 0.000046 0.025279 0.001763 
0.000841 0.000355 0.000581 0.001124 0.000546 0.000219 0.004623 0.000963 0.004095 0.011565 0.004059 0.001688 0.000841 0.009092 0.021310 0.003633 0.003984 0.001697 0.001058 0.000149 0.002372 0.005504 0.001312 0.004257 0.014502 0.019047 0.021509 0.010884 0.000672 0.088506 0.004559 0.017124 0.000568 0.113639 0.023220 0.076262 0.000702 0.025415 0.011364 0.062121 0.046399 0.001007 0.009170 0.016938 0.139904 0.002650 0.059507 0.001553 0.083187 0.084272 0.076979 0.000023 0.000092 0.001307 0.061495 0.042835 0.055606 0.008498 0.010587 0.001188 0.005727 0.020282 0.013033 0.030673 0.007852 0.002057 0.001794 0.007432 0.003729 0.000889 
0.000315 0.000210 0.000194 0.001124 0.000392 0.000044 0.004127 0.002594 0.001642 0.001345 0.003467 0.001779 0.000125 0.001941 0.012297 0.010470 0.003652 0.003463 0.001912 0.000053 0.012108 0.000780 0.005353 0.021420 0.001363 0.048133 0.001796 0.073017 0.006732 0.007930 0.027553 0.071895 0.006430 0.024212 0.008670 0.004999 0.004553 0.040030 0.333674 1.423401 0.013066 0.019905 0.109138 0.099894 0.002841 0.083055 0.043600 0.028307 0.321199 0.006501 0.003402 0.000213 0.001031 0.027237 0.003359 0.004076 0.054497 0.074635 0.017787 0.013251 0.002799 0.161886 0.012399 0.002758 0.018022 0.002439 0.000553 0.001347 0.039646 0.005986 
0.001157 0.000371 0.000473 0.008909 0.002311 0.000142 0.018656 0.009251 0.002736 0.005514 0.008484 0.006697 0.000313 0.002860 0.019204 0.029498 0.004939 0.009737 0.003718 0.000055 0.049171 0.001141 0.010150 0.037051 0.001801 0.050428 0.002425 0.104461 0.012166 0.008377 0.015924 0.031201 0.020591 0.017138 0.005049 0.003199 0.019781 0.012536 0.095315 0.204424 0.005536 0.060967 0.407648 0.016550 0.002076 0.083739 0.014392 0.082829 0.063357 0.003956 0.002499 0.000827 0.003254 0.035905 0.003264 0.003937 0.021837 0.019758 0.006765 0.044387 0.001950 0.066887 0.008723 0.004615 0.011884 0.001884 0.000517 0.001951 0.040627 0.005742 
0.000421 0.000145 0.000323 0.000482 0.000112 0.000044 0.001734 0.000428 0.001585 0.003497 0.002508 0.000780 0.000199 0.001941 0.013477 0.002151 0.003030 0.001063 0.000913 0.000065 0.002718 0.001661 0.001522 0.005142 0.003188 0.025013 0.003907 0.014513 0.000887 0.020208 0.008909 0.040883 0.000988 0.065762 0.021657 0.018245 0.000615 0.093846 0.044461 0.309378 0.072601 0.002814 0.015847 0.170363 0.015132 0.009277 0.407216 0.003550 1.016981 0.035988 0.018221 0.000034 0.000166 0.004015 0.014570 0.017942 0.135458 0.039918 0.025142 0.002436 0.005975 0.059216 0.014524 0.008724 0.013443 0.002004 0.000913 0.002555 0.010284 0.001828 
0.001157 0.000323 0.000280 0.002889 0.000812 0.000044 0.005448 0.002059 0.002925 0.005648 0.004059 0.002505 0.000500 0.005721 0.017183 0.005641 0.003417 0.002434 0.001303 0.000085 0.004942 0.002576 0.002551 0.008752 0.005523 0.022202 0.007678 0.020182 0.001526 0.025516 0.006299 0.021089 0.001830 0.052759 0.013111 0.017112 0.001618 0.024993 0.024802 0.114882 0.031304 0.003244 0.027708 0.030618 0.025129 0.007320 0.101882 0.004765 0.239464 0.057813 0.041307 0.000078 0.000273 0.003829 0.050639 0.054715 0.239786 0.030307 0.041748 0.004575 0.017553 0.073508 0.043490 0.043280 0.031893 0.007327 0.003804 0.015097 0.014759 0.002946 
0.001157 0.000097 0.000452 0.004736 0.000616 0.000088 0.007512 0.003904 0.002076 0.003497 0.004791 0.002831 0.000222 0.001941 0.013729 0.013004 0.003376 0.004629 0.002064 0.000055 0.018433 0.001368 0.005070 0.019309 0.002093 0.037635 0.002559 0.060847 0.005923 0.008889 0.014867 0.036999 0.007917 0.021721 0.007579 0.005049 0.007840 0.023571 0.116253 0.383980 0.010955 0.021635 0.159571 0.044507 0.004480 0.060640 0.037362 0.036559 0.211412 0.008216 0.005715 0.000451 0.001972 0.039236 0.007450 0.008727 0.073198 0.091484 0.025934 0.029353 0.005808 0.269599 0.025432 0.009568 0.036082 0.006432 0.001632 0.003856 0.083845 0.013792 
0.000105 0.000065 0.000043 0.000161 0.000070 0.000011 0.000743 0.000134 0.000264 0.000538 0.000338 0.000163 0.000051 0.000306 0.000674 0.000430 0.000249 0.000206 0.000099 0.000006 0.000494 0.000176 0.000178 0.000613 0.000389 0.001205 0.000449 0.001058 0.000091 0.001279 0.000264 0.000917 0.000078 0.002242 0.000618 0.001016 0.000125 0.000938 0.000795 0.003309 0.000645 0.000117 0.000698 0.000762 0.002677 0.000259 0.001582 0.000169 0.003446 0.001784 0.002445 0.000004 0.000013 0.000159 0.005133 0.002561 0.003289 0.000603 0.000702 0.000357 0.000514 0.002102 0.001083 0.005065 0.000838 0.000204 0.000184 0.000511 0.000471 0.000050 
0.001051 0.000290 0.000538 0.003612 0.001134 0.000044 0.009823 0.002754 0.002396 0.006052 0.005214 0.002777 0.000296 0.004495 0.018109 0.009896 0.004081 0.003754 0.001991 0.000068 0.009884 0.001569 0.003905 0.011749 0.003285 0.026505 0.004445 0.032427 0.002714 0.016883 0.008424 0.024810 0.003875 0.031984 0.009029 0.009547 0.003587 0.021195 0.037444 0.167075 0.015986 0.006772 0.054120 0.032725 0.009205 0.014143 0.052044 0.009932 0.258870 0.017994 0.012865 0.000189 0.000693 0.008475 0.019040 0.019841 0.149608 0.092490 0.050407 0.009448 0.012222 0.171921 0.047575 0.025327 0.047402 0.009379 0.003026 0.010127 0.031010 0.006588 
0.000105 0.000016 0.000022 0.000080 0.000042 -0.000000 0.000330 0.000561 0.000132 -0.000000 0.000141 0.000127 -0.000000 0.000102 0.000674 0.000956 0.000208 0.000343 0.000159 0.000003 0.004744 0.000050 0.000567 0.003678 0.000049 0.004475 0.000180 0.016553 0.001970 0.000576 0.003865 0.008657 0.002799 0.001694 0.000753 0.000217 0.004202 0.005377 0.080002 0.244136 0.001865 0.016358 0.121198 0.022441 0.000328 0.075135 0.010137 0.057512 0.134211 0.001383 0.000478 0.000595 0.003525 0.123012 0.000662 0.001533 0.027841 0.123319 0.015380 0.050626 0.001331 0.648330 0.011215 0.001351 0.038167 0.004412 0.000611 0.000929 0.281172 0.036831 
-0.000000 -0.000000 -0.000000 0.000883 0.000098 -0.000000 0.000991 0.002219 0.000057 -0.000000 0.000056 0.000363 -0.000000 -0.000000 0.000337 0.003203 0.000111 0.000360 0.000106 0.000001 0.022189 0.000017 0.000483 0.002111 -0.000000 0.001147 -0.000000 0.009599 0.002283 0.000192 0.000639 0.001214 0.009463 0.000249 0.000124 -0.000000 0.027985 0.000485 0.006705 0.015128 0.000129 0.009723 0.183790 0.001220 0.000027 0.006378 0.000602 0.018893 0.004836 0.000124 0.000027 0.007206 0.010609 0.012577 0.000142 0.000122 0.001989 0.004490 0.000769 1.401416 0.000173 0.025746 0.001042 0.000225 0.002747 0.000393 0.000054 -0.000000 0.073011 0.005957 
-0.000000 0.000016 -0.000000 -0.000000 0.000014 -0.000000 -0.000000 0.000027 -0.000000 -0.000000 0.000028 -0.000000 -0.000000 -0.000000 0.000084 0.000096 0.000028 -0.000000 0.000013 0.000001 0.000297 -0.000000 0.000042 0.000375 0.000024 0.000402 -0.000000 0.000983 0.000215 0.000384 0.000418 0.001267 0.000196 0.000648 0.000191 0.000250 0.000301 0.001172 0.009233 0.043494 0.000962 0.001065 0.007276 0.006917 0.000355 0.006160 0.007931 0.003328 0.089716 0.002185 0.000890 0.000046 0.000245 0.007115 0.001845 0.004372 0.093734 0.140370 0.095031 0.004278 0.009417 1.187634 0.117927 0.008611 0.487654 0.032433 0.002410 0.003948 0.056996 0.020258 
0.000315 0.000016 0.000065 0.002809 0.000448 0.000033 0.004210 0.003610 0.000245 0.000269 0.001409 0.001361 0.000017 0.000511 0.003285 0.006980 0.000664 0.001800 0.000609 0.000007 0.020509 0.000117 0.001700 0.007220 0.000268 0.007802 0.000314 0.021769 0.003249 0.001279 0.002962 0.005528 0.008534 0.003438 0.000787 0.000750 0.017661 0.002423 0.016506 0.040658 0.001126 0.013046 0.182594 0.003271 0.000300 0.011720 0.003498 0.023764 0.019769 0.000982 0.000784 0.002473 0.006558 0.015576 0.000993 0.001394 0.007610 0.008498 0.002831 0.297812 0.000743 0.048287 0.004453 0.001688 0.006546 0.001350 0.000283 0.000511 0.095229 0.009677 
0.000105 -0.000000 0.000022 0.000642 0.000140 -0.000000 0.000578 0.001872 0.000057 -0.000000 0.000366 0.000363 -0.000000 -0.000000 0.000337 0.001721 0.000125 0.000429 0.000139 0.000002 0.016802 0.000017 0.000493 0.001566 -0.000000 0.001893 0.000045 0.007483 0.001670 0.000192 0.001002 0.001160 0.006586 0.000299 0.000112 0.000083 0.018163 0.000672 0.007585 0.019383 0.000235 0.009000 0.153291 0.001455 0.000082 0.007475 0.001314 0.018576 0.008101 0.000194 0.000226 0.003859 0.007811 0.013738 0.000189 0.000192 0.002906 0.005281 0.001081 0.891535 0.000266 0.035467 0.001757 0.000450 0.003838 0.000686 0.000153 0.000232 0.103472 0.007613 
-0.000000 -0.000000 -0.000000 -0.000000 -0.000000 -0.000000 -0.000000 -0.000000 0.000019 0.000134 -0.000000 -0.000000 0.000006 -0.000000 0.000505 -0.000000 0.000055 0.000034 0.000007 -0.000000 0.000148 0.000084 0.000031 0.000136 0.000122 0.000344 0.000045 0.000605 0.000065 0.000831 0.000209 0.000674 0.000039 0.002790 0.000528 0.001400 0.000163 0.001204 0.001989 0.010117 0.002522 0.000225 0.001595 0.002218 0.004452 0.000921 0.011140 0.000486 0.038087 0.012088 0.010739 0.000010 0.000037 0.000936 0.039948 0.052659 0.109988 0.013176 0.039586 0.001307 0.124495 0.065679 0.342772 0.159670 0.099070 0.061678 0.038265 0.069260 0.011187 0.004308 
0.000105 0.000048 0.000043 0.000803 0.000294 0.000011 0.001816 0.001096 0.000547 0.000941 0.001240 0.000835 0.000063 0.001226 0.003538 0.001960 0.000830 0.000874 0.000450 0.000014 0.004102 0.000302 0.001448 0.003439 0.000876 0.008261 0.000898 0.010129 0.001220 0.003581 0.003072 0.007686 0.001889 0.008320 0.002586 0.002633 0.002358 0.007628 0.019944 0.078763 0.006029 0.004563 0.036778 0.013057 0.004152 0.009753 0.020474 0.009055 0.101686 0.008464 0.006247 0.000143 0.000628 0.009205 0.011306 0.015050 0.097444 0.063657 0.047142 0.011527 0.015851 0.488599 0.095090 0.026790 0.224909 0.033286 0.005741 0.014818 0.078153 0.021591 
-0.000000 0.000016 0.000022 0.000401 0.000070 -0.000000 0.000825 0.000508 0.000170 -0.000000 0.000366 0.000309 0.000023 0.000204 0.001769 0.001100 0.000374 0.000446 0.000205 0.000006 0.002619 0.000101 0.000567 0.002486 0.000292 0.005393 0.000180 0.008012 0.000894 0.001663 0.002158 0.005501 0.001302 0.004633 0.001293 0.001166 0.001443 0.004658 0.018466 0.068646 0.003319 0.004505 0.035383 0.010936 0.002267 0.011855 0.013546 0.009732 0.080527 0.004910 0.003642 0.000177 0.000770 0.012291 0.007072 0.008779 0.068915 0.068429 0.037858 0.015806 0.011634 0.746113 0.076930 0.019192 0.209790 0.032867 0.005130 0.012078 0.137230 0.042092 
0.000210 0.000048 0.000043 0.000080 0.000028 -0.000000 0.000413 0.000160 0.000075 0.000403 0.000310 0.000181 0.000006 0.000306 0.001011 0.000382 0.000249 0.000154 0.000046 0.000003 0.000494 0.000109 0.000052 0.000613 0.000195 0.000918 0.000269 0.001587 0.000111 0.001407 0.000286 0.000647 0.000176 0.001843 0.000517 0.000616 0.000113 0.000656 0.001222 0.003877 0.000762 0.000225 0.001595 0.000721 0.000956 0.000373 0.001626 0.000254 0.004171 0.001591 0.001396 0.000005 0.000016 0.000199 0.004068 0.002683 0.003939 0.000885 0.001393 0.000119 0.001195 0.003153 0.002901 0.038890 0.002026 0.000659 0.001443 0.021322 0.001256 0.000201 
-0.000000 -0.000000 -0.000000 0.000562 0.000070 -0.000000 0.000908 0.001283 0.000019 -0.000000 0.000085 0.000091 -0.000000 -0.000000 0.000253 0.001578 0.000028 0.000411 0.000086 0.000000 0.010477 0.000034 0.000294 0.001464 0.000049 0.001320 -0.000000 0.006274 0.001337 0.000064 0.000738 0.000863 0.005539 0.000399 0.000135 0.000117 0.015153 0.000578 0.008324 0.018627 0.000141 0.008795 0.138341 0.001344 0.000027 0.007175 0.000668 0.020361 0.007859 0.000263 0.000133 0.003343 0.008042 0.016818 0.000118 0.000122 0.002065 0.005911 0.001304 0.664670 0.000223 0.046606 0.001838 0.000450 0.004793 0.000890 0.000139 0.000232 0.145630 0.011849 
0.000315 0.000081 0.000086 0.001605 0.000350 0.000088 0.003880 0.001471 0.000830 0.001479 0.001973 0.001089 0.000136 0.001328 0.005812 0.004542 0.001383 0.001509 0.000820 0.000021 0.005980 0.000621 0.001448 0.005891 0.001217 0.011187 0.000988 0.013530 0.001181 0.005564 0.003216 0.008872 0.002290 0.009366 0.003193 0.003116 0.002107 0.007096 0.016392 0.059852 0.005454 0.004251 0.036678 0.010326 0.004015 0.007310 0.015328 0.007523 0.067831 0.007552 0.006007 0.000151 0.000530 0.006239 0.012015 0.012821 0.060769 0.029664 0.024541 0.009567 0.011925 0.209174 0.057912 0.024145 0.111890 0.021981 0.004802 0.013982 0.053659 0.014759 
0.000421 0.000177 0.000129 0.001686 0.000378 0.000011 0.003054 0.000775 0.000642 0.002555 0.001804 0.001089 0.000114 0.002350 0.005896 0.003633 0.001121 0.001234 0.000509 0.000028 0.002965 0.000638 0.001071 0.003337 0.001265 0.008147 0.002066 0.008844 0.000744 0.006587 0.001938 0.005636 0.001125 0.011459 0.003160 0.003449 0.001242 0.005877 0.009773 0.037632 0.005137 0.002326 0.016844 0.007055 0.004643 0.003531 0.015239 0.003202 0.045281 0.008658 0.007828 0.000072 0.000235 0.002562 0.015989 0.016984 0.052470 0.014276 0.018556 0.003743 0.015250 0.064681 0.061732 0.040523 0.052331 0.022719 0.008520 0.024295 0.016957 0.004473 
-0.000000 -0.000000 -0.000000 0.000803 0.000070 -0.000000 0.000825 0.001337 0.000075 -0.000000 0.000282 0.000218 0.000011 -0.000000 0.000505 0.003108 0.000152 0.000377 0.000165 0.000002 0.011218 0.000059 0.000567 0.002724 0.000024 0.002754 0.000090 0.011262 0.002029 0.000512 0.001586 0.002886 0.005138 0.001096 0.000382 0.000233 0.011741 0.001438 0.014915 0.036119 0.000516 0.011414 0.160268 0.003632 0.000328 0.013894 0.002740 0.028783 0.018802 0.000650 0.000412 0.002052 0.006891 0.026607 0.000473 0.000766 0.006616 0.012855 0.003265 0.253425 0.000743 0.104613 0.004841 0.001463 0.011183 0.001858 0.000279 0.000975 0.317835 0.025275 
-0.000000 -0.000000 -0.000000 0.000401 0.000112 -0.000000 0.000660 0.001203 0.000038 -0.000000 0.000056 0.000200 -0.000000 0.000102 0.000253 0.001721 0.000055 0.000377 0.000079 0.000001 0.008352 -0.000000 0.000378 0.001226 -0.000000 0.001262 -0.000000 0.004762 0.000965 0.000064 0.000628 0.001133 0.003406 0.000498 0.000157 0.000050 0.010235 0.000453 0.004489 0.009739 0.000141 0.004544 0.077443 0.001012 0.000109 0.003593 0.000735 0.008643 0.004232 0.000111 0.000093 0.001701 0.003187 0.006358 0.000142 0.000192 0.001759 0.002882 0.000669 0.506792 0.000223 0.016971 0.001144 0.000225 0.002065 0.000340 0.000067 0.000139 0.047575 0.004215 
0.000315 0.000032 0.000086 0.001364 0.000224 0.000022 0.003219 0.001283 0.000302 0.000538 0.001268 0.000980 0.000074 0.001022 0.004043 0.004494 0.000899 0.001166 0.000390 0.000014 0.005930 0.000336 0.001260 0.005108 0.000803 0.009523 0.000629 0.014664 0.001807 0.004093 0.003083 0.008036 0.002975 0.007124 0.001855 0.001849 0.003851 0.005674 0.019944 0.065147 0.003659 0.006449 0.061596 0.009301 0.002240 0.011606 0.012253 0.012912 0.061906 0.003900 0.003549 0.000318 0.001217 0.012683 0.005511 0.006881 0.039314 0.033846 0.017274 0.022282 0.005826 0.277848 0.033848 0.013620 0.060046 0.011603 0.002590 0.006596 0.199917 0.064443 
0.000105 0.000016 0.000022 0.000080 0.000028 0.000022 0.000165 0.000214 0.000208 0.000269 0.000338 0.000163 0.000011 0.000306 0.001011 0.000239 0.000263 0.000171 0.000093 0.000007 0.000395 0.000227 0.000210 0.000511 0.000365 0.002065 0.000718 0.002570 0.000235 0.002814 0.000540 0.002454 0.000245 0.004733 0.001035 0.001700 0.000351 0.003126 0.004290 0.018060 0.003378 0.000928 0.007376 0.003978 0.005162 0.002040 0.012164 0.001585 0.038510 0.010304 0.009822 0.000024 0.000136 0.001945 0.031363 0.033080 0.065779 0.014973 0.023738 0.001485 0.033719 0.079603 0.108531 0.131586 0.076879 0.038755 0.045877 0.101034 0.017703 0.005907 
0.000105 0.000032 0.000022 0.001525 0.000182 -0.000000 0.001899 0.001898 0.000245 0.000672 0.000874 0.000672 0.000063 0.000306 0.001853 0.003586 0.000761 0.001389 0.000476 0.000011 0.011465 0.000201 0.001218 0.005551 0.000316 0.006827 0.000449 0.014588 0.002264 0.001407 0.002313 0.006877 0.005079 0.003388 0.000990 0.000783 0.008141 0.003423 0.018040 0.054179 0.001759 0.010915 0.115417 0.005683 0.000628 0.013252 0.005302 0.021059 0.027265 0.001729 0.001037 0.000925 0.003333 0.019313 0.001514 0.001934 0.015833 0.017439 0.006453 0.093646 0.001907 0.105664 0.008723 0.003996 0.016288 0.003098 0.000679 0.002183 0.368471 0.031748 
0.000315 0.000048 0.000086 0.000883 0.000070 0.000022 0.001651 0.000455 0.000377 0.000538 0.000902 0.000635 0.000074 0.000817 0.003538 0.001625 0.000678 0.000703 0.000337 0.000013 0.002718 0.000319 0.000672 0.002827 0.000754 0.005508 0.001212 0.008088 0.000855 0.004668 0.001608 0.005178 0.001057 0.006875 0.001720 0.002233 0.001204 0.004752 0.010029 0.039050 0.003566 0.002678 0.022426 0.006806 0.003414 0.004845 0.012833 0.004374 0.053684 0.007787 0.005476 0.000098 0.000320 0.004321 0.013860 0.014841 0.057747 0.023042 0.024864 0.006833 0.015851 0.149853 0.080954 0.038890 0.112591 0.039095 0.009806 0.025735 0.040824 0.012889 
0.000105 0.000065 0.000065 0.000642 0.000070 0.000033 0.000825 0.000267 0.000245 0.000269 0.000366 0.000181 0.000023 0.000511 0.001769 0.000574 0.000277 0.000257 0.000159 0.000005 0.000939 0.000092 0.000231 0.000783 0.000438 0.002180 0.000225 0.001890 0.000189 0.001023 0.000396 0.001456 0.000166 0.001843 0.000439 0.000483 0.000201 0.001063 0.001761 0.006051 0.000915 0.000479 0.004286 0.001206 0.000901 0.000621 0.002050 0.000549 0.006287 0.001397 0.001302 0.000012 0.000013 0.000418 0.002034 0.002352 0.006501 0.001836 0.002006 0.000535 0.001523 0.007461 0.005454 0.005403 0.004715 0.001800 0.001200 0.003391 0.001963 0.000566 
-0.000000 -0.000000 0.000022 0.000241 0.000028 0.000011 0.000330 0.000535 0.000038 -0.000000 0.000169 0.000018 -0.000000 -0.000000 0.000253 0.001004 0.000208 0.000223 0.000112 0.000001 0.003311 0.000042 0.000220 0.001022 0.000049 0.001492 0.000045 0.004308 0.000855 0.000448 0.001024 0.001807 0.001899 0.000797 0.000214 0.000267 0.003424 0.001079 0.011421 0.032148 0.000657 0.005892 0.059901 0.003077 0.000164 0.009670 0.002562 0.014751 0.019467 0.000609 0.000412 0.000544 0.002276 0.017707 0.000591 0.000923 0.008299 0.016635 0.004101 0.056984 0.001040 0.141919 0.006190 0.002082 0.017885 0.003219 0.000580 0.001115 1.528134 0.071511 
-0.000000 -0.000000 -0.000000 0.000642 0.000084 -0.000000 0.001156 0.001043 0.000075 -0.000000 0.000169 0.000145 -0.000000 -0.000000 0.000505 0.001769 0.000042 0.000309 0.000126 -0.000000 0.008302 -0.000000 0.000241 0.001566 0.000024 0.001147 0.000045 0.004384 0.001135 0.000064 0.000716 0.001133 0.003621 0.000448 0.000101 0.000100 0.009897 0.000563 0.006392 0.013521 0.000246 0.005932 0.098274 0.001220 0.000109 0.005581 0.000780 0.013102 0.006227 0.000111 0.000133 0.001898 0.004571 0.011588 0.000118 0.000331 0.002448 0.005201 0.001438 0.406669 0.000353 0.036307 0.001716 0.000450 0.003624 0.000701 0.000094 0.000372 0.109046 0.008903 
