# Flux Network Reconstruction using RW method
# Walkers leave from emitting cells
# Probability involves emitting fluxes, then absorbing flux is shared among connections
# Seed: 1684539223
# Threshold: 0.5
# Precision: 100000.0
# Dt: 1.0
# Radius step: 4.000000
# Matrix output


0.003800 0.004712 0.013559 0.005509 0.013813 0.016713 0.005605 0.029275 0.000359 0.008290 0.003277 0.000110 0.001574 0.006466 0.000758 0.000465 0.013762 0.008057 0.006766 0.002776 0.001532 0.000778 0.000109 0.000178 0.000180 0.001231 0.000201 0.000142 0.002928 0.001484 0.000699 0.000492 0.000253 0.000262 0.000445 0.000258 0.000610 0.000568 0.000577 0.000279 0.000229 0.000018 0.000154 0.000173 0.000317 0.000031 0.000710 0.000507 0.000085 0.000063 0.000111 -0.000000 0.000012 0.000050 0.000001 0.000007 0.000014 0.000043 -0.000000 0.000086 -0.000000 0.000080 -0.000000 -0.000000 0.000052 0.000004 -0.000000 -0.000000 -0.000000 0.000062 0.000005 
0.000064 -0.000000 0.140114 0.000103 0.251961 0.004660 0.019200 0.045921 0.015697 0.000173 -0.000000 -0.000000 0.001827 0.000836 -0.000000 0.000004 0.000279 0.000485 0.034523 0.004615 0.000896 0.000014 0.000006 0.000050 0.002087 0.001423 -0.000000 -0.000000 0.000418 0.002176 0.004767 -0.000000 -0.000000 -0.000000 0.000044 0.000011 -0.000000 0.000662 -0.000000 -0.000000 -0.000000 0.000101 -0.000000 0.000253 0.000127 -0.000000 -0.000000 0.000824 -0.000000 0.000032 -0.000000 -0.000000 0.000186 0.000025 -0.000000 -0.000000 -0.000000 -0.000000 0.000063 -0.000000 -0.000000 -0.000000 -0.000000 -0.000000 -0.000000 -0.000000 -0.000000 0.000061 -0.000000 -0.000000 -0.000000 
0.144837 0.117274 0.021601 0.109795 0.024154 0.057701 0.014471 0.087729 0.000471 0.081267 0.026512 0.001144 0.004699 0.032822 0.005086 0.003704 0.087251 0.046981 0.010841 0.005583 0.003513 0.004869 0.000434 0.000422 0.000204 0.001368 0.000906 0.000523 0.009463 0.001682 0.000904 0.002009 0.000727 0.000786 0.000742 0.000526 0.001106 0.000442 0.001097 0.000519 0.000470 0.000010 0.000308 0.000115 0.000443 0.000168 0.000805 0.000570 0.000024 0.000053 0.000111 0.000006 0.000012 0.000025 -0.000000 -0.000000 -0.000000 -0.000000 0.000063 0.000043 -0.000000 -0.000000 0.000061 -0.000000 -0.000000 -0.000000 -0.000000 -0.000000 0.000053 -0.000000 -0.000000 
0.107638 0.098979 0.033811 0.104698 0.035326 0.102642 0.021707 0.137477 0.000633 0.097742 0.020356 0.001037 0.006681 0.047057 0.005175 0.003892 0.109815 0.057853 0.013917 0.006552 0.004626 0.005028 0.000465 0.000467 0.000222 0.001998 0.000705 0.000479 0.009986 0.002622 0.001315 0.001148 0.000719 0.000730 0.001008 0.000504 0.001182 0.000315 0.000577 0.000240 0.000407 0.000008 0.000308 0.000173 0.000380 0.000122 0.000142 0.000127 0.000085 0.000011 0.000167 0.000012 0.000037 0.000025 0.000001 -0.000000 0.000005 -0.000000 -0.000000 0.000043 -0.000000 -0.000000 -0.000000 -0.000000 0.000052 -0.000000 -0.000000 -0.000000 -0.000000 -0.000000 -0.000000 
0.010122 0.066224 0.002876 0.065204 0.003850 0.004904 0.002099 0.013107 0.000128 0.041240 0.127894 0.003282 0.000995 0.006589 0.028597 0.005247 0.046944 0.017764 0.004613 0.002550 0.001200 0.008889 0.001187 0.000199 0.000078 0.001286 0.004093 0.002103 0.005751 0.001929 0.000904 0.005657 0.001291 0.001020 0.000890 0.000698 0.003393 0.000694 0.002107 0.002036 0.000470 0.000010 0.000693 0.000138 0.000507 0.000351 0.000805 0.000253 0.000218 0.000042 0.000667 0.000109 0.000062 0.000075 0.000008 0.000007 0.000027 0.000057 0.000188 0.000215 0.000022 0.000080 0.000184 -0.000000 0.000052 -0.000000 0.000010 -0.000000 0.000026 -0.000000 0.000014 
0.002523 0.014428 0.000352 0.017374 0.000453 0.001000 0.000387 0.001339 -0.000000 0.013180 0.126901 0.001752 0.000228 0.001303 0.020477 0.001955 0.012085 0.004028 0.000692 0.000290 0.000246 0.002795 0.000398 0.000021 0.000012 0.000082 0.001879 0.000752 0.001203 0.000049 0.000123 0.001763 0.000278 0.000168 0.000119 0.000054 0.000305 0.000095 0.000462 0.000279 0.000064 -0.000000 0.000116 0.000035 0.000032 0.000076 0.000095 -0.000000 -0.000000 -0.000000 -0.000000 -0.000000 -0.000000 0.000013 -0.000000 0.000005 0.000005 -0.000000 -0.000000 -0.000000 -0.000000 -0.000000 -0.000000 -0.000000 -0.000000 -0.000000 -0.000000 -0.000000 0.000026 -0.000000 -0.000000 
0.025768 0.162247 0.005635 0.200421 0.007473 0.012028 0.004301 0.032145 0.000291 0.096563 0.170194 0.005382 0.002341 0.015145 0.036270 0.009877 0.095075 0.040817 0.008227 0.003357 0.002675 0.015890 0.002053 0.000387 0.000144 0.002353 0.005972 0.003280 0.010613 0.002869 0.001274 0.007871 0.002076 0.001797 0.001453 0.001191 0.004956 0.001073 0.003290 0.002355 0.001080 0.000014 0.001001 0.000253 0.001266 0.000520 0.001467 0.000697 0.000436 0.000053 0.000667 0.000097 0.000037 0.000075 0.000008 0.000012 0.000036 0.000172 0.000188 0.000215 0.000052 -0.000000 0.000307 0.000010 0.000104 0.000008 0.000019 -0.000000 -0.000000 0.000031 0.000010 
-0.000000 0.000195 0.000176 0.000186 0.000075 0.000024 0.000020 0.000287 0.000009 0.000208 0.001291 0.000017 -0.000000 -0.000000 0.000357 0.000036 0.000559 -0.000000 0.000077 0.000032 0.000043 0.000158 0.000020 0.000011 -0.000000 0.000027 0.000168 0.000087 0.000105 -0.000000 0.000082 -0.000000 0.000025 0.000056 0.000015 0.000021 -0.000000 0.000063 0.000058 -0.000000 0.000051 0.000002 -0.000000 -0.000000 0.000032 0.000015 0.000095 -0.000000 0.000024 0.000011 -0.000000 -0.000000 -0.000000 0.000013 -0.000000 -0.000000 0.000005 -0.000000 0.000125 -0.000000 -0.000000 -0.000000 -0.000000 0.000005 -0.000000 -0.000000 -0.000000 -0.000000 -0.000000 -0.000000 -0.000000 
0.007727 0.042536 0.001409 0.053794 0.001208 0.003367 0.001162 0.010045 0.000060 0.046790 0.493206 0.006882 0.000734 0.004868 0.075083 0.007358 0.042124 0.014657 0.001922 0.001130 0.000752 0.011914 0.001602 0.000159 0.000030 0.000520 0.006039 0.002975 0.003817 0.000693 0.000205 0.006231 0.001267 0.000730 0.000682 0.000247 0.001792 0.000347 0.001126 0.001637 0.000407 0.000004 0.000462 0.000035 0.000443 0.000260 0.000473 -0.000000 0.000145 0.000011 0.000445 0.000030 -0.000000 0.000013 -0.000000 0.000005 0.000027 0.000043 -0.000000 -0.000000 -0.000000 0.000080 -0.000000 -0.000000 0.000052 -0.000000 0.000010 -0.000000 0.000026 -0.000000 -0.000000 
0.002810 0.015727 0.000528 0.019376 0.000679 0.001244 0.000306 0.002966 0.000043 0.020256 0.305436 0.003155 0.000294 0.001721 0.044746 0.003301 0.016416 0.005873 0.000846 0.000355 0.000246 0.004596 0.000764 0.000048 0.000006 0.000192 0.003523 0.001580 0.001568 0.000099 0.000041 0.002911 0.000539 0.000402 0.000267 0.000118 0.000915 0.000126 0.000577 0.000759 0.000178 -0.000000 0.000289 0.000023 0.000127 0.000168 0.000189 -0.000000 0.000024 0.000011 0.000056 0.000018 -0.000000 0.000013 0.000001 -0.000000 0.000005 0.000014 -0.000000 -0.000000 -0.000000 -0.000000 0.000061 -0.000000 -0.000000 -0.000000 -0.000000 -0.000000 -0.000000 -0.000000 -0.000000 
0.050163 0.136446 0.017257 0.265460 0.024079 0.051260 0.014064 0.109158 0.000702 0.361036 0.138618 0.006331 0.007856 0.058981 0.033638 0.019932 0.337618 0.126723 0.022528 0.011135 0.008096 0.026897 0.002744 0.001077 0.000354 0.004296 0.005938 0.003345 0.028128 0.006084 0.002795 0.008527 0.003522 0.003229 0.003025 0.001964 0.005528 0.002240 0.005513 0.002874 0.001716 0.000034 0.001945 0.000311 0.001678 0.000932 0.001893 0.001331 0.000254 0.000158 0.000667 0.000121 0.000074 0.000138 0.000007 0.000024 0.000036 0.000244 0.000125 0.000345 0.000037 0.000040 0.000184 0.000025 0.000104 -0.000000 0.000019 -0.000000 -0.000000 0.000031 0.000005 
0.019637 0.048775 0.018079 0.079463 0.034798 0.037500 0.016448 0.115281 0.001429 0.238251 0.077451 0.003384 0.009854 0.057260 0.024582 0.013397 0.278309 0.127015 0.041827 0.022108 0.012708 0.027142 0.003189 0.002143 0.000942 0.012150 0.007784 0.004457 0.043552 0.019984 0.010439 0.014676 0.005491 0.005466 0.007697 0.004637 0.016889 0.008170 0.011026 0.008942 0.004563 0.000174 0.005777 0.001622 0.007471 0.002903 0.008566 0.006908 0.001877 0.000801 0.006785 0.000473 0.000595 0.000981 0.000036 0.000094 0.000234 0.001078 0.001000 0.002412 0.000193 0.000600 0.001720 0.000115 0.001298 0.000084 0.000297 0.001352 0.000500 0.000372 0.000072 
0.000798 0.001657 0.089927 0.002641 0.220334 0.032498 0.055093 0.248261 0.059750 0.009122 0.003078 0.000133 0.017889 0.027511 0.001338 0.000720 0.025079 0.027373 0.273874 0.075425 0.022582 0.001887 0.000283 0.002774 0.018186 0.039295 0.000738 0.000479 0.035918 0.067718 0.070937 0.001599 0.000932 0.001432 0.007430 0.003842 0.003622 0.028232 0.002655 0.001477 0.002123 0.001845 0.002041 0.007949 0.011650 0.000749 0.010743 0.038088 0.001005 0.003552 0.005394 0.000152 0.004005 0.002906 0.000013 0.000048 0.000162 0.001423 0.009314 0.003403 0.000163 0.000240 0.001351 0.000125 0.001765 0.000164 0.000873 0.004794 0.001341 0.001580 0.000177 
0.001277 0.001917 0.157724 0.003116 0.548307 0.091370 0.248703 1.758781 0.039243 0.009781 0.001092 0.000041 0.080049 0.061980 0.000357 0.000268 0.020328 0.026548 0.730895 0.145137 0.036562 0.000475 0.000070 0.001931 0.013184 0.026242 0.000034 0.000033 0.016103 0.042342 0.055525 0.000082 0.000221 0.000299 0.002136 0.000698 0.000191 0.008675 0.000289 0.000120 0.000356 0.000822 0.000347 0.002853 0.002216 0.000031 0.001041 0.010140 0.000012 0.000432 0.000445 0.000018 0.001004 0.000428 -0.000000 -0.000000 -0.000000 0.000086 0.001625 0.000215 -0.000000 -0.000000 -0.000000 0.000010 0.000052 0.000004 0.000086 0.000307 0.000053 0.000062 0.000010 
0.001501 0.008416 0.000293 0.012112 0.001434 0.001244 0.000571 0.003922 0.000034 0.017308 0.872717 0.003776 0.000261 0.002188 0.150523 0.004066 0.021306 0.007086 0.001076 0.000549 0.000419 0.007996 0.001448 0.000093 0.000012 0.000219 0.008052 0.003629 0.002510 0.000247 0.000288 0.007461 0.001332 0.000777 0.000386 0.000247 0.003088 0.000252 0.001385 0.002395 0.000458 0.000002 0.000674 0.000069 0.000380 0.000244 0.000426 0.000190 0.000073 0.000021 0.000222 0.000067 -0.000000 0.000013 0.000004 0.000012 0.000023 -0.000000 -0.000000 0.000043 0.000015 -0.000000 0.000123 -0.000000 0.000052 0.000008 -0.000000 -0.000000 -0.000000 -0.000000 0.000005 
-0.000000 0.000097 0.011329 0.000041 0.035326 0.002293 0.006767 0.029466 0.068865 0.000312 0.000199 0.000002 0.002080 0.001475 -0.000000 0.000027 0.000629 0.001116 0.068584 0.010037 0.002400 0.000043 0.000006 0.000265 0.033613 0.006923 -0.000000 -0.000000 0.002144 0.015730 0.045250 -0.000000 0.000016 0.000028 0.000667 0.000193 0.000153 0.007634 0.000087 -0.000000 0.000102 0.003936 0.000058 0.004624 0.001710 0.000015 0.000946 0.032701 0.000012 0.001444 0.000334 -0.000000 0.006051 0.001069 -0.000000 -0.000000 0.000005 0.000101 0.013252 0.000517 -0.000000 -0.000000 -0.000000 0.000010 -0.000000 0.000028 0.000441 0.001782 0.000237 0.000248 0.000057 
0.009739 0.041041 0.005224 0.063141 0.008831 0.011125 0.004280 0.032719 0.000300 0.179495 0.394008 0.027691 0.002774 0.021266 0.115056 0.042549 0.208103 0.067560 0.012302 0.004744 0.003846 0.063792 0.008185 0.000695 0.000126 0.003311 0.022613 0.012607 0.023527 0.005095 0.002589 0.031689 0.007452 0.005700 0.003189 0.002941 0.016928 0.002050 0.010448 0.010260 0.002720 0.000022 0.003254 0.000391 0.002374 0.001665 0.004307 0.001077 0.000969 0.000285 0.003170 0.000279 0.000074 0.000277 0.000020 0.000067 0.000171 0.000302 0.000188 0.000474 0.000015 0.000240 0.000246 0.000035 0.000311 0.000020 0.000038 0.000369 0.000105 0.000093 0.000005 
0.004151 0.011926 0.009803 0.019644 0.014795 0.012150 0.007073 0.050992 0.001130 0.145885 0.058386 0.002702 0.005049 0.026184 0.022262 0.015549 0.218233 0.085615 0.030601 0.015750 0.008718 0.031003 0.004284 0.001822 0.000966 0.012615 0.011105 0.005928 0.040990 0.019539 0.011837 0.023203 0.007510 0.008021 0.008928 0.006332 0.022418 0.009558 0.016596 0.013334 0.006114 0.000224 0.008627 0.002140 0.010890 0.004920 0.014623 0.008999 0.003027 0.001539 0.011400 0.000946 0.000694 0.001937 0.000052 0.000226 0.000703 0.001998 0.002500 0.005169 0.000698 0.001480 0.004054 0.000360 0.004205 0.000232 0.000355 0.003380 0.001710 0.001518 0.000200 
0.003385 0.013355 0.002407 0.019045 0.002793 0.003855 0.001569 0.013107 0.000103 0.048247 0.865468 0.010570 0.001387 0.007818 0.358640 0.012963 0.069577 0.029897 0.006382 0.003002 0.002010 0.035368 0.006788 0.000398 0.000126 0.002600 0.038985 0.018241 0.012757 0.003314 0.001356 0.040544 0.006243 0.004502 0.002002 0.001878 0.016508 0.001325 0.009813 0.012855 0.002377 0.000016 0.003736 0.000334 0.002248 0.002399 0.003123 0.000760 0.001356 0.000190 0.004171 0.000345 0.000074 0.000201 0.000022 0.000087 0.000126 0.000374 0.000125 0.000732 0.000082 0.000280 0.000799 0.000065 0.000519 0.000020 0.000038 0.000061 0.000210 0.000124 0.000014 
0.000798 0.001170 0.042674 0.002187 0.116772 0.024740 0.040683 0.263473 0.029648 0.009469 0.001887 0.000087 0.032361 0.040222 0.000625 0.000577 0.026336 0.036643 1.622177 0.279108 0.066776 0.001642 0.000190 0.007424 0.024412 0.133290 0.000470 0.000262 0.063733 0.222842 0.193453 0.001189 0.000907 0.001441 0.013792 0.005903 0.001983 0.060880 0.002482 0.000759 0.002618 0.002587 0.002234 0.013631 0.018425 0.000917 0.013488 0.052284 0.000702 0.004469 0.004171 0.000085 0.004637 0.003271 0.000008 0.000024 0.000140 0.001049 0.007564 0.001809 0.000096 0.000040 0.000491 0.000115 0.001090 0.000120 0.000720 0.004363 0.000842 0.001146 0.000191 
0.003161 0.009001 0.023245 0.012442 0.043403 0.037183 0.021442 0.228458 0.003834 0.080677 0.022242 0.000976 0.038267 0.211902 0.008521 0.005824 0.284596 0.456855 0.167461 0.112314 0.088361 0.020832 0.002792 0.016916 0.003005 0.068136 0.005536 0.003378 0.343290 0.091066 0.037523 0.016152 0.009111 0.013889 0.037031 0.021284 0.024133 0.034131 0.022311 0.011058 0.012977 0.000461 0.013076 0.004958 0.022920 0.004828 0.028064 0.016604 0.003112 0.002583 0.014459 0.000624 0.001215 0.002655 0.000035 0.000120 0.000522 0.001839 0.002250 0.003748 0.000267 0.000480 0.001966 0.000195 0.001921 0.000132 0.000403 0.002520 0.001026 0.001301 0.000138 
0.002139 0.005329 0.025182 0.007779 0.052385 0.031864 0.025376 0.225301 0.005486 0.044848 0.014299 0.000618 0.042990 0.137900 0.004997 0.003395 0.137758 0.190109 0.267031 0.183963 0.161296 0.011784 0.001633 0.022507 0.004930 0.097881 0.003892 0.002070 0.256396 0.128660 0.057004 0.010290 0.005777 0.008442 0.033220 0.017613 0.016508 0.042364 0.015153 0.008423 0.009863 0.000788 0.010052 0.007776 0.025991 0.003744 0.031045 0.025603 0.002845 0.003394 0.013403 0.000612 0.001798 0.003372 0.000022 0.000132 0.000495 0.002817 0.005126 0.004523 0.000423 0.000480 0.003133 0.000315 0.004049 0.000236 0.000739 0.004794 0.001184 0.001642 0.000229 
0.003065 0.007246 0.005283 0.011658 0.009662 0.019470 0.007154 0.083902 0.000693 0.129583 0.021249 0.001196 0.014333 0.135958 0.007807 0.012373 0.789381 1.382503 0.033600 0.030144 0.032774 0.053837 0.005962 0.008530 0.000552 0.021946 0.005033 0.004533 0.363837 0.026909 0.007809 0.020908 0.022725 0.030360 0.030476 0.024396 0.030462 0.011798 0.031807 0.010300 0.017603 0.000057 0.014424 0.001288 0.012885 0.003255 0.017274 0.001901 0.001974 0.000422 0.007786 0.000297 0.000149 0.000679 0.000007 0.000034 0.000140 0.000877 0.000375 0.001292 0.000067 0.000160 0.000246 0.000055 0.000467 0.000016 0.000038 0.000307 0.000079 -0.000000 0.000019 
0.002970 0.010301 0.008570 0.014960 0.019626 0.015029 0.008662 0.066777 0.001378 0.106171 0.067025 0.002661 0.007382 0.040640 0.026366 0.016703 0.300594 0.155990 0.044210 0.025206 0.013517 0.068618 0.009157 0.003082 0.001200 0.019866 0.022177 0.012411 0.083078 0.032153 0.015577 0.050793 0.021205 0.020983 0.015928 0.012880 0.053795 0.015520 0.044362 0.032775 0.014617 0.000301 0.021356 0.003589 0.018551 0.010482 0.027023 0.012485 0.006756 0.002319 0.024747 0.001976 0.001079 0.002453 0.000110 0.000445 0.000959 0.003952 0.002500 0.007582 0.001069 0.001320 0.006204 0.000554 0.004516 0.000468 0.000585 0.004118 0.002446 0.002168 0.000258 
0.002235 0.006174 0.002348 0.009347 0.003774 0.003806 0.001488 0.014063 0.000282 0.039472 0.192238 0.004336 0.001680 0.008482 0.129020 0.010360 0.065945 0.033683 0.009303 0.004615 0.002154 0.045078 0.012164 0.000631 0.000192 0.003968 0.113635 0.050571 0.019031 0.005886 0.003452 0.105399 0.012241 0.009087 0.004434 0.003488 0.036715 0.002997 0.021358 0.033853 0.004766 0.000057 0.008127 0.000621 0.004717 0.006708 0.007761 0.002281 0.002954 0.000580 0.009065 0.001170 0.000198 0.000793 0.000081 0.000228 0.000495 0.001394 0.000375 0.002197 0.000430 0.001440 0.003010 0.000225 0.001298 0.000084 0.000144 0.000615 0.000342 0.000279 0.000076 
0.000415 0.002372 0.000117 0.004478 0.000151 0.000537 0.000082 0.001531 0.000017 0.014186 0.304642 0.005101 0.000098 0.001205 0.422927 0.007233 0.021097 0.007668 0.000384 0.000194 0.000159 0.034259 0.013251 0.000042 0.000006 0.000109 0.420788 0.120135 0.003764 0.000198 -0.000000 0.113106 0.006349 0.002218 0.000326 0.000376 0.013916 0.000158 0.004012 0.017885 0.000623 -0.000000 0.000982 0.000012 0.000095 0.001039 0.000663 -0.000000 0.000303 0.000011 0.000278 0.000212 0.000012 0.000025 0.000018 0.000031 0.000018 0.000029 -0.000000 -0.000000 0.000007 0.000160 0.000184 0.000015 0.000052 -0.000000 -0.000000 0.000061 -0.000000 -0.000000 -0.000000 
0.003385 0.007864 0.005048 0.014382 0.007095 0.012955 0.004627 0.053575 0.000394 0.167563 0.040910 0.002358 0.007595 0.071273 0.017756 0.025202 0.855815 0.552079 0.022759 0.017848 0.018042 0.128390 0.015474 0.004986 0.000276 0.015926 0.014762 0.010788 0.233914 0.021616 0.005055 0.055876 0.046398 0.054066 0.030002 0.025759 0.061953 0.010757 0.056629 0.024591 0.024111 0.000026 0.023860 0.001104 0.013708 0.006249 0.022148 0.001901 0.003124 0.000611 0.011901 0.000703 0.000124 0.000667 0.000029 0.000074 0.000225 0.001207 0.000063 0.001034 0.000059 0.000240 0.000614 0.000015 0.000623 0.000040 0.000058 0.000307 0.000342 0.000186 0.000033 
0.000224 0.000195 0.024067 0.000475 0.078427 0.008417 0.018568 0.106288 0.061727 0.001734 0.000099 0.000021 0.009871 0.009392 0.000223 0.000098 0.005030 0.008785 0.380517 0.071036 0.016438 0.000259 0.000025 0.002353 0.167655 0.066057 0.000034 0.000065 0.021436 0.147456 0.354644 0.000328 0.000221 0.000337 0.006629 0.002533 0.000724 0.068009 0.000462 0.000240 0.000877 0.009289 0.000732 0.028251 0.015322 0.000244 0.008850 0.126748 0.000254 0.007621 0.002447 0.000042 0.013143 0.004831 -0.000000 0.000012 0.000095 0.001150 0.024067 0.002542 0.000052 0.000040 0.000123 0.000060 0.000623 0.000084 0.001429 0.007928 0.001105 0.001363 0.000243 
0.000447 0.001332 0.023010 0.001486 0.060160 0.013834 0.019954 0.154027 0.018975 0.008533 0.001787 0.000101 0.022457 0.032109 0.000848 0.000622 0.025079 0.042031 0.820546 0.261777 0.072111 0.002017 0.000227 0.012800 0.021179 0.305573 0.000503 0.000327 0.111310 0.503409 0.291598 0.001517 0.001267 0.002218 0.025894 0.009660 0.003279 0.106367 0.003983 0.001637 0.003953 0.002587 0.003023 0.020544 0.032006 0.000764 0.022716 0.066226 0.000811 0.006282 0.007452 0.000158 0.005493 0.004630 0.000007 0.000036 0.000198 0.001710 0.008626 0.003791 0.000104 0.000120 0.000676 0.000140 0.001350 0.000188 0.000959 0.005039 0.001131 0.001425 0.000239 
0.000255 0.000715 0.006574 0.000743 0.017587 0.006490 0.006910 0.068595 0.005384 0.006972 0.001489 0.000063 0.015205 0.032920 0.000357 0.000497 0.029689 0.058581 0.349070 0.226694 0.114282 0.002406 0.000277 0.047682 0.005980 0.633119 0.000134 0.000283 0.267166 0.481199 0.106775 0.001681 0.001757 0.003079 0.045529 0.013652 0.002631 0.075706 0.003406 0.000878 0.004093 0.000628 0.003023 0.007718 0.026529 0.000749 0.016706 0.019709 0.000690 0.001950 0.003893 0.000085 0.000955 0.001799 0.000004 0.000012 0.000086 0.000762 0.002313 0.001939 0.000030 -0.000000 0.000184 0.000045 0.000415 0.000036 0.000307 0.001721 0.000421 0.000341 0.000076 
0.001277 0.004094 0.003052 0.006087 0.006416 0.004489 0.002201 0.020186 0.000531 0.030557 0.061762 0.001720 0.002349 0.010842 0.033103 0.006853 0.066434 0.037080 0.014378 0.007907 0.004337 0.034403 0.011260 0.001050 0.000600 0.007580 0.052305 0.032200 0.030429 0.013900 0.007439 0.112163 0.015771 0.012007 0.007030 0.005785 0.055625 0.007444 0.033394 0.042995 0.008262 0.000143 0.014000 0.001725 0.010130 0.009672 0.016232 0.006274 0.005001 0.001465 0.017073 0.001830 0.000645 0.001786 0.000136 0.000478 0.000959 0.002802 0.002063 0.005816 0.000987 0.002600 0.006879 0.000579 0.004983 0.000304 0.000355 0.003196 0.001315 0.001332 0.000177 
0.002554 0.006142 0.007161 0.010193 0.014493 0.011784 0.006298 0.064003 0.001241 0.076480 0.036541 0.001663 0.008296 0.048925 0.016284 0.010807 0.282920 0.241604 0.052745 0.029499 0.019748 0.052857 0.009162 0.005848 0.001356 0.029334 0.020566 0.011561 0.237521 0.050900 0.020755 0.065100 0.048212 0.070182 0.045841 0.040324 0.114986 0.026970 0.108639 0.047107 0.042668 0.000265 0.050223 0.004578 0.038717 0.019497 0.058778 0.015210 0.010776 0.002878 0.041932 0.002734 0.000992 0.003573 0.000102 0.000473 0.001252 0.005317 0.002375 0.008443 0.001232 0.001920 0.005098 0.000479 0.004101 0.000312 0.000528 0.003134 0.002209 0.001425 0.000234 
0.000351 0.000520 0.004402 0.000887 0.011247 0.003757 0.004647 0.038650 0.003432 0.008151 0.001589 0.000070 0.007676 0.024585 0.000937 0.000702 0.035348 0.058144 0.152545 0.073779 0.038846 0.003587 0.000540 0.023074 0.006070 0.359343 0.000839 0.000599 0.415597 0.640330 0.147340 0.003198 0.003277 0.006336 0.154161 0.047086 0.007968 0.236360 0.009640 0.003473 0.013879 0.001097 0.010052 0.022442 0.105863 0.003224 0.072123 0.049685 0.002906 0.007874 0.021299 0.000297 0.002864 0.006630 0.000008 0.000074 0.000468 0.003866 0.004376 0.006246 0.000260 0.000320 0.001290 0.000210 0.002232 0.000228 0.000729 0.005900 0.001946 0.002075 0.000306 
-0.000000 0.000292 0.000059 0.000495 -0.000000 0.000220 0.000102 0.000191 0.000009 0.002046 0.020654 0.000444 0.000114 0.000295 0.020566 0.001056 0.006427 0.002718 0.000231 0.000258 0.000116 0.006123 0.002705 0.000034 -0.000000 0.000246 0.429645 0.068431 0.001359 0.000247 -0.000000 0.216168 0.005516 0.002415 0.000341 0.000504 0.026573 0.000095 0.008601 0.086669 0.000890 -0.000000 0.002580 -0.000000 0.000222 0.004431 0.000663 -0.000000 0.001259 0.000021 0.003170 0.001515 -0.000000 0.000013 0.000161 0.000228 0.000140 0.000144 -0.000000 0.000172 0.000148 0.001000 0.000799 0.000015 0.000363 0.000012 -0.000000 0.000061 0.000053 0.000031 0.000005 
0.000798 0.002275 0.010331 0.003219 0.019022 0.008051 0.007195 0.053862 0.002859 0.016683 0.008937 0.000412 0.007301 0.023455 0.004149 0.001910 0.047083 0.050913 0.080809 0.039536 0.019300 0.007376 0.001296 0.005586 0.003359 0.052840 0.004194 0.002354 0.149425 0.091165 0.045497 0.013364 0.006129 0.009003 0.054190 0.024128 0.023790 0.050250 0.022311 0.013693 0.014871 0.000806 0.016369 0.011112 0.044606 0.008587 0.054518 0.040179 0.007301 0.006925 0.031532 0.001788 0.003906 0.007662 0.000105 0.000514 0.001797 0.006769 0.009689 0.017145 0.001477 0.003200 0.011240 0.001188 0.013237 0.001023 0.001823 0.011370 0.005076 0.005080 0.000773 
0.000543 0.000812 0.009979 0.001114 0.026193 0.007466 0.008010 0.060080 0.009860 0.005862 0.002582 0.000103 0.007978 0.016521 0.000625 0.000613 0.022214 0.030431 0.209211 0.071294 0.027410 0.002190 0.000322 0.007360 0.016848 0.180575 0.000738 0.000567 0.110840 0.525471 0.480284 0.002173 0.002092 0.003875 0.047160 0.021316 0.007892 0.359761 0.008457 0.003234 0.009799 0.003872 0.008319 0.054041 0.092757 0.003041 0.066775 0.156471 0.003633 0.017045 0.025359 0.000527 0.010130 0.014505 0.000022 0.000168 0.000779 0.006251 0.018566 0.014173 0.000519 0.001120 0.003255 0.000474 0.007371 0.000564 0.002629 0.013766 0.004208 0.005421 0.000811 
0.000894 0.002567 0.006985 0.003673 0.015323 0.007954 0.006910 0.047548 0.002294 0.023933 0.013604 0.000532 0.006624 0.024708 0.006380 0.003082 0.072022 0.071200 0.067815 0.033985 0.017912 0.012577 0.002330 0.005151 0.002951 0.044001 0.007918 0.004511 0.176037 0.082607 0.046195 0.025704 0.013328 0.023135 0.074552 0.099345 0.053337 0.058988 0.058620 0.030580 0.050167 0.000796 0.050936 0.011929 0.085413 0.020077 0.126310 0.047531 0.017109 0.008886 0.080137 0.003382 0.003943 0.010467 0.000211 0.000930 0.003198 0.013034 0.009127 0.025847 0.002768 0.004600 0.017383 0.001937 0.019154 0.001339 0.001996 0.014258 0.007707 0.007156 0.001050 
0.000255 0.000552 0.011329 0.000433 0.024532 0.004782 0.007827 0.046017 0.015500 0.003330 0.000894 0.000035 0.004805 0.009367 0.000357 0.000273 0.010688 0.011600 0.138244 0.036760 0.012390 0.001095 0.000132 0.002456 0.041068 0.050103 0.000470 0.000283 0.037853 0.118420 0.291105 0.001517 0.000809 0.001666 0.015542 0.008189 0.003584 0.112707 0.003781 0.002395 0.004512 0.017138 0.004063 0.072584 0.050304 0.002017 0.038191 0.383540 0.002349 0.028945 0.017907 0.000424 0.035003 0.020959 0.000027 0.000120 0.000603 0.005835 0.070325 0.014474 0.000519 0.000800 0.003993 0.000634 0.008772 0.000675 0.006428 0.035584 0.006760 0.008983 0.001551 
0.000064 0.000227 0.000176 0.000351 0.000302 0.000244 0.000143 0.000670 0.000068 0.001700 0.002880 0.000110 0.000277 0.000959 0.001383 0.000282 0.005030 0.002330 0.001538 0.000710 0.000549 0.001815 0.000451 0.000111 0.000042 0.001122 0.007515 0.003204 0.003555 0.001385 0.000699 0.019883 0.001790 0.001853 0.000875 0.000880 0.011209 0.001546 0.006667 0.026747 0.001551 0.000024 0.003543 0.000299 0.001615 0.003912 0.004117 0.001584 0.002107 0.000306 0.006006 0.001491 0.000087 0.000289 0.000171 0.000315 0.000536 0.000848 0.000375 0.001637 0.000475 0.001640 0.003255 0.000185 0.001765 0.000116 0.000038 0.000430 0.000815 0.000434 0.000033 
0.000032 0.000097 0.003874 0.000124 0.012908 0.001952 0.003282 0.019038 0.010468 0.000624 0.000099 0.000005 0.001795 0.002459 0.000045 0.000036 0.001746 0.003592 0.080271 0.016944 0.004800 0.000130 0.000036 0.001085 0.034440 0.029745 0.000067 0.000044 0.015110 0.085377 0.295050 0.000246 0.000155 0.000365 0.009313 0.004186 0.000724 0.129363 0.000924 0.000439 0.001970 0.026872 0.001464 0.144052 0.048595 0.000703 0.032134 1.048271 0.000957 0.046369 0.009843 0.000103 0.057706 0.028772 0.000004 0.000026 0.000315 0.004398 0.090703 0.011933 0.000163 0.000120 0.001413 0.000255 0.003997 0.000500 0.007934 0.039455 0.005339 0.007001 0.001508 
0.000351 0.000845 0.004461 0.001052 0.011020 0.004148 0.003832 0.025352 0.003115 0.005758 0.004270 0.000127 0.003304 0.008039 0.001561 0.000734 0.015857 0.016890 0.041981 0.018074 0.008414 0.002276 0.000412 0.001806 0.005794 0.028103 0.001845 0.000948 0.035866 0.058320 0.063169 0.005575 0.002067 0.003547 0.013763 0.008919 0.010065 0.059303 0.009958 0.007705 0.008440 0.002920 0.009263 0.044137 0.048088 0.005134 0.053856 0.241265 0.005207 0.031886 0.037371 0.001267 0.015040 0.025425 0.000081 0.000392 0.001770 0.010218 0.033443 0.027914 0.001907 0.002520 0.013206 0.001748 0.020763 0.001679 0.006399 0.036198 0.011100 0.012886 0.002229 
0.000415 0.000845 0.000587 0.001300 0.002114 0.001147 0.000428 0.005262 0.000240 0.006521 0.008242 0.000308 0.000783 0.003319 0.005309 0.001261 0.019211 0.015288 0.007689 0.003550 0.001894 0.006857 0.001759 0.000565 0.000276 0.004789 0.017312 0.008216 0.022063 0.009052 0.005795 0.065182 0.012535 0.014207 0.006896 0.008114 0.106369 0.008075 0.069674 0.220564 0.020972 0.000077 0.046622 0.002427 0.017000 0.091891 0.044580 0.007288 0.043336 0.002340 0.107665 0.037646 0.000769 0.003573 0.002063 0.006428 0.008570 0.012316 0.001938 0.023951 0.008683 0.026240 0.052026 0.002791 0.021178 0.001503 0.000633 0.004978 0.005787 0.003624 0.000606 
0.000319 0.000780 0.002524 0.001651 0.005812 0.002659 0.002324 0.017029 0.001087 0.008983 0.005263 0.000262 0.002553 0.009121 0.003167 0.001230 0.029130 0.027762 0.024527 0.012522 0.006188 0.006930 0.001397 0.002172 0.001709 0.020331 0.006307 0.003400 0.062583 0.039523 0.028071 0.022875 0.009765 0.016182 0.030580 0.033090 0.062220 0.040282 0.061189 0.044512 0.068647 0.000693 0.089258 0.011491 0.097031 0.052409 0.277229 0.044299 0.063836 0.011595 0.335397 0.009468 0.004005 0.017726 0.000470 0.002480 0.010106 0.039319 0.009939 0.067374 0.008052 0.012040 0.052456 0.004724 0.046977 0.003241 0.003070 0.022125 0.015755 0.013444 0.002034 
0.000287 0.001105 0.005459 0.001465 0.010039 0.004026 0.004158 0.029275 0.002979 0.008012 0.006057 0.000139 0.003761 0.010990 0.001874 0.000948 0.023681 0.024801 0.055513 0.022495 0.009946 0.003386 0.000722 0.002745 0.005332 0.037981 0.002583 0.001482 0.065929 0.081420 0.076609 0.007953 0.004453 0.007000 0.034273 0.025920 0.020168 0.112928 0.021387 0.015849 0.020895 0.002306 0.023533 0.038995 0.220211 0.013675 0.214855 0.149563 0.014748 0.037610 0.102994 0.003025 0.012275 0.043491 0.000168 0.001014 0.004684 0.028541 0.030630 0.064918 0.004030 0.005200 0.027211 0.003530 0.040488 0.003541 0.007186 0.050087 0.021305 0.022179 0.003733 
0.000160 0.000292 0.004344 0.000805 0.009813 0.002562 0.003159 0.022100 0.003569 0.003607 0.002185 0.000070 0.002896 0.007130 0.000803 0.000434 0.013482 0.014997 0.053745 0.020526 0.007792 0.001858 0.000286 0.002363 0.008373 0.036531 0.001141 0.000621 0.050610 0.088741 0.112036 0.003198 0.002337 0.003978 0.027332 0.017227 0.010218 0.143873 0.010304 0.006028 0.012558 0.004494 0.013037 0.101111 0.158479 0.006738 0.144152 0.388166 0.008488 0.094161 0.070461 0.001533 0.024290 0.078390 0.000078 0.000531 0.002887 0.022491 0.053197 0.061214 0.002686 0.002920 0.017321 0.002522 0.029432 0.002382 0.010860 0.070368 0.021252 0.025370 0.003876 
0.000032 0.000422 0.000880 0.000392 0.000981 0.000927 0.000428 0.003253 0.000146 0.002428 0.002880 0.000095 0.000408 0.001746 0.001651 0.000385 0.007545 0.005824 0.004459 0.002195 0.000853 0.002147 0.000540 0.000263 0.000204 0.002326 0.005469 0.002332 0.007476 0.003512 0.002425 0.016931 0.003015 0.002883 0.002076 0.002029 0.019901 0.002713 0.012757 0.039562 0.004067 0.000075 0.008107 0.000874 0.004970 0.009825 0.011642 0.003422 0.006890 0.000791 0.020020 0.005940 0.000409 0.001183 0.000963 0.001480 0.001486 0.003205 0.001250 0.006462 0.002167 0.007560 0.014864 0.000864 0.007630 0.000484 0.000297 0.002397 0.002209 0.002137 0.000191 
0.000032 0.000065 0.002172 0.000041 0.004680 0.000610 0.001447 0.007271 0.004879 0.000104 0.000099 0.000006 0.000816 0.001008 -0.000000 0.000009 0.000699 0.001456 0.033754 0.005809 0.001605 0.000144 0.000017 0.000443 0.015151 0.012368 -0.000000 0.000011 0.006849 0.036802 0.111296 0.000287 0.000131 0.000374 0.005220 0.002694 0.000267 0.061227 0.000520 0.000240 0.001474 0.021838 0.001290 0.081614 0.037293 0.000489 0.031660 1.559827 0.001005 0.079562 0.012235 0.000103 0.119752 0.050901 0.000007 0.000046 0.000410 0.006079 0.180344 0.020376 0.000260 0.000280 0.001351 0.000434 0.006956 0.000747 0.017336 0.087085 0.010837 0.014559 0.003084 
0.000255 0.000455 0.002289 0.000722 0.005661 0.002098 0.002059 0.016264 0.001498 0.005966 0.002482 0.000125 0.001950 0.007892 0.001338 0.000769 0.018652 0.020287 0.031447 0.012619 0.006650 0.003141 0.000605 0.002233 0.002867 0.027254 0.002718 0.001253 0.062426 0.058567 0.046606 0.009511 0.004707 0.009256 0.035964 0.034947 0.027870 0.076873 0.028487 0.019721 0.039478 0.001352 0.040190 0.025836 0.249906 0.022843 0.709022 0.094934 0.029508 0.028587 0.233960 0.004740 0.008072 0.041101 0.000228 0.001485 0.007602 0.052871 0.020379 0.099984 0.005506 0.007840 0.035134 0.004689 0.056113 0.004161 0.005420 0.042467 0.024987 0.023573 0.003571 
0.000447 0.001105 0.004813 0.001341 0.008982 0.003416 0.003404 0.026118 0.001917 0.006382 0.003475 0.000150 0.002994 0.008654 0.001561 0.000823 0.018302 0.018783 0.039136 0.016073 0.008342 0.003443 0.000594 0.001700 0.003659 0.024409 0.002315 0.001101 0.039421 0.050504 0.048867 0.007789 0.002909 0.004352 0.016877 0.011731 0.014335 0.052710 0.013825 0.010459 0.010333 0.001788 0.013711 0.024363 0.071736 0.008068 0.084570 0.105962 0.008488 0.027100 0.051608 0.002024 0.009870 0.030181 0.000112 0.000656 0.002801 0.015075 0.023317 0.041269 0.002634 0.004320 0.021805 0.002462 0.028290 0.002402 0.005574 0.033801 0.015571 0.016170 0.002630 
0.000287 0.000650 0.000646 0.001073 0.002189 0.001171 0.000734 0.007367 0.000265 0.005723 0.005759 0.000211 0.000799 0.003122 0.003747 0.001109 0.015159 0.011357 0.006459 0.003615 0.001706 0.005460 0.001277 0.000576 0.000438 0.004679 0.009562 0.005219 0.014012 0.008063 0.005302 0.036363 0.007706 0.008563 0.005873 0.005388 0.057112 0.007571 0.038185 0.108585 0.012481 0.000172 0.027904 0.002163 0.014816 0.043532 0.033175 0.009126 0.025851 0.002256 0.075466 0.030130 0.000856 0.003082 0.002210 0.005582 0.007066 0.010965 0.002000 0.020419 0.007748 0.028120 0.052087 0.002816 0.025175 0.001527 0.000729 0.005777 0.005576 0.004461 0.000611 
0.000064 0.000097 0.001820 0.000310 0.006567 0.001074 0.001549 0.010237 0.002739 0.001734 0.000496 0.000034 0.001370 0.003344 0.000357 0.000215 0.006567 0.008930 0.039136 0.011296 0.004814 0.000807 0.000174 0.001552 0.006460 0.026871 0.000503 0.000262 0.033670 0.068213 0.096542 0.001968 0.001160 0.002349 0.021949 0.015123 0.005223 0.134820 0.006205 0.003473 0.010486 0.004341 0.009648 0.103308 0.178961 0.004966 0.165164 0.461871 0.007544 0.166767 0.072630 0.000976 0.027737 0.121705 0.000053 0.000428 0.002635 0.025494 0.054759 0.065651 0.001892 0.002360 0.013759 0.002172 0.029380 0.002702 0.012530 0.084135 0.024698 0.028901 0.004826 
0.000064 0.000325 0.000646 0.000825 0.001208 0.001049 0.000734 0.006505 0.000351 0.004023 0.002582 0.000115 0.000873 0.003245 0.001829 0.000532 0.012993 0.012134 0.008842 0.004389 0.002458 0.003328 0.000736 0.000846 0.000774 0.008154 0.003422 0.002343 0.030115 0.016027 0.012206 0.018202 0.006864 0.012672 0.015898 0.020114 0.056273 0.020661 0.053656 0.053255 0.054882 0.000301 0.091858 0.006223 0.063695 0.086987 0.205437 0.024146 0.181057 0.007379 0.747762 0.017972 0.002033 0.012027 0.000773 0.004515 0.019541 0.048947 0.005688 0.070734 0.011221 0.018240 0.062099 0.005378 0.049468 0.003189 0.001890 0.014442 0.013414 0.010439 0.001389 
0.000224 0.000357 0.000880 0.000598 0.001359 0.001122 0.000693 0.005740 0.000325 0.004058 0.004071 0.000129 0.000824 0.003467 0.002632 0.000680 0.010968 0.009319 0.007304 0.003970 0.001648 0.003184 0.000795 0.000504 0.000426 0.004378 0.006140 0.002757 0.013071 0.007618 0.005302 0.019637 0.004805 0.006046 0.004983 0.005055 0.032902 0.007381 0.025774 0.053135 0.010371 0.000154 0.020836 0.002324 0.014024 0.030666 0.031802 0.009569 0.024326 0.002319 0.079915 0.045908 0.000918 0.003447 0.002604 0.009705 0.008827 0.012690 0.002688 0.025933 0.011866 0.042279 0.073278 0.004020 0.030314 0.001834 0.000768 0.005593 0.007391 0.005297 0.000878 
0.000096 0.000552 0.003170 0.000433 0.006341 0.002098 0.002038 0.012628 0.001960 0.003052 0.001688 0.000084 0.001811 0.004524 0.000535 0.000394 0.008243 0.006892 0.022989 0.009811 0.004294 0.001080 0.000246 0.000878 0.003851 0.011903 0.001376 0.000381 0.018822 0.023842 0.030537 0.003034 0.001242 0.001610 0.006629 0.004884 0.005414 0.023721 0.005946 0.003832 0.003737 0.002726 0.005180 0.015414 0.021654 0.003117 0.026597 0.126558 0.003342 0.018889 0.021744 0.000800 0.031767 0.018934 0.000070 0.000260 0.001175 0.007013 0.068887 0.021539 0.001284 0.002080 0.009336 0.001278 0.014846 0.001407 0.009133 0.053529 0.011468 0.015953 0.002673 
0.000064 0.000130 0.000352 0.000248 0.000755 0.000244 0.000204 0.001052 0.000146 0.001387 0.002383 0.000037 0.000302 0.001647 0.001071 0.000259 0.006287 0.005096 0.003537 0.001549 0.000969 0.001815 0.000535 0.000347 0.000318 0.003229 0.003355 0.001667 0.012077 0.007074 0.004480 0.016111 0.004037 0.005709 0.005784 0.006622 0.036295 0.009242 0.028459 0.057007 0.018747 0.000135 0.035973 0.002324 0.025991 0.062769 0.078086 0.011281 0.089287 0.003984 0.356029 0.047368 0.001265 0.007033 0.001946 0.015715 0.057056 0.046030 0.002625 0.079392 0.036311 0.056439 0.185745 0.010751 0.076928 0.004312 0.001266 0.009403 0.014230 0.009541 0.001217 
0.000096 0.000130 0.001820 0.000475 0.003246 0.001317 0.001203 0.009184 0.001395 0.003156 0.001390 0.000081 0.001305 0.004327 0.001115 0.000376 0.008802 0.011745 0.021221 0.008520 0.004149 0.001657 0.000417 0.001241 0.002609 0.015680 0.001678 0.000970 0.034716 0.037693 0.038962 0.006108 0.002590 0.005035 0.018642 0.016937 0.016318 0.055739 0.016538 0.012455 0.020679 0.001536 0.023263 0.024432 0.131031 0.017908 0.252147 0.116925 0.023054 0.040171 0.223895 0.004607 0.012151 0.070288 0.000247 0.001752 0.009962 0.100956 0.030755 0.237402 0.008200 0.009160 0.056018 0.009507 0.112381 0.009584 0.010975 0.086163 0.060601 0.054209 0.007967 
0.000224 0.000357 0.001350 0.000702 0.003397 0.001561 0.001223 0.011959 0.000839 0.004093 0.003277 0.000118 0.001199 0.004204 0.001071 0.000680 0.010269 0.011988 0.016608 0.006681 0.003267 0.002953 0.000605 0.000899 0.001392 0.010398 0.003120 0.001547 0.024991 0.019242 0.017837 0.010659 0.003710 0.005887 0.010381 0.010046 0.023943 0.022333 0.020406 0.022955 0.016472 0.000630 0.022820 0.008225 0.046157 0.021957 0.099240 0.039038 0.029363 0.011215 0.242747 0.008358 0.004253 0.017399 0.000514 0.003525 0.019307 0.105454 0.011877 0.160637 0.016838 0.021000 0.111791 0.013372 0.127382 0.008401 0.004164 0.033801 0.034772 0.027290 0.003561 
0.000032 0.000097 0.000293 0.000186 0.000604 0.000195 0.000245 0.003157 0.000163 0.001110 0.001291 0.000026 0.000277 0.000664 0.000491 0.000143 0.002305 0.002184 0.002307 0.001323 0.000564 0.000562 0.000104 0.000119 0.000126 0.001177 0.000604 0.000425 0.002405 0.002374 0.001726 0.001886 0.000760 0.000955 0.000830 0.000923 0.004423 0.001672 0.003175 0.004152 0.001563 0.000053 0.002215 0.000667 0.002469 0.003178 0.004496 0.003169 0.002337 0.000611 0.010344 0.002394 0.000322 0.000868 0.000397 0.001660 0.001297 0.002156 0.000938 0.005255 0.001929 0.010400 0.014189 0.000699 0.006696 0.000424 0.000249 0.001905 0.001526 0.001363 0.000162 
-0.000000 0.000032 0.000176 0.000041 0.000906 0.000171 0.000163 0.001339 0.000573 0.000243 0.000298 0.000008 0.000286 0.000738 -0.000000 0.000049 0.002305 0.002475 0.007535 0.001807 0.000752 0.000216 0.000028 0.000326 0.001841 0.006130 0.000134 0.000131 0.010718 0.015977 0.023057 0.000779 0.000539 0.001095 0.008557 0.007900 0.003241 0.041544 0.003925 0.002555 0.008973 0.001625 0.008204 0.024938 0.106117 0.005271 0.184189 0.143732 0.011273 0.067704 0.139976 0.001546 0.018835 0.182168 0.000039 0.000550 0.005981 0.099763 0.054072 0.359743 0.004185 0.003440 0.027641 0.006656 0.112796 0.012869 0.025165 0.217681 0.129513 0.122637 0.019891 
0.000032 0.000130 0.001057 0.000268 0.001510 0.000805 0.000611 0.004114 0.000454 0.002636 0.001787 0.000067 0.000669 0.002237 0.000981 0.000331 0.006636 0.006698 0.007919 0.003776 0.001981 0.001469 0.000364 0.000501 0.000708 0.005363 0.002114 0.001155 0.015110 0.012070 0.009946 0.008486 0.002648 0.004202 0.007030 0.006558 0.018681 0.013753 0.016019 0.021278 0.012926 0.000380 0.018795 0.004475 0.028365 0.022858 0.073685 0.023195 0.029944 0.007642 0.210381 0.012128 0.002591 0.012505 0.000813 0.006425 0.039402 0.068679 0.008126 0.157277 0.040089 0.039119 0.250423 0.023783 0.180329 0.010235 0.003339 0.023231 0.035429 0.023542 0.003041 
-0.000000 -0.000000 0.000235 -0.000000 0.000679 0.000098 0.000122 0.000861 0.001232 0.000035 -0.000000 -0.000000 0.000106 -0.000000 -0.000000 -0.000000 0.000070 -0.000000 0.004459 0.000775 0.000246 -0.000000 -0.000000 0.000019 0.003287 0.001204 0.000034 -0.000000 0.000784 0.004353 0.014138 -0.000000 0.000008 0.000037 0.000697 0.000343 0.000038 0.007539 0.000144 0.000040 0.000254 0.005674 0.000289 0.009847 0.007376 0.000138 0.008282 0.166737 0.000278 0.024750 0.004449 0.000042 0.216665 0.026671 -0.000000 0.000017 0.000185 0.003075 1.701295 0.012449 0.000111 0.000040 0.000799 0.000170 0.003841 0.000600 0.057428 0.196294 0.008916 0.016170 0.004024 
-0.000000 -0.000000 -0.000000 -0.000000 -0.000000 0.000049 -0.000000 0.000096 -0.000000 -0.000000 -0.000000 -0.000000 0.000008 0.000025 -0.000000 -0.000000 -0.000000 0.000340 -0.000000 0.000065 0.000014 0.000043 0.000011 0.000024 0.000054 0.000219 -0.000000 0.000022 0.000157 0.000742 0.000863 0.000287 0.000057 0.000122 0.000756 0.000912 0.000343 0.002366 0.000548 0.001717 0.001767 0.000055 0.002311 0.001116 0.011492 0.002628 0.033317 0.005830 0.007350 0.003320 0.100324 0.002255 0.000868 0.009876 0.000087 0.001391 0.019996 0.125157 0.001938 0.754292 0.022196 0.010120 0.153866 0.083050 1.203385 0.038460 0.001602 0.016470 0.058996 0.023387 0.002406 
-0.000000 -0.000000 -0.000000 -0.000000 -0.000000 -0.000000 -0.000000 -0.000000 0.000026 0.000104 -0.000000 0.000003 0.000016 0.000123 0.000045 0.000004 0.000070 0.000097 0.000154 0.000194 0.000058 0.000072 0.000022 0.000027 0.000078 0.000383 -0.000000 0.000011 0.000993 0.000841 0.000945 0.001271 0.000319 0.000421 0.000890 0.000955 0.002440 0.002050 0.002367 0.006148 0.002224 0.000030 0.004333 0.000851 0.007819 0.007426 0.026975 0.003549 0.012617 0.001676 0.115729 0.008080 0.000446 0.004265 0.000574 0.006555 0.037772 0.054911 0.001125 0.141984 0.120325 0.061759 0.953353 0.083529 0.324893 0.012921 0.000854 0.008051 0.029511 0.013227 0.001275 
-0.000000 -0.000000 0.000176 -0.000000 0.001283 0.000171 0.000245 0.000670 0.000864 0.000069 -0.000000 -0.000000 0.000155 0.000221 -0.000000 0.000004 0.000070 0.000437 0.005228 0.000775 0.000246 0.000029 0.000003 0.000061 0.002525 0.001943 -0.000000 0.000022 0.001412 0.004452 0.013069 -0.000000 0.000016 0.000084 0.000934 0.000687 0.000076 0.008391 0.000115 0.000080 0.000483 0.003595 0.000443 0.009271 0.008041 0.000168 0.009323 0.124213 0.000339 0.020966 0.005506 0.000073 0.105419 0.025639 0.000004 0.000041 0.000297 0.004239 0.985796 0.016283 0.000156 0.000120 0.001843 0.000464 0.007215 0.000863 0.082430 0.281166 0.012678 0.024998 0.006000 
-0.000000 0.000032 0.000587 0.000103 0.001812 0.000586 0.000673 0.003348 0.001292 0.000347 0.000099 0.000005 0.000432 0.000934 0.000134 0.000040 0.001467 0.001893 0.009457 0.003066 0.001200 0.000173 0.000025 0.000265 0.003143 0.005391 0.000168 0.000120 0.005490 0.011723 0.022481 0.000697 0.000245 0.000477 0.003322 0.002211 0.001487 0.018674 0.001674 0.001158 0.001818 0.003391 0.001868 0.013815 0.017348 0.001146 0.022905 0.139867 0.001453 0.026721 0.014459 0.000376 0.069610 0.032886 0.000017 0.000135 0.000793 0.008220 0.357687 0.031059 0.000801 0.001000 0.005835 0.001298 0.017441 0.001930 0.082862 0.338751 0.023672 0.040301 0.008578 
-0.000000 0.000032 0.000059 0.000124 0.000679 0.000171 0.000102 0.001052 0.000146 0.000659 0.000397 0.000023 0.000122 0.000443 0.000178 0.000107 0.001956 0.002087 0.002384 0.000871 0.000318 0.000447 0.000137 0.000143 0.000306 0.001341 0.000939 0.000338 0.004810 0.002721 0.002918 0.003280 0.001218 0.001348 0.002136 0.002393 0.008464 0.004353 0.006408 0.011457 0.004868 0.000135 0.007953 0.002013 0.011998 0.010451 0.029483 0.009062 0.013392 0.002951 0.086699 0.009431 0.001141 0.005749 0.000815 0.006884 0.018177 0.031501 0.003876 0.094427 0.075198 0.079399 0.930074 0.034464 0.203116 0.010775 0.001573 0.014565 0.031536 0.018772 0.002358 
0.000032 0.000130 -0.000000 0.000021 0.000302 0.000073 0.000143 0.000765 0.000077 0.000486 0.000298 0.000015 0.000122 0.000295 0.000134 0.000067 0.001048 0.000922 0.001153 0.000516 0.000246 0.000245 0.000070 0.000050 0.000042 0.000602 0.000436 0.000251 0.001621 0.001237 0.000986 0.001189 0.000523 0.000477 0.000638 0.000655 0.002974 0.001325 0.002338 0.004032 0.001233 0.000024 0.002215 0.000368 0.002438 0.002429 0.005016 0.002535 0.003015 0.000611 0.013236 0.002600 0.000347 0.000881 0.000479 0.001809 0.001986 0.003219 0.000938 0.008400 0.005358 0.106198 0.052394 0.001932 0.012458 0.000819 0.000336 0.001905 0.003525 0.002664 0.000253 
0.000032 0.000422 0.000470 0.000248 0.000981 0.000586 0.000408 0.004018 0.000291 0.001838 0.001390 0.000037 0.000530 0.001426 0.000535 0.000250 0.005379 0.003883 0.005459 0.002517 0.001243 0.001225 0.000221 0.000339 0.000522 0.003366 0.001476 0.000763 0.008156 0.006183 0.006822 0.005247 0.001585 0.002040 0.003826 0.003123 0.008921 0.007665 0.008370 0.008942 0.005948 0.000257 0.008589 0.003278 0.014626 0.008786 0.030288 0.015083 0.011491 0.004786 0.066790 0.005843 0.001723 0.007561 0.000443 0.003369 0.009998 0.026658 0.004688 0.092574 0.026835 0.035479 0.276528 0.030330 0.201351 0.010875 0.002504 0.021141 0.035692 0.024967 0.002998 
-0.000000 -0.000000 0.000117 -0.000000 0.000755 0.000049 0.000224 0.001339 0.000616 0.000069 -0.000000 0.000002 0.000098 0.000246 0.000045 -0.000000 0.000279 0.000243 0.004229 0.000710 0.000217 0.000043 -0.000000 0.000040 0.002111 0.001642 -0.000000 0.000011 0.001621 0.003759 0.010357 -0.000000 0.000016 0.000084 0.000919 0.000719 0.000114 0.006656 0.000231 -0.000000 0.000547 0.002908 0.000327 0.008397 0.009497 0.000306 0.010885 0.112236 0.000472 0.020639 0.006896 0.000055 0.084526 0.025740 0.000004 0.000024 0.000252 0.003966 0.680868 0.018050 0.000171 0.000200 0.001536 0.000394 0.007475 0.000991 0.111835 0.378391 0.016176 0.029583 0.007485 
0.000064 0.000065 0.000880 0.000248 0.000906 0.000488 0.000448 0.002487 0.000231 0.001457 0.001688 0.000040 0.000473 0.001352 0.000669 0.000237 0.003982 0.004368 0.004998 0.001936 0.000954 0.000836 0.000134 0.000268 0.000396 0.002983 0.001040 0.000436 0.006483 0.006282 0.004233 0.002337 0.000948 0.001338 0.002210 0.002029 0.004766 0.005426 0.004531 0.004631 0.002644 0.000170 0.004410 0.001817 0.007123 0.003789 0.011595 0.009253 0.004190 0.002561 0.024247 0.001794 0.001327 0.004277 0.000157 0.000858 0.002761 0.009025 0.002938 0.034591 0.005929 0.007840 0.051719 0.007974 0.077343 0.004644 0.001324 0.010755 0.015781 0.011771 0.001427 
-0.000000 0.000097 0.000411 0.000083 0.001434 0.000366 0.000306 0.002392 0.000745 0.000520 0.000298 0.000008 0.000318 0.000688 0.000178 0.000058 0.001467 0.001019 0.006689 0.002356 0.000839 0.000187 0.000025 0.000180 0.001410 0.002517 0.000168 0.000109 0.003555 0.006727 0.008960 0.000410 0.000212 0.000468 0.001275 0.000966 0.000877 0.006372 0.001068 0.000559 0.000979 0.001152 0.000963 0.004544 0.007598 0.000718 0.009086 0.042714 0.000932 0.006683 0.005506 0.000230 0.019975 0.007775 0.000008 0.000077 0.000329 0.002414 0.205536 0.010511 0.000408 0.000560 0.003317 0.000379 0.006333 0.000687 0.015302 0.067971 0.006654 0.011368 0.002105 
-0.000000 -0.000000 0.000117 0.000186 0.000226 0.000073 0.000122 0.001244 0.000128 0.000486 0.000298 0.000020 0.000179 0.000492 0.000268 0.000063 0.002166 0.001553 0.001999 0.001097 0.000376 0.000591 0.000081 0.000170 0.000162 0.001341 0.000805 0.000338 0.004549 0.003809 0.003699 0.002665 0.000760 0.001217 0.002091 0.001921 0.005871 0.004511 0.004445 0.008064 0.003953 0.000154 0.006836 0.001886 0.010257 0.008190 0.024704 0.010393 0.009687 0.003647 0.064010 0.006322 0.001401 0.005498 0.000594 0.004474 0.011534 0.026874 0.003313 0.086156 0.039695 0.064479 0.466757 0.030809 0.204622 0.012625 0.001669 0.016962 0.039743 0.022799 0.002821 
-0.000000 -0.000000 0.000059 0.000021 -0.000000 -0.000000 0.000102 0.000191 0.000051 -0.000000 -0.000000 0.000002 0.000008 0.000049 -0.000000 0.000009 0.000419 0.000146 0.000692 0.000097 0.000101 0.000072 0.000008 0.000013 0.000120 0.000493 0.000067 -0.000000 0.001150 0.001533 0.001110 0.000410 0.000090 0.000150 0.000771 0.000826 0.001029 0.002744 0.000866 0.001277 0.001246 0.000148 0.001598 0.001932 0.008927 0.001727 0.018693 0.011090 0.003366 0.004058 0.035870 0.001558 0.001984 0.009989 0.000115 0.001218 0.005508 0.030610 0.003688 0.199924 0.013855 0.016760 0.150979 0.041220 0.704808 0.093410 0.003319 0.037735 0.199687 0.081902 0.007843 
0.000096 0.000130 0.000763 0.000392 0.001585 0.000756 0.000245 0.004305 0.000325 0.001838 0.000894 0.000032 0.000416 0.001721 0.000625 0.000197 0.004750 0.004417 0.006228 0.003034 0.001055 0.000836 0.000204 0.000297 0.000564 0.003995 0.001007 0.000578 0.008104 0.007667 0.007686 0.003567 0.001365 0.001600 0.003426 0.002887 0.007587 0.008075 0.005830 0.007226 0.004296 0.000323 0.006548 0.003543 0.014151 0.006005 0.028442 0.018695 0.007011 0.005007 0.045713 0.003037 0.002405 0.008152 0.000226 0.001545 0.005778 0.022505 0.007626 0.091885 0.011503 0.015440 0.103928 0.017112 0.223101 0.016302 0.003339 0.026734 0.054630 0.036800 0.004296 
0.000096 0.000130 0.001174 0.000206 0.003397 0.000830 0.000938 0.005070 0.000685 0.001110 0.001092 0.000023 0.000726 0.001623 0.000312 0.000148 0.003912 0.003737 0.009611 0.003776 0.001489 0.000663 0.000112 0.000358 0.001446 0.005829 0.000369 0.000207 0.007633 0.013059 0.014179 0.001599 0.000686 0.001039 0.003737 0.002726 0.003774 0.014006 0.003781 0.002794 0.002860 0.001138 0.003832 0.007937 0.017538 0.002491 0.023757 0.055769 0.003100 0.012891 0.021466 0.000909 0.012808 0.020318 0.000049 0.000344 0.001563 0.010807 0.047446 0.040536 0.001959 0.002680 0.016891 0.002602 0.034104 0.003669 0.039402 0.443658 0.042057 0.078433 0.016712 
0.000064 0.000130 0.000528 0.000248 0.000453 0.000268 0.000367 0.002870 0.000146 0.001006 0.000993 0.000035 0.000253 0.000983 0.000312 0.000121 0.002655 0.002378 0.002153 0.001162 0.000810 0.000346 0.000134 0.000143 0.000246 0.001724 0.000906 0.000370 0.003137 0.003512 0.002507 0.002501 0.000703 0.001020 0.001453 0.001288 0.004461 0.002839 0.004214 0.006028 0.002161 0.000101 0.003774 0.001139 0.004527 0.003866 0.009938 0.004436 0.003766 0.001402 0.019631 0.002443 0.000508 0.001963 0.000294 0.001559 0.002864 0.005935 0.001813 0.017447 0.007896 0.033839 0.082553 0.003600 0.030989 0.001890 0.000681 0.005039 0.006839 0.005297 0.000678 
0.000032 0.000065 0.000704 0.000144 0.001963 0.000464 0.000428 0.003348 0.000633 0.000971 0.000397 0.000021 0.000367 0.001131 0.000268 0.000107 0.002235 0.002815 0.007227 0.002453 0.001229 0.000591 0.000076 0.000289 0.001164 0.004679 0.000637 0.000229 0.006692 0.009745 0.012289 0.001312 0.000597 0.000945 0.003307 0.002823 0.004003 0.011104 0.002482 0.002355 0.003000 0.000869 0.003813 0.007051 0.017918 0.002704 0.030241 0.054819 0.003281 0.013798 0.028807 0.000988 0.010837 0.022645 0.000063 0.000476 0.002067 0.014730 0.038819 0.068020 0.002902 0.002640 0.021928 0.003710 0.057566 0.005703 0.029127 0.270349 0.082616 0.186542 0.047936 
0.000064 0.000162 0.000411 0.000144 0.000377 0.000366 0.000326 0.002774 0.000111 0.001110 0.001291 0.000028 0.000310 0.000738 0.000178 0.000161 0.002096 0.002621 0.002614 0.001614 0.000694 0.000591 0.000120 0.000188 0.000360 0.002216 0.001040 0.000381 0.004078 0.004155 0.003206 0.002911 0.000817 0.001245 0.002254 0.001782 0.005948 0.005173 0.004993 0.006866 0.003063 0.000133 0.005007 0.002013 0.007313 0.005913 0.017794 0.008492 0.006490 0.002561 0.040875 0.004158 0.001141 0.004227 0.000407 0.002706 0.006161 0.014472 0.004251 0.051693 0.018805 0.042759 0.219896 0.012853 0.097535 0.006227 0.001410 0.013336 0.024987 0.015860 0.001971 
0.000064 0.000032 0.001057 0.000144 0.001510 0.000171 0.000550 0.002200 0.000779 0.000486 0.000199 0.000012 0.000383 0.000811 0.000223 0.000045 0.000908 0.001844 0.006151 0.002356 0.000954 0.000216 0.000062 0.000199 0.001368 0.003202 0.000101 0.000098 0.004653 0.005837 0.010562 0.000328 0.000204 0.000496 0.001824 0.001395 0.000991 0.009274 0.001414 0.000439 0.001055 0.001261 0.001059 0.005406 0.008833 0.000749 0.011216 0.054312 0.001017 0.009286 0.009176 0.000267 0.022653 0.011272 0.000015 0.000099 0.000558 0.003765 0.152401 0.015422 0.000557 0.000800 0.004484 0.000854 0.010382 0.001055 0.034471 0.148480 0.011783 0.020414 0.004067 
-0.000000 -0.000000 -0.000000 -0.000000 -0.000000 -0.000000 -0.000000 0.000096 0.000060 -0.000000 -0.000000 -0.000000 -0.000000 -0.000000 -0.000000 -0.000000 -0.000000 -0.000000 0.000077 0.000032 -0.000000 -0.000000 0.000003 0.000003 0.000156 0.000027 -0.000000 -0.000000 0.000052 0.000148 0.001069 -0.000000 -0.000000 0.000009 0.000044 0.000161 -0.000000 0.000915 -0.000000 -0.000000 0.000127 0.000293 0.000116 0.001070 0.002976 0.000031 0.005111 0.020913 0.000170 0.007115 0.003615 0.000018 0.010440 0.017009 -0.000000 0.000005 0.000113 0.003636 0.058510 0.019773 0.000119 0.000080 0.001106 0.000355 0.007527 0.001315 0.130207 2.198255 0.038217 0.128677 0.053683 
-0.000000 -0.000000 0.000176 0.000021 0.000377 0.000024 0.000041 0.000478 0.000103 0.000035 -0.000000 0.000002 0.000098 0.000295 -0.000000 -0.000000 0.000489 0.000388 0.001307 0.000516 0.000231 0.000072 0.000011 0.000080 0.000318 0.001231 0.000067 0.000033 0.001464 0.002968 0.003863 0.000410 0.000155 0.000225 0.001305 0.001063 0.001029 0.005268 0.000895 0.000958 0.001157 0.000337 0.001464 0.003382 0.011428 0.001161 0.019261 0.023639 0.002058 0.008696 0.021800 0.000661 0.005146 0.018355 0.000043 0.000341 0.001860 0.016642 0.017315 0.101017 0.003065 0.004320 0.030773 0.006696 0.107190 0.014236 0.014132 0.147005 0.329516 0.576786 0.045926 
-0.000000 -0.000000 -0.000000 -0.000000 -0.000000 -0.000000 0.000020 -0.000000 -0.000000 -0.000000 -0.000000 0.000002 -0.000000 -0.000000 0.000045 -0.000000 0.000210 -0.000000 0.000077 -0.000000 -0.000000 0.000029 0.000008 0.000003 0.000012 -0.000000 0.000067 0.000022 0.000209 -0.000000 0.000082 0.000369 0.000082 0.000047 0.000104 0.000064 0.001144 0.000189 0.000693 0.002036 0.000229 0.000004 0.000578 0.000023 0.000570 0.001161 0.001798 0.000253 0.001453 0.000169 0.008898 0.002061 0.000050 0.000390 0.000467 0.002706 0.002139 0.002342 0.000063 0.006376 0.009477 0.157837 0.126041 0.003645 0.020659 0.001259 0.000086 0.000860 0.003709 0.002354 0.000186 
0.000096 0.000195 0.000411 0.000041 0.000453 0.000342 0.000428 0.001626 0.000693 0.000416 0.000199 0.000017 0.000277 0.000590 0.000178 0.000040 0.002166 0.001407 0.004536 0.002033 0.000679 0.000231 0.000039 0.000151 0.001074 0.003229 0.000201 0.000098 0.004026 0.006480 0.010110 0.000533 0.000245 0.000402 0.002121 0.001449 0.001487 0.008454 0.001472 0.001078 0.001436 0.001085 0.001560 0.005705 0.010067 0.001192 0.015948 0.052030 0.001453 0.011089 0.013625 0.000412 0.017049 0.017047 0.000021 0.000197 0.000748 0.006352 0.084015 0.026924 0.000853 0.000920 0.006634 0.001253 0.018479 0.002038 0.081020 0.469347 0.028485 0.056192 0.012459 
