# Flux Network Reconstruction using RW method
# Walkers leave from emitting cells
# Probability involves emitting fluxes, then absorbing flux is shared among connections
# Seed: 1684539223
# Threshold: 0.5
# Precision: 100000.0
# Dt: 1.0
# Radius step: 4.000000
# Matrix output


0.005753 0.000017 0.000182 0.009340 0.000906 0.000245 0.002670 0.000503 0.001551 0.004274 0.000011 0.000091 0.003104 0.002617 0.000167 0.001678 0.000953 0.004922 0.002107 0.002291 0.001305 0.000911 0.000332 0.000251 0.000248 0.000133 0.000699 0.000342 0.002010 0.000445 0.000850 0.000444 0.000644 0.000959 0.000712 0.000330 0.001613 0.000324 0.000818 0.000330 0.000200 0.000006 0.000164 0.000212 0.000189 0.000469 0.000212 0.000044 0.000182 0.000150 0.000657 0.000000 0.000008 0.000017 0.000023 0.000084 0.000072 0.000143 0.000080 0.000127 0.000078 0.000028 0.000138 0.000014 0.000008 -0.000000 0.000044 -0.000000 0.000011 0.000275 0.000019 0.000012 0.000068 0.000044 
-0.000000 -0.000000 0.027178 0.000124 0.169897 -0.000000 0.007919 0.017017 0.000046 0.031662 0.002065 0.033723 -0.000000 0.000137 0.000636 0.000952 -0.000000 0.000229 0.029295 0.000241 0.003361 -0.000000 -0.000000 0.000134 0.007160 -0.000000 0.000779 -0.000000 0.000423 -0.000000 0.001476 0.002635 -0.000000 -0.000000 0.000020 0.000025 -0.000000 0.000234 -0.000000 -0.000000 -0.000000 0.000005 0.000016 -0.000000 0.000567 -0.000000 -0.000000 -0.000000 -0.000000 0.000017 -0.000000 -0.000000 0.000151 0.000003 -0.000000 -0.000000 -0.000000 -0.000000 0.000797 -0.000000 -0.000000 -0.000000 -0.000000 -0.000000 -0.000000 -0.000000 -0.000000 -0.000000 -0.000000 -0.000000 -0.000000 -0.000000 -0.000000 0.000044 
0.045003 0.000156 0.006763 0.154745 0.019884 0.002023 0.179515 0.018230 0.054363 0.128654 0.000087 0.000836 0.025041 0.036358 0.002835 0.045692 0.007065 0.074056 0.012574 0.040442 0.007113 0.006005 0.001468 0.001466 0.000633 0.000310 0.001639 0.000599 0.008357 0.001667 0.001790 0.000603 0.001073 0.002432 0.001483 0.000697 0.000931 0.000144 0.001454 0.000254 0.000289 0.000002 0.000125 0.000106 0.000189 0.000426 0.000106 0.000009 0.000065 -0.000000 0.000219 0.000000 0.000008 -0.000000 0.000012 -0.000000 -0.000000 0.000041 -0.000000 -0.000000 -0.000000 -0.000000 0.000023 0.000005 -0.000000 -0.000000 -0.000000 -0.000000 -0.000000 -0.000000 -0.000000 -0.000000 -0.000000 0.000022 
0.003374 0.000465 0.000148 0.012877 0.000362 0.124235 0.001901 0.000329 0.002817 0.002006 0.000005 0.000109 0.065914 0.005467 0.000086 0.001303 0.016933 0.010702 0.000790 0.003417 0.000522 0.003551 0.001145 0.000201 0.000138 0.000300 0.000484 0.001048 0.001904 0.002390 0.000492 0.000222 0.001460 0.001747 0.000514 0.000215 0.001675 0.000108 0.000681 0.000381 0.000256 0.000002 0.000078 0.000159 0.000094 0.000384 0.000177 0.000018 0.000039 0.000033 0.000219 0.000000 0.000008 0.000009 0.000012 0.000050 -0.000000 0.000061 -0.000000 0.000085 0.000039 0.000028 -0.000000 -0.000000 -0.000000 -0.000000 0.000022 -0.000000 -0.000000 -0.000000 0.000006 -0.000000 -0.000000 -0.000000 
0.083740 0.002728 0.000784 0.356594 0.002899 0.027986 0.018734 0.002877 0.036211 0.024684 0.000025 0.000364 0.205400 0.056489 0.000778 0.013177 0.053995 0.082927 0.006386 0.028623 0.004470 0.028109 0.007261 0.001457 0.000358 0.001868 0.001370 0.005965 0.009891 0.009837 0.002416 0.000889 0.008286 0.009216 0.004370 0.001128 0.007693 0.000522 0.004679 0.001725 0.001000 0.000006 0.000266 0.000954 0.000283 0.000980 0.000921 0.000142 0.000273 0.000117 0.000712 0.000000 0.000023 0.000032 0.000070 0.000067 0.000057 0.000163 0.000080 0.000042 0.000039 0.000085 0.000023 0.000005 0.000017 -0.000000 0.000022 0.000000 -0.000000 0.000184 0.000013 -0.000000 0.000204 0.000022 
0.016010 0.002226 0.000136 0.074471 0.000951 0.225909 0.004480 0.000780 0.012921 0.007065 0.000009 0.000036 0.542525 0.029504 0.000275 0.004359 0.108998 0.040748 0.001514 0.011417 0.000946 0.021974 0.006152 0.000444 0.000055 0.001798 0.000484 0.006136 0.004496 0.009949 0.000358 0.000254 0.006912 0.006612 0.002096 0.000532 0.004219 0.000180 0.002408 0.001268 0.000400 0.000001 0.000055 0.000503 0.000047 0.000426 0.000248 0.000035 0.000065 0.000017 0.000329 0.000000 -0.000000 -0.000000 0.000023 0.000017 0.000029 0.000041 -0.000000 0.000085 0.000039 0.000028 -0.000000 -0.000000 -0.000000 -0.000000 -0.000000 -0.000000 0.000005 -0.000000 0.000006 -0.000000 0.000068 -0.000000 
0.006100 0.000990 0.000136 0.028485 0.000091 0.723031 0.001448 0.000191 0.005001 0.002181 0.000001 -0.000000 0.373548 0.010583 0.000048 0.001077 0.060499 0.015738 0.000329 0.003779 0.000294 0.009555 0.002394 0.000100 -0.000000 0.000689 0.000134 0.002523 0.001058 0.004391 0.000045 0.000032 0.002104 0.001884 0.000455 0.000165 0.001055 -0.000000 0.000182 0.000254 0.000133 -0.000000 0.000031 0.000185 -0.000000 0.000085 0.000071 -0.000000 -0.000000 -0.000000 -0.000000 0.000000 -0.000000 0.000003 -0.000000 -0.000000 -0.000000 -0.000000 0.000080 -0.000000 -0.000000 -0.000000 -0.000000 -0.000000 -0.000000 -0.000000 -0.000000 -0.000000 -0.000000 -0.000000 -0.000000 -0.000000 -0.000000 -0.000000 
0.035017 0.000454 0.002910 0.207372 0.012546 0.007878 0.049868 0.009617 0.098531 0.069953 0.000132 0.001763 0.106477 0.105266 0.003155 0.040957 0.036613 0.177128 0.025609 0.076139 0.016674 0.033983 0.009813 0.004028 0.002754 0.002516 0.007336 0.008594 0.031894 0.011671 0.010692 0.004571 0.015027 0.018809 0.010123 0.004221 0.019295 0.002900 0.013492 0.004008 0.003301 0.000032 0.001245 0.003100 0.002692 0.005328 0.003328 0.000718 0.001494 0.000967 0.004709 0.000000 0.000234 0.000107 0.000280 0.000569 0.000330 0.000937 0.001036 0.001102 0.000157 0.000453 0.000323 0.000071 0.000058 0.000002 0.000378 0.000001 0.000027 0.000184 0.000038 0.000024 0.000816 0.000176 
0.000602 0.000003 0.026894 0.003072 0.328969 0.000031 0.158790 0.228320 0.002716 1.540534 0.007206 0.046630 0.000931 0.003027 0.037540 0.057891 0.000224 0.013621 0.759566 0.019457 0.143113 0.000576 0.000210 0.006750 0.038003 0.000035 0.020315 0.000064 0.013064 0.000056 0.027514 0.030345 0.000129 0.000651 0.000395 0.001242 0.000248 0.003422 0.000500 0.000025 0.000245 0.000064 0.000258 0.000079 0.005478 0.000469 0.000106 0.000186 0.000026 0.000467 0.000219 0.000000 0.000535 0.000043 -0.000000 -0.000000 -0.000000 0.000020 0.001993 0.000085 -0.000000 -0.000000 -0.000000 -0.000000 0.000050 0.000000 -0.000000 -0.000000 -0.000000 -0.000000 0.000006 -0.000000 -0.000000 0.000066 
0.004232 0.000369 0.000080 0.021659 0.000317 0.046530 0.001629 0.000277 0.005222 0.003053 0.000003 -0.000000 1.297589 0.012907 0.000104 0.002305 0.256292 0.022663 0.000592 0.007075 0.000685 0.015114 0.005453 0.000301 0.000083 0.001915 0.000215 0.007376 0.002539 0.013561 0.000671 0.000159 0.006783 0.004385 0.001681 0.000393 0.003288 0.000054 0.002090 0.001142 0.000367 0.000000 0.000063 0.000450 0.000189 0.000554 0.000354 0.000018 0.000143 0.000033 0.000274 0.000000 0.000008 0.000003 0.000012 0.000050 -0.000000 0.000041 -0.000000 -0.000000 -0.000000 0.000028 -0.000000 -0.000000 -0.000000 -0.000000 -0.000000 0.000000 -0.000000 -0.000000 -0.000000 -0.000000 -0.000000 0.000022 
-0.000000 -0.000000 0.001546 0.000093 0.014766 -0.000000 0.002444 0.003379 0.000073 0.014392 0.001690 0.129947 -0.000000 0.000078 0.000755 0.001002 -0.000000 0.000229 0.053587 0.000482 0.008712 0.000056 -0.000000 0.000812 0.155949 -0.000000 0.006557 -0.000000 0.001904 -0.000000 0.013153 0.031678 -0.000000 0.000069 0.000158 0.000596 0.000124 0.005152 -0.000000 -0.000000 0.000133 0.000225 0.000407 0.000053 0.031452 0.000980 0.000035 0.000816 0.000039 0.002950 0.000110 -0.000000 0.005120 0.000265 0.000012 0.000017 -0.000000 0.000224 0.023042 0.000678 -0.000000 -0.000000 -0.000000 -0.000000 0.000766 0.000015 0.000156 0.000000 -0.000000 -0.000000 0.000077 0.000003 0.000680 0.000594 
0.019007 0.001208 0.000159 0.139789 0.000634 0.050178 0.010091 0.000693 0.042672 0.009856 0.000004 0.000055 1.504231 0.157186 0.000320 0.009970 0.481017 0.200821 0.001448 0.042170 0.001012 0.209420 0.052874 0.000896 0.000110 0.014206 0.000672 0.041625 0.014387 0.066972 0.000805 0.000063 0.026490 0.025524 0.008403 0.001559 0.009617 0.000252 0.005088 0.002892 0.001400 0.000001 0.000219 0.000583 -0.000000 0.001194 0.000389 0.000053 0.000195 0.000017 0.000548 0.000000 -0.000000 0.000006 0.000023 0.000050 0.000057 0.000082 -0.000000 0.000042 -0.000000 -0.000000 0.000023 -0.000000 -0.000000 -0.000000 -0.000000 -0.000000 -0.000000 -0.000000 -0.000000 -0.000000 -0.000000 -0.000000 
0.012742 0.000288 0.001773 0.066869 0.010418 0.006621 0.035659 0.007728 0.047985 0.067598 0.000140 0.001454 0.159457 0.234178 0.003252 0.047370 0.064031 0.465969 0.027715 0.145847 0.021470 0.113029 0.029281 0.007546 0.003305 0.007073 0.011985 0.020887 0.064899 0.034570 0.016419 0.006444 0.038940 0.053240 0.027009 0.009012 0.052923 0.004882 0.038295 0.011086 0.007379 0.000058 0.002240 0.009486 0.004014 0.013129 0.007400 0.001242 0.002831 0.001217 0.009036 0.000001 0.000309 0.000230 0.000501 0.001606 0.000860 0.001732 0.000877 0.001991 0.000353 0.000877 0.000761 0.000129 0.000191 0.000001 0.000622 0.000002 0.000060 0.001377 0.000083 0.000030 0.000952 0.000220 
0.006958 0.000330 0.000477 0.038042 0.002174 0.015725 0.009186 0.001490 0.012609 0.015962 0.000033 0.000454 0.938424 0.039599 0.000726 0.010145 0.415584 0.080695 0.007768 0.031718 0.004340 0.057370 0.025271 0.001918 0.000633 0.008495 0.003144 0.035211 0.018354 0.066916 0.003176 0.001555 0.041516 0.028778 0.010202 0.002674 0.027423 0.001351 0.016445 0.008092 0.002723 0.000014 0.000595 0.004531 0.001181 0.004263 0.004142 0.000337 0.001299 0.000233 0.003231 0.000001 0.000060 0.000075 0.000315 0.000502 0.000387 0.000795 0.000239 0.001017 0.000470 0.000509 0.000277 0.000052 0.000058 0.000000 0.000178 0.000002 0.000049 0.000367 0.000019 0.000012 0.000476 0.000154 
0.004910 0.000109 0.001398 0.022559 0.005933 0.003157 0.016336 0.005216 0.013618 0.036983 0.000126 0.001872 0.075227 0.048015 0.001779 0.020266 0.034034 0.118753 0.020934 0.051497 0.015434 0.055511 0.015921 0.004916 0.003745 0.004128 0.010937 0.015436 0.036654 0.025844 0.017179 0.007586 0.030096 0.035322 0.016668 0.006578 0.041693 0.005296 0.027892 0.010172 0.005901 0.000084 0.002279 0.009512 0.005100 0.012106 0.008887 0.001783 0.003429 0.002234 0.013362 0.000001 0.000385 0.000389 0.001003 0.002309 0.001318 0.003118 0.002312 0.004237 0.001451 0.002377 0.001799 0.000314 0.000341 0.000005 0.001556 0.000007 0.000163 0.002202 0.000307 0.000085 0.002515 0.000572 
0.000166 0.000003 0.005524 0.000962 0.056119 0.000123 0.026970 0.026565 0.001101 0.205672 0.004194 0.052302 0.000828 0.002265 0.016498 0.032941 0.000280 0.010473 2.362306 0.019980 0.345482 0.001115 0.000280 0.022771 0.108666 0.000038 0.121865 0.000171 0.042261 0.000111 0.175732 0.145568 0.000429 0.001919 0.001483 0.007618 0.001737 0.023669 0.002090 0.000127 0.001022 0.000347 0.002107 0.000265 0.027060 0.005073 0.000389 0.001827 0.000143 0.002684 0.001205 0.000000 0.002277 0.000279 -0.000000 0.000084 0.000029 0.000571 0.006857 0.000763 -0.000000 -0.000000 0.000023 0.000014 0.000433 0.000006 0.000311 0.000001 -0.000000 -0.000000 0.000058 -0.000000 0.000408 0.000440 
0.002892 0.000047 0.004354 0.017253 0.026814 0.001195 0.072494 0.018282 0.016335 0.223553 0.000571 0.007799 0.024834 0.045223 0.020130 0.236275 0.009868 0.227548 0.162209 0.424837 0.156524 0.028220 0.008598 0.063941 0.014760 0.001817 0.073038 0.005794 0.375375 0.008726 0.090192 0.031266 0.016143 0.042928 0.031200 0.037138 0.041693 0.020211 0.039340 0.007204 0.013825 0.000206 0.006697 0.009512 0.012184 0.029370 0.008816 0.003264 0.003702 0.003767 0.014238 0.000001 0.000814 0.000541 0.000350 0.001874 0.000587 0.003485 0.003189 0.004279 0.000510 0.001104 0.000554 0.000167 0.000358 0.000003 0.001000 0.000004 0.000060 0.001193 0.000224 0.000043 0.002175 0.000836 
0.001822 0.000028 0.005763 0.008533 0.035873 0.000705 0.055298 0.022648 0.008296 0.194944 0.000981 0.014689 0.012831 0.020288 0.017522 0.087601 0.006336 0.081038 0.257073 0.097365 0.250986 0.012121 0.004553 0.045835 0.028860 0.001248 0.095987 0.003912 0.166980 0.006614 0.130412 0.055485 0.010347 0.021104 0.014117 0.024628 0.027423 0.029055 0.024349 0.005657 0.008824 0.000385 0.007590 0.008850 0.032586 0.030265 0.010480 0.005667 0.004403 0.008634 0.020700 0.000001 0.002345 0.001137 0.001014 0.002811 0.001691 0.005237 0.010684 0.007838 0.001294 0.003056 0.002099 0.000572 0.000957 0.000013 0.002134 0.000009 0.000168 0.003028 0.000666 0.000134 0.005370 0.001848 
0.001868 0.000030 0.004217 0.010426 0.027222 0.000460 0.044302 0.016410 0.007754 0.134585 0.000670 0.009944 0.016349 0.018862 0.011114 0.074074 0.006560 0.079722 0.146212 0.096963 0.118413 0.013720 0.005322 0.037351 0.020048 0.001261 0.066643 0.005623 0.152647 0.007614 0.094040 0.041042 0.012494 0.023776 0.017142 0.023018 0.036109 0.023435 0.028392 0.007889 0.009636 0.000326 0.007425 0.010546 0.024132 0.032268 0.013135 0.005516 0.004896 0.008134 0.022014 0.000001 0.001659 0.001192 0.001341 0.003781 0.001992 0.005767 0.009568 0.009999 0.001568 0.003849 0.002630 0.000677 0.001024 0.000017 0.002201 0.000013 0.000272 0.005781 0.000691 0.000210 0.007206 0.001914 
0.002214 0.000045 0.000693 0.013994 0.003759 0.001563 0.030002 0.004991 0.016426 0.066726 0.000083 0.000745 0.027214 0.072091 0.006664 0.142011 0.011270 0.659236 0.032784 1.271174 0.048912 0.075458 0.018193 0.032167 0.001955 0.002923 0.021740 0.005836 0.387963 0.006669 0.025411 0.006221 0.017989 0.099216 0.067818 0.034577 0.044857 0.007097 0.056102 0.005657 0.020794 0.000042 0.003869 0.006969 0.001653 0.019523 0.005027 0.001135 0.002286 0.000450 0.009255 0.000000 0.000068 0.000112 0.000082 0.000468 0.000244 0.001488 0.000319 0.000678 0.000039 0.000226 0.000185 0.000029 0.000050 0.000000 0.000267 0.000000 0.000005 0.000184 0.000032 0.000003 0.000272 0.000066 
0.003374 0.000058 0.001830 0.014863 0.008832 0.001686 0.020635 0.005424 0.010388 0.045356 0.000179 0.003272 0.045426 0.039755 0.002753 0.029008 0.019568 0.149886 0.033574 0.081687 0.022384 0.051328 0.018105 0.008199 0.005700 0.004421 0.015774 0.017402 0.060667 0.025177 0.024785 0.012284 0.036021 0.054918 0.028729 0.010926 0.068868 0.009313 0.051423 0.015652 0.010180 0.000124 0.004292 0.015898 0.011476 0.022208 0.016994 0.002989 0.006286 0.003700 0.022617 0.000002 0.000686 0.000697 0.001574 0.003681 0.002336 0.005299 0.003269 0.008558 0.001960 0.003651 0.002814 0.000519 0.000641 0.000007 0.002356 0.000010 0.000304 0.004680 0.000474 0.000182 0.004487 0.000814 
0.003088 0.000105 0.000534 0.016166 0.002536 0.003556 0.006833 0.001681 0.006919 0.012822 0.000040 0.000618 0.201778 0.024505 0.000789 0.009344 0.139332 0.067761 0.007768 0.031195 0.006624 0.059508 0.037085 0.002688 0.001239 0.019061 0.004434 0.096568 0.020363 0.169737 0.005682 0.002381 0.108106 0.046730 0.017992 0.003524 0.057638 0.002126 0.035842 0.020421 0.004501 0.000028 0.001191 0.010440 0.002361 0.007417 0.008780 0.000789 0.002702 0.001133 0.009036 0.000001 0.000090 0.000124 0.000991 0.001589 0.001261 0.001365 0.000957 0.002584 0.000863 0.001217 0.000646 0.000162 0.000083 0.000001 0.000422 0.000003 0.000092 0.002202 0.000077 0.000049 0.001156 0.000110 
0.001416 0.000100 0.000011 0.011357 -0.000000 0.004751 0.000543 -0.000000 0.003450 0.000698 -0.000000 -0.000000 0.393002 0.013493 0.000019 0.000726 0.583343 0.024037 0.000066 0.005025 0.000131 0.049562 0.029928 0.000084 -0.000000 0.027151 -0.000000 0.255242 0.001957 0.787825 0.000045 0.000032 0.072643 0.012779 0.002076 0.000203 0.008190 0.000018 0.001999 0.005606 0.000278 -0.000000 -0.000000 0.000742 -0.000000 0.000298 0.000248 -0.000000 0.000026 -0.000000 0.000055 0.000000 -0.000000 -0.000000 0.000117 -0.000000 0.000072 -0.000000 -0.000000 -0.000000 0.000039 0.000028 -0.000000 -0.000000 0.000008 -0.000000 -0.000000 -0.000000 -0.000000 -0.000000 -0.000000 -0.000000 -0.000000 -0.000000 
0.003795 0.000094 0.000864 0.023769 0.004031 0.002330 0.024119 0.004488 0.020602 0.056084 0.000076 0.000982 0.073778 0.100814 0.004227 0.074901 0.030333 0.668908 0.028834 0.464716 0.031357 0.169990 0.047195 0.019605 0.002368 0.008065 0.020315 0.019006 0.249228 0.023899 0.025769 0.007142 0.054654 0.200043 0.111455 0.032068 0.113849 0.008322 0.105345 0.015500 0.026606 0.000055 0.005240 0.015289 0.002267 0.028176 0.010055 0.001472 0.004858 0.001333 0.019440 0.000001 0.000128 0.000222 0.000478 0.001271 0.000645 0.002344 0.000797 0.002584 0.000196 0.000594 0.000369 0.000091 0.000108 0.000001 0.000311 0.000001 0.000033 0.000367 0.000096 0.000015 0.000680 0.000176 
0.000120 0.000001 0.003467 0.000403 0.033427 0.000031 0.011720 0.012043 0.000440 0.071261 0.003949 0.116731 0.000310 0.000644 0.004208 0.009168 0.000056 0.004521 0.345682 0.007156 0.080660 0.000446 0.000131 0.008919 0.753747 0.000022 0.068282 0.000086 0.021580 0.000056 0.134573 0.295580 0.000129 0.000959 0.001127 0.006730 0.000558 0.040926 0.001317 0.000152 0.001200 0.001137 0.003681 0.000503 0.121417 0.008653 0.000637 0.005463 0.000325 0.012351 0.002902 0.000000 0.010783 0.001258 0.000035 0.000301 0.000057 0.001467 0.041619 0.002288 0.000039 0.000057 0.000046 0.000071 0.001573 0.000037 0.000756 0.000001 0.000011 0.000275 0.000339 0.000015 0.002311 0.002112 
0.000422 0.000005 0.003615 0.001738 0.030483 0.000245 0.022445 0.015058 0.001845 0.129352 0.002037 0.033832 0.001656 0.004432 0.011799 0.038502 0.000617 0.022377 0.664769 0.040602 0.323653 0.003216 0.000786 0.047552 0.097816 0.000161 0.337836 0.000492 0.124984 0.000778 0.501157 0.243777 0.001417 0.005619 0.005437 0.024577 0.004839 0.063010 0.007632 0.000913 0.004534 0.000719 0.007684 0.001987 0.051806 0.018926 0.002266 0.005499 0.001130 0.007801 0.006955 0.000000 0.003310 0.000809 0.000058 0.000903 0.000143 0.001977 0.014590 0.003178 0.000157 0.000481 0.000138 0.000043 0.000724 0.000014 0.000845 0.000002 0.000016 0.000459 0.000403 0.000006 0.001428 0.001320 
0.001145 0.000017 0.004013 0.006082 0.025591 0.000490 0.032581 0.014435 0.004974 0.119496 0.000915 0.014562 0.009727 0.012633 0.010761 0.058643 0.003981 0.060492 0.244367 0.078712 0.191209 0.009834 0.003487 0.077098 0.037865 0.000762 0.291804 0.002694 0.242722 0.004391 0.316523 0.097828 0.008544 0.021070 0.016391 0.043501 0.026492 0.053319 0.026166 0.005327 0.012003 0.000596 0.012195 0.009592 0.042409 0.041603 0.009984 0.008949 0.004260 0.011018 0.022124 0.000001 0.002699 0.001537 0.000781 0.003262 0.001433 0.006277 0.012677 0.010084 0.000863 0.002377 0.001499 0.000538 0.001290 0.000017 0.002667 0.000008 0.000168 0.002661 0.000608 0.000112 0.006390 0.002200 
0.002907 0.000059 0.001614 0.015422 0.009104 0.001747 0.022490 0.006134 0.011609 0.061754 0.000171 0.003181 0.047392 0.044832 0.004450 0.051454 0.022652 0.218906 0.050032 0.187052 0.039090 0.069900 0.026966 0.019522 0.007628 0.006103 0.036062 0.022555 0.239390 0.030401 0.052970 0.019172 0.066117 0.188086 0.136051 0.042373 0.190161 0.018643 0.171350 0.032471 0.040832 0.000219 0.010652 0.038712 0.013837 0.060231 0.037954 0.005073 0.013326 0.005267 0.047204 0.000003 0.000829 0.000944 0.002063 0.006859 0.003167 0.009028 0.003508 0.010253 0.001843 0.004415 0.003252 0.000658 0.000666 0.000009 0.002378 0.000011 0.000223 0.005323 0.000487 0.000131 0.005438 0.001056 
0.000151 0.000003 0.000591 0.001024 0.004892 0.000061 0.005928 0.002721 0.001221 0.033319 0.000321 0.005636 0.001759 0.004413 0.003985 0.024599 0.000785 0.029531 0.105857 0.051899 0.094854 0.005038 0.001634 0.079217 0.023490 0.000310 0.387119 0.000770 0.482693 0.001000 0.618506 0.113255 0.003005 0.014286 0.016233 0.156220 0.013649 0.148932 0.020351 0.001979 0.017426 0.000729 0.028064 0.005405 0.034097 0.071954 0.005452 0.011370 0.003325 0.009401 0.020098 0.000000 0.001659 0.001100 0.000128 0.001355 0.000387 0.004769 0.003747 0.005381 0.000235 0.000792 0.000392 0.000172 0.000508 0.000005 0.001200 0.000002 0.000027 0.000551 0.000295 0.000015 0.001768 0.000748 
0.000196 0.000009 0.000023 0.000745 -0.000000 0.000460 0.000226 0.000052 0.000367 0.000698 -0.000000 0.000018 0.020488 0.002050 0.000026 0.000526 0.021699 0.006181 0.000197 0.002131 0.000228 0.007919 0.006274 0.000126 -0.000000 0.004788 0.000242 0.113308 0.002433 0.650601 0.000179 0.000127 0.194488 0.021310 0.004449 0.000431 0.037288 0.000072 0.012720 0.047945 0.001323 0.000000 0.000110 0.007393 0.000047 0.000938 0.005346 0.000044 0.001182 0.000017 0.002629 0.000002 0.000015 0.000012 0.001341 0.000719 0.001089 0.000265 -0.000000 0.000212 0.000549 0.000226 0.000092 0.000014 -0.000000 0.000000 0.000089 0.000000 0.000016 0.000367 0.000019 0.000009 -0.000000 0.000022 
0.001220 0.000013 0.001807 0.004499 0.012501 0.000368 0.016381 0.006100 0.003460 0.046141 0.000323 0.006126 0.010244 0.009802 0.003520 0.023597 0.004598 0.041320 0.062869 0.041326 0.040330 0.008923 0.003941 0.017403 0.014265 0.001062 0.051756 0.004447 0.146617 0.007948 0.081960 0.036186 0.013223 0.025249 0.018922 0.043894 0.041072 0.029685 0.034797 0.009437 0.013525 0.000409 0.010926 0.015713 0.031216 0.047145 0.019260 0.008576 0.008066 0.011251 0.034883 0.000002 0.002322 0.001670 0.001994 0.006642 0.003038 0.009517 0.011640 0.016778 0.002588 0.007217 0.004544 0.001077 0.001474 0.000016 0.005468 0.000022 0.000424 0.009911 0.001101 0.000301 0.010537 0.002772 
0.000196 0.000003 0.001785 0.001210 0.013815 0.000031 0.010589 0.005926 0.001202 0.050066 0.000887 0.019325 0.002587 0.003085 0.004082 0.018663 0.000785 0.017284 0.168266 0.025407 0.081117 0.003012 0.000970 0.023943 0.076776 0.000281 0.193506 0.000748 0.125143 0.000611 0.498965 0.427054 0.003005 0.007537 0.007395 0.044489 0.010609 0.222011 0.013537 0.002080 0.008858 0.002131 0.022088 0.005193 0.120331 0.060785 0.006408 0.019077 0.003169 0.025803 0.020809 0.000001 0.006590 0.003066 0.000338 0.002560 0.000673 0.007764 0.024078 0.010761 0.000549 0.001896 0.001130 0.000434 0.002215 0.000033 0.002934 0.000005 0.000081 0.002019 0.000960 0.000067 0.007138 0.003190 
0.000949 0.000018 0.001137 0.004034 0.007609 0.000337 0.013168 0.004661 0.003414 0.037070 0.000236 0.004418 0.013038 0.010349 0.002322 0.019614 0.006728 0.042694 0.040487 0.040160 0.028453 0.011749 0.005409 0.011339 0.010630 0.001605 0.031548 0.006692 0.104197 0.012005 0.053954 0.028123 0.018676 0.037069 0.029737 0.033716 0.063408 0.022192 0.058873 0.015119 0.022872 0.000336 0.012924 0.027610 0.026966 0.069225 0.031758 0.008150 0.012261 0.011301 0.051038 0.000003 0.002081 0.001776 0.002646 0.009603 0.004170 0.013980 0.010604 0.020464 0.004626 0.008999 0.006828 0.001444 0.001615 0.000018 0.006246 0.000028 0.000581 0.013949 0.001268 0.000450 0.013052 0.002816 
0.000361 0.000006 0.001876 0.001893 0.012184 0.000031 0.012263 0.006498 0.001496 0.041518 0.000677 0.018234 0.003725 0.003612 0.002530 0.012400 0.001346 0.014365 0.078801 0.016965 0.033739 0.003123 0.001389 0.008392 0.086855 0.000303 0.039798 0.001625 0.041891 0.003112 0.078023 0.112398 0.004336 0.007469 0.006169 0.013321 0.013463 0.041232 0.012174 0.002765 0.005235 0.001392 0.009195 0.006492 0.154617 0.038321 0.009134 0.013764 0.004156 0.029420 0.023602 0.000001 0.012653 0.003768 0.000688 0.004350 0.001461 0.009986 0.060196 0.019362 0.001803 0.004953 0.003437 0.000920 0.004762 0.000076 0.006580 0.000022 0.000342 0.006424 0.001863 0.000280 0.018831 0.007657 
0.000060 0.000003 0.000068 0.000310 0.000091 0.000061 0.000498 0.000208 0.000321 0.001221 0.000009 0.000109 0.003311 0.001406 0.000086 0.000852 0.002579 0.004922 0.000987 0.002492 0.000750 0.002789 0.001852 0.000343 0.000248 0.000898 0.000618 0.009150 0.003597 0.021953 0.001476 0.000698 0.032329 0.010586 0.004805 0.001090 0.027733 0.000576 0.015400 0.029401 0.001956 0.000010 0.000486 0.010069 0.000567 0.003325 0.009488 0.000284 0.002740 0.000417 0.007338 0.000003 0.000053 0.000086 0.002168 0.001656 0.002493 0.001406 0.000319 0.001737 0.001686 0.001274 0.001130 0.000219 0.000050 -0.000000 0.000378 0.000003 0.000174 0.002386 0.000096 0.000091 0.000612 0.000022 
0.000241 0.000004 0.001148 0.001365 0.008153 0.000031 0.006426 0.004193 0.000844 0.026777 0.000416 0.011908 0.002173 0.002167 0.001366 0.007215 0.001177 0.010874 0.043449 0.010090 0.020850 0.002454 0.000883 0.005033 0.053479 0.000243 0.021793 0.001197 0.028297 0.002223 0.042949 0.053167 0.003091 0.005687 0.004686 0.007846 0.009555 0.021129 0.007995 0.002765 0.003890 0.000840 0.006195 0.004610 0.119906 0.025619 0.007081 0.009552 0.002935 0.023286 0.015169 0.000001 0.015540 0.003103 0.000781 0.003229 0.001376 0.007927 0.076062 0.014447 0.001411 0.004783 0.002953 0.000758 0.004737 0.000094 0.005890 0.000021 0.000283 0.006883 0.001882 0.000219 0.016927 0.008515 
0.000060 0.000000 0.000841 0.000403 0.005481 0.000031 0.002353 0.001975 0.000138 0.015002 0.000705 0.024651 0.000517 0.000332 0.001023 0.003382 0.000168 0.002461 0.074587 0.003497 0.022319 0.000242 0.000061 0.003744 0.188581 0.000019 0.032650 0.000128 0.017560 0.000056 0.083168 0.256188 0.000343 0.001199 0.001503 0.008936 0.001055 0.074916 0.002180 0.000507 0.001878 0.005524 0.010574 0.000954 0.842269 0.027792 0.001593 0.023804 0.000922 0.073225 0.009145 0.000000 0.044450 0.006212 0.000058 0.001405 0.000129 0.005034 0.152363 0.012626 0.000157 0.000821 0.000692 0.000362 0.007942 0.000123 0.005268 0.000007 0.000011 0.000918 0.002030 0.000024 0.013188 0.011705 
0.000708 0.000015 0.000727 0.003817 0.004076 0.000153 0.007150 0.002478 0.002313 0.021195 0.000119 0.002382 0.010658 0.007264 0.001139 0.011749 0.006448 0.028615 0.020474 0.025407 0.013313 0.010280 0.005426 0.005268 0.005811 0.001773 0.014753 0.008979 0.045805 0.015284 0.023488 0.013268 0.025631 0.042688 0.035352 0.013955 0.111057 0.011294 0.102301 0.024937 0.032874 0.000200 0.007472 0.053153 0.016435 0.052814 0.060294 0.005632 0.021482 0.007368 0.076173 0.000006 0.001410 0.001434 0.004500 0.013719 0.007451 0.015896 0.007574 0.023811 0.006195 0.012735 0.009342 0.001782 0.001374 0.000010 0.005490 0.000035 0.000891 0.017252 0.001357 0.000568 0.014820 0.002376 
0.000030 0.000002 0.000523 0.000186 0.003352 -0.000000 0.002760 0.001698 0.000395 0.010903 0.000319 0.009671 0.000517 0.000859 0.000874 0.003457 0.000056 0.004292 0.039631 0.005869 0.014846 0.000837 0.000332 0.004522 0.052625 0.000070 0.029049 0.000556 0.032000 0.000333 0.063573 0.106875 0.000987 0.003118 0.003935 0.014551 0.006949 0.077726 0.006223 0.001395 0.005746 0.006824 0.023074 0.004319 0.737522 0.072977 0.006833 0.062542 0.003676 0.160686 0.028969 0.000001 0.023209 0.013530 0.000408 0.003413 0.000716 0.015855 0.086985 0.033979 0.000941 0.004556 0.002307 0.001091 0.010132 0.000110 0.010847 0.000020 0.000125 0.004588 0.003649 0.000140 0.026716 0.014323 
0.000075 0.000003 0.000011 0.000559 0.000136 0.000153 0.000181 0.000035 0.000294 0.001134 0.000003 0.000091 0.003518 0.001464 0.000100 0.000902 0.002579 0.006009 0.000724 0.005387 0.000587 0.005019 0.003181 0.000636 0.000165 0.001549 0.001075 0.013982 0.009997 0.026900 0.001655 0.000571 0.083248 0.047895 0.025249 0.003473 0.245379 0.001477 0.129149 0.301344 0.018415 0.000016 0.001833 0.287573 0.001228 0.020589 0.227405 0.001064 0.048770 0.000617 0.091123 0.000090 0.000090 0.000167 0.042178 0.031503 0.043845 0.009782 0.000797 0.010253 0.022622 0.014037 0.011257 0.001158 0.000108 0.000000 0.001223 0.000017 0.001184 0.016243 0.000198 0.000334 0.002243 0.000242 
0.000602 0.000012 0.000466 0.002141 0.002989 0.000153 0.005385 0.002079 0.001551 0.016398 0.000110 0.002527 0.007657 0.006541 0.001142 0.009494 0.003701 0.026326 0.025214 0.028100 0.014357 0.009574 0.004911 0.007738 0.008344 0.001280 0.021363 0.006692 0.074737 0.009170 0.038609 0.022314 0.024429 0.046045 0.041580 0.031548 0.110808 0.023471 0.108434 0.029630 0.073739 0.000411 0.025816 0.095628 0.032444 0.251198 0.145089 0.017303 0.072889 0.017569 0.368710 0.000012 0.002360 0.003728 0.008056 0.039667 0.014515 0.059140 0.012597 0.068551 0.009723 0.027621 0.018384 0.004607 0.002423 0.000022 0.014382 0.000077 0.001499 0.029641 0.003028 0.001097 0.028484 0.004884 
0.000271 0.000004 0.000716 0.001334 0.003850 0.000031 0.004299 0.002235 0.001165 0.018055 0.000249 0.004727 0.003001 0.003241 0.001340 0.008592 0.001682 0.014479 0.038577 0.016683 0.021731 0.003830 0.001538 0.008450 0.021562 0.000449 0.037272 0.001967 0.073467 0.002779 0.071626 0.060341 0.006826 0.015588 0.014829 0.035338 0.032386 0.077636 0.034070 0.007255 0.022038 0.001747 0.080189 0.022311 0.130248 0.286621 0.031970 0.097432 0.015845 0.070208 0.110892 0.000003 0.008324 0.012356 0.002495 0.015091 0.004198 0.047096 0.037553 0.072831 0.003803 0.015056 0.009504 0.003111 0.006444 0.000054 0.018850 0.000055 0.000733 0.016885 0.005314 0.000568 0.040041 0.011551 
0.000316 0.000008 0.001023 0.001676 0.006477 0.000184 0.007059 0.003344 0.001276 0.022242 0.000318 0.007817 0.003208 0.003690 0.001697 0.010045 0.001738 0.015109 0.047728 0.016965 0.025745 0.003402 0.001389 0.008023 0.032220 0.000376 0.036304 0.001924 0.051411 0.003168 0.072297 0.071514 0.005796 0.012573 0.010637 0.021180 0.022397 0.061154 0.021759 0.005530 0.011403 0.002516 0.027586 0.014255 0.207557 0.108016 0.021030 0.067837 0.009273 0.097628 0.060731 0.000002 0.011680 0.011558 0.001994 0.009921 0.003410 0.026941 0.053658 0.045418 0.003489 0.012594 0.007197 0.002330 0.007726 0.000088 0.016516 0.000050 0.000570 0.013031 0.004821 0.000459 0.037525 0.013003 
0.000166 0.000003 0.000193 0.000838 0.000770 0.000061 0.000996 0.000329 0.000404 0.003227 0.000021 0.000218 0.003725 0.001543 0.000186 0.001428 0.002467 0.005437 0.002765 0.004382 0.002545 0.003123 0.001547 0.000787 0.000991 0.000629 0.001962 0.004639 0.006506 0.008226 0.003713 0.002476 0.015327 0.012676 0.006446 0.001901 0.029656 0.001513 0.019624 0.022121 0.003668 0.000031 0.001206 0.015660 0.002786 0.008312 0.019508 0.000878 0.006169 0.001734 0.018783 0.000007 0.000181 0.000299 0.007694 0.005521 0.008010 0.003607 0.001276 0.006482 0.009292 0.006424 0.004636 0.000767 0.000383 0.000003 0.001912 0.000015 0.000755 0.011104 0.000224 0.000438 0.003263 0.000572 
-0.000000 -0.000000 0.000216 0.000031 0.002718 -0.000000 0.001041 0.000762 0.000037 0.006280 0.000323 0.012635 0.000310 0.000137 0.000361 0.001002 0.000056 0.000572 0.031599 0.001005 0.009038 0.000112 0.000035 0.001507 0.093960 0.000006 0.013329 -0.000000 0.008251 -0.000000 0.032390 0.097130 0.000043 0.000548 0.000712 0.003638 0.000620 0.033684 0.001136 0.000152 0.001456 0.003297 0.007010 0.000397 1.296154 0.021740 0.001275 0.023759 0.000597 0.130466 0.008652 0.000000 0.085242 0.011158 0.000070 0.000954 0.000115 0.007724 0.248915 0.019659 0.000039 0.000934 0.000484 0.000376 0.017991 0.000247 0.008269 0.000008 0.000027 0.000551 0.003707 0.000024 0.022638 0.021958 
0.000060 0.000001 0.000125 0.000465 0.000815 0.000061 0.001131 0.000433 0.000376 0.004448 0.000065 0.001127 0.001863 0.001308 0.000506 0.003657 0.000617 0.008184 0.013035 0.011779 0.008255 0.002287 0.001040 0.004723 0.007628 0.000253 0.016688 0.001112 0.054373 0.001501 0.034851 0.024473 0.004680 0.013224 0.015580 0.031650 0.029532 0.041772 0.035024 0.006367 0.038820 0.000785 0.083486 0.030525 0.057851 0.993794 0.052718 0.061984 0.028483 0.042622 0.290127 0.000004 0.003567 0.011308 0.002541 0.028876 0.005259 0.109558 0.019773 0.124308 0.003646 0.019952 0.010426 0.004426 0.004912 0.000030 0.023695 0.000060 0.000587 0.013582 0.004667 0.000480 0.037729 0.008889 
0.000181 0.000003 0.000727 0.001489 0.005209 0.000153 0.006109 0.002374 0.000817 0.017968 0.000273 0.006690 0.002690 0.002285 0.001369 0.008066 0.001009 0.012305 0.037787 0.011939 0.017914 0.003105 0.001311 0.006390 0.030237 0.000344 0.030150 0.001539 0.045646 0.002168 0.063618 0.064563 0.004122 0.009456 0.008878 0.018645 0.018241 0.055300 0.019397 0.004795 0.010636 0.002358 0.027821 0.012825 0.231500 0.113131 0.018304 0.085512 0.009079 0.146551 0.060566 0.000002 0.013957 0.017177 0.001760 0.010506 0.003296 0.030854 0.070800 0.059230 0.002627 0.012339 0.007958 0.002654 0.010074 0.000099 0.018716 0.000051 0.000587 0.016702 0.005756 0.000577 0.050374 0.016084 
0.000241 0.000005 0.000193 0.001272 0.001087 0.000153 0.002036 0.000676 0.000954 0.005233 0.000028 0.000436 0.006622 0.003202 0.000387 0.003257 0.004990 0.012247 0.006583 0.008924 0.004340 0.006897 0.003565 0.001750 0.001680 0.001523 0.005321 0.008915 0.018195 0.016951 0.007874 0.004412 0.036708 0.031862 0.018546 0.005045 0.096663 0.004143 0.059646 0.070015 0.011969 0.000084 0.003470 0.072469 0.006612 0.029583 0.090070 0.002474 0.027820 0.003284 0.072504 0.000039 0.000498 0.000714 0.029320 0.025129 0.033815 0.013776 0.003189 0.021862 0.026817 0.021621 0.016631 0.002673 0.000624 0.000004 0.005135 0.000047 0.002092 0.038726 0.000794 0.001173 0.009857 0.001144 
0.000136 0.000002 0.000159 0.001148 0.001132 0.000031 0.001855 0.000485 0.000808 0.006018 0.000046 0.000764 0.003001 0.002831 0.000461 0.004609 0.001962 0.013907 0.009151 0.014231 0.006036 0.004964 0.002613 0.003710 0.002754 0.000692 0.010104 0.004169 0.040780 0.006058 0.016956 0.010538 0.018891 0.029909 0.029144 0.017758 0.093995 0.013438 0.093852 0.029528 0.052957 0.000230 0.015641 0.131796 0.015962 0.167394 0.280264 0.010190 0.175637 0.010701 0.749084 0.000019 0.001312 0.002528 0.011238 0.067456 0.022367 0.067659 0.006777 0.068636 0.014898 0.037526 0.022951 0.005041 0.001873 0.000011 0.011892 0.000085 0.001662 0.031018 0.002062 0.001018 0.022706 0.002948 
0.000241 0.000002 0.000227 0.000776 0.001042 0.000061 0.001765 0.000503 0.000569 0.004797 0.000040 0.000654 0.003208 0.001777 0.000339 0.002756 0.001290 0.006353 0.006057 0.005105 0.004079 0.002937 0.001197 0.001206 0.001487 0.000474 0.003520 0.002501 0.009891 0.003946 0.005950 0.004095 0.009102 0.010792 0.006505 0.002624 0.026430 0.003170 0.020124 0.014054 0.004734 0.000064 0.002146 0.020880 0.006375 0.013385 0.030731 0.001862 0.009663 0.002984 0.033952 0.000017 0.000332 0.000596 0.015004 0.012849 0.018899 0.008437 0.003349 0.012414 0.013526 0.013980 0.010864 0.001777 0.000533 0.000005 0.003801 0.000039 0.001282 0.025420 0.000691 0.000714 0.007478 0.000990 
0.000060 0.000001 0.000727 0.000838 0.004393 0.000031 0.003530 0.001958 0.000395 0.013432 0.000247 0.007399 0.000724 0.001328 0.000930 0.004434 0.000673 0.005322 0.029427 0.005427 0.011518 0.001394 0.000437 0.003450 0.036103 0.000139 0.017709 0.000791 0.019464 0.001389 0.034046 0.043455 0.002061 0.004043 0.003302 0.007529 0.008810 0.023651 0.008995 0.001826 0.004534 0.001175 0.009266 0.005379 0.232208 0.039387 0.008356 0.019875 0.003455 0.071375 0.025793 0.000001 0.052917 0.009935 0.001131 0.005052 0.001590 0.016426 0.230258 0.035420 0.001137 0.007726 0.005075 0.001749 0.020763 0.000316 0.019250 0.000033 0.000435 0.009269 0.006300 0.000416 0.049082 0.032893 
0.000301 0.000003 0.000227 0.000869 0.001314 0.000153 0.001855 0.000884 0.000633 0.006629 0.000045 0.000782 0.004553 0.002792 0.000480 0.003382 0.002075 0.010244 0.008295 0.008402 0.004699 0.004796 0.002272 0.002353 0.003525 0.000793 0.007121 0.004832 0.022585 0.008059 0.012571 0.007269 0.018333 0.022098 0.015956 0.007618 0.065703 0.007187 0.048153 0.027067 0.017048 0.000149 0.006752 0.071966 0.011759 0.064238 0.140238 0.006448 0.055861 0.007768 0.229834 0.000031 0.001154 0.001822 0.027804 0.121343 0.056138 0.052109 0.006857 0.068382 0.035599 0.071119 0.050885 0.008424 0.001640 0.000014 0.015538 0.000155 0.005015 0.096815 0.002497 0.002571 0.028144 0.003146 
0.000211 0.000003 0.000375 0.000714 0.002491 0.000092 0.003122 0.001109 0.000716 0.009158 0.000095 0.002727 0.003311 0.002480 0.000707 0.005010 0.001121 0.009672 0.018367 0.012140 0.009626 0.002919 0.001285 0.004556 0.012833 0.000392 0.017144 0.001753 0.036972 0.003001 0.032793 0.026727 0.007986 0.013498 0.011646 0.017327 0.030091 0.027524 0.030073 0.008828 0.019160 0.000813 0.028941 0.026338 0.077686 0.216543 0.047903 0.041834 0.023430 0.053706 0.195663 0.000006 0.007306 0.014633 0.004943 0.036405 0.010030 0.138191 0.039944 0.209340 0.009331 0.040979 0.024382 0.008981 0.010357 0.000064 0.049725 0.000165 0.001912 0.044783 0.011416 0.001574 0.104962 0.018482 
0.000120 0.000001 0.000057 0.000124 0.000408 0.000061 0.000634 0.000277 0.000202 0.001657 0.000012 0.000182 0.001552 0.000449 0.000086 0.000777 0.000392 0.002690 0.001251 0.001568 0.000848 0.000985 0.000568 0.000427 0.000441 0.000152 0.001397 0.001112 0.003279 0.001834 0.002416 0.000952 0.003349 0.003392 0.002056 0.000837 0.009865 0.001009 0.005996 0.004008 0.001556 0.000014 0.000681 0.005405 0.002078 0.005755 0.009205 0.000594 0.003000 0.000700 0.010624 0.000003 0.000181 0.000199 0.009874 0.004166 0.007522 0.003077 0.000877 0.003347 0.009998 0.005179 0.004383 0.000553 0.000200 0.000001 0.000956 0.000013 0.000717 0.010003 0.000218 0.000331 0.002379 0.000330 
0.000030 0.000002 0.000080 0.000186 0.000815 0.000031 0.000724 0.000191 0.000248 0.002093 0.000027 0.000582 0.000724 0.000879 0.000175 0.001954 0.000392 0.004464 0.004279 0.005387 0.002969 0.001320 0.000664 0.001574 0.003112 0.000240 0.005401 0.001219 0.018301 0.001890 0.010469 0.007428 0.005710 0.009627 0.008858 0.008467 0.028788 0.009835 0.026348 0.010781 0.017160 0.000232 0.013652 0.038845 0.023282 0.140412 0.082245 0.014580 0.042834 0.016419 0.464543 0.000012 0.002134 0.004974 0.011297 0.144715 0.025562 0.344774 0.011082 0.276154 0.019995 0.121238 0.061957 0.019692 0.004029 0.000020 0.039522 0.000251 0.003368 0.072313 0.005826 0.002607 0.064650 0.007261 
-0.000000 0.000001 -0.000000 0.000031 0.000272 -0.000000 0.000091 0.000087 0.000046 0.000349 0.000021 0.000800 -0.000000 0.000137 0.000030 0.000276 -0.000000 0.000858 0.002962 0.000724 0.001370 0.000149 0.000122 0.000595 0.006527 0.000013 0.003063 0.000064 0.008621 -0.000000 0.007471 0.010189 0.000301 0.000856 0.002294 0.005792 0.003474 0.013294 0.005497 0.001091 0.007768 0.000601 0.019761 0.005803 0.093176 0.177326 0.012923 0.058560 0.008040 0.094678 0.128580 0.000001 0.011748 0.048795 0.000595 0.019741 0.002192 0.170757 0.060355 0.449354 0.001451 0.023631 0.008881 0.008138 0.029788 0.000120 0.124878 0.000145 0.000310 0.013582 0.031507 0.000696 0.198028 0.041848 
0.000226 0.000005 0.000261 0.001055 0.002084 0.000092 0.002489 0.001282 0.000523 0.007240 0.000047 0.001454 0.003311 0.002285 0.000595 0.003707 0.001626 0.008413 0.008953 0.007035 0.005547 0.003216 0.001258 0.002010 0.003387 0.000493 0.007524 0.002523 0.017190 0.003835 0.013377 0.008919 0.007771 0.012676 0.008284 0.005260 0.028912 0.007493 0.023531 0.009437 0.008002 0.000157 0.005177 0.023980 0.016151 0.040325 0.042698 0.005720 0.017560 0.008484 0.102514 0.000008 0.001561 0.001727 0.009583 0.058739 0.017867 0.044895 0.009328 0.071517 0.020230 0.079920 0.046872 0.009724 0.001882 0.000016 0.017494 0.000182 0.003787 0.083968 0.003016 0.002814 0.034534 0.004070 
-0.000000 -0.000000 0.000045 -0.000000 0.000544 -0.000000 0.000272 0.000139 0.000009 0.000785 0.000070 0.002854 -0.000000 -0.000000 0.000074 0.000251 -0.000000 0.000057 0.005267 0.000161 0.001175 -0.000000 0.000026 0.000276 0.022774 -0.000000 0.002042 -0.000000 0.001111 -0.000000 0.004340 0.017458 0.000043 0.000137 0.000079 0.000570 0.000186 0.005116 0.000273 0.000101 0.000367 0.000431 0.001504 0.000344 0.137946 0.006863 0.000602 0.005543 0.000273 0.036671 0.004107 0.000000 0.126073 0.005832 0.000012 0.000519 0.000115 0.004708 2.099592 0.016312 0.000078 0.000991 0.000277 0.000410 0.046280 0.001776 0.008536 0.000009 0.000016 0.001193 0.004507 0.000036 0.025833 0.066050 
-0.000000 0.000000 -0.000000 0.000031 -0.000000 -0.000000 -0.000000 -0.000000 0.000018 0.000087 -0.000000 0.000018 -0.000000 0.000039 -0.000000 0.000100 -0.000000 0.000114 0.000132 0.000121 0.000163 0.000037 0.000035 -0.000000 0.000028 0.000013 0.000107 0.000150 0.000370 0.000278 -0.000000 0.000063 0.000558 0.000514 0.000316 0.000089 0.000993 0.000054 0.000818 0.000558 0.000189 0.000001 0.000063 0.001139 0.000047 0.000426 0.001593 0.000062 0.000533 0.000067 0.002355 0.000001 0.000008 0.000012 0.003870 0.001154 0.003410 0.000693 -0.000000 0.000932 0.019093 0.002009 0.001984 0.000233 0.000017 0.000000 0.000111 0.000005 0.000690 0.005231 0.000026 0.000152 0.000340 0.000044 
0.000120 0.000003 0.000125 0.000838 0.000679 0.000031 0.001448 0.000433 0.000358 0.004797 0.000025 0.000618 0.001966 0.001113 0.000264 0.001754 0.000897 0.005551 0.004937 0.004382 0.003263 0.002008 0.001232 0.001415 0.002038 0.000348 0.004031 0.002202 0.011689 0.003112 0.008187 0.004539 0.007986 0.008633 0.006841 0.004119 0.026554 0.004395 0.018852 0.010223 0.006368 0.000107 0.003713 0.024510 0.010909 0.030819 0.042592 0.004168 0.016884 0.006434 0.091178 0.000012 0.001078 0.001454 0.021287 0.064377 0.040019 0.035867 0.006219 0.067662 0.056966 0.146001 0.141261 0.013541 0.001715 0.000012 0.017316 0.000306 0.010871 0.225566 0.003041 0.006469 0.037865 0.003212 
-0.000000 -0.000000 -0.000000 -0.000000 0.000045 -0.000000 -0.000000 -0.000000 -0.000000 -0.000000 0.000001 0.000018 -0.000000 0.000020 -0.000000 0.000050 -0.000000 0.000114 0.000197 0.000040 0.000033 -0.000000 -0.000000 0.000067 0.000165 -0.000000 0.000242 -0.000000 0.000952 -0.000000 0.000671 0.000413 0.000172 0.000240 0.000376 0.000761 0.001241 0.001153 0.001499 0.000634 0.002034 0.000040 0.002671 0.003789 0.004392 0.035721 0.009949 0.004833 0.006741 0.005567 0.110454 0.000002 0.000709 0.002758 0.002320 0.081141 0.007637 0.223743 0.003986 0.968701 0.007763 0.227223 0.066132 0.110036 0.002764 0.000006 0.103450 0.000824 0.001451 0.053501 0.007414 0.002847 0.090414 0.004642 
0.000030 0.000001 0.000182 0.000403 0.001902 -0.000000 0.001086 0.000658 0.000211 0.006193 0.000101 0.003091 0.000517 0.000410 0.000327 0.001353 0.000280 0.002060 0.011455 0.002533 0.005123 0.000613 0.000306 0.001239 0.015669 0.000054 0.007417 0.000278 0.007828 0.000278 0.013511 0.017426 0.000859 0.001610 0.001779 0.003676 0.003847 0.010430 0.003452 0.000989 0.002378 0.000513 0.004457 0.003445 0.091618 0.023146 0.004744 0.009800 0.002104 0.035088 0.016428 0.000001 0.032725 0.006258 0.000630 0.003915 0.001017 0.011372 0.339168 0.030801 0.000745 0.006424 0.003760 0.001334 0.053448 0.000816 0.019094 0.000033 0.000315 0.008534 0.008483 0.000270 0.063358 0.089725 
-0.000000 -0.000000 0.000068 -0.000000 0.000317 -0.000000 0.000181 0.000191 -0.000000 0.000698 0.000056 0.002182 0.000103 0.000020 0.000060 0.000251 -0.000000 0.000343 0.004740 0.000322 0.001305 0.000093 -0.000000 0.000335 0.014513 0.000006 0.002284 0.000043 0.001428 -0.000000 0.004384 0.011935 0.000043 0.000103 0.000158 0.000976 0.000558 0.004575 0.000409 0.000051 0.000445 0.000345 0.001700 0.000556 0.093837 0.009079 0.000425 0.006119 0.000455 0.030620 0.006079 0.000000 0.058889 0.005691 0.000035 0.001054 0.000201 0.006175 1.134708 0.017837 0.000118 0.001358 0.000761 0.000510 0.065903 0.003030 0.012470 0.000013 0.000038 0.001101 0.006499 0.000091 0.040381 0.110803 
0.000015 -0.000000 -0.000000 0.000093 0.000045 -0.000000 -0.000000 -0.000000 0.000037 0.000262 0.000002 0.000018 0.000103 0.000039 0.000007 0.000050 0.000112 0.000229 0.000132 0.000523 0.000163 0.000130 0.000096 0.000134 0.000138 0.000035 0.000215 0.000192 0.001164 0.000611 0.000582 0.000286 0.001631 0.001405 0.001008 0.000900 0.005584 0.000504 0.003861 0.004820 0.001856 0.000016 0.000760 0.010281 0.001747 0.013086 0.023296 0.001002 0.009260 0.001083 0.061497 0.000012 0.000196 0.000417 0.026895 0.076875 0.066612 0.027206 0.001196 0.052409 0.124989 0.291606 0.591640 0.019968 0.000441 0.000001 0.012337 0.000526 0.030930 0.641093 0.001409 0.016493 0.020326 0.000704 
-0.000000 -0.000000 0.000011 -0.000000 0.000091 -0.000000 0.000136 0.000035 0.000028 0.000262 0.000007 0.000218 0.000103 0.000117 0.000015 0.000100 -0.000000 0.000630 0.000592 0.000724 0.000457 0.000112 0.000096 0.000151 0.000744 0.000019 0.000806 0.000107 0.002697 0.000222 0.002013 0.001936 0.001030 0.000754 0.001068 0.001736 0.002978 0.002396 0.003952 0.001750 0.002923 0.000092 0.003431 0.006359 0.010437 0.035593 0.015224 0.005986 0.007195 0.009468 0.078747 0.000003 0.001387 0.003213 0.003777 0.045941 0.009600 0.108560 0.009169 0.495154 0.013369 0.173509 0.084793 0.092207 0.004446 0.000015 0.141416 0.001458 0.004053 0.155731 0.013535 0.007423 0.178178 0.008075 
0.000090 0.000002 0.000080 0.000341 0.000770 0.000092 0.001041 0.000312 0.000340 0.002529 0.000031 0.000582 0.000931 0.000937 0.000197 0.001453 0.000505 0.004407 0.003950 0.003497 0.002937 0.001320 0.000690 0.001038 0.001955 0.000237 0.003225 0.000941 0.008516 0.001779 0.005950 0.004031 0.004036 0.005995 0.004291 0.003308 0.014704 0.004035 0.012311 0.005657 0.004434 0.000101 0.003407 0.013884 0.012279 0.027920 0.025775 0.004470 0.010897 0.007101 0.063195 0.000006 0.001146 0.001606 0.009571 0.038529 0.019014 0.036173 0.006059 0.088083 0.029169 0.168868 0.134548 0.028487 0.002148 0.000014 0.029208 0.000721 0.009562 0.274020 0.004853 0.010450 0.059891 0.004928 
-0.000000 -0.000000 -0.000000 -0.000000 0.000045 -0.000000 0.000045 0.000035 0.000037 -0.000000 0.000001 -0.000000 -0.000000 0.000078 0.000007 0.000175 0.000056 0.000172 0.000132 0.000121 0.000033 0.000074 0.000122 0.000025 0.000220 0.000035 0.000215 0.000235 0.000793 0.000667 0.000179 0.000159 0.001116 0.000994 0.000613 0.000342 0.003661 0.000180 0.002362 0.002993 0.000822 0.000004 0.000235 0.004319 0.000472 0.002600 0.006656 0.000284 0.002481 0.000317 0.010898 0.000004 0.000045 0.000095 0.016461 0.009486 0.021536 0.003709 0.000478 0.007838 0.314550 0.020093 0.025120 0.001872 0.000108 0.000000 0.002334 0.000065 0.018760 0.129852 0.000339 0.002753 0.004215 0.000176 
-0.000000 -0.000000 0.000057 -0.000000 0.000408 -0.000000 0.000091 0.000139 0.000037 0.000959 0.000049 0.001727 -0.000000 -0.000000 0.000033 0.000125 0.000056 0.000229 0.003555 0.000201 0.001109 0.000037 0.000009 0.000234 0.011704 -0.000000 0.001370 -0.000000 0.001904 -0.000000 0.004921 0.009205 0.000086 0.000171 0.000237 0.000722 0.000620 0.003927 0.000409 0.000127 0.000400 0.000301 0.001715 0.000371 0.085903 0.008866 0.000743 0.005915 0.000494 0.031337 0.005531 0.000000 0.048303 0.005959 0.000035 0.000937 0.000201 0.006053 0.759501 0.021650 0.000118 0.001217 0.000715 0.000600 0.094467 0.002724 0.013004 0.000016 0.000038 0.001560 0.007568 0.000088 0.049830 0.163982 
0.000181 0.000002 0.000193 0.000869 0.001223 0.000092 0.001720 0.000520 0.000468 0.006018 0.000042 0.001073 0.002483 0.001425 0.000376 0.002280 0.000897 0.005036 0.007110 0.004623 0.004829 0.001822 0.000760 0.001541 0.003773 0.000259 0.005778 0.001347 0.012535 0.002112 0.009171 0.008316 0.004336 0.007126 0.004587 0.004005 0.012719 0.006214 0.012220 0.004515 0.004601 0.000166 0.004112 0.011977 0.018749 0.031970 0.019331 0.006128 0.008897 0.010035 0.051969 0.000003 0.002081 0.002562 0.004418 0.020126 0.008439 0.037436 0.014192 0.126256 0.011566 0.053884 0.033954 0.014136 0.003838 0.000028 0.056171 0.000345 0.003184 0.083601 0.008925 0.003434 0.097145 0.007327 
0.000030 0.000001 0.000057 0.000155 0.000453 -0.000000 0.000317 0.000156 0.000156 0.001657 0.000015 0.000327 0.000724 0.000430 0.000082 0.000601 0.000280 0.002060 0.001712 0.001568 0.001207 0.000967 0.000446 0.000511 0.001046 0.000111 0.001854 0.000919 0.005554 0.001556 0.003847 0.002889 0.003048 0.003460 0.002729 0.002383 0.010175 0.002378 0.009222 0.005124 0.003134 0.000068 0.002608 0.011049 0.007273 0.018116 0.019791 0.002749 0.008832 0.004117 0.052407 0.000007 0.000973 0.001131 0.011180 0.032891 0.021306 0.029387 0.004305 0.071517 0.045440 0.149793 0.159368 0.021855 0.001840 0.000011 0.025940 0.000830 0.017125 0.585756 0.004072 0.021932 0.052141 0.003696 
0.000015 0.000001 0.000023 0.000062 0.000226 -0.000000 0.000362 0.000139 0.000092 0.000698 0.000017 0.000345 0.000310 0.000293 0.000100 0.000551 0.000056 0.001660 0.002765 0.001407 0.001436 0.000390 0.000271 0.000544 0.001900 0.000060 0.002660 0.000599 0.007035 0.000667 0.004787 0.004380 0.001674 0.002364 0.001977 0.002662 0.007569 0.003945 0.005724 0.003171 0.004068 0.000143 0.004026 0.008506 0.015490 0.032439 0.015861 0.006767 0.007507 0.011851 0.062373 0.000003 0.002307 0.003236 0.004174 0.028960 0.009915 0.062462 0.012836 0.251835 0.015330 0.098032 0.066040 0.036015 0.005586 0.000027 0.142394 0.001221 0.005531 0.175553 0.018145 0.008046 0.231747 0.011441 
0.000015 0.000001 0.000057 0.000031 0.000181 -0.000000 0.000136 0.000104 0.000083 0.000872 0.000017 0.000382 0.000310 0.000254 0.000078 0.000401 0.000112 0.001774 0.001843 0.001688 0.001012 0.000279 0.000236 0.000528 0.001404 0.000054 0.001827 0.000363 0.004655 0.000445 0.004519 0.003619 0.001374 0.002261 0.001799 0.002028 0.006701 0.002954 0.005860 0.003095 0.003356 0.000107 0.003164 0.008029 0.013365 0.028432 0.015401 0.006199 0.007312 0.009151 0.056350 0.000003 0.001712 0.002513 0.005164 0.029863 0.010933 0.055900 0.012119 0.210145 0.019211 0.114333 0.075590 0.042180 0.004379 0.000023 0.107140 0.001706 0.007057 0.235202 0.013272 0.010206 0.177974 0.008933 
-0.000000 -0.000000 0.000045 -0.000000 0.000453 -0.000000 0.000136 0.000121 0.000018 0.000785 0.000024 0.000764 -0.000000 0.000156 0.000052 0.000225 0.000112 0.000515 0.003226 0.000683 0.001273 0.000167 0.000044 0.000335 0.006912 0.000019 0.002311 0.000043 0.002803 0.000111 0.005458 0.008189 0.000343 0.000651 0.000732 0.001965 0.001303 0.004990 0.001181 0.000330 0.001611 0.000299 0.003916 0.001510 0.062054 0.023999 0.003647 0.010713 0.001831 0.036954 0.020864 0.000000 0.015458 0.009914 0.000396 0.004534 0.000989 0.024333 0.120710 0.085626 0.001215 0.009254 0.004706 0.003011 0.107038 0.000315 0.076688 0.000078 0.000310 0.011838 0.048652 0.000532 0.322637 0.240769 
0.000045 0.000000 0.000102 0.000124 0.000815 -0.000000 0.000317 0.000347 0.000083 0.001744 0.000037 0.001273 0.000517 0.000312 0.000141 0.000852 0.000224 0.001488 0.004937 0.001608 0.002382 0.000558 0.000184 0.000871 0.006003 0.000035 0.004192 0.000321 0.006083 0.000611 0.008634 0.009396 0.000902 0.001747 0.001522 0.002750 0.004281 0.007043 0.003725 0.001573 0.002512 0.000291 0.004801 0.003922 0.051004 0.028389 0.006939 0.010456 0.003299 0.028020 0.027436 0.000001 0.008634 0.007064 0.000874 0.007495 0.002450 0.026452 0.069683 0.095921 0.002744 0.016159 0.009204 0.004712 0.037830 0.000173 0.099649 0.000120 0.000820 0.023401 0.058333 0.001067 0.417130 0.092057 
0.000045 0.000001 0.000068 0.000062 0.000181 -0.000000 0.000588 0.000156 0.000101 0.000872 0.000011 0.000327 0.000414 0.000176 0.000078 0.000526 0.000168 0.000858 0.001053 0.001085 0.000816 0.000260 0.000140 0.000243 0.000716 0.000054 0.000806 0.000107 0.001798 0.000222 0.001253 0.001397 0.000472 0.000685 0.000475 0.000507 0.001675 0.000793 0.001499 0.000533 0.000411 0.000019 0.000470 0.000689 0.004298 0.003495 0.001806 0.000816 0.000584 0.001617 0.004162 0.000000 0.000430 0.000334 0.000315 0.001171 0.000387 0.002160 0.003030 0.005465 0.000784 0.001302 0.000877 0.000405 0.000882 0.000009 0.004490 0.000008 0.000179 0.003120 0.002228 0.000115 0.018831 0.002332 
0.000045 0.000001 0.000171 0.000248 0.000770 -0.000000 0.000679 0.000503 0.000147 0.003402 0.000035 0.001145 0.000103 0.000273 0.000193 0.001328 0.000168 0.001545 0.006254 0.001849 0.002676 0.000558 0.000114 0.000854 0.005728 0.000035 0.003628 0.000257 0.003808 0.000389 0.006890 0.007682 0.000730 0.001268 0.001206 0.001660 0.002482 0.004575 0.002544 0.001243 0.001200 0.000166 0.001731 0.002014 0.031216 0.009932 0.002762 0.003769 0.001104 0.011318 0.008105 0.000000 0.010021 0.002070 0.000431 0.001723 0.000616 0.005258 0.140005 0.011143 0.000823 0.003056 0.001753 0.000681 0.020497 0.000654 0.008202 0.000015 0.000185 0.005873 0.003425 0.000188 0.028008 0.046931 
