# Flux Network Reconstruction using RW method
# Walkers leave from emitting cells
# Probability involves emitting fluxes, then absorbing flux is shared among connections
# Seed: 1684539223
# Threshold: 0.5
# Precision: 100000.0
# Dt: 1.0
# Radius step: 4.000000
# Matrix output


0.002486 0.000072 0.000020 0.102662 0.000042 -0.000000 0.363805 0.023338 0.051049 0.000251 -0.000000 0.002280 0.007819 0.000840 0.000102 0.037111 0.000661 0.005647 0.000020 0.000000 0.000352 0.023646 0.000008 -0.000000 0.003351 -0.000000 0.000547 -0.000000 0.007091 0.010691 -0.000000 0.000030 0.000079 0.000007 0.001017 -0.000000 0.000830 -0.000000 0.002124 0.000008 0.000192 0.000162 -0.000000 0.002602 0.000024 0.000382 -0.000000 -0.000000 0.000006 -0.000000 -0.000000 -0.000000 0.000076 0.000063 0.000058 -0.000000 -0.000000 -0.000000 -0.000000 -0.000000 0.000581 -0.000000 -0.000000 -0.000000 -0.000000 0.000009 -0.000000 -0.000000 -0.000000 -0.000000 
0.013261 0.074996 0.002710 0.002563 0.041628 0.011464 0.005817 0.002492 0.017831 0.019827 0.037145 0.008045 0.004366 0.053977 0.025324 0.003767 0.016188 0.002079 0.009307 0.000004 0.001105 0.000534 0.001830 0.001154 0.001893 0.001271 0.006157 0.002609 0.003106 0.000969 0.002556 0.004165 0.000729 0.000355 0.000135 0.004472 0.000636 0.001749 0.000105 0.000249 0.001023 0.002267 0.000375 0.000506 0.000150 0.000357 0.000471 0.000243 0.000011 0.000627 0.000111 0.000335 0.000016 0.000050 0.000253 0.000169 0.000241 0.000054 0.000120 0.000110 0.000116 0.000192 0.000029 0.000049 0.000023 0.000009 0.000002 -0.000000 0.000032 0.000045 
0.597576 0.120737 0.051361 0.026288 0.022333 0.006233 0.036222 0.021831 0.127074 0.047227 0.033309 0.041977 0.015529 0.123529 0.017595 0.007795 0.044307 0.004261 0.008544 0.000004 0.001691 0.000906 0.001357 0.000750 0.001955 0.000485 0.007799 0.001450 0.002754 0.000933 0.000938 0.001947 0.000355 0.000197 0.000062 0.001654 0.000300 0.000626 0.000121 0.000102 0.000224 0.000567 0.000083 0.000217 0.000055 0.000153 0.000074 0.000038 0.000002 0.000052 0.000009 -0.000000 0.000004 -0.000000 0.000019 -0.000000 -0.000000 0.000054 0.000069 0.000018 0.000058 0.000096 -0.000000 -0.000000 -0.000000 -0.000000 -0.000000 -0.000000 -0.000000 -0.000000 
0.011189 0.019155 0.001315 0.003698 0.019316 0.007149 0.007866 0.003057 0.020762 0.018382 0.034900 0.010325 0.005718 0.060696 0.023392 0.007348 0.021548 0.003724 0.010988 0.000005 0.001900 0.001765 0.002950 0.001766 0.005244 0.001906 0.011767 0.004183 0.009377 0.003910 0.005209 0.007400 0.001881 0.000653 0.000287 0.011578 0.001713 0.004280 0.000512 0.000524 0.003069 0.008340 0.001194 0.004771 0.000577 0.001885 0.001737 0.000946 0.000101 0.003135 0.000417 0.000953 0.000088 0.000108 0.000954 0.000507 0.001178 0.001630 0.000634 0.000770 0.000697 0.001539 0.000262 0.000404 0.000312 0.000106 0.000026 0.000131 0.000223 0.000079 
0.026660 0.052414 0.003527 0.006114 0.189781 0.054051 0.010113 0.004694 0.032242 0.058711 0.198451 0.017357 0.007618 0.149945 0.101399 0.005893 0.035057 0.003516 0.031361 0.000011 0.002193 0.001138 0.007123 0.003681 0.003786 0.003859 0.012770 0.009485 0.004102 0.001399 0.008023 0.010127 0.001211 0.000538 0.000112 0.010292 0.000865 0.004306 0.000105 0.000437 0.001470 0.002834 0.000791 0.001012 0.000237 0.000459 0.000844 0.000320 0.000017 0.001150 0.000170 0.000387 0.000016 0.000023 0.000175 0.000113 0.000295 0.000217 0.000189 0.000202 0.000058 0.000192 0.000087 0.000049 0.000012 0.000026 0.000002 0.000019 0.000032 -0.000000 
0.000691 0.000072 0.000024 -0.000000 0.002380 0.016433 0.000264 0.000087 0.000489 0.000393 0.008795 0.000253 0.000164 0.002061 0.004373 0.000261 0.000808 0.000069 0.000704 0.000000 0.000067 0.000046 0.000166 0.000122 0.000217 0.000173 0.000228 0.000207 0.000293 0.000143 0.000356 0.000330 0.000079 0.000036 0.000017 0.000490 0.000071 0.000078 0.000015 0.000023 0.000256 0.000567 0.000042 0.000434 0.000016 0.000127 0.000025 0.000051 0.000007 0.000261 0.000034 0.000052 0.000004 0.000005 0.000039 0.000028 0.000027 0.000054 0.000034 0.000037 0.000058 0.000048 -0.000000 -0.000000 0.000012 0.000009 0.000002 -0.000000 -0.000000 -0.000000 
0.007321 0.012878 0.000856 0.001245 0.151043 0.354253 0.002313 0.001115 0.007755 0.025231 0.431989 0.004498 0.002083 0.059092 0.159879 0.001641 0.013545 0.000797 0.021312 0.000006 0.000519 0.000186 0.004370 0.003080 0.000807 0.002923 0.003421 0.007373 0.001055 0.000287 0.004950 0.005453 0.000276 0.000162 0.000028 0.005391 0.000177 0.001488 0.000015 0.000136 0.000448 0.000810 0.000291 0.000217 0.000024 0.000178 0.000323 0.000166 0.000002 0.000366 0.000026 0.000052 -0.000000 0.000009 0.000039 0.000113 0.000134 0.000326 0.000017 0.000037 -0.000000 -0.000000 -0.000000 0.000032 0.000012 -0.000000 -0.000000 -0.000000 -0.000000 -0.000000 
0.039645 0.005411 0.001202 0.063267 0.003506 0.001351 0.124794 0.052340 0.229783 0.014517 0.012257 0.043540 0.035314 0.071537 0.010781 0.044384 0.042362 0.020717 0.007332 0.000005 0.007559 0.010383 0.002153 0.001032 0.021379 0.001410 0.028141 0.002568 0.032877 0.016395 0.003688 0.008000 0.004530 0.001429 0.001608 0.011395 0.006056 0.005168 0.002546 0.000765 0.007991 0.017085 0.001416 0.012722 0.001414 0.004459 0.002779 0.001496 0.000252 0.005016 0.000511 0.001263 0.000289 0.000442 0.001811 0.000620 0.001499 0.002010 0.001320 0.000770 0.002439 0.002356 0.000291 0.000421 0.000521 0.000334 0.000040 0.000206 0.000527 0.000270 
0.002763 0.003752 0.000364 0.000293 0.054590 0.240354 0.000859 0.000594 0.003908 0.011249 0.257304 0.002133 0.001041 0.029393 0.089398 0.000559 0.006644 0.000554 0.010695 0.000003 0.000393 0.000139 0.002453 0.001899 0.000527 0.001883 0.002144 0.004763 0.000352 0.000179 0.003171 0.002876 0.000167 0.000101 0.000011 0.002757 0.000071 0.000861 0.000015 0.000090 0.000224 0.000810 0.000278 0.000289 0.000063 0.000051 0.000198 0.000115 0.000004 0.000209 0.000034 0.000026 -0.000000 0.000009 -0.000000 0.000056 0.000107 0.000109 0.000017 -0.000000 -0.000000 0.000096 -0.000000 -0.000000 -0.000000 -0.000000 -0.000000 -0.000000 -0.000000 -0.000000 
0.072936 0.076150 0.008368 0.016000 0.070039 0.025631 0.026439 0.013284 0.098862 0.161742 0.171130 0.053126 0.021923 0.389368 0.100890 0.015740 0.101316 0.009960 0.048058 0.000021 0.005181 0.002276 0.009505 0.005378 0.008037 0.004680 0.029782 0.010479 0.011721 0.004269 0.008929 0.016958 0.002846 0.001084 0.000298 0.013723 0.001766 0.007255 0.000527 0.000836 0.002525 0.006397 0.001457 0.001879 0.000292 0.000739 0.001191 0.000703 0.000043 0.002979 0.000187 0.000464 0.000044 0.000027 0.000390 0.000254 0.000295 0.000380 0.000308 0.000202 0.000174 0.000385 0.000058 0.000113 0.000058 0.000062 -0.000000 -0.000000 0.000096 0.000022 
0.008841 0.005267 0.000831 0.004613 0.005929 0.002354 0.011765 0.004607 0.029188 0.025624 0.023859 0.015984 0.009482 0.094746 0.018103 0.012271 0.033552 0.006271 0.012455 0.000007 0.003239 0.003043 0.003778 0.001889 0.010084 0.002403 0.018426 0.005219 0.016292 0.006637 0.007020 0.010966 0.003102 0.001170 0.000641 0.015744 0.003461 0.006838 0.000844 0.000957 0.006073 0.015223 0.002151 0.008312 0.001129 0.003083 0.003448 0.001880 0.000173 0.007786 0.000723 0.001443 0.000220 0.000311 0.001714 0.001099 0.001901 0.003097 0.001491 0.001191 0.001394 0.002548 0.000378 0.000712 0.000521 0.000273 0.000064 0.000431 0.000527 0.000371 
0.001934 0.000397 0.000091 0.013144 0.000446 0.000044 0.035032 0.007562 0.037127 0.002105 0.001684 0.008573 0.011034 0.013055 0.002034 0.033866 0.009838 0.012039 0.002131 0.000001 0.003809 0.030150 0.000639 0.000346 0.018680 0.000462 0.015553 0.001035 0.032701 0.025184 0.001779 0.003565 0.003142 0.000876 0.003727 0.006984 0.008299 0.002897 0.007547 0.000644 0.008279 0.018138 0.000999 0.025371 0.001698 0.007159 0.002208 0.001125 0.000483 0.004337 0.000519 0.001057 0.000814 0.001096 0.003369 0.000733 0.002008 0.001847 0.001868 0.001338 0.005342 0.004328 0.000262 0.000518 0.000578 0.000510 0.000054 0.000318 0.000926 0.000607 
0.006078 0.000794 0.000215 0.024421 0.000786 0.000174 0.075484 0.015761 0.072361 0.004446 0.003275 0.015794 0.021722 0.025347 0.003255 0.063816 0.017143 0.021064 0.003382 0.000002 0.006119 0.033402 0.000970 0.000543 0.027181 0.000693 0.025586 0.001864 0.049754 0.032969 0.002329 0.005333 0.005042 0.001235 0.003884 0.008332 0.011583 0.004750 0.007894 0.000912 0.010740 0.020324 0.001638 0.031515 0.002385 0.007923 0.002927 0.001713 0.000505 0.007734 0.000570 0.001366 0.000874 0.001118 0.004421 0.000874 0.002222 0.002282 0.002022 0.001595 0.005400 0.004760 0.000495 0.000760 0.000648 0.000440 0.000043 0.000374 0.000942 0.000652 
0.023898 0.002417 0.000579 0.109069 0.000914 0.000218 0.558729 0.204289 1.185248 0.005185 0.001497 0.058975 0.200301 0.025194 0.000712 0.434742 0.019713 0.085380 0.000821 0.000001 0.007249 0.067082 0.000142 0.000032 0.029912 0.000023 0.012177 0.000041 0.046941 0.047498 0.000097 0.000360 0.001162 0.000162 0.003749 0.000306 0.004538 0.000261 0.005740 0.000060 0.000991 0.000891 0.000028 0.008168 0.000237 0.000510 -0.000000 0.000038 0.000069 0.000209 -0.000000 -0.000000 0.000232 0.000135 0.000156 -0.000000 -0.000000 -0.000000 0.000034 -0.000000 0.001394 0.000048 -0.000000 -0.000000 -0.000000 0.000018 -0.000000 -0.000000 0.000032 0.000011 
0.002901 0.004257 0.000340 0.000622 0.030217 0.046685 0.001322 0.000710 0.004091 0.013417 1.001894 0.003252 0.001114 0.034814 0.349760 0.000746 0.008296 0.000554 0.017538 0.000004 0.000444 0.000116 0.004370 0.004102 0.000807 0.004287 0.002965 0.012136 0.000586 0.000251 0.006470 0.005723 0.000355 0.000208 0.000028 0.006065 0.000124 0.001983 0.000030 0.000143 0.000192 0.001053 0.000389 0.000361 0.000039 0.000025 0.000422 0.000115 0.000002 0.000470 0.000077 0.000180 -0.000000 0.000005 0.000019 0.000113 0.000107 0.000217 0.000103 0.000092 -0.000000 0.000048 0.000029 0.000016 0.000012 0.000018 -0.000000 -0.000000 0.000032 -0.000000 
0.001105 0.000144 0.000016 0.013034 -0.000000 -0.000000 0.063322 0.009098 0.029372 0.000361 -0.000000 0.002597 0.007509 0.001145 -0.000000 0.057886 0.001542 0.009908 0.000078 0.000000 0.001348 0.173490 0.000008 -0.000000 0.011853 -0.000000 0.002737 -0.000000 0.023090 0.046458 -0.000000 0.000060 0.000630 0.000065 0.011511 0.000123 0.004679 0.000026 0.037436 0.000041 0.002078 0.001053 0.000014 0.035635 0.000419 0.001707 -0.000000 -0.000000 0.000216 0.000105 -0.000000 0.000026 0.002104 0.001245 0.001032 -0.000000 0.000107 -0.000000 0.000120 -0.000000 0.015678 0.000096 -0.000000 0.000016 -0.000000 0.000053 -0.000000 -0.000000 0.000303 0.000101 
0.021411 0.027452 0.002281 0.002453 0.097791 0.064513 0.004429 0.002941 0.019968 0.131232 1.260881 0.014569 0.004001 0.279200 0.824820 0.001828 0.041444 0.001576 0.204923 0.000034 0.001189 0.000302 0.035362 0.028057 0.000962 0.022219 0.010536 0.051732 0.000586 0.000323 0.021935 0.023519 0.000896 0.000639 0.000022 0.017337 0.000265 0.006629 -0.000000 0.000437 0.000320 0.001943 0.000888 0.000145 0.000039 0.000025 0.000868 0.000179 0.000002 0.000679 0.000145 0.000361 -0.000000 -0.000000 -0.000000 0.000085 0.000027 0.000489 0.000034 0.000037 -0.000000 -0.000000 -0.000000 0.000016 -0.000000 -0.000000 -0.000000 0.000019 -0.000000 -0.000000 
0.020030 0.015042 0.001775 0.008933 0.026541 0.013164 0.017450 0.007417 0.054896 0.191325 0.166546 0.040203 0.016716 0.616881 0.127639 0.017045 0.126938 0.010948 0.115591 0.000054 0.006989 0.002648 0.024027 0.011783 0.013901 0.011739 0.048391 0.025348 0.020394 0.006816 0.027661 0.045811 0.006145 0.002785 0.000523 0.049377 0.004450 0.020801 0.000663 0.002193 0.008279 0.022754 0.004622 0.004698 0.001153 0.002726 0.004639 0.002289 0.000095 0.008309 0.000945 0.002216 0.000144 0.000131 0.000915 0.001325 0.001740 0.003151 0.001200 0.001155 0.000523 0.002548 0.000320 0.000485 0.000312 0.000176 0.000062 0.000169 0.000271 0.000157 
0.000414 0.000613 0.000035 0.000769 0.001849 0.001569 0.001388 0.000435 0.003053 0.002844 0.046034 0.001520 0.000822 0.010918 0.039868 0.001567 0.003377 0.000797 0.004008 0.000001 0.000544 0.000325 0.001649 0.001160 0.001551 0.001941 0.003466 0.003893 0.002872 0.001220 0.003850 0.003685 0.000502 0.000240 0.000174 0.005268 0.000494 0.001983 0.000136 0.000211 0.000799 0.003725 0.000833 0.001157 0.000324 0.000662 0.000918 0.000371 0.000035 0.001829 0.000289 0.000593 0.000020 0.000068 0.000351 0.000423 0.000857 0.001250 0.000394 0.000348 0.000232 0.000433 0.000175 0.000227 0.000162 0.000132 0.000009 0.000094 0.000096 0.000202 
0.002763 0.002273 0.000187 0.002709 0.003825 0.002005 0.005023 0.001840 0.012518 0.014815 0.029005 0.007601 0.004275 0.061612 0.026646 0.007087 0.019786 0.004123 0.021742 0.000008 0.002394 0.001881 0.005924 0.003320 0.006609 0.003351 0.015233 0.007704 0.012307 0.005058 0.009738 0.012434 0.002610 0.000969 0.000562 0.018562 0.002966 0.008874 0.000979 0.000927 0.005306 0.015466 0.002610 0.006072 0.001114 0.002879 0.004069 0.002097 0.000162 0.006793 0.000877 0.002062 0.000148 0.000239 0.001636 0.001325 0.002089 0.003205 0.001371 0.001613 0.000987 0.003606 0.000553 0.000680 0.000613 0.000414 0.000088 0.000337 0.000463 0.000292 
0.008841 0.007972 0.000854 0.004833 0.021930 0.013120 0.008659 0.003709 0.026441 0.058790 0.256087 0.018539 0.009226 0.224917 0.247548 0.009511 0.061670 0.006409 0.149552 0.000033 0.004420 0.001719 0.035788 0.021668 0.010084 0.021630 0.030102 0.046762 0.014475 0.005022 0.048399 0.050574 0.004570 0.002308 0.000427 0.061568 0.003549 0.024115 0.000572 0.002035 0.006553 0.021458 0.005760 0.004409 0.001240 0.002497 0.006550 0.003030 0.000123 0.008936 0.001353 0.003350 0.000088 0.000126 0.001266 0.002170 0.002410 0.004618 0.001816 0.001265 0.000232 0.002260 0.000378 0.000615 0.000370 0.000194 0.000047 0.000412 0.000319 0.000225 
0.006907 0.001046 0.000279 0.033977 0.000680 0.000131 0.115804 0.031320 0.188443 0.004729 0.002433 0.043223 0.086613 0.033745 0.001322 0.927631 0.031239 0.169028 0.001916 0.000002 0.026476 0.103109 0.000568 0.000266 0.150770 0.000231 0.062940 0.000621 0.254691 0.161221 0.000809 0.004015 0.008785 0.001615 0.011006 0.004656 0.030494 0.002662 0.015200 0.000625 0.013873 0.016600 0.000639 0.053344 0.002859 0.009197 0.000943 0.000473 0.000613 0.003083 0.000085 0.000206 0.001070 0.001186 0.003778 0.000085 0.000455 0.000163 0.000925 0.000275 0.006039 0.001827 0.000058 -0.000000 0.000231 0.000273 0.000009 0.000019 0.000511 0.000202 
0.013123 0.005195 0.000840 0.020283 0.005525 0.002136 0.045674 0.017703 0.145637 0.034155 0.026385 0.138283 0.079689 0.259350 0.022680 0.091976 0.267349 0.065495 0.026454 0.000022 0.047076 0.015261 0.007880 0.003336 0.082165 0.003986 0.230415 0.008242 0.118790 0.039606 0.013653 0.038230 0.023429 0.007613 0.002985 0.051950 0.020995 0.024794 0.004339 0.003986 0.028864 0.069313 0.006316 0.028768 0.004755 0.013095 0.008410 0.004680 0.000583 0.017923 0.001345 0.002963 0.000541 0.000933 0.005122 0.002085 0.003909 0.003749 0.003530 0.002658 0.003658 0.006155 0.000698 0.000922 0.000879 0.000634 0.000066 0.000637 0.001005 0.000551 
0.013675 0.002886 0.000468 0.018819 0.001976 0.000654 0.055456 0.019644 0.175253 0.013480 0.008889 0.114296 0.154099 0.105511 0.006509 0.259070 0.116733 0.306929 0.008310 0.000008 0.096546 0.028640 0.002153 0.000888 0.190084 0.000947 0.202776 0.001740 0.221522 0.065077 0.004335 0.013303 0.019460 0.004372 0.003957 0.015009 0.025409 0.009213 0.005378 0.001812 0.019403 0.034009 0.002263 0.026672 0.003080 0.007363 0.002010 0.001381 0.000408 0.006166 0.000272 0.000773 0.000361 0.000501 0.002999 0.000197 0.001098 0.000706 0.001491 0.000697 0.002439 0.001971 0.000233 0.000210 0.000255 0.000229 0.000012 0.000075 0.000447 0.000180 
0.006216 0.001912 0.000309 0.010874 0.002082 0.000610 0.030405 0.008431 0.066621 0.011972 0.011041 0.039464 0.035168 0.069323 0.011086 0.061094 0.057082 0.040083 0.010362 0.000007 0.023412 0.012868 0.003581 0.001777 0.050143 0.002554 0.086839 0.005219 0.086030 0.034404 0.008250 0.015909 0.011818 0.003356 0.003002 0.025791 0.016245 0.013101 0.004700 0.002464 0.022471 0.048584 0.004789 0.031298 0.004328 0.012102 0.007319 0.004092 0.000699 0.018080 0.001541 0.003737 0.000765 0.001186 0.006408 0.002142 0.004793 0.005976 0.004318 0.003647 0.006736 0.010482 0.000844 0.001861 0.001539 0.000994 0.000173 0.000805 0.001580 0.001113 
0.014366 0.005231 0.000848 0.005345 0.005015 0.002703 0.009716 0.005606 0.057095 0.054469 0.028163 0.111995 0.034949 0.762321 0.019527 0.021782 1.072295 0.024822 0.048723 0.000088 0.031683 0.002021 0.013378 0.003580 0.026064 0.002796 0.297094 0.005095 0.033873 0.007175 0.013879 0.082483 0.019657 0.011055 0.000337 0.058872 0.006745 0.038965 0.000346 0.005147 0.011092 0.038462 0.004414 0.002674 0.001129 0.002038 0.003622 0.002059 0.000071 0.008465 0.000434 0.000567 0.000012 0.000014 0.000701 0.000225 0.000669 0.000652 0.000840 0.000367 0.000058 0.000914 0.000058 0.000081 0.000058 0.000044 0.000005 0.000037 0.000112 0.000045 
0.003039 0.003391 0.000331 0.001465 0.010497 0.007018 0.003503 0.001478 0.009770 0.022765 0.227082 0.007200 0.003636 0.095510 0.390239 0.003916 0.027678 0.002927 0.077113 0.000017 0.002009 0.001045 0.036293 0.044421 0.004158 0.062637 0.016921 0.140203 0.005919 0.002547 0.088839 0.049376 0.002354 0.001339 0.000135 0.063712 0.001713 0.021035 0.000286 0.001624 0.004347 0.015304 0.005649 0.002096 0.000671 0.001325 0.005706 0.002685 0.000071 0.007420 0.001549 0.003943 0.000052 0.000099 0.000760 0.001888 0.001981 0.004455 0.001097 0.001081 0.000465 0.002020 0.000786 0.000566 0.000301 0.000123 0.000043 0.000243 0.000176 0.000146 
0.002625 0.001984 0.000238 0.000293 0.008712 0.006364 0.000661 0.000362 0.002381 0.013338 0.303805 0.002492 0.000804 0.041227 0.875977 0.000559 0.008700 0.000416 0.050893 0.000007 0.000469 0.000070 0.023175 0.038016 0.000248 0.100928 0.003694 0.378073 0.000586 0.000072 0.080234 0.023190 0.000305 0.000230 0.000006 0.026465 0.000194 0.006838 0.000015 0.000350 0.000479 0.002267 0.001707 0.000289 0.000032 0.000127 0.001092 0.000550 0.000004 0.001777 0.000460 0.001392 0.000004 -0.000000 0.000039 0.000789 0.000214 0.000543 0.000051 0.000037 -0.000000 0.000048 0.000087 0.000097 0.000035 0.000009 -0.000000 -0.000000 0.000016 -0.000000 
0.011327 0.004545 0.000744 0.003954 0.009137 0.004228 0.008791 0.004027 0.042561 0.063990 0.057449 0.049747 0.018799 0.636502 0.051361 0.016821 0.314519 0.014810 0.119853 0.000183 0.016699 0.002462 0.034746 0.010821 0.021472 0.009694 0.164100 0.017313 0.030415 0.007677 0.037561 0.158344 0.017953 0.010154 0.000528 0.126076 0.006480 0.067935 0.000407 0.007185 0.015439 0.059030 0.008883 0.004915 0.001611 0.003159 0.008112 0.004245 0.000102 0.015990 0.001345 0.002886 0.000056 0.000122 0.001130 0.000930 0.002249 0.002608 0.001559 0.001045 0.000523 0.002645 0.000291 0.000372 0.000208 0.000176 0.000024 0.000131 0.000191 0.000101 
0.002348 0.000325 0.000067 0.019588 0.000085 0.000044 0.083680 0.015544 0.067170 0.000817 0.000094 0.007749 0.022398 0.003130 0.000102 0.207189 0.005286 0.040135 0.000117 0.000000 0.006311 0.844383 0.000055 0.000011 0.068047 0.000012 0.014367 -0.000000 0.158171 0.314550 0.000129 0.000779 0.003191 0.000467 0.038885 0.000551 0.031183 0.000261 0.052214 0.000113 0.009046 0.007935 0.000069 0.104664 0.002109 0.008458 0.000099 0.000090 0.000728 0.000941 0.000009 0.000052 0.002328 0.002210 0.003740 -0.000000 0.000107 0.000054 0.000377 0.000073 0.014923 0.000962 -0.000000 0.000032 0.000069 0.000167 0.000005 0.000019 0.000479 0.000090 
0.007045 0.000974 0.000197 0.018233 0.001062 0.000392 0.060877 0.017413 0.103625 0.005562 0.003275 0.038366 0.061165 0.040922 0.002746 0.362795 0.041371 0.146977 0.003832 0.000004 0.042891 0.080810 0.000986 0.000388 0.330646 0.000508 0.115299 0.001243 0.589376 0.239034 0.001973 0.006681 0.018899 0.003596 0.012928 0.009128 0.060123 0.005794 0.016707 0.001439 0.030686 0.045507 0.001596 0.081823 0.005940 0.018980 0.002307 0.001330 0.001131 0.007786 0.000298 0.000670 0.001467 0.001939 0.007557 0.000254 0.001258 0.000761 0.002245 0.001246 0.008942 0.004328 0.000145 0.000275 0.000474 0.000352 0.000031 0.000150 0.001261 0.000472 
0.001105 0.000180 0.000059 0.002819 0.000404 0.000218 0.007601 0.002550 0.015083 0.002592 0.004117 0.007475 0.007326 0.016185 0.003865 0.018798 0.011820 0.011484 0.002913 0.000002 0.007023 0.005435 0.001160 0.000564 0.029664 0.000809 0.026362 0.001450 0.043425 0.016431 0.002944 0.005213 0.004717 0.001285 0.001248 0.010047 0.008511 0.004306 0.002365 0.000897 0.010005 0.022673 0.001818 0.016336 0.002148 0.006879 0.003796 0.001969 0.000399 0.008152 0.000655 0.001933 0.000445 0.000604 0.003681 0.001550 0.002517 0.002988 0.002416 0.001686 0.003194 0.004376 0.000524 0.000663 0.000868 0.000546 0.000073 0.000524 0.000989 0.000618 
0.008288 0.004004 0.000498 0.005602 0.005270 0.003138 0.015599 0.005534 0.045859 0.033134 0.039765 0.041344 0.022233 0.265228 0.040580 0.029987 0.168786 0.019747 0.065499 0.000055 0.019888 0.005853 0.025044 0.010400 0.037607 0.012063 0.191282 0.024561 0.063351 0.019767 0.050049 0.176800 0.030638 0.016030 0.001602 0.205471 0.017357 0.109301 0.002215 0.013011 0.038102 0.127776 0.021556 0.017203 0.005734 0.012891 0.023246 0.013017 0.000490 0.040654 0.003796 0.008581 0.000333 0.000541 0.005259 0.003776 0.008863 0.011137 0.006084 0.004876 0.002555 0.009954 0.001658 0.002136 0.001805 0.000810 0.000114 0.000711 0.001229 0.000775 
0.001934 0.000325 0.000087 0.002856 0.000382 0.000131 0.008593 0.002752 0.022716 0.003079 0.001216 0.021390 0.020461 0.028935 0.001017 0.064935 0.048565 0.050857 0.003246 0.000005 0.088870 0.017398 0.001246 0.000319 0.456159 0.000381 0.488468 0.000663 0.763312 0.110997 0.001909 0.013153 0.115185 0.013399 0.004542 0.014580 0.128157 0.011118 0.004459 0.003414 0.088925 0.115792 0.002526 0.050959 0.010639 0.022802 0.002332 0.001956 0.000786 0.011966 0.000196 0.000387 0.000421 0.000703 0.005064 0.000282 0.001258 0.000543 0.002382 0.000916 0.002671 0.002741 0.000058 0.000178 0.000301 0.000246 0.000019 0.000019 0.000543 0.000315 
-0.000000 0.000108 0.000020 -0.000000 0.000404 0.000479 0.000132 0.000029 0.000122 0.001304 0.020023 0.000359 0.000055 0.004886 0.051767 0.000112 0.001615 0.000035 0.006726 0.000001 0.000092 0.000023 0.005096 0.007379 0.000031 0.061678 0.001323 0.574068 0.000117 -0.000000 0.161955 0.017977 0.000158 0.000179 0.000006 0.046252 0.000053 0.009813 0.000015 0.000471 0.000607 0.001134 0.004928 0.000072 0.000016 0.000025 0.003275 0.001138 0.000007 0.002038 0.002060 0.005540 0.000004 -0.000000 0.000058 0.002677 0.000830 0.004020 0.000103 0.000257 -0.000000 0.000240 0.000320 0.000129 0.000023 0.000009 0.000009 0.000094 -0.000000 0.000045 
0.003592 0.001948 0.000216 0.008970 0.001827 0.000828 0.020821 0.006693 0.046958 0.010620 0.012444 0.028590 0.023183 0.072835 0.013018 0.052664 0.055246 0.030002 0.013784 0.000010 0.027882 0.017723 0.004914 0.002463 0.087905 0.003362 0.223072 0.007952 0.163504 0.056072 0.012876 0.031759 0.059336 0.012017 0.004789 0.054033 0.042713 0.029517 0.007909 0.006149 0.067733 0.143485 0.010438 0.057175 0.011429 0.029375 0.016944 0.009091 0.001522 0.042901 0.002826 0.006958 0.001214 0.002101 0.013867 0.004932 0.011567 0.012278 0.010436 0.007277 0.009929 0.019907 0.002037 0.003365 0.003147 0.001848 0.000265 0.001760 0.003223 0.002068 
0.002210 0.000758 0.000118 0.009519 0.000552 0.000262 0.027431 0.007301 0.048179 0.003676 0.003930 0.019151 0.024700 0.031226 0.002644 0.095669 0.028339 0.043807 0.004262 0.000004 0.021914 0.064992 0.001514 0.000612 0.173453 0.000867 0.103167 0.001615 0.518935 0.377439 0.003591 0.009857 0.027979 0.005786 0.020359 0.017705 0.167020 0.010570 0.026424 0.002664 0.080359 0.102837 0.004220 0.178102 0.016847 0.053298 0.006351 0.003299 0.002992 0.024194 0.000877 0.002062 0.002962 0.004884 0.021152 0.001381 0.004552 0.004455 0.006803 0.003556 0.017826 0.013464 0.000727 0.001294 0.001920 0.001646 0.000095 0.000580 0.004133 0.001888 
0.003730 0.001226 0.000222 0.003808 0.002252 0.001177 0.009452 0.003346 0.022716 0.012302 0.022081 0.013999 0.009482 0.082149 0.024002 0.015777 0.042839 0.010116 0.025281 0.000014 0.007475 0.004599 0.011942 0.005905 0.020324 0.010029 0.058972 0.021538 0.039206 0.015319 0.039793 0.114811 0.013295 0.006633 0.001748 0.198487 0.010789 0.109536 0.002817 0.009182 0.027841 0.098869 0.024124 0.021901 0.005418 0.013758 0.031830 0.015357 0.000658 0.048963 0.005498 0.014482 0.000545 0.000979 0.007557 0.008426 0.015530 0.023090 0.009785 0.008413 0.003484 0.015339 0.003811 0.004385 0.003054 0.001822 0.000412 0.002153 0.002154 0.001517 
-0.000000 0.000108 0.000020 0.000146 0.000297 0.000087 -0.000000 0.000087 0.000489 0.000801 0.003181 0.000739 0.000256 0.005039 0.005390 0.000448 0.002166 0.000208 0.003148 0.000001 0.000259 0.000046 0.002303 0.001926 0.000590 0.006690 0.002326 0.024189 0.001348 0.000251 0.038402 0.013482 0.000650 0.000287 0.000028 0.036941 0.000335 0.010883 0.000030 0.000735 0.001630 0.006154 0.007107 0.000651 0.000229 0.000637 0.007592 0.003107 0.000020 0.006793 0.003345 0.011699 0.000020 0.000041 0.000195 0.006059 0.003347 0.010703 0.000840 0.001356 0.000116 0.001250 0.001455 0.001084 0.000359 0.000141 0.000071 0.000580 0.000160 0.000056 
0.001934 0.000541 0.000087 0.001098 0.001147 0.000479 0.004032 0.001086 0.008121 0.005169 0.015158 0.005954 0.003544 0.034356 0.019324 0.006751 0.015638 0.003326 0.014507 0.000006 0.002737 0.002160 0.008472 0.005150 0.009029 0.013750 0.022622 0.032017 0.015413 0.005991 0.069913 0.056057 0.005279 0.002552 0.000607 0.167673 0.005191 0.053711 0.001160 0.004819 0.014032 0.052471 0.028566 0.009613 0.002891 0.007159 0.033194 0.015383 0.000333 0.041752 0.011465 0.030073 0.000289 0.000419 0.003564 0.017049 0.017137 0.037595 0.007026 0.008486 0.002207 0.012454 0.006022 0.005291 0.003274 0.001223 0.000436 0.002509 0.001181 0.001202 
0.000691 0.000216 0.000012 0.003112 0.000064 0.000044 0.010311 0.002361 0.012946 0.000377 0.000187 0.002449 0.004695 0.002672 0.000203 0.032524 0.003267 0.010584 0.000352 0.000000 0.003398 0.094909 0.000095 0.000064 0.032146 0.000012 0.013728 -0.000000 0.095114 0.213096 0.000226 0.001318 0.006746 0.001141 0.106223 0.001960 0.071777 0.001279 0.153871 0.000652 0.038869 0.040244 0.000527 1.084442 0.013443 0.066750 0.001017 0.000882 0.007564 0.008256 0.000102 0.000283 0.013337 0.019278 0.037687 0.000225 0.001419 0.001141 0.004456 0.001485 0.066951 0.012887 0.000087 0.000275 0.000740 0.001874 0.000040 0.000169 0.005170 0.002315 
0.002486 0.000794 0.000150 0.002783 0.001551 0.000654 0.005751 0.002216 0.016976 0.007635 0.013380 0.011254 0.008221 0.057107 0.016985 0.014285 0.031533 0.009440 0.016013 0.000010 0.006655 0.005435 0.008014 0.004272 0.020758 0.007510 0.059291 0.014331 0.040202 0.015928 0.031543 0.069150 0.015688 0.009088 0.001793 0.196098 0.014055 0.116974 0.003555 0.024812 0.046285 0.188831 0.059186 0.027250 0.008586 0.021121 0.075543 0.040509 0.000926 0.120657 0.011806 0.027393 0.000673 0.001258 0.011628 0.015725 0.031864 0.042865 0.018799 0.016569 0.004761 0.029380 0.006168 0.007766 0.006271 0.002860 0.000742 0.004250 0.003239 0.002843 
0.001105 0.000433 0.000081 0.005236 0.000382 0.000218 0.015731 0.003549 0.023510 0.002797 0.002994 0.009058 0.010834 0.017789 0.003458 0.040804 0.015124 0.017686 0.002894 0.000002 0.009886 0.047896 0.001096 0.000521 0.058955 0.000728 0.051447 0.001077 0.144282 0.160181 0.003462 0.007940 0.017766 0.004393 0.025580 0.015989 0.103595 0.009213 0.041097 0.002890 0.095286 0.133607 0.005164 0.504165 0.029785 0.118724 0.008708 0.005959 0.008637 0.036265 0.001370 0.003221 0.006677 0.011666 0.055431 0.002339 0.009399 0.008095 0.014309 0.007405 0.042098 0.036737 0.001309 0.003025 0.004072 0.004770 0.000308 0.001273 0.009622 0.004675 
0.001381 0.000216 0.000055 0.003515 0.000297 0.000131 0.011765 0.002810 0.017708 0.002074 0.002339 0.006884 0.007636 0.011299 0.001627 0.029764 0.011306 0.012541 0.001955 0.000002 0.006311 0.038442 0.000954 0.000415 0.041393 0.000416 0.035712 0.001243 0.100740 0.107911 0.002103 0.007011 0.013344 0.003442 0.022725 0.015438 0.067204 0.007986 0.043658 0.002227 0.081733 0.119517 0.004414 0.723178 0.029200 0.138035 0.008336 0.005307 0.013296 0.038407 0.001302 0.003041 0.008701 0.015847 0.079543 0.001719 0.009934 0.005976 0.016057 0.007313 0.058821 0.041305 0.001018 0.003171 0.004651 0.005509 0.000265 0.001460 0.012591 0.006147 
0.001934 0.000649 0.000092 0.001940 0.000914 0.000436 0.005023 0.001753 0.014533 0.004509 0.008327 0.008256 0.006193 0.034432 0.008848 0.014471 0.021621 0.007812 0.009209 0.000006 0.006989 0.007015 0.004212 0.002314 0.022931 0.003963 0.057604 0.008408 0.047352 0.023964 0.017114 0.040358 0.019559 0.010255 0.002417 0.103961 0.020394 0.058148 0.004806 0.020196 0.090396 0.452643 0.043585 0.047561 0.017266 0.042139 0.089138 0.057771 0.001818 0.291217 0.012631 0.027213 0.001194 0.001871 0.022242 0.018374 0.055481 0.047755 0.042019 0.031856 0.010626 0.068809 0.008001 0.013251 0.011454 0.005729 0.000969 0.006047 0.007404 0.004754 
0.000691 0.000216 0.000053 0.000476 0.000935 0.000392 0.000925 0.000377 0.004274 0.002859 0.007766 0.002745 0.001845 0.017254 0.010577 0.002909 0.010719 0.001767 0.010323 0.000005 0.001833 0.001301 0.006216 0.003665 0.005213 0.009775 0.018471 0.024769 0.008263 0.003516 0.062504 0.055308 0.004373 0.002943 0.000478 0.210617 0.003161 0.073807 0.000708 0.007656 0.015663 0.070933 0.088502 0.007228 0.002527 0.006777 0.115634 0.043987 0.000268 0.095522 0.058057 0.142969 0.000204 0.000392 0.003856 0.062618 0.049161 0.129682 0.012544 0.019594 0.000987 0.019955 0.015274 0.013412 0.005900 0.001681 0.000886 0.006572 0.001612 0.001180 
0.001796 0.000541 0.000061 0.003588 0.000446 0.000349 0.009716 0.002767 0.018258 0.002718 0.003088 0.007834 0.008970 0.018858 0.002644 0.026668 0.015014 0.011346 0.003461 0.000002 0.007199 0.025342 0.001112 0.000761 0.039779 0.001028 0.044240 0.001988 0.091715 0.079642 0.004303 0.010127 0.014566 0.004415 0.013310 0.020706 0.057369 0.011457 0.025173 0.003448 0.101072 0.157980 0.006676 0.317823 0.037502 0.184837 0.012752 0.008375 0.010543 0.051314 0.002570 0.005592 0.005767 0.010174 0.077848 0.003889 0.016012 0.012170 0.020530 0.011731 0.038208 0.049624 0.002037 0.004514 0.006479 0.006477 0.000490 0.002134 0.012750 0.006923 
0.000414 0.000036 0.000020 0.000476 0.000234 0.000174 0.000661 0.000290 0.002259 0.001398 0.004117 0.001077 0.000932 0.006948 0.003763 0.002685 0.002937 0.001161 0.002444 0.000001 0.000711 0.000674 0.001270 0.001032 0.002451 0.002149 0.005154 0.005799 0.003575 0.002117 0.010612 0.008599 0.001182 0.000653 0.000259 0.027384 0.001395 0.010544 0.000482 0.001040 0.004060 0.014899 0.007482 0.004120 0.000908 0.002853 0.011586 0.005370 0.000138 0.014213 0.006273 0.020255 0.000100 0.000167 0.001305 0.014682 0.007604 0.024991 0.003222 0.004087 0.001045 0.005866 0.004306 0.002945 0.001481 0.000625 0.000325 0.001966 0.000686 0.000494 
0.000138 -0.000000 0.000004 0.000805 -0.000000 -0.000000 0.003107 0.000666 0.002748 0.000016 -0.000000 0.000338 0.001187 -0.000000 0.000102 0.008728 0.000551 0.002148 -0.000000 0.000000 0.000728 0.038930 0.000016 0.000005 0.008316 -0.000000 0.003649 -0.000000 0.028071 0.074835 -0.000000 0.000180 0.002364 0.000337 0.039548 0.000613 0.031783 0.000261 0.150572 0.000237 0.018444 0.018867 0.000278 1.914669 0.009178 0.054649 0.000347 0.000422 0.013110 0.005539 0.000034 0.000077 0.031472 0.061655 0.056716 0.000028 0.000803 0.000109 0.004524 0.000751 0.120139 0.014810 -0.000000 0.000178 0.000671 0.002209 0.000021 0.000094 0.011857 0.003158 
0.000414 0.000289 0.000041 0.000293 0.000807 0.000087 0.000991 0.000290 0.003359 0.002514 0.006550 0.002661 0.001516 0.015651 0.009357 0.002797 0.008480 0.001507 0.007586 0.000003 0.001482 0.000767 0.004449 0.002899 0.004158 0.007695 0.014002 0.018224 0.006681 0.003265 0.045584 0.036523 0.003575 0.002337 0.000399 0.141575 0.003090 0.051362 0.000663 0.005068 0.012818 0.059678 0.057104 0.006361 0.002717 0.005681 0.083680 0.032184 0.000257 0.080055 0.061700 0.176315 0.000212 0.000302 0.004207 0.077610 0.044476 0.157118 0.012064 0.019832 0.002032 0.020484 0.020336 0.014318 0.006722 0.001681 0.001023 0.007583 0.001436 0.001259 
0.001105 0.000180 0.000028 0.000805 0.000170 0.000044 0.002446 0.000782 0.005190 0.001602 0.001310 0.003653 0.003307 0.012903 0.001831 0.009175 0.011049 0.004313 0.002796 0.000002 0.004746 0.006550 0.001333 0.000569 0.021969 0.000924 0.045745 0.002030 0.050985 0.031426 0.005726 0.015909 0.023360 0.009792 0.003586 0.036757 0.039764 0.024637 0.006116 0.012072 0.287490 1.057921 0.017947 0.090063 0.070059 0.145806 0.041629 0.029717 0.004318 0.263992 0.004732 0.008968 0.001827 0.003986 0.068636 0.006933 0.043967 0.024394 0.083507 0.031068 0.013297 0.125934 0.003200 0.008947 0.012807 0.009504 0.000749 0.002696 0.014170 0.008732 
0.000553 0.000108 0.000031 0.001391 0.000191 0.000131 0.005684 0.001347 0.008305 0.001178 0.001216 0.003653 0.004494 0.009391 0.001119 0.017903 0.007121 0.007535 0.001369 0.000001 0.004696 0.022949 0.000497 0.000207 0.030005 0.000300 0.028597 0.000911 0.075950 0.076019 0.001650 0.004674 0.013088 0.003288 0.013580 0.011640 0.062277 0.007073 0.026981 0.002777 0.117406 0.175065 0.004678 0.452339 0.052596 0.322286 0.009477 0.005741 0.022051 0.050478 0.001455 0.002989 0.006989 0.013623 0.147516 0.002564 0.013201 0.007226 0.025842 0.010154 0.044537 0.061693 0.001309 0.003980 0.006120 0.007700 0.000322 0.001517 0.017011 0.008181 
0.000414 0.000108 0.000020 0.000220 0.000191 0.000087 0.000793 0.000217 0.002565 0.001477 0.002339 0.002196 0.001297 0.010154 0.001932 0.002126 0.009434 0.001819 0.003480 0.000003 0.002042 0.001580 0.001672 0.000979 0.006982 0.001814 0.023397 0.003645 0.013362 0.005704 0.013135 0.024328 0.009760 0.006522 0.000618 0.087910 0.008458 0.053998 0.001326 0.019352 0.053796 0.348916 0.076814 0.017275 0.009723 0.023999 0.232062 0.207837 0.000753 0.858393 0.019994 0.036103 0.000381 0.000821 0.014354 0.019868 0.106329 0.069486 0.054580 0.045951 0.003310 0.062462 0.007011 0.014416 0.011153 0.004092 0.000877 0.004550 0.003958 0.003270 
0.000691 0.000469 0.000022 0.000439 0.000382 0.000218 0.001256 0.000464 0.003297 0.001775 0.002994 0.002344 0.001937 0.011299 0.004475 0.004103 0.006718 0.001992 0.004634 0.000002 0.001775 0.001812 0.002130 0.001298 0.005864 0.002496 0.016191 0.005882 0.013244 0.007426 0.014882 0.020104 0.005082 0.002854 0.000793 0.065243 0.006604 0.029048 0.001793 0.006010 0.027937 0.114578 0.038990 0.015830 0.006248 0.016102 0.113848 0.059625 0.000775 0.232274 0.039672 0.088827 0.000505 0.001019 0.010829 0.068621 0.206419 0.213729 0.043236 0.079035 0.005226 0.073281 0.027173 0.042244 0.021947 0.006143 0.002796 0.017693 0.005601 0.005023 
0.000829 0.000325 0.000051 0.002050 0.000382 0.000174 0.005090 0.001434 0.011419 0.002294 0.003836 0.005596 0.004622 0.016796 0.003966 0.012420 0.011196 0.007085 0.003930 0.000003 0.004261 0.009523 0.001988 0.000825 0.019859 0.001525 0.031379 0.003148 0.042253 0.027695 0.007797 0.013572 0.010941 0.004246 0.004339 0.033204 0.023325 0.018191 0.009174 0.005072 0.079880 0.215309 0.013686 0.099532 0.025567 0.078750 0.028505 0.017659 0.004427 0.124733 0.005933 0.012782 0.002777 0.004933 0.062812 0.011329 0.042200 0.034662 0.071683 0.033597 0.022414 0.153246 0.007419 0.014852 0.018453 0.014943 0.001289 0.006778 0.020825 0.013733 
0.000276 0.000036 0.000006 0.000220 0.000149 0.000087 0.000198 0.000116 0.001221 0.000424 0.000561 0.000718 0.000530 0.003283 0.000915 0.000895 0.001505 0.000520 0.000743 0.000000 0.000343 0.000418 0.000402 0.000271 0.001086 0.000404 0.002189 0.001367 0.002227 0.000753 0.002071 0.003236 0.000660 0.000302 0.000124 0.008087 0.001059 0.002871 0.000331 0.000543 0.002813 0.008421 0.002582 0.002385 0.000648 0.001911 0.005706 0.002570 0.000063 0.008988 0.003907 0.013245 0.000068 0.000126 0.001110 0.019896 0.005703 0.024448 0.002039 0.003061 0.000232 0.004953 0.007099 0.003106 0.001296 0.000387 0.000294 0.002490 0.000447 0.000461 
0.000691 0.000108 0.000035 0.000805 0.000255 0.000087 0.002115 0.000652 0.004030 0.001477 0.001591 0.002449 0.001955 0.010154 0.002339 0.005296 0.007415 0.002910 0.002679 0.000002 0.002620 0.003786 0.001286 0.000718 0.009836 0.001502 0.019566 0.002941 0.020453 0.012628 0.007829 0.013333 0.007258 0.003227 0.001647 0.039330 0.010877 0.019965 0.003826 0.005539 0.049673 0.185673 0.020474 0.041779 0.013427 0.037528 0.057953 0.035266 0.001986 0.294666 0.012112 0.030459 0.001323 0.002282 0.031007 0.024377 0.148609 0.076440 0.170818 0.122492 0.011904 0.215420 0.014750 0.035610 0.039382 0.014547 0.002791 0.012694 0.015192 0.012508 
-0.000000 -0.000000 -0.000000 -0.000000 -0.000000 -0.000000 0.000198 0.000058 0.000061 0.000031 -0.000000 0.000148 0.000201 0.000687 -0.000000 0.000746 0.000697 0.000485 0.000078 0.000000 0.000419 0.001719 0.000024 0.000016 0.002265 0.000058 0.003056 0.000083 0.006681 0.009112 0.000129 0.000719 0.002718 0.001116 0.002068 0.002389 0.010806 0.002192 0.005800 0.001963 0.063897 0.208264 0.002804 0.117675 0.033718 0.154443 0.006723 0.006905 0.010357 0.124576 0.000817 0.001546 0.004284 0.012370 0.339771 0.001184 0.022358 0.005759 0.150134 0.027585 0.051389 0.525711 0.000815 0.005986 0.021762 0.052776 0.000730 0.002059 0.098331 0.042435 
0.000138 -0.000000 -0.000000 0.000146 -0.000000 -0.000000 0.001124 0.000087 0.000427 -0.000000 -0.000000 0.000084 0.000183 -0.000000 -0.000000 0.001641 0.000073 0.000485 -0.000000 0.000000 0.000100 0.008525 0.000016 -0.000000 0.000869 -0.000000 0.000319 -0.000000 0.003399 0.008359 0.000032 0.000030 0.000286 0.000029 0.004615 -0.000000 0.003443 0.000052 0.035447 0.000079 0.004028 0.006316 0.000111 0.129456 0.001769 0.011949 0.000248 0.000179 0.003141 0.003240 0.000017 0.000052 0.062507 0.039598 0.035993 0.000028 0.000937 0.000054 0.003959 0.000825 1.607683 0.020821 0.000029 0.000356 0.001273 0.004955 0.000076 0.000094 0.029745 0.007541 
0.000414 0.000072 0.000008 0.000366 0.000064 -0.000000 0.000793 0.000217 0.001710 0.000723 0.001029 0.001161 0.001078 0.006642 0.002339 0.002574 0.003084 0.001265 0.001897 0.000001 0.000896 0.001603 0.000828 0.000458 0.004065 0.000913 0.008118 0.002609 0.007384 0.003623 0.005759 0.009048 0.002728 0.001267 0.000764 0.024995 0.003337 0.012423 0.001190 0.002423 0.015599 0.054900 0.012950 0.015396 0.003957 0.010420 0.036097 0.019065 0.000633 0.096776 0.016427 0.049477 0.000473 0.000717 0.009446 0.066789 0.127349 0.201396 0.035336 0.092268 0.003542 0.092996 0.055597 0.153814 0.043524 0.008809 0.008074 0.048248 0.006926 0.006911 
-0.000000 -0.000000 -0.000000 -0.000000 -0.000000 -0.000000 -0.000000 0.000029 0.000122 -0.000000 -0.000000 0.000021 -0.000000 0.000076 -0.000000 0.000037 0.000073 -0.000000 -0.000000 0.000000 0.000033 0.000093 0.000008 -0.000000 0.000031 0.000012 0.000182 -0.000000 0.000293 0.000359 0.000065 0.000120 0.000236 0.000179 0.000045 0.000490 0.000583 0.000391 0.000392 0.000460 0.007863 0.036924 0.000986 0.005204 0.003033 0.010089 0.004813 0.003938 0.000501 0.079010 0.001575 0.002087 0.000277 0.000573 0.016594 0.003523 0.072296 0.022166 0.197226 0.189577 0.002787 1.112057 0.005120 0.052841 0.321360 0.043368 0.004755 0.009530 0.014170 0.017913 
0.000138 0.000072 0.000004 0.000110 0.000042 0.000044 0.000264 0.000130 0.001038 0.000220 0.000374 0.000781 0.000384 0.002672 0.000509 0.001119 0.001762 0.000606 0.000587 0.000000 0.000477 0.001022 0.000473 0.000250 0.002017 0.000485 0.004105 0.000911 0.004454 0.003049 0.003623 0.003985 0.001763 0.000894 0.000433 0.015193 0.003143 0.006629 0.001024 0.001812 0.015247 0.050528 0.009897 0.013155 0.003957 0.012458 0.027315 0.015600 0.000719 0.102995 0.012137 0.031361 0.000465 0.000988 0.012777 0.044188 0.145610 0.142667 0.058830 0.152369 0.004994 0.169835 0.043058 0.184377 0.120425 0.016598 0.012251 0.054371 0.010436 0.011744 
0.000138 -0.000000 0.000006 0.000915 0.000042 0.000044 0.001917 0.000623 0.002931 0.000251 0.000468 0.000929 0.001297 0.002061 0.000305 0.005930 0.001065 0.001975 0.000430 0.000000 0.000988 0.009431 0.000079 0.000074 0.006330 0.000127 0.004880 0.000124 0.013479 0.017650 0.000582 0.001109 0.001989 0.000617 0.005345 0.002879 0.009199 0.002375 0.021769 0.000558 0.016142 0.030446 0.000888 0.144780 0.006184 0.030853 0.003051 0.001880 0.004397 0.015154 0.000511 0.001237 0.019942 0.024437 0.050932 0.001127 0.005623 0.003803 0.010933 0.005187 0.330572 0.040103 0.000844 0.002184 0.004292 0.010323 0.000272 0.001236 0.041554 0.015374 
-0.000000 -0.000000 -0.000000 0.000146 -0.000000 -0.000000 0.000727 0.000116 0.000489 0.000016 -0.000000 0.000127 0.000201 0.000229 -0.000000 0.001790 0.000110 0.000485 -0.000000 0.000000 0.000176 0.006457 0.000016 -0.000000 0.001986 0.000023 0.000639 -0.000000 0.003340 0.008538 0.000032 0.000150 0.000532 0.000108 0.003659 0.000429 0.003708 0.000261 0.022085 0.000162 0.005050 0.012146 0.000208 0.117675 0.002670 0.015872 0.000571 0.000486 0.003502 0.005800 0.000068 0.000309 0.031248 0.029488 0.043121 0.000169 0.001660 0.000543 0.005998 0.001723 0.952695 0.028562 0.000087 0.000744 0.002013 0.006838 0.000097 0.000393 0.043421 0.011519 
-0.000000 0.000036 0.000002 0.000110 0.000064 -0.000000 0.000132 0.000072 0.000550 0.000204 0.000187 0.000296 0.000201 0.001222 0.000610 0.000597 0.001395 0.000398 0.000547 0.000000 0.000343 0.000534 0.000316 0.000192 0.001303 0.000324 0.003193 0.000911 0.003165 0.001973 0.002685 0.002756 0.001083 0.000660 0.000337 0.010782 0.002419 0.005220 0.000527 0.001168 0.008343 0.036843 0.007579 0.008674 0.002527 0.008586 0.020542 0.012314 0.000432 0.075404 0.010776 0.028604 0.000273 0.000586 0.008531 0.048669 0.109462 0.152175 0.041265 0.103009 0.003368 0.121751 0.055626 0.301756 0.092438 0.013438 0.017899 0.076669 0.007979 0.008653 
-0.000000 -0.000000 0.000002 -0.000000 -0.000000 -0.000000 0.000132 0.000014 -0.000000 0.000016 0.000094 0.000042 0.000055 0.000229 -0.000000 0.000149 0.000294 0.000139 0.000078 0.000000 0.000075 0.000325 0.000055 -0.000000 0.000310 0.000046 0.001095 0.000083 0.001993 0.001543 0.000518 0.000599 0.000867 0.000287 0.000247 0.002022 0.001324 0.001435 0.000693 0.000735 0.010452 0.041297 0.001957 0.012288 0.003886 0.013656 0.007319 0.004833 0.000877 0.069604 0.002553 0.005824 0.000541 0.001177 0.021853 0.008257 0.062443 0.034553 0.105219 0.108068 0.007084 0.758201 0.011434 0.065024 0.293316 0.064472 0.008252 0.022336 0.026857 0.034209 
-0.000000 -0.000000 -0.000000 -0.000000 0.000042 0.000044 0.000264 0.000087 0.000366 0.000173 0.000374 0.000232 0.000183 0.000763 0.000305 0.000522 0.000661 0.000225 0.000352 0.000000 0.000151 0.000256 0.000237 0.000090 0.000434 0.000231 0.001231 0.000373 0.001113 0.000538 0.001197 0.001288 0.000404 0.000179 0.000056 0.004656 0.000494 0.001827 0.000211 0.000381 0.001918 0.006883 0.002040 0.001807 0.000403 0.001401 0.005259 0.002302 0.000058 0.011026 0.003456 0.011442 0.000048 0.000122 0.001227 0.025560 0.011139 0.044441 0.003462 0.007936 0.000697 0.010675 0.115936 0.015548 0.005056 0.001153 0.002298 0.033270 0.000878 0.000944 
0.000414 0.000108 0.000010 0.000476 0.000127 0.000087 0.001388 0.000377 0.002259 0.000738 0.001497 0.001731 0.001206 0.006489 0.001729 0.003096 0.002753 0.001438 0.001193 0.000001 0.000904 0.001672 0.000639 0.000271 0.004096 0.000508 0.006704 0.001657 0.007618 0.004161 0.002750 0.003925 0.001842 0.000700 0.000618 0.010353 0.003178 0.005141 0.001070 0.001104 0.009046 0.027531 0.004109 0.013228 0.002338 0.007414 0.009824 0.005780 0.000443 0.027434 0.003413 0.008195 0.000485 0.000622 0.006174 0.010681 0.022037 0.028577 0.012510 0.020455 0.003194 0.040439 0.009572 0.023071 0.022109 0.005342 0.002800 0.012544 0.004899 0.004293 
-0.000000 -0.000000 -0.000000 0.000037 -0.000000 -0.000000 0.000066 0.000043 0.000122 0.000063 -0.000000 0.000127 0.000146 0.000229 0.000203 0.000298 0.000184 0.000156 0.000215 0.000000 0.000193 0.000650 0.000055 0.000005 0.000931 0.000035 0.001870 0.000166 0.001934 0.002045 0.000356 0.000899 0.001014 0.000459 0.000433 0.003063 0.002702 0.001696 0.001552 0.000776 0.012978 0.048989 0.002721 0.021395 0.005355 0.019719 0.007964 0.005307 0.001271 0.062340 0.002247 0.006159 0.000938 0.002016 0.031026 0.008511 0.049670 0.029989 0.090036 0.072161 0.010045 0.760173 0.010415 0.049362 0.160581 0.100923 0.007316 0.021175 0.044697 0.055022 
-0.000000 -0.000000 -0.000000 0.000110 -0.000000 -0.000000 0.000529 0.000145 0.000733 0.000016 -0.000000 0.000063 0.000146 0.000153 -0.000000 0.001305 0.000220 0.000398 -0.000000 0.000000 0.000184 0.005482 0.000016 0.000005 0.000745 0.000012 0.001003 -0.000000 0.002872 0.007139 0.000032 0.000210 0.000532 0.000158 0.003052 0.000123 0.003108 0.000209 0.018816 0.000158 0.006201 0.013361 0.000250 0.101917 0.002922 0.016433 0.000719 0.000422 0.003713 0.006898 0.000077 0.000206 0.026551 0.028343 0.050036 0.000113 0.001446 0.000706 0.007454 0.002199 0.690293 0.036400 0.000087 0.000938 0.002291 0.009135 0.000062 0.000300 0.056602 0.015958 
0.000138 -0.000000 0.000004 0.000183 0.000064 -0.000000 0.000330 0.000145 0.000305 0.000251 0.000281 0.000253 0.000219 0.001603 0.000407 0.001082 0.000954 0.000381 0.000371 0.000000 0.000352 0.000906 0.000229 0.000064 0.001800 0.000220 0.003238 0.000414 0.003692 0.003336 0.001165 0.001918 0.001458 0.000628 0.000658 0.006739 0.002878 0.002766 0.001446 0.001108 0.013265 0.050204 0.003914 0.020673 0.004344 0.015796 0.010866 0.007800 0.001075 0.063960 0.004341 0.010411 0.000902 0.001632 0.021853 0.014795 0.058988 0.044224 0.062515 0.071776 0.009639 0.355683 0.017921 0.064474 0.155109 0.055117 0.009827 0.033907 0.031038 0.037131 
0.000276 0.000072 0.000002 0.000293 0.000085 -0.000000 0.000463 0.000275 0.001527 0.000503 0.000749 0.000823 0.000731 0.003894 0.001220 0.002350 0.001982 0.000883 0.001193 0.000001 0.000569 0.001510 0.000497 0.000319 0.002296 0.000532 0.006431 0.001533 0.005626 0.004771 0.002944 0.004554 0.001802 0.000808 0.000646 0.012804 0.003090 0.005716 0.001296 0.001383 0.010261 0.037572 0.006468 0.014095 0.003159 0.010293 0.017292 0.009181 0.000583 0.055234 0.006716 0.019739 0.000509 0.000758 0.008609 0.027617 0.053553 0.075625 0.027504 0.048224 0.005052 0.090640 0.034068 0.089422 0.053705 0.012030 0.016032 0.058377 0.008777 0.009721 
0.000414 0.000108 0.000014 0.000659 0.000064 0.000044 0.002446 0.000565 0.004458 0.000770 0.000936 0.001774 0.001681 0.005115 0.001322 0.005222 0.003120 0.002408 0.000763 0.000001 0.001390 0.005970 0.000387 0.000170 0.006485 0.000254 0.008529 0.000414 0.016116 0.012592 0.001068 0.002966 0.002186 0.000754 0.002810 0.007351 0.007275 0.002740 0.008843 0.000829 0.014576 0.028260 0.001818 0.068595 0.004818 0.019159 0.005061 0.002481 0.001995 0.017714 0.000826 0.002397 0.005118 0.006909 0.025320 0.002508 0.006185 0.006791 0.010059 0.005975 0.065325 0.033563 0.001891 0.003106 0.004605 0.008299 0.000370 0.001610 0.029362 0.011980 
-0.000000 -0.000000 0.000004 0.000366 0.000021 -0.000000 0.001190 0.000159 0.001099 0.000126 0.000094 0.000211 0.000585 0.000687 -0.000000 0.001790 0.000808 0.000728 0.000078 0.000000 0.000310 0.004483 0.000047 0.000032 0.002172 0.000046 0.001551 0.000041 0.005509 0.007067 0.000097 0.000389 0.000729 0.000187 0.002327 0.001164 0.003178 0.000548 0.011223 0.000166 0.005626 0.009798 0.000472 0.054790 0.002243 0.009478 0.000868 0.000384 0.001507 0.004546 0.000136 0.000309 0.009891 0.008550 0.016029 0.000310 0.001848 0.000815 0.003444 0.001430 0.337133 0.013368 0.000291 0.000890 0.001469 0.003124 0.000057 0.000337 0.014154 0.004832 
0.000138 -0.000000 0.000010 0.000146 0.000106 -0.000000 0.000793 0.000304 0.002076 0.000251 0.000374 0.000845 0.000804 0.001909 0.000407 0.003692 0.001615 0.001195 0.000274 0.000000 0.000720 0.005737 0.000197 0.000080 0.004220 0.000116 0.005701 0.000290 0.009259 0.012771 0.000582 0.001618 0.001970 0.000732 0.002979 0.004288 0.007681 0.001983 0.010395 0.000735 0.018156 0.040973 0.001582 0.091725 0.007203 0.032407 0.004416 0.002749 0.003802 0.025239 0.000919 0.002371 0.007530 0.011314 0.055879 0.002621 0.010791 0.007443 0.021061 0.010631 0.089016 0.089870 0.001978 0.005096 0.008897 0.025697 0.000685 0.002883 0.134156 0.043694 
-0.000000 -0.000000 0.000002 -0.000000 0.000064 -0.000000 0.000198 0.000101 0.000366 0.000267 0.000281 0.000359 0.000311 0.001298 0.000407 0.000970 0.000918 0.000364 0.000313 0.000000 0.000377 0.000813 0.000181 0.000101 0.001427 0.000173 0.003056 0.000621 0.002872 0.002798 0.001294 0.001888 0.001123 0.000535 0.000483 0.006677 0.002260 0.003210 0.001311 0.000938 0.010964 0.037329 0.004303 0.015974 0.003349 0.010573 0.012479 0.006879 0.000656 0.050635 0.004639 0.012137 0.000581 0.001186 0.012543 0.019614 0.053446 0.059327 0.038712 0.060192 0.005865 0.190993 0.027580 0.082707 0.114258 0.029842 0.015506 0.052292 0.019085 0.022510 
0.000138 -0.000000 -0.000000 0.000146 0.000042 -0.000000 0.000264 0.000043 0.000794 0.000079 -0.000000 0.000169 0.000183 0.000687 0.000203 0.000970 0.000624 0.000294 0.000078 0.000000 0.000209 0.002346 0.000055 0.000021 0.001707 0.000012 0.001688 0.000124 0.004102 0.005238 0.000259 0.000509 0.000867 0.000402 0.001608 0.001593 0.004149 0.000861 0.005634 0.000479 0.011252 0.031094 0.000930 0.061656 0.005245 0.023388 0.002183 0.001892 0.002733 0.020223 0.000519 0.001366 0.004452 0.007883 0.052392 0.001240 0.007149 0.004564 0.021352 0.009623 0.057079 0.118529 0.001367 0.005614 0.011974 0.045498 0.000670 0.002134 0.481427 0.094535 
0.000138 0.000036 0.000004 0.000330 0.000064 0.000044 0.001124 0.000304 0.001893 0.000471 0.000655 0.000929 0.000877 0.003665 0.000915 0.001865 0.001946 0.000987 0.000958 0.000001 0.000653 0.000976 0.000576 0.000218 0.002513 0.000532 0.004378 0.001160 0.005685 0.003013 0.002232 0.003475 0.001408 0.000596 0.000517 0.009434 0.002366 0.004776 0.000964 0.000893 0.007320 0.024292 0.004456 0.009613 0.002243 0.007006 0.010941 0.005716 0.000406 0.030203 0.004349 0.012756 0.000289 0.000555 0.005999 0.017641 0.026616 0.043680 0.015080 0.023773 0.002961 0.044911 0.021616 0.040496 0.021831 0.005799 0.012796 0.045608 0.004692 0.005091 
-0.000000 -0.000000 -0.000000 0.000183 -0.000000 -0.000000 0.000859 0.000174 0.001099 0.000079 -0.000000 0.000190 0.000585 0.000763 0.000102 0.002462 0.000330 0.000797 0.000098 0.000000 0.000293 0.005459 0.000008 0.000005 0.002575 0.000069 0.001551 -0.000000 0.006271 0.007426 0.000162 0.000240 0.000916 0.000219 0.002670 0.000858 0.004220 0.000522 0.011916 0.000241 0.007000 0.017328 0.000527 0.070475 0.002796 0.014267 0.001191 0.000870 0.002197 0.007629 0.000230 0.000387 0.011434 0.012595 0.027832 0.000423 0.002704 0.001467 0.006358 0.002694 0.277441 0.026014 0.000553 0.001165 0.002707 0.006442 0.000149 0.000805 0.031740 0.010260 
-0.000000 -0.000000 -0.000000 -0.000000 -0.000000 -0.000000 0.000066 0.000043 0.000061 -0.000000 -0.000000 -0.000000 0.000018 0.000076 -0.000000 0.000224 -0.000000 0.000104 -0.000000 0.000000 0.000025 0.001626 -0.000000 -0.000000 0.000310 -0.000000 0.000137 -0.000000 0.000938 0.002117 -0.000000 -0.000000 0.000236 0.000111 0.001062 0.000123 0.001571 0.000130 0.005996 0.000158 0.004603 0.015385 0.000208 0.059488 0.002986 0.016076 0.000347 0.000499 0.003361 0.008152 0.000094 0.000026 0.009254 0.015463 0.064974 0.000028 0.001848 0.000869 0.013384 0.002694 0.161483 0.076022 0.000233 0.001391 0.004304 0.025363 0.000244 0.000468 0.318786 0.061955 
