# Flux Network Reconstruction using RW method
# Walkers leave from emitting cells
# Probability involves emitting fluxes, then absorbing flux is shared among connections
# Seed: 1684539223
# Threshold: 0.5
# Precision: 100000.0
# Dt: 1.0
# Radius step: 4.000000
# Matrix output


0.007368 0.012650 0.000261 0.011276 0.008122 0.001187 0.004830 0.005448 0.001320 0.013471 0.001977 0.000696 0.000252 0.000282 0.000741 0.001153 0.001012 0.000201 0.001434 0.000213 0.000534 0.000186 0.000185 0.000299 0.000378 0.000087 0.001187 0.000035 0.000003 0.000138 0.000179 0.000167 0.000126 0.000006 0.000717 0.000014 0.000035 0.000014 0.000078 -0.000000 -0.000000 -0.000000 -0.000000 0.000092 -0.000000 0.000028 0.000008 0.000005 0.000033 -0.000000 -0.000000 0.000051 0.000083 -0.000000 -0.000000 -0.000000 -0.000000 -0.000000 0.000029 -0.000000 0.000024 -0.000000 -0.000000 
-0.000000 0.000023 -0.000000 -0.000000 -0.000000 -0.000000 -0.000000 -0.000000 -0.000000 -0.000000 -0.000000 -0.000000 -0.000000 -0.000000 -0.000000 -0.000000 -0.000000 -0.000000 -0.000000 -0.000000 -0.000000 -0.000000 -0.000000 -0.000000 -0.000000 0.000005 -0.000000 -0.000000 -0.000000 -0.000000 -0.000000 -0.000000 -0.000000 -0.000000 -0.000000 -0.000000 -0.000000 -0.000000 -0.000000 -0.000000 -0.000000 -0.000000 -0.000000 -0.000000 -0.000000 -0.000000 -0.000000 -0.000000 -0.000000 -0.000000 -0.000000 -0.000000 -0.000000 -0.000000 -0.000000 -0.000000 -0.000000 -0.000000 -0.000000 -0.000000 -0.000000 -0.000000 -0.000000 
0.020412 0.021525 0.000934 0.022640 0.010795 0.004723 0.016159 0.012507 0.006862 0.046524 0.004034 0.003155 0.000621 0.001971 0.001893 0.003262 0.006541 0.000474 0.007355 0.002617 0.001797 0.005500 0.002156 0.001115 0.001891 0.000322 0.006529 0.000223 0.000046 0.001462 0.001401 0.001315 0.001258 0.000050 0.004729 0.000099 0.000452 0.000191 0.000780 0.000421 0.000208 0.000004 0.000335 0.001480 0.000044 0.000073 0.000025 0.000030 0.000265 0.000250 0.000102 0.000770 0.000250 0.000180 0.000019 0.000034 0.000099 0.000677 0.000029 0.000041 0.000073 0.000002 0.000036 
0.387224 0.003401 0.264846 0.001203 0.000103 0.023244 0.013686 0.000129 0.166546 0.003750 0.000041 0.007850 -0.000000 0.106332 0.000016 0.000033 0.014172 -0.000000 0.000935 0.000700 -0.000000 0.012584 0.021563 -0.000000 0.000050 0.000060 -0.000000 0.001916 0.000062 0.000028 -0.000000 0.000048 0.003146 0.000004 -0.000000 0.000005 0.000452 -0.000000 0.000936 -0.000000 -0.000000 0.000001 -0.000000 -0.000000 -0.000000 -0.000000 0.000178 0.000061 -0.000000 -0.000000 -0.000000 -0.000000 -0.000000 0.000060 0.000212 -0.000000 -0.000000 -0.000000 -0.000000 -0.000000 -0.000000 0.000004 -0.000000 
0.244044 0.126940 0.007544 0.099341 0.031458 0.030836 0.102991 0.033878 0.037413 0.174985 0.010154 0.016718 0.001331 0.010699 0.003407 0.005404 0.017442 0.000794 0.020568 0.008885 0.002477 0.013982 0.006346 0.001468 0.003656 0.000725 0.010090 0.000482 0.000103 0.001655 0.002981 0.002534 0.001951 0.000073 0.004156 0.000081 0.000800 0.000162 0.000936 0.000542 0.000240 0.000003 0.000530 0.001017 0.000022 0.000028 0.000059 0.000040 0.000166 0.000188 0.000068 0.000359 0.000083 0.000300 0.000077 -0.000000 0.000074 0.000151 -0.000000 0.000031 -0.000000 -0.000000 0.000018 
0.677468 0.019242 0.059714 0.017782 0.003393 0.053214 0.076941 0.008155 0.141340 0.062356 0.002247 0.027250 0.000409 0.070481 0.000883 0.001153 0.041191 0.000237 0.018823 0.010102 0.000874 0.038777 0.025136 0.000462 0.001916 0.000774 0.005194 0.002892 0.000263 0.001076 0.002534 0.001673 0.007551 0.000120 0.006163 0.000072 0.002366 0.000170 0.005774 0.001505 0.000339 0.000011 0.000195 0.001387 -0.000000 0.000009 0.000339 0.000202 0.000696 0.000104 0.000034 0.000616 0.000250 0.000841 0.000463 -0.000000 0.000025 0.000301 -0.000000 0.000072 0.000024 0.000003 0.000072 
0.098076 0.211924 0.002577 0.183752 0.173536 0.015430 0.071651 0.080682 0.015177 0.244424 0.026657 0.008371 0.004185 0.002252 0.010584 0.015027 0.008020 0.003318 0.017576 0.005599 0.007966 0.005406 0.002341 0.003507 0.005824 0.000556 0.015729 0.000223 0.000042 0.002675 0.001759 0.002151 0.000252 0.000038 0.005446 0.000176 0.000139 0.000247 0.000156 0.000211 0.000076 0.000000 0.000363 0.000832 0.000053 0.000046 0.000017 0.000005 0.000166 0.000167 0.000170 0.000308 0.000167 -0.000000 0.000019 -0.000000 0.000099 0.000301 -0.000000 -0.000000 0.000024 -0.000000 0.000018 
0.065218 0.003448 0.009784 0.006061 0.001028 0.009743 0.018574 0.003900 0.025602 0.023054 0.001259 0.007378 0.000271 0.015861 0.001120 0.001779 0.015885 0.000296 0.011530 0.006025 0.001069 0.019016 0.010350 0.000952 0.001689 0.000873 0.009794 0.001458 0.000199 0.001682 0.004025 0.002199 0.006292 0.000193 0.013902 0.000257 0.002923 0.000410 0.007335 0.002348 0.000765 0.000020 0.001060 0.005086 0.000109 0.000129 0.000416 0.000308 0.001990 0.000625 0.000648 0.002412 0.001084 0.002522 0.000366 0.000101 0.000521 0.002710 0.000206 0.000247 0.000315 0.000009 0.000343 
0.002987 0.003984 0.000299 0.008691 0.028888 0.001311 0.002933 0.006382 0.001056 0.017221 0.002247 0.000546 0.000512 0.000563 0.001782 0.003361 0.002414 0.000664 0.002431 0.000882 0.002089 0.001585 0.000986 0.001495 0.001488 0.000104 0.005342 0.000047 0.000044 0.001048 0.000745 0.000717 0.000503 0.000017 0.002293 0.000113 0.000104 0.000155 0.000234 0.000391 0.000098 0.000002 0.000335 0.000740 0.000044 0.000055 0.000025 0.000025 0.000066 0.000167 0.000102 0.000411 0.000417 0.000180 0.000058 -0.000000 0.000124 0.000151 0.000059 0.000021 0.000073 0.000002 0.000018 
0.056754 0.132717 0.002203 0.158794 0.250331 0.010089 0.048706 0.078458 0.011283 0.201372 0.029933 0.006434 0.005308 0.003003 0.013723 0.020266 0.006619 0.004029 0.014086 0.004656 0.010783 0.004847 0.002896 0.004948 0.007085 0.000491 0.018697 0.000071 0.000044 0.002620 0.002266 0.002175 0.000440 0.000034 0.002150 0.000180 0.000313 0.000162 0.000390 0.000271 0.000153 0.000001 0.000418 0.001387 0.000044 0.000046 0.000008 0.000005 0.000066 0.000167 0.000205 0.000257 0.000167 0.000180 -0.000000 0.000067 0.000099 0.000075 0.000029 0.000010 0.000048 0.000001 0.000018 
0.237273 0.016703 0.011315 0.023398 0.006785 0.028115 0.054054 0.013925 0.051468 0.068466 0.004441 0.019028 0.000863 0.025058 0.002776 0.004515 0.035351 0.000806 0.024681 0.013054 0.002720 0.036260 0.018236 0.002338 0.004059 0.001565 0.020181 0.002304 0.000364 0.003944 0.006201 0.004326 0.009564 0.000349 0.024364 0.000402 0.005184 0.000770 0.009442 0.004516 0.001420 0.000027 0.002232 0.009063 0.000193 0.000266 0.000399 0.000328 0.002951 0.000938 0.000682 0.003849 0.002419 0.003423 0.000520 -0.000000 0.000768 0.003688 0.000529 0.000329 0.000411 0.000013 0.000379 
0.033356 0.097517 0.000784 0.128889 0.366707 0.005836 0.029557 0.070013 0.005411 0.151654 0.028742 0.003329 0.005300 0.001595 0.012556 0.020266 0.003348 0.004432 0.009785 0.002708 0.012483 0.002237 0.001171 0.004241 0.005497 0.000349 0.012019 0.000047 0.000018 0.001793 0.000924 0.001076 0.000189 0.000021 0.001720 0.000131 0.000104 0.000120 0.000234 0.000120 0.000044 0.000001 0.000251 0.000462 0.000044 0.000083 -0.000000 -0.000000 0.000099 0.000167 0.000102 0.000154 0.000083 -0.000000 -0.000000 -0.000000 0.000025 0.000075 -0.000000 -0.000000 -0.000000 -0.000000 -0.000000 
0.014537 0.023203 0.000635 0.043854 0.226172 0.003140 0.013859 0.029591 0.003695 0.082632 0.012523 0.002236 0.002811 0.001220 0.009148 0.015554 0.004127 0.003449 0.006669 0.002678 0.010346 0.003729 0.001109 0.004812 0.005194 0.000382 0.017510 0.000094 0.000039 0.002124 0.001819 0.001864 0.000315 0.000055 0.003870 0.000190 0.000174 0.000240 0.000546 0.000391 0.000153 0.000002 0.000335 0.001942 0.000088 0.000073 0.000008 0.000010 0.000066 0.000292 0.000273 0.000616 0.000167 0.000120 -0.000000 0.000034 0.000124 0.000226 0.000029 0.000062 0.000097 0.000002 0.000018 
0.004978 0.010949 0.000149 0.017560 0.150919 0.000940 0.004888 0.012926 0.001386 0.026942 0.005510 0.000795 0.001502 0.000563 0.004196 0.006492 0.001090 0.001588 0.002680 0.000548 0.003983 0.000559 0.000123 0.001332 0.001387 0.000104 0.004748 0.000012 0.000002 0.000883 0.000298 0.000430 0.000126 0.000006 0.000430 0.000068 0.000070 0.000042 0.000078 0.000030 -0.000000 0.000000 0.000056 0.000185 0.000009 0.000009 0.000008 0.000005 -0.000000 0.000042 0.000034 0.000154 0.000083 -0.000000 -0.000000 0.000034 -0.000000 -0.000000 -0.000000 0.000010 0.000024 -0.000000 -0.000000 
0.324496 0.013884 0.022369 0.020501 0.004729 0.035855 0.062968 0.012120 0.083603 0.074716 0.004156 0.026704 0.000738 0.044016 0.002587 0.004218 0.050847 0.000865 0.034591 0.017588 0.002769 0.050242 0.031358 0.002855 0.004841 0.002187 0.021665 0.003550 0.000529 0.004827 0.007990 0.005498 0.015667 0.000487 0.033679 0.000546 0.007585 0.001264 0.013890 0.005389 0.001748 0.000046 0.002566 0.008601 0.000258 0.000340 0.000746 0.000514 0.004244 0.001438 0.000921 0.004927 0.002002 0.005104 0.000906 0.000067 0.000645 0.005721 0.000323 0.000473 0.000678 0.000019 0.000559 
0.155626 0.467085 0.004183 0.371559 0.185256 0.023739 0.117827 0.134964 0.023755 0.422326 0.041955 0.012942 0.006013 0.005631 0.013202 0.020596 0.011680 0.003413 0.025990 0.007942 0.009860 0.009694 0.003019 0.005139 0.008926 0.000845 0.021516 0.000223 0.000060 0.003420 0.002743 0.003681 0.001258 0.000063 0.004443 0.000226 0.000139 0.000275 0.000546 0.000271 0.000131 0.000001 0.000474 0.000925 0.000074 0.000046 0.000034 0.000010 0.000099 0.000104 0.000170 0.000154 0.000250 0.000120 0.000019 0.000034 0.000025 0.000452 -0.000000 0.000010 0.000048 0.000001 0.000036 
0.555496 0.008177 0.777622 0.008022 0.000617 0.084223 0.064348 0.002740 0.587991 0.032081 0.000826 0.054972 0.000106 0.561974 0.000174 0.000494 0.119369 0.000047 0.020381 0.015366 0.000049 0.122296 0.142067 0.000190 0.000857 0.000998 0.002226 0.014964 0.000769 0.000359 0.002952 0.001028 0.037249 0.000187 0.006306 0.000018 0.006681 0.000057 0.018728 0.002589 0.000240 0.000022 0.000084 0.000462 0.000004 -0.000000 0.001595 0.000620 0.001326 0.000042 -0.000000 0.000257 -0.000000 0.003843 0.001291 -0.000000 0.000025 0.000376 -0.000000 0.000041 -0.000000 0.000017 0.000162 
0.010256 0.019825 0.000373 0.040824 0.722106 0.003289 0.011846 0.030719 0.003497 0.078605 0.014364 0.002111 0.003955 0.000939 0.013975 0.024122 0.002647 0.007051 0.006918 0.002678 0.017583 0.002796 0.001355 0.007314 0.006883 0.000371 0.018845 0.000094 0.000034 0.002400 0.001133 0.002103 0.000189 0.000050 0.004013 0.000235 0.000348 0.000304 0.000390 0.000361 0.000153 0.000001 0.000586 0.001387 0.000083 0.000165 0.000017 0.000010 0.000166 0.000292 0.000273 0.000308 0.000334 0.000120 0.000019 0.000034 0.000124 0.000151 0.000059 0.000021 0.000145 -0.000000 -0.000000 
1.985108 0.023482 0.198635 0.020724 0.003084 0.304349 0.215930 0.005125 1.081162 0.080132 0.001665 0.116651 0.000208 0.237065 0.000521 0.000593 0.127545 0.000095 0.034591 0.019687 0.000291 0.104865 0.087237 0.000163 0.001891 0.001085 0.003413 0.006900 0.000467 0.000772 0.002296 0.001458 0.015604 0.000139 0.003583 0.000032 0.003062 0.000064 0.007647 0.001204 0.000098 0.000007 0.000028 0.000555 0.000009 -0.000000 0.000577 0.000227 0.000332 0.000021 0.000034 0.000154 -0.000000 0.001261 0.000655 -0.000000 -0.000000 0.000301 -0.000000 -0.000000 0.000024 0.000007 0.000036 
0.014736 0.017029 0.001643 0.040868 0.328361 0.005465 0.018459 0.038488 0.009238 0.107630 0.017694 0.004894 0.005326 0.005068 0.021136 0.038753 0.012848 0.010228 0.018636 0.007029 0.029337 0.012025 0.006962 0.015769 0.013691 0.001216 0.056387 0.000576 0.000157 0.008992 0.005307 0.006478 0.003209 0.000269 0.018488 0.000943 0.001775 0.001137 0.002887 0.002408 0.001016 0.000012 0.003515 0.010173 0.000394 0.000615 0.000127 0.000131 0.001293 0.001521 0.001603 0.003131 0.004087 0.001201 0.000193 0.000302 0.000967 0.003764 0.000353 0.000298 0.000508 0.000005 0.000253 
0.045304 0.045264 0.003959 0.140566 0.099721 0.014589 0.055550 0.131709 0.026064 0.336499 0.059568 0.015053 0.010009 0.011450 0.027919 0.043300 0.033405 0.009173 0.048303 0.017253 0.022926 0.028710 0.015032 0.019439 0.026626 0.002732 0.108472 0.001493 0.000395 0.016880 0.012939 0.012740 0.007488 0.000495 0.043282 0.001710 0.004732 0.002260 0.009442 0.005148 0.002491 0.000033 0.005691 0.020623 0.000731 0.001102 0.000305 0.000288 0.003847 0.003375 0.003035 0.007647 0.007590 0.002582 0.000482 0.000670 0.001785 0.006248 0.000823 0.000545 0.001186 0.000013 0.000704 
0.037338 0.072567 0.001867 0.184153 0.593908 0.011202 0.052157 0.178351 0.012669 0.382746 0.101970 0.008719 0.025997 0.003191 0.073756 0.115072 0.011680 0.023857 0.034965 0.010376 0.063629 0.012118 0.003204 0.030478 0.031669 0.001756 0.108472 0.000235 0.000103 0.014756 0.007096 0.009250 0.001133 0.000199 0.018058 0.001029 0.000905 0.001074 0.001170 0.001114 0.000677 0.000004 0.002315 0.005271 0.000298 0.000578 0.000059 0.000035 0.000497 0.001021 0.001330 0.001745 0.002586 0.000060 0.000058 0.000168 0.000297 0.000979 0.000235 0.000103 0.000242 0.000001 0.000090 
0.034152 0.036971 0.002876 0.099831 0.180115 0.012908 0.047729 0.104793 0.021181 0.292892 0.058851 0.011650 0.017352 0.010136 0.052052 0.079714 0.024684 0.015537 0.042881 0.014666 0.043132 0.025727 0.011151 0.028004 0.032829 0.002596 0.128504 0.001222 0.000308 0.021293 0.011389 0.012621 0.005726 0.000458 0.038122 0.001832 0.004280 0.002190 0.006243 0.004034 0.002415 0.000023 0.006444 0.018219 0.000696 0.001331 0.000263 0.000237 0.003051 0.003313 0.002591 0.005543 0.008425 0.001681 0.000328 0.000536 0.001636 0.006097 0.000647 0.000535 0.001089 0.000013 0.000487 
0.043512 0.000839 0.212975 0.000802 0.000308 0.009916 0.010696 0.000580 0.079908 0.005972 0.000190 0.009613 0.000026 0.678724 0.000047 0.000132 0.039089 0.000036 0.007791 0.004960 0.000049 0.051734 0.090933 0.000054 0.000303 0.000474 0.000148 0.028705 0.000689 0.000496 0.001550 0.000550 0.089160 0.000189 0.004873 0.000023 0.014857 0.000113 0.048147 0.003853 0.000557 0.000066 0.000195 0.000740 0.000004 -0.000000 0.007532 0.002441 0.003979 0.000063 -0.000000 0.001026 -0.000000 0.017533 0.007863 -0.000000 0.000124 0.001656 0.000059 0.000072 0.000024 0.000081 0.000397 
0.019715 0.006127 0.002801 0.017426 0.005243 0.007196 0.028867 0.013442 0.013461 0.082910 0.004779 0.008098 0.000987 0.009291 0.003344 0.005272 0.017598 0.001197 0.023559 0.009189 0.003011 0.020880 0.008810 0.003969 0.005648 0.001358 0.026265 0.001340 0.000299 0.005654 0.006171 0.005211 0.007173 0.000307 0.021067 0.000627 0.003827 0.001130 0.007881 0.004245 0.001694 0.000029 0.002734 0.009156 0.000249 0.000468 0.000458 0.000282 0.003084 0.001521 0.001466 0.004516 0.003086 0.002222 0.000347 0.000168 0.001041 0.004065 0.000588 0.000432 0.000799 0.000011 0.000469 
0.298508 0.012300 0.122266 0.020546 0.005140 0.140948 0.151295 0.010250 1.447510 0.096936 0.003344 0.196861 0.000738 0.348090 0.002098 0.001977 0.490480 0.000427 0.114681 0.081000 0.001360 0.444256 0.271936 0.001251 0.005673 0.006517 0.016026 0.019419 0.002577 0.004275 0.018782 0.007004 0.064620 0.001060 0.044428 0.000325 0.022825 0.000968 0.036988 0.013306 0.002043 0.000087 0.001311 0.005919 0.000105 0.000083 0.002044 0.001266 0.006798 0.000521 0.000273 0.003131 0.000918 0.008767 0.001792 0.000067 0.000273 0.003764 0.000029 0.000196 0.000290 0.000035 0.000722 
0.003684 0.011275 0.000075 0.026473 0.980868 0.000593 0.004543 0.027689 0.000660 0.042913 0.019603 0.000596 0.009530 0.000094 0.050049 0.165326 0.000389 0.088647 0.003740 0.000609 0.329851 0.000373 0.000246 0.038308 0.010313 0.000169 0.033239 -0.000000 -0.000000 0.003006 0.000328 0.001721 -0.000000 0.000011 0.001147 0.000311 0.000035 0.000148 -0.000000 0.000030 0.000033 -0.000000 0.000530 0.000555 0.000092 0.000138 -0.000000 0.000005 -0.000000 0.000104 0.000409 -0.000000 0.000417 -0.000000 -0.000000 0.000101 0.000025 0.000075 0.000029 -0.000000 -0.000000 -0.000000 -0.000000 
0.229108 0.031659 0.030510 0.067386 0.013673 0.163920 0.455092 0.043613 0.282811 0.389551 0.014811 0.335471 0.003049 0.083808 0.009007 0.012621 0.423826 0.001647 0.507152 0.244095 0.004663 0.321121 0.097032 0.007042 0.025441 0.016562 0.083097 0.007088 0.001901 0.018700 0.044750 0.025218 0.023784 0.001547 0.096165 0.001340 0.012456 0.003129 0.019274 0.012644 0.003759 0.000064 0.004352 0.016276 0.000337 0.000386 0.000772 0.000600 0.005471 0.001500 0.000989 0.005645 0.002252 0.003543 0.000578 0.000168 0.000694 0.006474 0.000176 0.000453 0.000387 0.000015 0.000704 
0.097578 0.011788 0.023116 0.025715 0.008122 0.049851 0.086545 0.018277 0.173474 0.105269 0.006580 0.081253 0.001385 0.085591 0.005111 0.008106 0.222698 0.001778 0.109446 0.061952 0.004469 0.212807 0.092227 0.005682 0.011926 0.007095 0.057723 0.009016 0.001900 0.011667 0.027458 0.015274 0.040521 0.001604 0.098888 0.001385 0.022512 0.003369 0.040655 0.019267 0.005518 0.000134 0.007978 0.029316 0.000718 0.001194 0.002239 0.001675 0.011606 0.004459 0.002830 0.014524 0.009175 0.014111 0.002428 0.000268 0.002702 0.015657 0.000911 0.001492 0.002081 0.000054 0.002184 
0.154232 0.060010 0.012212 0.179161 0.045748 0.076260 0.395863 0.140638 0.097856 1.382245 0.055155 0.092655 0.011248 0.031627 0.032509 0.040038 0.147946 0.006364 0.457477 0.125273 0.015252 0.124720 0.037088 0.021859 0.084367 0.018116 0.250479 0.002809 0.001126 0.049895 0.058762 0.057367 0.010319 0.001507 0.118953 0.003366 0.006507 0.005255 0.011003 0.008911 0.004687 0.000038 0.008927 0.030426 0.000805 0.001340 0.000305 0.000247 0.003614 0.003209 0.002216 0.008160 0.004504 0.002342 0.000443 0.000302 0.001487 0.005495 0.000411 0.000473 0.000726 0.000010 0.000451 
0.052672 0.030914 0.006274 0.097469 0.055104 0.022848 0.078206 0.102150 0.038205 0.444685 0.049970 0.024219 0.014311 0.020272 0.043376 0.061128 0.058010 0.011946 0.091433 0.036027 0.032397 0.059377 0.027107 0.031756 0.061901 0.006277 0.233117 0.002927 0.000752 0.037925 0.028293 0.029950 0.013528 0.001178 0.092009 0.003682 0.009742 0.004860 0.015295 0.010988 0.005135 0.000062 0.012860 0.039859 0.001598 0.002571 0.000797 0.000585 0.007892 0.006563 0.005148 0.016833 0.016932 0.004744 0.000771 0.000771 0.004487 0.014829 0.001558 0.001646 0.002977 0.000027 0.001408 
0.112214 0.005405 0.175780 0.009003 0.002673 0.038526 0.051812 0.006415 0.246387 0.038330 0.002044 0.047222 0.000413 1.387949 0.001215 0.001747 0.188826 0.000391 0.053788 0.035175 0.001409 0.252143 0.311365 0.000897 0.003807 0.004346 0.014394 0.049663 0.002908 0.003889 0.015384 0.006525 0.157870 0.001224 0.054747 0.000388 0.045616 0.001095 0.102380 0.022126 0.003190 0.000220 0.002622 0.013040 0.000131 0.000174 0.007167 0.003763 0.015751 0.001229 0.000648 0.008930 0.001668 0.027981 0.007401 0.000067 0.000645 0.010162 0.000118 0.000545 0.000774 0.000124 0.002003 
0.086028 0.049248 0.007170 0.166994 0.073712 0.038204 0.185568 0.177900 0.052326 1.149903 0.088445 0.045682 0.021549 0.019990 0.061595 0.080109 0.084096 0.012657 0.228178 0.068768 0.032203 0.077088 0.025259 0.041489 0.128845 0.012297 0.382247 0.001834 0.000829 0.067492 0.048089 0.058132 0.008872 0.001308 0.112217 0.004824 0.005741 0.006350 0.009130 0.008309 0.005026 0.000037 0.012860 0.038379 0.001370 0.001901 0.000373 0.000257 0.003946 0.005188 0.003887 0.011034 0.008675 0.002342 0.000289 0.000536 0.002553 0.007226 0.000676 0.000916 0.001186 0.000003 0.000866 
0.016230 0.015142 0.001419 0.044612 0.197078 0.005811 0.022484 0.045418 0.008578 0.139155 0.025899 0.006210 0.011829 0.004505 0.074529 0.223521 0.013471 0.066343 0.024120 0.007972 0.171653 0.013982 0.004621 0.071858 0.042940 0.001685 0.187117 0.000611 0.000170 0.023196 0.008705 0.011521 0.002139 0.000290 0.024794 0.002405 0.001322 0.002126 0.002497 0.002770 0.001420 0.000015 0.006053 0.017294 0.000884 0.001625 0.000144 0.000071 0.001625 0.003563 0.003682 0.005183 0.007090 0.001021 0.000154 0.000436 0.002157 0.004441 0.000823 0.000720 0.000920 0.000004 0.000433 
0.166977 0.013302 0.059266 0.026963 0.006682 0.085064 0.134791 0.017697 0.409766 0.129156 0.006092 0.145416 0.001469 0.214541 0.004748 0.006657 0.674867 0.001268 0.179127 0.114593 0.002720 0.614464 0.251852 0.004867 0.011750 0.011463 0.050749 0.019701 0.003688 0.011171 0.038340 0.017616 0.080665 0.002254 0.116659 0.001272 0.035873 0.003390 0.073976 0.026732 0.006140 0.000184 0.006025 0.025432 0.000464 0.000679 0.003274 0.002139 0.017210 0.003063 0.001398 0.012522 0.005005 0.016453 0.002679 0.000436 0.001810 0.011743 0.000529 0.001060 0.001259 0.000057 0.002220 
0.011650 0.002796 0.002017 0.006106 0.002776 0.005712 0.015526 0.004642 0.010822 0.028886 0.001625 0.006384 0.000453 0.007883 0.001546 0.002933 0.019467 0.000735 0.025866 0.010863 0.001846 0.020134 0.008440 0.001958 0.003177 0.001216 0.017807 0.001058 0.000269 0.003613 0.005784 0.003872 0.005915 0.000309 0.020494 0.000356 0.003305 0.000890 0.006243 0.003462 0.001300 0.000025 0.002427 0.008693 0.000249 0.000349 0.000348 0.000388 0.001857 0.001167 0.000921 0.004208 0.002586 0.002702 0.000308 0.000201 0.000818 0.004140 0.000294 0.000350 0.000629 0.000007 0.000596 
0.084932 0.012626 0.016544 0.031108 0.010897 0.039144 0.090225 0.022242 0.092973 0.132072 0.008854 0.062896 0.001795 0.058281 0.006956 0.010248 0.176990 0.002347 0.165228 0.097036 0.006411 0.175055 0.068200 0.006144 0.016011 0.009391 0.075678 0.007323 0.001738 0.016852 0.032407 0.019935 0.034796 0.001711 0.120959 0.001994 0.020181 0.004295 0.038314 0.019026 0.006698 0.000143 0.009568 0.039304 0.000998 0.001497 0.002002 0.001584 0.013065 0.004959 0.003887 0.016885 0.009676 0.013991 0.002351 0.000402 0.004660 0.017614 0.001352 0.001842 0.002686 0.000047 0.002418 
0.014736 0.002260 0.003846 0.005081 0.001439 0.006380 0.013686 0.003514 0.021379 0.019304 0.001422 0.010036 0.000369 0.013139 0.001562 0.001549 0.049056 0.000403 0.024058 0.012506 0.001263 0.044743 0.017928 0.001305 0.002446 0.001669 0.016026 0.001928 0.000392 0.002951 0.006320 0.003968 0.009249 0.000397 0.024077 0.000379 0.005985 0.000925 0.011081 0.004546 0.001672 0.000034 0.001953 0.008508 0.000315 0.000533 0.000534 0.000454 0.003880 0.001104 0.000989 0.005183 0.003170 0.003963 0.000597 0.000134 0.000843 0.004893 0.000500 0.000484 0.000895 0.000013 0.000614 
0.063923 0.027140 0.009112 0.083742 0.044515 0.030044 0.118920 0.077233 0.059452 0.436630 0.035809 0.037931 0.009932 0.030783 0.038881 0.056943 0.099591 0.010796 0.207174 0.071902 0.027200 0.105331 0.041154 0.037438 0.120221 0.014555 0.414002 0.004044 0.001428 0.085530 0.066096 0.077445 0.019002 0.002210 0.196917 0.007116 0.013361 0.011330 0.020991 0.018514 0.009484 0.000088 0.024241 0.078793 0.002285 0.003663 0.000696 0.000741 0.010180 0.010856 0.008660 0.025968 0.020436 0.007686 0.001079 0.001073 0.006123 0.021077 0.002087 0.002336 0.003509 0.000023 0.002292 
0.000398 0.000513 -0.000000 0.001694 0.024571 0.000049 0.000633 0.001902 0.000066 0.005694 0.001381 0.000124 0.000899 -0.000000 0.006814 0.034634 0.000389 0.048792 0.001060 0.000213 0.472215 0.000280 -0.000000 0.094370 0.008144 0.000076 0.078794 -0.000000 0.000005 0.005765 0.000358 0.001052 -0.000000 0.000006 0.001433 0.000975 -0.000000 0.000233 -0.000000 0.000090 0.000066 -0.000000 0.001674 0.002404 0.000600 0.001028 0.000008 -0.000000 0.000033 0.000667 0.003137 0.000308 0.002586 -0.000000 -0.000000 0.000201 0.000248 -0.000000 0.000353 0.000010 0.000145 -0.000000 0.000036 
0.067010 0.008666 0.021249 0.018495 0.005243 0.038897 0.087407 0.013055 0.148202 0.118323 0.005970 0.081179 0.001418 0.091879 0.004464 0.006096 0.733578 0.000782 0.427935 0.361609 0.002817 0.958702 0.213286 0.004894 0.017826 0.049025 0.068704 0.013812 0.007871 0.018645 0.116331 0.037097 0.060216 0.005966 0.268861 0.001439 0.040362 0.006159 0.052438 0.043169 0.011581 0.000196 0.006946 0.036437 0.000442 0.000578 0.001900 0.001644 0.017243 0.003250 0.001296 0.014883 0.003420 0.010748 0.001927 0.000201 0.001314 0.015808 0.000323 0.000947 0.000968 0.000039 0.002129 
0.052772 0.009528 0.012772 0.025403 0.011925 0.024208 0.057735 0.018793 0.068954 0.101797 0.008231 0.035472 0.001941 0.051524 0.007224 0.011468 0.157835 0.002714 0.180062 0.100322 0.007917 0.193325 0.074607 0.008673 0.021382 0.019964 0.100162 0.008452 0.002476 0.022341 0.059060 0.032293 0.042535 0.002964 0.183875 0.002775 0.027453 0.006456 0.047912 0.027636 0.010871 0.000184 0.014087 0.056875 0.001344 0.001919 0.002519 0.002023 0.018768 0.007709 0.004671 0.028432 0.014597 0.018554 0.002505 0.000737 0.005528 0.026948 0.002292 0.002501 0.003921 0.000059 0.003627 
0.044906 0.002330 0.037568 0.003744 0.001028 0.019832 0.031225 0.002998 0.163379 0.029164 0.001246 0.046228 0.000260 0.262311 0.000757 0.001022 0.582517 0.000107 0.103836 0.096001 0.000389 1.374527 1.138572 0.000707 0.004463 0.016807 0.012613 0.041294 0.021357 0.004248 0.052620 0.011067 0.169888 0.005116 0.149336 0.000365 0.094154 0.001999 0.112758 0.059967 0.007156 0.000326 0.001813 0.011283 0.000088 0.000230 0.002799 0.002214 0.021687 0.000729 0.000170 0.007955 0.000751 0.013030 0.002794 0.000067 0.000496 0.010764 0.000088 0.000370 0.000290 0.000035 0.001516 
0.034650 0.014350 0.004332 0.044033 0.033309 0.015010 0.058540 0.045611 0.025338 0.253868 0.022907 0.020121 0.008645 0.013702 0.039717 0.066005 0.055986 0.013534 0.139362 0.043573 0.034486 0.059004 0.019961 0.065061 0.286509 0.011250 1.152529 0.001975 0.000973 0.258136 0.068809 0.127187 0.009501 0.001791 0.214831 0.015549 0.008246 0.016260 0.010456 0.014269 0.009986 0.000054 0.040616 0.111161 0.004084 0.006317 0.000534 0.000353 0.007793 0.016336 0.014286 0.030536 0.026441 0.004083 0.000482 0.001140 0.007387 0.021679 0.002704 0.002284 0.004235 0.000013 0.001823 
0.045403 0.011042 0.011988 0.032356 0.014907 0.022725 0.064405 0.026690 0.052194 0.149154 0.011115 0.030827 0.003151 0.044016 0.012382 0.021947 0.123807 0.004160 0.177693 0.076862 0.013260 0.145040 0.063210 0.017210 0.041881 0.024098 0.209524 0.006959 0.002398 0.051109 0.136067 0.086481 0.039200 0.004496 0.361014 0.005988 0.028497 0.014226 0.047210 0.036155 0.017077 0.000203 0.028649 0.106167 0.002521 0.003783 0.002095 0.001902 0.022217 0.014565 0.008660 0.045419 0.026108 0.016393 0.002448 0.001408 0.009098 0.042153 0.003027 0.004281 0.006268 0.000062 0.004060 
0.031763 0.001398 0.045075 0.001827 0.000514 0.012438 0.014664 0.001579 0.091851 0.012499 0.000501 0.019326 0.000106 0.444474 0.000300 0.000428 0.146856 0.000012 0.031849 0.026503 0.000243 0.274980 0.654335 0.000462 0.001891 0.004990 0.005936 0.203120 0.010300 0.001793 0.019110 0.004661 0.820243 0.002477 0.077534 0.000235 0.209394 0.001236 0.385796 0.064543 0.006217 0.000685 0.001367 0.011467 0.000074 0.000083 0.012367 0.008297 0.038532 0.000750 0.000136 0.010367 0.000918 0.048577 0.008807 0.000067 0.000595 0.014904 0.000059 0.000669 0.000774 0.000161 0.003808 
0.000697 0.000349 0.000037 0.001738 0.004729 0.000223 0.000805 0.001870 0.000198 0.007360 0.001151 0.000348 0.000662 -0.000000 0.004795 0.016246 0.000857 0.008106 0.002244 0.000974 0.035263 0.001119 0.000246 0.051657 0.013137 0.000267 0.125091 0.000059 0.000026 0.012908 0.001759 0.004063 -0.000000 0.000032 0.005589 0.002825 0.000139 0.000975 0.000234 0.000301 0.000328 0.000001 0.006053 0.010173 0.002224 0.004205 0.000008 0.000010 0.000464 0.003480 0.012445 0.002104 0.017266 0.000120 0.000019 0.001408 0.001586 0.002183 0.001323 0.000340 0.000726 0.000001 0.000144 
0.008264 0.004985 0.001456 0.016178 0.023954 0.004080 0.017596 0.017664 0.006994 0.077771 0.009436 0.004819 0.004518 0.003285 0.027162 0.071673 0.015340 0.024188 0.032036 0.010711 0.072809 0.019948 0.006099 0.155951 0.087796 0.002748 0.863024 0.000541 0.000282 0.108561 0.018574 0.037504 0.003083 0.000667 0.073951 0.017972 0.002958 0.008201 0.004526 0.005238 0.004447 0.000024 0.046419 0.084249 0.009310 0.016315 0.000238 0.000217 0.003946 0.026858 0.039449 0.025199 0.078657 0.002162 0.000347 0.005095 0.011725 0.017388 0.006613 0.002984 0.006631 0.000011 0.001426 
0.027481 0.002027 0.041004 0.004056 0.001645 0.010781 0.016331 0.002772 0.054042 0.019443 0.000961 0.013886 0.000227 0.332698 0.000883 0.001054 0.067121 0.000261 0.026364 0.017375 0.000729 0.105052 0.149460 0.000897 0.002925 0.002667 0.016174 0.074865 0.002574 0.003558 0.013297 0.005665 0.343865 0.001383 0.066499 0.000469 0.083298 0.001603 0.268200 0.032693 0.005321 0.000503 0.003459 0.017479 0.000193 0.000477 0.026566 0.013790 0.040521 0.002188 0.000955 0.015602 0.003837 0.103159 0.027386 0.000168 0.002008 0.022131 0.000764 0.001646 0.001791 0.000470 0.005721 
0.006074 0.001770 0.001606 0.004858 0.003393 0.002349 0.007188 0.004513 0.006005 0.021248 0.001801 0.003527 0.000629 0.006006 0.002603 0.004745 0.011758 0.001256 0.013276 0.006512 0.003254 0.015567 0.006530 0.003915 0.008623 0.001467 0.058762 0.001128 0.000269 0.016301 0.009272 0.012931 0.006544 0.000441 0.042565 0.002030 0.004175 0.003115 0.006867 0.004696 0.002622 0.000034 0.009178 0.027744 0.000792 0.001396 0.000534 0.000409 0.003913 0.005063 0.002591 0.009443 0.010176 0.004083 0.000501 0.000436 0.002677 0.008581 0.001087 0.001019 0.002057 0.000010 0.000956 
0.032758 0.003821 0.020614 0.009359 0.004215 0.014070 0.028407 0.006963 0.064797 0.038886 0.002694 0.020394 0.000556 0.147532 0.002539 0.003790 0.122016 0.000664 0.059709 0.035966 0.002331 0.193045 0.209466 0.003453 0.007716 0.007962 0.043329 0.041223 0.007992 0.011088 0.040158 0.017306 0.267667 0.004362 0.215261 0.001597 0.228044 0.005283 0.319000 0.101451 0.017230 0.001000 0.011884 0.054101 0.000919 0.001414 0.010849 0.009740 0.072653 0.006834 0.003648 0.037824 0.011261 0.072836 0.010735 0.000603 0.005503 0.052692 0.001205 0.003684 0.004066 0.000247 0.008229 
0.005178 0.002726 0.001046 0.008602 0.011925 0.002448 0.009661 0.010218 0.005279 0.046385 0.004495 0.003130 0.002043 0.004129 0.012603 0.030218 0.009811 0.009896 0.024245 0.008429 0.028269 0.013889 0.005175 0.063566 0.055875 0.003021 0.593403 0.000599 0.000307 0.100480 0.022360 0.040468 0.004090 0.000710 0.096165 0.032921 0.003305 0.012679 0.006321 0.007406 0.006938 0.000034 0.105083 0.180058 0.026127 0.044299 0.000221 0.000262 0.006068 0.061926 0.094411 0.045265 0.191846 0.003303 0.000289 0.010258 0.026202 0.032669 0.015459 0.005536 0.014691 0.000010 0.002707 
0.026485 0.003215 0.013407 0.008602 0.003393 0.011622 0.023232 0.005190 0.039393 0.038052 0.002667 0.015451 0.000654 0.081274 0.002681 0.005404 0.087833 0.000841 0.054286 0.031585 0.003011 0.133948 0.113173 0.003725 0.009506 0.007329 0.052233 0.021217 0.005515 0.013763 0.043885 0.021297 0.145097 0.005189 0.255103 0.002175 0.173556 0.006802 0.239328 0.158438 0.023229 0.001299 0.017156 0.083972 0.001247 0.002121 0.009195 0.008050 0.109925 0.008939 0.004910 0.058557 0.017767 0.075538 0.010060 0.000805 0.008032 0.070005 0.002674 0.005649 0.006704 0.000242 0.011892 
0.003584 0.001747 0.000896 0.005036 0.006374 0.001484 0.005635 0.004481 0.003563 0.022637 0.002857 0.002186 0.001170 0.002534 0.006672 0.015817 0.006229 0.005653 0.011967 0.004230 0.018457 0.008203 0.002772 0.034393 0.020575 0.001211 0.194833 0.000388 0.000144 0.029264 0.007215 0.014413 0.002139 0.000409 0.040129 0.007210 0.001948 0.004111 0.002653 0.003944 0.002884 0.000016 0.030602 0.061499 0.009126 0.021741 0.000170 0.000161 0.003813 0.021607 0.067510 0.017347 0.106433 0.002162 0.000328 0.008012 0.013411 0.017087 0.011873 0.002603 0.008180 0.000004 0.001137 
0.019217 0.002632 0.009075 0.006329 0.003907 0.007641 0.018114 0.005061 0.029297 0.035553 0.002437 0.013662 0.000545 0.059595 0.002271 0.003724 0.083862 0.000818 0.056530 0.034140 0.002186 0.139820 0.099250 0.004051 0.010338 0.010732 0.058613 0.014235 0.006825 0.018369 0.084341 0.034516 0.095578 0.014298 0.694941 0.002933 0.119241 0.013632 0.160202 0.380726 0.070887 0.001055 0.026166 0.149447 0.001694 0.002369 0.006497 0.005886 0.133899 0.013689 0.005455 0.114805 0.020686 0.058485 0.006476 0.000905 0.011329 0.129697 0.002586 0.007841 0.009027 0.000176 0.016386 
0.003087 0.001724 0.000261 0.004769 0.007094 0.001113 0.005290 0.005448 0.001914 0.026109 0.003452 0.001689 0.001568 0.001783 0.010111 0.026000 0.005529 0.009303 0.014460 0.004443 0.027200 0.006525 0.001725 0.070009 0.047251 0.001821 0.573965 0.000200 0.000160 0.088647 0.014131 0.035018 0.000944 0.000434 0.069365 0.033002 0.001740 0.010115 0.001951 0.003944 0.005070 0.000016 0.103912 0.148245 0.038265 0.070677 0.000119 0.000111 0.003316 0.067739 0.150226 0.035360 0.229881 0.001621 0.000212 0.014649 0.025458 0.024615 0.019191 0.004723 0.013505 0.000002 0.001173 
0.003883 0.000070 0.012697 0.000178 -0.000000 0.000865 0.000690 0.000032 0.012801 0.000694 0.000054 0.001217 0.000004 0.144904 -0.000000 -0.000000 0.012614 -0.000000 0.001060 0.001643 -0.000000 0.025541 0.077441 -0.000000 0.000101 0.000464 0.000297 0.067730 0.001745 0.000055 0.001908 0.000430 0.852584 0.000497 0.012755 0.000032 0.210995 0.000212 2.096207 0.031519 0.002447 0.001461 0.000279 0.004347 -0.000000 0.000037 0.060750 0.061722 0.073217 0.000271 0.000034 0.007185 0.000250 0.205297 0.029448 -0.000000 0.000297 0.017388 0.000029 0.000792 0.000387 0.000425 0.006948 
0.005476 0.002097 0.001793 0.005036 0.003701 0.003042 0.007878 0.004126 0.006664 0.019304 0.001990 0.003776 0.000618 0.007226 0.003107 0.006360 0.014094 0.001398 0.015831 0.006785 0.003983 0.016312 0.009488 0.006362 0.009481 0.001658 0.077459 0.001422 0.000379 0.016632 0.012223 0.013935 0.008746 0.000571 0.061483 0.004833 0.006367 0.004732 0.010925 0.007857 0.004589 0.000056 0.029318 0.066863 0.002814 0.004233 0.000679 0.000585 0.007096 0.014669 0.010706 0.022479 0.029111 0.004864 0.000848 0.001810 0.007015 0.020098 0.003233 0.002943 0.006002 0.000020 0.002057 
0.020213 0.003727 0.009598 0.007666 0.003084 0.008432 0.020299 0.005705 0.035302 0.033608 0.002505 0.011824 0.000698 0.064100 0.002618 0.004317 0.062293 0.001304 0.043068 0.021178 0.003886 0.098713 0.077441 0.004133 0.008598 0.005279 0.047336 0.015587 0.003339 0.013212 0.034643 0.018190 0.108351 0.003634 0.194767 0.001918 0.115518 0.006414 0.184393 0.113944 0.019557 0.001183 0.014729 0.075279 0.001173 0.001974 0.007982 0.007490 0.103956 0.008835 0.004330 0.057172 0.015431 0.067011 0.008981 0.000905 0.008403 0.067596 0.002381 0.005433 0.006922 0.000220 0.011062 
0.008165 0.002539 0.001531 0.006061 0.004421 0.003833 0.012191 0.006608 0.008776 0.038330 0.003574 0.006036 0.001195 0.011637 0.005316 0.011336 0.024372 0.002512 0.038456 0.016157 0.008451 0.033184 0.017743 0.014165 0.029148 0.005819 0.241427 0.002116 0.000996 0.070664 0.059000 0.089827 0.012584 0.003113 0.435968 0.021564 0.014857 0.072350 0.022318 0.032813 0.036449 0.000147 0.236193 1.157570 0.010781 0.013551 0.001094 0.001241 0.026362 0.085408 0.026492 0.203488 0.096173 0.012610 0.001484 0.003721 0.037258 0.125105 0.009669 0.015003 0.020548 0.000056 0.009654 
0.000498 0.000093 0.000037 0.000134 0.000617 0.000198 0.000288 0.000322 0.000396 0.001944 0.000108 0.000273 0.000040 0.000751 0.000315 0.000330 0.001246 0.000130 0.001060 0.000304 0.000486 0.001398 0.000739 0.000544 0.000857 0.000115 0.004006 0.000082 0.000029 0.001076 0.000656 0.000908 0.000692 0.000044 0.004156 0.000244 0.000383 0.000290 0.000936 0.000572 0.000317 0.000004 0.001367 0.004254 0.000359 0.001129 0.000034 0.000050 0.000630 0.001104 0.006137 0.001386 0.007924 0.000360 0.000019 0.001576 0.001339 0.002183 0.001558 0.000370 0.001089 0.000004 0.000108 
0.004978 0.000932 0.003510 0.001827 0.000822 0.001929 0.004888 0.001999 0.008116 0.010832 0.000663 0.003825 0.000292 0.022149 0.001215 0.001779 0.029200 0.000320 0.021627 0.011076 0.000874 0.048378 0.036718 0.003018 0.005270 0.004292 0.041252 0.006289 0.002554 0.013267 0.043557 0.027034 0.047946 0.006046 0.503470 0.003605 0.065275 0.018711 0.114631 0.183123 0.092750 0.000912 0.042680 0.332373 0.002346 0.003369 0.005641 0.006426 0.226316 0.028733 0.008660 0.443260 0.043124 0.082143 0.007574 0.001609 0.030367 0.534897 0.005995 0.027825 0.024105 0.000252 0.053957 
0.007866 0.001910 0.002427 0.006239 0.004009 0.003808 0.010811 0.004223 0.011547 0.027637 0.002017 0.006011 0.000709 0.015579 0.003186 0.006162 0.027409 0.001635 0.029169 0.013145 0.004469 0.038963 0.020392 0.008020 0.014145 0.003959 0.097343 0.003797 0.001156 0.025540 0.031393 0.030691 0.023658 0.002466 0.250517 0.006768 0.024878 0.018358 0.042918 0.041273 0.028965 0.000243 0.086728 0.475069 0.007012 0.010871 0.002451 0.002562 0.043705 0.065926 0.027925 0.452549 0.111938 0.027801 0.003006 0.004794 0.058899 0.262029 0.015282 0.030017 0.041483 0.000105 0.019038 
0.005675 0.001538 0.001793 0.004323 0.002776 0.002250 0.007533 0.004223 0.006598 0.019721 0.002112 0.003304 0.000603 0.008634 0.002918 0.006162 0.017676 0.001541 0.019571 0.009098 0.005246 0.022744 0.014416 0.008782 0.012380 0.002285 0.107433 0.002363 0.000769 0.027885 0.023582 0.025457 0.013843 0.001635 0.164097 0.007774 0.014335 0.014409 0.024815 0.025197 0.017580 0.000147 0.112029 0.392484 0.012286 0.019932 0.001306 0.001443 0.026561 0.140812 0.048416 0.210776 0.226045 0.017233 0.001889 0.009453 0.121887 0.192626 0.031299 0.036211 0.070840 0.000058 0.015628 
0.000498 0.000093 0.001083 0.000223 -0.000000 0.000569 0.000748 0.000258 0.002573 0.002639 0.000081 0.000745 0.000029 0.011731 0.000110 0.000165 0.009188 0.000012 0.005360 0.003134 -0.000000 0.017524 0.018113 0.000462 0.001336 0.001571 0.010684 0.004584 0.001763 0.003917 0.018663 0.009633 0.040018 0.003972 0.271298 0.001137 0.071747 0.010185 0.122746 0.210006 0.070997 0.001374 0.021340 0.207987 0.000928 0.001019 0.007125 0.010466 0.499785 0.016002 0.002182 0.389424 0.017016 0.152396 0.011506 0.000905 0.020674 0.792560 0.003233 0.029317 0.017014 0.000518 0.115060 
0.001991 0.000163 0.004668 0.000045 -0.000000 0.000396 0.000518 0.000032 0.004685 0.000556 -0.000000 0.000795 -0.000000 0.042702 0.000016 -0.000000 0.004438 -0.000000 0.000810 0.000517 0.000049 0.006432 0.016449 0.000027 0.000151 0.000158 0.000148 0.010720 0.000344 0.000193 0.001073 0.000478 0.072863 0.000216 0.011609 0.000032 0.024043 0.000283 0.119469 0.011440 0.002120 0.000326 0.000753 0.004439 0.000035 0.000092 0.104128 0.029532 0.047319 0.000458 -0.000000 0.009289 0.000751 0.729436 0.384966 0.000067 0.001016 0.032895 0.000176 0.001636 0.001113 0.005914 0.018551 
0.000299 0.000116 0.000187 0.000223 0.000103 0.000148 0.000518 0.000226 0.000264 0.000972 0.000162 0.000149 0.000037 0.000469 0.000300 0.000626 0.001869 0.000296 0.002181 0.000943 0.000486 0.002051 0.001417 0.001985 0.002471 0.000578 0.027600 0.000341 0.000232 0.008468 0.007930 0.009968 0.002139 0.000699 0.098172 0.004300 0.004175 0.011577 0.007803 0.018514 0.017798 0.000091 0.116046 0.579479 0.009984 0.013166 0.000483 0.000822 0.028816 0.195153 0.032391 0.538153 0.255989 0.012009 0.001021 0.008112 0.322951 0.498540 0.033797 0.136932 0.155669 0.000046 0.024344 
0.000199 -0.000000 0.000149 0.000089 -0.000000 -0.000000 0.000173 0.000097 0.000198 0.000417 0.000027 0.000075 0.000018 0.000751 0.000032 0.000297 0.001324 0.000036 0.001060 0.000487 0.000049 0.001957 0.002588 0.000326 0.000605 0.000294 0.006381 0.000282 0.000178 0.002317 0.004412 0.004661 0.003775 0.000594 0.065925 0.001236 0.006402 0.005347 0.011315 0.022608 0.015329 0.000125 0.033810 0.244147 0.002618 0.003480 0.001043 0.001115 0.045495 0.054841 0.009104 0.453114 0.075821 0.021136 0.001638 0.003319 0.131035 1.358922 0.015899 0.300383 0.118373 0.000073 0.061464 
0.004680 0.000676 0.001270 0.002273 0.001542 0.001583 0.003968 0.002289 0.004289 0.009999 0.001137 0.002484 0.000398 0.006570 0.001814 0.003526 0.010746 0.000996 0.011406 0.004473 0.002866 0.014821 0.009241 0.004568 0.006883 0.001483 0.053568 0.001622 0.000421 0.012191 0.011329 0.010924 0.009879 0.000773 0.080400 0.003515 0.009882 0.006032 0.016465 0.014390 0.007889 0.000101 0.039472 0.142511 0.005852 0.011394 0.001196 0.001079 0.016248 0.046007 0.035903 0.090222 0.157480 0.012069 0.001792 0.008850 0.166756 0.133988 0.034326 0.039350 0.159856 0.000046 0.012650 
0.003784 0.000303 0.004033 0.000401 0.000103 0.001261 0.001840 0.000355 0.006664 0.004444 0.000176 0.002285 0.000077 0.031721 0.000252 0.000692 0.012459 0.000107 0.004488 0.003682 0.000194 0.016592 0.024335 0.000517 0.001160 0.000867 0.007271 0.008792 0.000778 0.001820 0.005187 0.002725 0.063488 0.000749 0.041992 0.000311 0.037891 0.001483 0.111041 0.024505 0.005277 0.000473 0.003431 0.019791 0.000285 0.000358 0.033522 0.018904 0.072123 0.003209 0.001159 0.026533 0.005589 0.460611 0.086302 0.000268 0.003842 0.068048 0.001058 0.004229 0.004235 0.003880 0.030570 
0.000697 0.000070 0.002950 0.000089 -0.000000 0.000297 0.000518 0.000064 0.002309 0.000139 -0.000000 0.000596 0.000007 0.024026 0.000032 0.000033 0.003582 -0.000000 0.000873 0.000669 0.000049 0.005034 0.010104 0.000054 0.000050 0.000158 0.000890 0.005948 0.000282 0.000221 0.000984 0.000645 0.044611 0.000254 0.013328 0.000072 0.019033 0.000509 0.083886 0.014239 0.002863 0.000312 0.001060 0.007953 0.000057 0.000028 0.046008 0.019202 0.054250 0.000792 0.000239 0.016115 0.001251 0.577521 0.231404 0.000034 0.001140 0.045917 0.000382 0.002130 0.001501 0.012360 0.029252 
0.000996 0.000093 0.002614 0.000134 0.000103 0.000396 0.000460 0.000064 0.003365 0.001111 0.000068 0.000571 -0.000000 0.023181 0.000095 0.000099 0.004516 0.000024 0.001807 0.001217 -0.000000 0.009787 0.013985 0.000054 0.000353 0.000245 0.001484 0.005913 0.000415 0.000469 0.002296 0.001076 0.047254 0.000372 0.022357 0.000122 0.026270 0.000678 0.091533 0.018815 0.003540 0.000390 0.002204 0.015074 0.000127 0.000220 0.037203 0.019071 0.067513 0.001563 0.000273 0.022889 0.002586 0.547978 0.137605 0.000101 0.002727 0.064435 0.000647 0.003344 0.002832 0.008108 0.039809 
0.000498 0.000233 0.000187 0.000312 0.000308 0.000321 0.000805 0.000451 0.000726 0.002222 0.000217 0.000596 0.000073 0.000939 0.000442 0.000923 0.001557 0.000190 0.002181 0.000761 0.000534 0.002051 0.001232 0.000897 0.001261 0.000202 0.011871 0.000200 0.000086 0.002427 0.001461 0.001912 0.001510 0.000103 0.012039 0.000587 0.001357 0.000911 0.002263 0.002378 0.001016 0.000016 0.005691 0.016739 0.001436 0.003581 0.000144 0.000126 0.001791 0.007001 0.015684 0.009597 0.055468 0.001501 0.000154 0.014951 0.015915 0.013022 0.061864 0.003334 0.016990 0.000008 0.001750 
0.004779 0.000839 0.002129 0.002451 0.001234 0.002176 0.004830 0.002192 0.008182 0.010555 0.000907 0.003527 0.000296 0.012013 0.001246 0.002340 0.013782 0.000676 0.012652 0.006664 0.001797 0.021159 0.013615 0.002692 0.005396 0.001767 0.039916 0.003044 0.000687 0.008799 0.014221 0.011354 0.020764 0.001350 0.114510 0.002360 0.020598 0.005495 0.038783 0.027605 0.012150 0.000216 0.026110 0.117449 0.002736 0.004682 0.002646 0.002593 0.040455 0.024879 0.014252 0.130304 0.056303 0.035667 0.003874 0.004123 0.044100 0.416115 0.012637 0.048519 0.047920 0.000148 0.047551 
0.000299 -0.000000 0.000075 0.000089 0.000103 0.000124 0.000345 0.000097 0.000198 0.000694 0.000027 0.000075 0.000007 0.000188 0.000142 0.000132 0.000467 0.000024 0.000249 0.000274 0.000097 0.000280 0.000246 -0.000000 0.000176 0.000038 0.001187 0.000118 0.000011 0.000193 0.000507 0.000191 0.000378 0.000019 0.002006 0.000072 0.000418 0.000141 0.000780 0.000181 0.000109 0.000002 0.000502 0.001017 0.000044 0.000138 0.000025 0.000045 0.000265 0.000438 0.000375 0.001180 0.001918 0.000120 0.000077 0.000067 0.000843 0.002484 0.000353 0.000617 0.001138 0.000002 0.000144 
0.002191 0.000676 0.000485 0.001515 0.000617 0.001039 0.002760 0.001193 0.003035 0.006527 0.000609 0.001441 0.000186 0.004505 0.001057 0.002208 0.006852 0.000521 0.006482 0.003104 0.001263 0.008762 0.006838 0.002664 0.003984 0.001102 0.031310 0.000987 0.000320 0.008137 0.008497 0.007768 0.006607 0.000730 0.065066 0.002495 0.007202 0.004379 0.014358 0.012975 0.007069 0.000084 0.030434 0.113103 0.004613 0.009135 0.001120 0.001039 0.018006 0.035109 0.030448 0.097767 0.138546 0.013390 0.001619 0.010794 0.131952 0.176969 0.038882 0.060044 0.237714 0.000051 0.018244 
0.003883 0.000349 0.003772 0.000446 0.000411 0.001039 0.002013 0.000838 0.005675 0.002778 0.000284 0.001838 0.000066 0.022524 0.000300 0.000527 0.012303 0.000130 0.004924 0.003043 0.000243 0.017338 0.020454 0.000680 0.001210 0.000933 0.008310 0.006900 0.000770 0.002096 0.006380 0.003729 0.053106 0.000892 0.055750 0.000505 0.037091 0.001836 0.107608 0.032061 0.008140 0.000514 0.005663 0.034772 0.000499 0.000762 0.020306 0.015081 0.088570 0.004001 0.002182 0.042391 0.008425 0.328150 0.044770 0.000503 0.006767 0.114266 0.001763 0.007532 0.006801 0.002247 0.059082 
-0.000000 -0.000000 0.000075 -0.000000 -0.000000 -0.000000 -0.000000 -0.000000 -0.000000 0.000139 -0.000000 -0.000000 -0.000000 0.000469 -0.000000 -0.000000 0.000156 -0.000000 0.000062 0.000061 -0.000000 -0.000000 0.000246 -0.000000 0.000050 0.000044 0.000594 0.000106 0.000057 0.000193 0.000477 0.000478 0.000944 0.000191 0.013472 0.000190 0.001879 0.001158 0.007647 0.009603 0.006490 0.000073 0.007811 0.065106 0.000626 0.000725 0.000534 0.000842 0.035382 0.016398 0.002796 0.159762 0.032864 0.020656 0.001638 0.002212 0.078928 1.105775 0.016575 0.314789 0.176531 0.000090 0.131319 
0.005476 0.000629 0.002278 0.002184 0.000514 0.001855 0.004198 0.001547 0.006994 0.009444 0.000853 0.002335 0.000234 0.013608 0.000899 0.001779 0.014872 0.000462 0.011593 0.005082 0.001069 0.018736 0.015155 0.001686 0.003706 0.001478 0.025374 0.003515 0.000739 0.007640 0.012432 0.008270 0.026049 0.001188 0.093156 0.001638 0.022999 0.004471 0.048615 0.029532 0.012357 0.000278 0.019973 0.087208 0.001729 0.002855 0.004233 0.003682 0.054316 0.016773 0.007876 0.105157 0.040037 0.052480 0.006167 0.002246 0.027119 0.337679 0.007700 0.029636 0.030471 0.000215 0.111270 
0.000398 -0.000000 0.000896 -0.000000 -0.000000 0.000099 0.000288 0.000193 0.001188 0.000417 0.000014 0.000149 0.000004 0.009667 -0.000000 0.000033 0.002180 0.000012 0.000499 0.000456 -0.000000 0.004195 0.007455 0.000027 0.000126 0.000229 0.001187 0.002433 0.000406 0.000496 0.002981 0.001171 0.023470 0.000632 0.040415 0.000194 0.025644 0.001349 0.082637 0.036968 0.009484 0.000619 0.003515 0.035142 0.000153 0.000184 0.015455 0.015404 0.175515 0.003480 0.000784 0.074159 0.005672 0.391018 0.037061 0.000335 0.007189 0.293418 0.001411 0.013439 0.009608 0.002200 0.269459 
0.001593 0.000489 0.000560 0.001025 0.000514 0.000964 0.002473 0.000774 0.001716 0.005555 0.000474 0.001018 0.000150 0.002909 0.000584 0.001219 0.003348 0.000356 0.003864 0.002221 0.001360 0.003915 0.002218 0.001658 0.001815 0.000480 0.017065 0.000576 0.000129 0.003393 0.002504 0.003585 0.003775 0.000216 0.019778 0.000902 0.002262 0.001208 0.005072 0.003643 0.001781 0.000024 0.008173 0.026727 0.001672 0.003177 0.000390 0.000242 0.004377 0.009835 0.012240 0.017090 0.046043 0.003303 0.000501 0.005095 0.021046 0.024615 0.020837 0.006040 0.028510 0.000011 0.002310 
0.001693 0.000629 0.000859 0.001649 0.000514 0.001063 0.002875 0.001418 0.002705 0.007222 0.000555 0.001043 0.000194 0.004505 0.000868 0.001812 0.004750 0.000569 0.006295 0.002891 0.001166 0.007364 0.005237 0.002800 0.002975 0.000802 0.023890 0.001046 0.000233 0.006978 0.006201 0.005928 0.006040 0.000466 0.041418 0.001877 0.004523 0.002882 0.010534 0.007947 0.004567 0.000060 0.020169 0.069360 0.003440 0.006629 0.000763 0.000746 0.010479 0.023628 0.023015 0.050859 0.112855 0.007266 0.000790 0.009085 0.072632 0.090404 0.034767 0.026168 0.133887 0.000040 0.008824 
0.001195 0.000163 0.000448 0.000980 0.000411 0.000420 0.001380 0.000935 0.001980 0.003889 0.000406 0.000845 0.000128 0.003285 0.000757 0.001483 0.003270 0.000344 0.004924 0.001978 0.001263 0.006339 0.004867 0.001495 0.002874 0.000660 0.027749 0.000776 0.000258 0.005654 0.005456 0.006310 0.005915 0.000485 0.042135 0.001936 0.005358 0.003532 0.011549 0.011199 0.005550 0.000064 0.022428 0.087301 0.003629 0.007327 0.000891 0.000787 0.012601 0.027046 0.027311 0.072825 0.123198 0.010388 0.001137 0.010392 0.104213 0.141139 0.044289 0.044670 0.200564 0.000035 0.016530 
0.000597 0.000163 0.000485 0.000267 0.000308 0.000321 0.000748 0.000322 0.001056 0.001805 0.000230 0.000323 0.000058 0.003285 0.000331 0.000692 0.003193 0.000142 0.003927 0.001582 0.000729 0.004288 0.004189 0.001359 0.001664 0.000524 0.016471 0.000952 0.000248 0.004634 0.006201 0.005067 0.005852 0.000514 0.052884 0.001674 0.008420 0.003955 0.014202 0.015353 0.007910 0.000096 0.025134 0.111438 0.002968 0.005481 0.001196 0.001251 0.024969 0.030629 0.017628 0.125069 0.099426 0.019515 0.002004 0.007442 0.109691 0.343249 0.032916 0.108727 0.182703 0.000073 0.045277 
0.001792 0.000163 0.002241 0.000267 0.000103 0.000593 0.001610 0.000161 0.004223 0.001944 0.000108 0.000969 0.000037 0.016048 0.000126 0.000132 0.006774 0.000012 0.003241 0.001856 0.000194 0.011465 0.012260 0.000245 0.000681 0.000551 0.004303 0.005078 0.000640 0.001351 0.005575 0.002749 0.038130 0.000676 0.046864 0.000361 0.031002 0.001716 0.088412 0.032783 0.007659 0.000499 0.004408 0.032183 0.000355 0.000487 0.017779 0.013699 0.102464 0.003959 0.001739 0.049730 0.007507 0.307915 0.039412 0.000704 0.007139 0.153032 0.001675 0.009395 0.007938 0.002233 0.106921 
0.002390 0.000023 0.002091 0.000312 0.000206 0.000396 0.001150 0.000129 0.003431 0.001528 0.000054 0.001018 0.000018 0.017738 0.000047 0.000033 0.005918 0.000024 0.002119 0.001339 0.000049 0.007271 0.011890 0.000218 0.000605 0.000485 0.002968 0.004479 0.000367 0.000938 0.003011 0.001673 0.032656 0.000388 0.022931 0.000158 0.019450 0.000833 0.062192 0.013908 0.003016 0.000240 0.002287 0.012392 0.000149 0.000202 0.018661 0.010148 0.038565 0.001667 0.000682 0.015653 0.003170 0.230216 0.066837 0.000101 0.001983 0.041476 0.000529 0.002758 0.002202 0.005902 0.021709 
0.004879 0.000652 0.002054 0.001916 0.000514 0.001929 0.005003 0.001451 0.006005 0.009027 0.000555 0.002608 0.000161 0.012857 0.000584 0.001582 0.012303 0.000344 0.009349 0.004929 0.000777 0.015660 0.015710 0.001251 0.003253 0.001298 0.019142 0.003385 0.000560 0.005020 0.008974 0.006430 0.023218 0.000815 0.061913 0.000961 0.018928 0.002868 0.044089 0.021554 0.007135 0.000227 0.010126 0.046795 0.000967 0.001717 0.004105 0.003980 0.040787 0.007647 0.004467 0.047831 0.017099 0.053020 0.006707 0.001307 0.011700 0.122546 0.003174 0.009982 0.011835 0.000289 0.119860 
0.000199 0.000023 0.000411 -0.000000 -0.000000 0.000074 0.000115 0.000032 0.000462 0.000417 -0.000000 0.000099 0.000011 0.004505 0.000016 0.000066 0.001479 -0.000000 0.000436 0.000365 -0.000000 0.002330 0.003142 -0.000000 -0.000000 0.000131 0.000742 0.001411 0.000258 0.000662 0.002027 0.000908 0.014787 0.000460 0.028807 0.000126 0.015031 0.001173 0.049317 0.028749 0.008293 0.000373 0.002929 0.031906 0.000201 0.000220 0.007422 0.008282 0.120868 0.003709 0.000580 0.072209 0.005171 0.209680 0.018405 0.000302 0.008453 0.324506 0.001411 0.017586 0.012634 0.001138 0.507519 
0.000597 0.000023 0.000224 0.000401 0.000206 0.000346 0.000518 0.000258 0.000594 0.001805 0.000244 0.000273 0.000033 0.000845 0.000347 0.000659 0.001402 0.000154 0.001309 0.000639 0.000534 0.001398 0.001355 0.000870 0.000908 0.000169 0.013800 0.000223 0.000080 0.002151 0.002027 0.002080 0.001070 0.000138 0.016338 0.000790 0.001183 0.001088 0.003199 0.002529 0.001442 0.000016 0.008313 0.023952 0.001663 0.003783 0.000187 0.000187 0.002288 0.009439 0.016434 0.016577 0.068481 0.001561 0.000270 0.011364 0.029896 0.027701 0.052753 0.007152 0.041846 0.000010 0.002905 
