# Flux Network Reconstruction using RW method
# Walkers leave from emitting cells
# Probability involves emitting fluxes, then absorbing flux is shared among connections
# Seed: 1685043331
# Threshold: 0.5
# Precision: 100000.0
# Dt: 1.0
# Radius step: 8.000000
# Matrix output


0.010195 0.015326 0.000827 0.013877 0.017120 0.001697 0.006994 0.007849 0.004564 0.038330 0.003151 0.001738 0.000517 0.000971 0.001763 0.002694 0.003254 0.000452 0.004247 0.001221 0.001171 0.003505 0.001102 0.000737 0.001681 0.000183 0.005736 0.000164 0.000042 0.000650 0.000590 0.000510 0.000561 0.000020 0.001639 0.000050 0.000286 0.000089 0.000592 0.000276 0.000142 0.000002 0.000377 0.000999 0.000069 0.000029 0.000054 0.000008 0.000214 0.000164 0.000052 0.000432 0.000249 0.000224 -0.000000 0.000049 0.000088 0.000693 0.000051 0.000083 -0.000000 -0.000000 0.000038 
-0.000000 -0.000000 -0.000000 -0.000000 -0.000000 -0.000000 -0.000000 -0.000000 -0.000000 -0.000000 -0.000000 -0.000000 -0.000000 -0.000000 -0.000000 -0.000000 -0.000000 -0.000000 -0.000000 -0.000000 -0.000000 -0.000000 -0.000000 -0.000000 -0.000000 -0.000000 -0.000000 -0.000000 -0.000000 -0.000000 -0.000000 -0.000000 -0.000000 -0.000000 -0.000000 -0.000000 -0.000000 -0.000000 -0.000000 -0.000000 -0.000000 -0.000000 -0.000000 -0.000000 -0.000000 -0.000000 -0.000000 -0.000000 -0.000000 -0.000000 -0.000000 -0.000000 -0.000000 -0.000000 -0.000000 -0.000000 -0.000000 -0.000000 -0.000000 -0.000000 -0.000000 -0.000000 -0.000000 
0.016497 0.014658 0.000896 0.014258 0.011078 0.003086 0.010713 0.007578 0.006485 0.034866 0.002937 0.003634 0.000633 0.004044 0.001504 0.002804 0.005183 0.000308 0.004729 0.002253 0.002252 0.006134 0.003206 0.001936 0.002759 0.000319 0.008604 0.000347 0.000083 0.001907 0.001494 0.001225 0.002429 0.000059 0.004189 0.000108 0.001096 0.000188 0.002012 0.001149 0.000393 0.000005 0.000963 0.002140 0.000083 0.000218 0.000109 0.000069 0.000750 0.000394 0.000413 0.001209 0.000748 0.001006 -0.000000 0.000098 0.000220 0.001801 0.000153 0.000083 0.000237 0.000004 0.000268 
0.503999 0.009072 0.305413 0.006710 0.001007 0.039926 0.037628 0.001840 0.226143 0.024476 0.000621 0.022949 0.000116 0.179561 0.000389 0.000330 0.040379 0.000041 0.010134 0.005727 0.000090 0.036364 0.042679 0.000230 0.000517 0.000526 0.001195 0.004893 0.000198 0.000173 0.001101 0.000612 0.012334 0.000066 0.001457 0.000014 0.002287 0.000040 0.004972 0.000873 0.000094 0.000008 -0.000000 0.000143 -0.000000 0.000015 0.000638 0.000269 0.000428 -0.000000 -0.000000 0.000259 -0.000000 0.001677 0.000895 -0.000000 -0.000000 0.000139 -0.000000 -0.000000 -0.000000 0.000004 0.000038 
0.180543 0.098498 0.009783 0.087148 0.045066 0.027582 0.080036 0.041031 0.053323 0.189570 0.013704 0.018130 0.002440 0.016824 0.006897 0.010282 0.029049 0.002032 0.031658 0.012769 0.005586 0.034611 0.014727 0.004425 0.008278 0.001723 0.029874 0.001698 0.000274 0.005503 0.005856 0.005137 0.006541 0.000222 0.015482 0.000476 0.002621 0.000613 0.004853 0.003584 0.000881 0.000015 0.002135 0.006135 0.000194 0.000349 0.000448 0.000192 0.001821 0.000986 0.000774 0.003367 0.001247 0.002571 0.000389 0.000293 0.000706 0.004018 0.000153 0.000395 0.000521 0.000021 0.000230 
0.459142 0.020912 0.050914 0.024627 0.007553 0.043707 0.072865 0.015265 0.115774 0.080816 0.004560 0.027965 0.000833 0.065354 0.002982 0.003299 0.051950 0.000718 0.035422 0.017417 0.001892 0.056371 0.034664 0.002166 0.004699 0.001883 0.015296 0.003360 0.000496 0.003640 0.005856 0.003946 0.016352 0.000296 0.021128 0.000454 0.005623 0.000830 0.011601 0.005697 0.001385 0.000033 0.002135 0.006277 0.000138 0.000203 0.000692 0.000630 0.003588 0.000789 0.000516 0.004231 0.001496 0.004471 0.001634 0.000244 0.000573 0.003741 0.000102 0.000353 0.000852 0.000017 0.000919 
0.116407 0.175082 0.006338 0.163469 0.169691 0.021641 0.075698 0.088016 0.035188 0.302250 0.032088 0.016668 0.005837 0.012618 0.016232 0.024082 0.027482 0.004864 0.034939 0.013286 0.017119 0.025411 0.010820 0.009909 0.014184 0.001691 0.049950 0.000858 0.000269 0.007843 0.005463 0.006056 0.003457 0.000233 0.017668 0.000714 0.001763 0.000810 0.004498 0.002848 0.000976 0.000014 0.002010 0.007419 0.000339 0.000508 0.000217 0.000192 0.001285 0.001084 0.001084 0.003454 0.002368 0.001453 0.000428 -0.000000 0.000661 0.003187 0.000305 0.000353 0.000474 0.000006 0.000306 
0.032994 0.002101 0.005029 0.003279 0.002014 0.004166 0.005401 0.002436 0.014171 0.012469 0.000788 0.003041 0.000168 0.007441 0.000648 0.000990 0.006268 0.000267 0.004729 0.002676 0.000721 0.007448 0.004608 0.000507 0.001207 0.000279 0.005736 0.000749 0.000108 0.000953 0.001376 0.001089 0.002803 0.000105 0.005646 0.000144 0.001477 0.000207 0.002959 0.001562 0.000346 0.000012 0.000963 0.001997 0.000083 0.000073 0.000149 0.000146 0.001178 0.000394 0.000206 0.000863 0.000873 0.001788 0.000311 -0.000000 0.000441 0.001663 0.000102 0.000187 0.000142 0.000013 0.000191 
0.002224 0.003294 0.000413 0.005642 0.020897 0.000617 0.002036 0.003031 0.001321 0.009236 0.001671 0.000869 0.000284 0.001456 0.001271 0.002419 0.001085 0.000554 0.002027 0.000704 0.001712 0.002337 0.001102 0.000691 0.000560 0.000096 0.003824 0.000073 0.000012 0.000823 0.000668 0.000919 0.000748 0.000018 0.002004 0.000072 0.000191 0.000109 0.000474 0.000276 0.000142 0.000002 0.000419 0.000713 0.000028 0.000073 0.000027 0.000023 0.000589 0.000197 0.000052 0.000518 0.000374 0.000335 -0.000000 0.000098 0.000220 0.000277 0.000051 0.000083 0.000047 0.000002 -0.000000 
0.068955 0.109432 0.005236 0.131751 0.228856 0.013386 0.050820 0.076811 0.021978 0.241985 0.028865 0.011455 0.005688 0.010030 0.016180 0.027931 0.020973 0.006465 0.027893 0.011971 0.016488 0.022928 0.010018 0.009587 0.013925 0.001476 0.046843 0.000694 0.000215 0.008449 0.006014 0.005273 0.003457 0.000210 0.016575 0.000620 0.001620 0.000860 0.003078 0.002573 0.001117 0.000011 0.003140 0.005279 0.000312 0.000436 0.000298 0.000115 0.001125 0.001446 0.000826 0.002504 0.002867 0.001788 0.000156 0.000293 0.001147 0.002356 0.000254 0.000374 0.000663 0.000009 0.000345 
0.127714 0.011125 0.007096 0.013419 0.008057 0.014427 0.028243 0.007795 0.031225 0.049644 0.003223 0.010309 0.000659 0.015206 0.002152 0.003794 0.021937 0.000472 0.017180 0.007934 0.002072 0.017087 0.011020 0.002212 0.003449 0.001053 0.018164 0.001716 0.000249 0.002383 0.003655 0.002484 0.006634 0.000227 0.009836 0.000346 0.003050 0.000761 0.005682 0.003675 0.000929 0.000016 0.001717 0.006848 0.000222 0.000261 0.000434 0.000330 0.003053 0.000887 0.000774 0.003195 0.002244 0.003353 0.000545 0.000195 0.000661 0.005266 0.000458 0.000353 0.000900 0.000021 0.000727 
0.051531 0.084175 0.003720 0.119552 0.338375 0.010763 0.038867 0.071127 0.017894 0.204579 0.030082 0.009519 0.005908 0.006956 0.017606 0.028920 0.013500 0.006773 0.020848 0.008356 0.019642 0.016648 0.005310 0.009587 0.013322 0.001133 0.044214 0.000475 0.000134 0.007019 0.004127 0.004967 0.001308 0.000133 0.011475 0.000635 0.001144 0.000484 0.001302 0.001424 0.000425 0.000007 0.001382 0.005136 0.000145 0.000276 0.000149 0.000084 0.000696 0.000887 0.001032 0.001122 0.001496 0.000782 0.000195 0.000146 0.000706 0.001801 0.000051 0.000291 0.000095 0.000004 0.000230 
0.012419 0.020865 0.001171 0.034386 0.180517 0.003472 0.014608 0.024196 0.007206 0.069963 0.009622 0.004187 0.002544 0.003882 0.007390 0.012701 0.008799 0.003694 0.009652 0.004084 0.008920 0.008178 0.003106 0.006176 0.005475 0.000479 0.021032 0.000511 0.000088 0.004030 0.002437 0.002450 0.001215 0.000112 0.009107 0.000375 0.001048 0.000543 0.002131 0.001516 0.000645 0.000008 0.001633 0.004137 0.000138 0.000363 0.000054 0.000100 0.001071 0.000986 0.000929 0.001900 0.001247 0.001006 0.000078 0.000049 0.000661 0.000831 0.000102 0.000187 0.000331 0.000002 0.000230 
0.007229 0.010886 0.000620 0.016316 0.156096 0.002006 0.005489 0.013966 0.002522 0.041562 0.005921 0.001540 0.001304 0.001132 0.003838 0.007478 0.003254 0.001929 0.004922 0.001972 0.005947 0.002921 0.001202 0.002950 0.003578 0.000303 0.010516 0.000201 0.000020 0.001560 0.001022 0.001089 0.001028 0.000038 0.003279 0.000159 0.000238 0.000168 0.000118 0.000413 0.000205 0.000002 0.000628 0.001712 0.000076 0.000102 0.000014 0.000038 0.000321 0.000460 0.000258 0.000604 0.000499 0.000335 0.000039 -0.000000 0.000132 0.001109 0.000305 0.000104 0.000142 0.000002 -0.000000 
0.168123 0.008451 0.014813 0.012275 0.004532 0.018285 0.029217 0.007416 0.053563 0.041331 0.003199 0.014219 0.000742 0.025074 0.001867 0.003079 0.027241 0.000677 0.019786 0.010328 0.001892 0.029500 0.019736 0.001982 0.003966 0.001300 0.016730 0.002045 0.000345 0.004160 0.005188 0.003232 0.010932 0.000233 0.016575 0.000483 0.004050 0.000781 0.007813 0.004870 0.001354 0.000034 0.001759 0.008132 0.000180 0.000421 0.000705 0.000415 0.003160 0.001544 0.000723 0.004231 0.002992 0.004359 0.000778 0.000146 0.000750 0.004018 0.000509 0.000540 0.000947 0.000021 0.000727 
0.191479 0.381532 0.009852 0.332580 0.226339 0.035760 0.137231 0.156491 0.056926 0.567094 0.055939 0.027965 0.009297 0.021353 0.024296 0.035353 0.044477 0.007512 0.061578 0.023990 0.023246 0.046440 0.019235 0.013827 0.021772 0.002800 0.081019 0.001899 0.000381 0.013042 0.009512 0.009628 0.006354 0.000355 0.027868 0.001024 0.002811 0.001235 0.005327 0.003997 0.001621 0.000020 0.003224 0.011271 0.000325 0.000872 0.000217 0.000276 0.002571 0.001446 0.001703 0.004749 0.003241 0.002571 0.000506 0.000098 0.001058 0.004573 0.000509 0.000561 0.001231 0.000013 0.000727 
0.548301 0.021724 0.606761 0.025466 0.006546 0.097211 0.117753 0.014236 0.572142 0.098364 0.004703 0.082512 0.000820 0.563920 0.001971 0.002474 0.192733 0.000800 0.071712 0.040984 0.001261 0.210297 0.177827 0.001705 0.005777 0.003813 0.018642 0.022660 0.001750 0.004246 0.012420 0.006294 0.073349 0.000803 0.038978 0.000433 0.021157 0.000870 0.052915 0.012175 0.002329 0.000107 0.001675 0.010272 0.000138 0.000203 0.003853 0.002127 0.009425 0.000789 0.000516 0.005440 0.001620 0.016877 0.005174 0.000146 0.000706 0.007760 0.000458 0.000623 0.000474 0.000090 0.001455 
0.016126 0.018859 0.001171 0.035911 0.543817 0.003973 0.016291 0.027823 0.008407 0.080585 0.013322 0.004147 0.003512 0.004368 0.011798 0.021553 0.008437 0.006095 0.010038 0.005117 0.017930 0.006864 0.004608 0.009034 0.009269 0.000718 0.032742 0.000310 0.000095 0.005330 0.003852 0.003606 0.001682 0.000125 0.009836 0.000512 0.001287 0.000771 0.002249 0.001332 0.000582 0.000006 0.001382 0.006705 0.000270 0.000392 0.000109 0.000084 0.001232 0.001117 0.000929 0.001986 0.001620 0.001453 0.000156 0.000098 0.000573 0.001940 0.000254 0.000291 0.000331 0.000008 0.000115 
1.742217 0.054812 0.219914 0.065037 0.019890 0.284344 0.321916 0.031558 1.025388 0.240830 0.010553 0.176716 0.001763 0.323049 0.004823 0.006653 0.250709 0.001272 0.117654 0.063331 0.003514 0.245054 0.152781 0.003549 0.009873 0.005265 0.033698 0.015064 0.001637 0.006629 0.015486 0.009118 0.049335 0.000795 0.030964 0.000635 0.015963 0.001196 0.032791 0.012221 0.001983 0.000072 0.001382 0.007847 0.000249 0.000261 0.002089 0.001221 0.005623 0.000821 0.000723 0.003367 0.001122 0.010394 0.002995 -0.000000 0.000309 0.006097 0.000051 0.000374 0.000331 0.000024 0.000804 
0.013346 0.012318 0.002067 0.025618 0.218282 0.004089 0.012926 0.019433 0.009247 0.065807 0.010553 0.004700 0.002918 0.005500 0.010346 0.021993 0.012535 0.006773 0.013126 0.004976 0.019281 0.010515 0.005310 0.007927 0.009054 0.001005 0.042063 0.000676 0.000152 0.006456 0.004206 0.004423 0.004298 0.000187 0.015482 0.000664 0.001858 0.000820 0.002959 0.002067 0.000929 0.000021 0.003140 0.007704 0.000339 0.000538 0.000149 0.000084 0.002142 0.002070 0.001394 0.004403 0.003241 0.001565 0.000467 0.000293 0.000970 0.004573 0.000254 0.000623 0.001042 0.000008 0.000651 
0.034663 0.028695 0.003445 0.076626 0.073768 0.009374 0.030988 0.069395 0.022698 0.192341 0.032279 0.010349 0.006017 0.011000 0.016569 0.025677 0.024950 0.006075 0.029148 0.012347 0.017750 0.025265 0.012824 0.012905 0.014658 0.002082 0.073132 0.001497 0.000418 0.011482 0.008018 0.008131 0.007195 0.000458 0.032968 0.001349 0.004289 0.001620 0.008997 0.005146 0.002219 0.000028 0.005778 0.020259 0.000741 0.000959 0.000488 0.000346 0.004177 0.003253 0.002993 0.008030 0.005235 0.004471 0.000350 0.000439 0.002469 0.007760 0.000661 0.001039 0.001894 0.000024 0.001225 
0.061169 0.073193 0.005925 0.167434 0.506807 0.017282 0.067730 0.145827 0.036149 0.391840 0.079455 0.016905 0.020990 0.016338 0.061687 0.098472 0.035557 0.022309 0.053471 0.018779 0.067214 0.035049 0.018534 0.038808 0.044320 0.003071 0.161800 0.001534 0.000384 0.024828 0.013285 0.015582 0.007288 0.000542 0.042985 0.002402 0.004384 0.002490 0.009589 0.005927 0.002770 0.000032 0.008207 0.026821 0.000914 0.001656 0.000461 0.000361 0.003588 0.004436 0.004026 0.009152 0.009972 0.003912 0.000622 0.000488 0.002866 0.007898 0.001425 0.001413 0.001752 0.000021 0.001493 
0.037072 0.025591 0.004203 0.064503 0.134192 0.010107 0.034972 0.065823 0.025340 0.187723 0.035788 0.011573 0.009917 0.012780 0.029145 0.047119 0.025191 0.010775 0.035229 0.013849 0.032346 0.027893 0.014026 0.020648 0.023755 0.002162 0.098944 0.001680 0.000364 0.015685 0.010023 0.010478 0.007101 0.000406 0.035335 0.001919 0.005432 0.001986 0.009352 0.005927 0.002739 0.000038 0.006951 0.021685 0.000824 0.001278 0.000746 0.000484 0.004766 0.003910 0.003355 0.009498 0.009100 0.004471 0.000973 0.000586 0.002425 0.006928 0.001272 0.001101 0.002320 0.000011 0.001225 
0.062282 0.003629 0.169483 0.005337 0.001762 0.014736 0.020629 0.003518 0.099801 0.024476 0.001361 0.018248 0.000252 0.492096 0.001193 0.001485 0.064365 0.000246 0.022585 0.014929 0.000450 0.081490 0.103290 0.000876 0.001811 0.001651 0.009799 0.024595 0.001107 0.002556 0.006760 0.003334 0.089047 0.000519 0.028960 0.000216 0.022110 0.000860 0.067712 0.011945 0.001999 0.000124 0.001507 0.008560 0.000118 0.000160 0.006837 0.003371 0.011514 0.000789 0.000516 0.005699 0.002119 0.032636 0.008908 0.000195 0.000926 0.009284 0.000254 0.000582 0.000474 0.000196 0.002258 
0.008527 0.003151 0.001102 0.007853 0.004280 0.003588 0.011775 0.005034 0.005885 0.030941 0.002173 0.002804 0.000523 0.003721 0.001582 0.001814 0.009763 0.000554 0.010327 0.004929 0.001261 0.008762 0.004709 0.001521 0.003104 0.000598 0.010755 0.000511 0.000110 0.002340 0.002476 0.002041 0.003738 0.000110 0.009107 0.000260 0.001191 0.000484 0.003551 0.001240 0.000519 0.000013 0.001172 0.004137 0.000145 0.000363 0.000136 0.000138 0.001285 0.000756 0.000413 0.002245 0.001496 0.001677 0.000233 0.000049 0.000353 0.001940 0.000254 0.000249 0.000521 0.000006 0.000306 
0.346627 0.027979 0.123598 0.046891 0.022156 0.128381 0.181853 0.030421 0.974947 0.204810 0.011388 0.165222 0.002182 0.332431 0.007623 0.010557 0.434161 0.002217 0.176337 0.105113 0.007388 0.440308 0.261481 0.007835 0.017978 0.010625 0.074566 0.023554 0.003597 0.014775 0.036829 0.019120 0.098110 0.002183 0.114203 0.001882 0.036548 0.003863 0.084877 0.029587 0.008216 0.000238 0.007662 0.037379 0.000775 0.001249 0.004273 0.002964 0.022439 0.004008 0.002426 0.021844 0.009473 0.028054 0.006224 0.000390 0.003484 0.020369 0.001221 0.002161 0.003315 0.000145 0.003598 
0.017609 0.020196 0.000689 0.051770 1.017139 0.003780 0.017884 0.049854 0.005885 0.123301 0.030822 0.002844 0.012900 0.002427 0.064643 0.179076 0.007473 0.082688 0.013512 0.004929 0.320123 0.005988 0.002104 0.065955 0.029920 0.000838 0.131447 0.000110 0.000078 0.013216 0.004520 0.006090 0.001121 0.000107 0.008743 0.001731 0.000381 0.001028 0.000710 0.000781 0.000740 0.000002 0.003266 0.009559 0.000581 0.001133 0.000027 0.000038 0.000536 0.001380 0.002581 0.002245 0.005111 0.000112 0.000039 0.000293 0.001058 0.001801 0.000407 0.000208 0.000568 0.000004 0.000230 
0.278784 0.049846 0.044989 0.092256 0.040283 0.131814 0.338561 0.060680 0.331107 0.428784 0.024305 0.219334 0.005249 0.139281 0.016984 0.026501 0.381970 0.004926 0.385104 0.188349 0.015857 0.359695 0.144867 0.015947 0.039233 0.017437 0.166340 0.013329 0.003079 0.032194 0.053101 0.035484 0.053820 0.002551 0.160284 0.003736 0.029448 0.006709 0.057532 0.028301 0.010372 0.000176 0.014194 0.058208 0.001523 0.002005 0.003134 0.002281 0.021261 0.007688 0.005110 0.028147 0.014709 0.021012 0.004085 0.001220 0.004939 0.028129 0.001730 0.002577 0.003930 0.000096 0.004440 
0.062652 0.007830 0.015501 0.014944 0.010071 0.023377 0.045596 0.011259 0.094757 0.065807 0.005061 0.037405 0.001052 0.047398 0.004356 0.006378 0.103779 0.001662 0.055690 0.032158 0.004955 0.106171 0.047487 0.004655 0.008838 0.004012 0.041585 0.004839 0.000973 0.007063 0.013521 0.009390 0.024387 0.000762 0.051728 0.001024 0.012818 0.002095 0.025806 0.011670 0.003777 0.000081 0.005234 0.022684 0.000519 0.000959 0.001438 0.000991 0.009104 0.003483 0.002219 0.010016 0.006856 0.012406 0.002140 0.000244 0.002469 0.012471 0.001068 0.001268 0.002320 0.000064 0.002373 
0.213166 0.078254 0.024527 0.190993 0.099196 0.075570 0.288184 0.141172 0.154685 0.959627 0.056822 0.089148 0.012887 0.071663 0.039750 0.061030 0.186706 0.012437 0.330668 0.121591 0.033787 0.194816 0.077843 0.035120 0.084545 0.016903 0.307825 0.007413 0.002058 0.055852 0.058014 0.053549 0.032049 0.002354 0.175220 0.005741 0.017583 0.007974 0.039893 0.023247 0.010073 0.000133 0.021480 0.071762 0.002077 0.003298 0.001696 0.001620 0.016655 0.010120 0.008051 0.032033 0.017700 0.014083 0.002451 0.000976 0.007100 0.027713 0.002900 0.003720 0.005493 0.000086 0.003407 
0.043189 0.023682 0.005374 0.057870 0.057151 0.014273 0.050642 0.059273 0.036029 0.246834 0.028172 0.018090 0.007670 0.022324 0.022792 0.038652 0.041463 0.007943 0.059744 0.022910 0.022795 0.051698 0.019636 0.020003 0.037508 0.003909 0.146743 0.002739 0.000650 0.024525 0.017648 0.018950 0.014296 0.000785 0.065207 0.002539 0.008672 0.003557 0.015271 0.010062 0.003825 0.000056 0.010887 0.038092 0.001537 0.002063 0.000868 0.000637 0.007658 0.005881 0.004335 0.016491 0.012839 0.007488 0.001517 0.000439 0.004939 0.016351 0.001933 0.002078 0.003788 0.000039 0.002335 
0.120115 0.010217 0.122427 0.019061 0.011078 0.036686 0.058788 0.012179 0.195278 0.072734 0.004918 0.040644 0.001046 0.775997 0.003552 0.005993 0.170555 0.001580 0.067659 0.042440 0.004325 0.217452 0.225515 0.004379 0.009700 0.005919 0.045409 0.033853 0.002827 0.009706 0.020046 0.011397 0.127917 0.001764 0.086517 0.001320 0.044172 0.003033 0.108789 0.031609 0.006736 0.000270 0.007076 0.030245 0.000581 0.001220 0.007950 0.004530 0.027366 0.004436 0.002219 0.021672 0.008476 0.046719 0.010853 0.000342 0.003880 0.026882 0.001475 0.002327 0.002226 0.000233 0.004900 
0.127158 0.063167 0.015088 0.165146 0.112792 0.041932 0.157771 0.152648 0.087911 0.812311 0.071768 0.048109 0.017368 0.040765 0.053597 0.085772 0.108239 0.016378 0.189077 0.069856 0.045320 0.111866 0.052497 0.043878 0.097522 0.011630 0.374744 0.004985 0.001510 0.065861 0.044258 0.048344 0.025602 0.001751 0.133692 0.006102 0.014676 0.008409 0.029831 0.019434 0.009160 0.000104 0.022652 0.074615 0.002672 0.004126 0.001547 0.001206 0.012799 0.011467 0.009858 0.028579 0.023310 0.014194 0.001634 0.001171 0.007452 0.030346 0.002798 0.003803 0.005540 0.000068 0.003637 
0.023170 0.015374 0.002756 0.039952 0.155592 0.007677 0.024082 0.038216 0.015493 0.131152 0.020914 0.007900 0.008509 0.009382 0.046362 0.121840 0.021334 0.037824 0.027700 0.013051 0.109291 0.022928 0.011221 0.049178 0.033283 0.001906 0.153196 0.001187 0.000327 0.021881 0.008922 0.011091 0.006354 0.000481 0.038250 0.002431 0.004146 0.002134 0.006984 0.004502 0.002314 0.000029 0.008291 0.025965 0.001066 0.001569 0.000488 0.000376 0.004284 0.004764 0.004490 0.011915 0.011219 0.004135 0.000506 0.000683 0.003131 0.010947 0.001170 0.001475 0.002557 0.000021 0.001110 
0.153109 0.020435 0.052223 0.033471 0.021400 0.061683 0.102967 0.024413 0.289194 0.145237 0.010314 0.093058 0.002253 0.177459 0.007208 0.013141 0.379560 0.002791 0.144197 0.085020 0.008830 0.384083 0.183738 0.008803 0.019401 0.009740 0.087950 0.016780 0.003133 0.019845 0.034706 0.020276 0.069892 0.002300 0.128045 0.002373 0.033737 0.004861 0.071145 0.029082 0.009129 0.000219 0.010049 0.049648 0.001191 0.001656 0.003785 0.002887 0.024849 0.007097 0.004284 0.025644 0.012590 0.029507 0.005913 0.000927 0.005468 0.034642 0.002289 0.003096 0.004499 0.000152 0.005129 
0.005190 0.001385 0.001309 0.003050 0.002014 0.002353 0.005047 0.001949 0.006365 0.013392 0.000979 0.002686 0.000232 0.002750 0.000674 0.000935 0.006991 0.000308 0.010134 0.004319 0.000991 0.008324 0.003607 0.000599 0.001768 0.000550 0.007170 0.000493 0.000108 0.001083 0.002280 0.001667 0.002429 0.000072 0.007286 0.000137 0.001525 0.000326 0.002249 0.001838 0.000614 0.000011 0.000921 0.003995 0.000097 0.000189 0.000163 0.000084 0.000643 0.000559 0.000465 0.000604 0.001994 0.001565 0.000311 -0.000000 0.000485 0.001663 0.000204 0.000145 0.000426 0.000002 0.000268 
0.045784 0.008785 0.011299 0.017155 0.014099 0.018285 0.042586 0.013424 0.056806 0.073658 0.005873 0.028399 0.001272 0.034618 0.004201 0.007368 0.087025 0.001519 0.081750 0.040515 0.006217 0.090982 0.039272 0.005254 0.010304 0.004315 0.044453 0.004035 0.000963 0.010139 0.016272 0.010206 0.019809 0.000902 0.057557 0.001464 0.010150 0.002391 0.024504 0.012037 0.004312 0.000089 0.006071 0.025823 0.000602 0.001075 0.001302 0.000837 0.010282 0.004107 0.001703 0.011915 0.007978 0.011624 0.001906 0.000488 0.003528 0.015658 0.001475 0.001662 0.002415 0.000051 0.002029 
0.006858 0.001337 0.002205 0.002669 0.001511 0.002662 0.005489 0.001624 0.011049 0.008774 0.000668 0.003752 0.000155 0.006632 0.000959 0.000605 0.020611 0.000164 0.009748 0.005399 0.000721 0.018401 0.008616 0.000784 0.001207 0.000598 0.006453 0.000621 0.000144 0.001170 0.002516 0.001463 0.004018 0.000123 0.010382 0.000180 0.002478 0.000306 0.004853 0.001930 0.000803 0.000009 0.000796 0.002711 0.000104 0.000116 0.000285 0.000192 0.001767 0.000789 0.000619 0.001209 0.001247 0.002012 0.000428 0.000146 0.000573 0.002217 0.000407 0.000332 0.000426 0.000004 0.000345 
0.070438 0.028074 0.011230 0.062216 0.060676 0.026425 0.079859 0.054563 0.059088 0.296247 0.026406 0.032428 0.007483 0.037530 0.027097 0.045525 0.085579 0.009379 0.137054 0.050373 0.026850 0.101059 0.046486 0.031111 0.074715 0.009628 0.298505 0.005277 0.001293 0.060055 0.040838 0.046234 0.026910 0.001810 0.153545 0.006044 0.016344 0.007944 0.032080 0.020491 0.009853 0.000128 0.021731 0.083888 0.002541 0.004242 0.001926 0.001328 0.016441 0.012748 0.009445 0.039027 0.025304 0.014753 0.002918 0.001903 0.008952 0.038383 0.003968 0.004011 0.006914 0.000085 0.004440 
0.005375 0.003772 0.000276 0.009683 0.057655 0.001157 0.004427 0.009256 0.002642 0.035328 0.005611 0.000948 0.002524 0.000809 0.017710 0.059490 0.003013 0.052806 0.006660 0.002113 0.384184 0.001899 0.001202 0.098310 0.019789 0.000487 0.128101 0.000091 0.000049 0.011742 0.002319 0.005716 0.000561 0.000074 0.012021 0.002034 0.000524 0.001037 0.000829 0.001103 0.000582 0.000005 0.004857 0.009131 0.001066 0.002048 0.000014 0.000031 0.000321 0.003187 0.004903 0.003713 0.008601 0.000335 0.000039 0.000146 0.001191 0.002217 0.001068 0.000395 0.000805 0.000002 0.000153 
0.143656 0.024589 0.039477 0.051237 0.028701 0.058250 0.135548 0.034589 0.210890 0.227438 0.015375 0.094994 0.003680 0.163223 0.011772 0.019299 0.567833 0.004454 0.365318 0.256609 0.013245 0.714570 0.240342 0.014288 0.035698 0.034931 0.159888 0.020140 0.006920 0.036873 0.103176 0.049841 0.099418 0.005531 0.304722 0.004154 0.057181 0.009980 0.105238 0.063585 0.018934 0.000374 0.023406 0.089595 0.001987 0.002731 0.005589 0.004093 0.043164 0.012452 0.006709 0.050424 0.019695 0.040125 0.007352 0.000976 0.010054 0.058475 0.003409 0.005445 0.006251 0.000196 0.008307 
0.032624 0.008021 0.007785 0.017231 0.009064 0.013926 0.033909 0.010447 0.044796 0.065345 0.005515 0.020697 0.001356 0.037368 0.004745 0.007533 0.083289 0.002093 0.086190 0.047838 0.005947 0.094926 0.041176 0.006960 0.012546 0.009006 0.067158 0.004784 0.001310 0.014299 0.027278 0.015990 0.025789 0.001413 0.086153 0.001702 0.013914 0.003478 0.027937 0.016586 0.006028 0.000112 0.011347 0.039376 0.000997 0.001366 0.001736 0.001336 0.012585 0.006243 0.003097 0.019686 0.010595 0.014865 0.001984 0.000634 0.005071 0.023418 0.001832 0.002016 0.002841 0.000073 0.002986 
0.136426 0.013321 0.072478 0.027143 0.013092 0.049802 0.094291 0.020137 0.271059 0.128381 0.007521 0.084211 0.001853 0.389859 0.005290 0.008577 0.620506 0.001724 0.211276 0.134361 0.004775 1.094418 0.854172 0.007697 0.017331 0.021123 0.075283 0.053043 0.016089 0.019325 0.075112 0.030959 0.232007 0.006027 0.274669 0.002575 0.117650 0.007065 0.226102 0.092713 0.018871 0.000573 0.012729 0.064628 0.001135 0.001395 0.008927 0.006765 0.059445 0.007195 0.003252 0.044293 0.009473 0.064266 0.011865 0.000537 0.006262 0.048637 0.001170 0.003948 0.004688 0.000312 0.009264 
0.059687 0.025735 0.010954 0.058251 0.068481 0.022683 0.069855 0.053318 0.050561 0.255839 0.025976 0.026701 0.008464 0.034780 0.036794 0.066693 0.083409 0.014797 0.121033 0.048543 0.047032 0.099161 0.043881 0.057981 0.183403 0.010474 0.794419 0.004601 0.001483 0.165822 0.057621 0.082977 0.027097 0.002374 0.208370 0.013315 0.017821 0.013971 0.038591 0.026188 0.013504 0.000133 0.045933 0.146377 0.005199 0.008847 0.001804 0.001459 0.018369 0.024511 0.018167 0.053877 0.047991 0.016430 0.002334 0.003269 0.015566 0.052656 0.007275 0.006691 0.011081 0.000064 0.006507 
0.036516 0.012843 0.011437 0.024246 0.020645 0.016549 0.041258 0.021219 0.047078 0.105753 0.009717 0.022988 0.002537 0.042707 0.010035 0.016550 0.079673 0.003982 0.102791 0.046195 0.011713 0.102520 0.048790 0.012859 0.028627 0.012970 0.149133 0.005368 0.001571 0.032627 0.059587 0.042900 0.032517 0.002390 0.179773 0.003902 0.019870 0.008804 0.039893 0.027015 0.011143 0.000152 0.021061 0.080607 0.002028 0.003370 0.001967 0.001728 0.019012 0.012354 0.007638 0.037386 0.024182 0.020565 0.003696 0.000781 0.008819 0.037967 0.003104 0.004156 0.007245 0.000077 0.005359 
0.073774 0.007210 0.071789 0.015783 0.009567 0.027312 0.050820 0.010988 0.153604 0.069270 0.003581 0.040525 0.001039 0.464757 0.003215 0.004618 0.227085 0.001006 0.086383 0.054270 0.004505 0.342024 0.523463 0.003733 0.009269 0.009309 0.046843 0.142586 0.008934 0.011742 0.040327 0.018711 0.608844 0.003849 0.173581 0.001695 0.183837 0.004822 0.403431 0.091473 0.014857 0.000882 0.010761 0.054214 0.000948 0.001395 0.019074 0.013253 0.075779 0.007097 0.002477 0.042221 0.012465 0.123168 0.022991 0.000634 0.006438 0.058060 0.001577 0.004634 0.005540 0.000557 0.014125 
0.002410 0.001958 0.000551 0.004346 0.012085 0.000887 0.004692 0.004601 0.001922 0.017549 0.002316 0.001461 0.001110 0.002265 0.006586 0.018584 0.004580 0.008743 0.007528 0.002394 0.033607 0.005257 0.002404 0.036088 0.013537 0.000574 0.112567 0.000256 0.000081 0.015122 0.003066 0.006328 0.001121 0.000084 0.010564 0.002488 0.000953 0.001502 0.001776 0.001838 0.001102 0.000006 0.008542 0.016977 0.001876 0.003850 0.000122 0.000084 0.001821 0.005191 0.012335 0.007166 0.020443 0.001118 0.000156 0.001025 0.003616 0.005958 0.002544 0.001039 0.002841 0.000002 0.000727 
0.022243 0.010265 0.003996 0.024475 0.042297 0.006751 0.023728 0.020894 0.019216 0.103444 0.012081 0.009480 0.004629 0.014559 0.023077 0.058226 0.031700 0.019005 0.042854 0.017417 0.065592 0.035780 0.016731 0.094622 0.067386 0.003765 0.554946 0.001972 0.000596 0.072360 0.021775 0.032082 0.011586 0.000966 0.090160 0.011879 0.007529 0.007766 0.016455 0.011532 0.006957 0.000071 0.038773 0.103149 0.007116 0.012479 0.000814 0.000768 0.009747 0.026843 0.032412 0.038249 0.067062 0.008271 0.001206 0.004001 0.016316 0.036859 0.007835 0.005590 0.011933 0.000045 0.004019 
0.034107 0.004202 0.032932 0.008921 0.005539 0.011959 0.019743 0.005630 0.059328 0.038561 0.002268 0.016234 0.000768 0.207062 0.001763 0.004454 0.070753 0.000821 0.040055 0.020938 0.003153 0.098577 0.112206 0.002904 0.005605 0.003462 0.034893 0.039221 0.002043 0.006586 0.016312 0.008607 0.188465 0.001370 0.068485 0.001147 0.055894 0.002559 0.170582 0.034595 0.006453 0.000356 0.007034 0.031815 0.000644 0.001220 0.016714 0.009099 0.037434 0.004271 0.001961 0.020981 0.009473 0.084943 0.020929 0.000537 0.003484 0.035612 0.001221 0.002743 0.003552 0.000483 0.008345 
0.002966 0.001146 0.000689 0.002592 0.002014 0.000964 0.002390 0.001786 0.003363 0.008543 0.000764 0.001382 0.000291 0.002427 0.000985 0.002529 0.004942 0.000575 0.006660 0.002347 0.001351 0.005988 0.003006 0.001705 0.003492 0.000542 0.023183 0.000383 0.000103 0.006716 0.003262 0.005375 0.001682 0.000151 0.014571 0.000793 0.001668 0.001047 0.004498 0.001838 0.000944 0.000015 0.002764 0.011984 0.000270 0.000886 0.000203 0.000115 0.002945 0.001906 0.000981 0.003367 0.003490 0.001341 0.000195 0.000146 0.001235 0.004296 0.000712 0.000686 0.001421 0.000009 0.000306 
0.039667 0.006589 0.021426 0.013495 0.007553 0.015585 0.031430 0.008498 0.062450 0.050337 0.003772 0.020105 0.001220 0.115178 0.004304 0.007093 0.102694 0.001375 0.062543 0.033520 0.004415 0.145747 0.136151 0.005531 0.011985 0.006445 0.061661 0.026092 0.004399 0.014082 0.029990 0.016772 0.157817 0.002745 0.146077 0.002149 0.109454 0.004812 0.202900 0.064688 0.012654 0.000568 0.012896 0.060634 0.001357 0.001961 0.007991 0.006796 0.054250 0.008378 0.005264 0.043085 0.018573 0.063037 0.010892 0.000781 0.009569 0.051963 0.002646 0.004821 0.007766 0.000295 0.011216 
0.020019 0.008355 0.003927 0.018756 0.025680 0.007831 0.022045 0.016131 0.018495 0.077352 0.009526 0.009480 0.003344 0.015206 0.015299 0.032989 0.030495 0.009256 0.044977 0.017182 0.034959 0.037386 0.019536 0.049086 0.053805 0.003949 0.446203 0.002392 0.000721 0.076347 0.025470 0.035654 0.012521 0.001273 0.113110 0.020614 0.010626 0.011560 0.020243 0.015667 0.009774 0.000087 0.076583 0.180617 0.017894 0.030028 0.000841 0.000883 0.013067 0.050730 0.069882 0.065188 0.151077 0.012853 0.001595 0.007710 0.032190 0.061801 0.017705 0.009705 0.024056 0.000045 0.006163 
0.032253 0.005777 0.013641 0.012275 0.006798 0.010493 0.025144 0.007957 0.044916 0.045257 0.004297 0.015641 0.001046 0.072633 0.003604 0.007038 0.073646 0.001375 0.049417 0.024506 0.005586 0.095656 0.077242 0.004932 0.010347 0.005321 0.056881 0.013347 0.002915 0.014472 0.028693 0.017112 0.091663 0.002730 0.146077 0.002185 0.085819 0.005504 0.134122 0.086190 0.013646 0.000637 0.014027 0.066626 0.001398 0.002353 0.006485 0.005314 0.064800 0.009364 0.006400 0.045848 0.017451 0.055884 0.009064 0.000976 0.009878 0.067759 0.002747 0.006047 0.007766 0.000239 0.012211 
0.009083 0.002626 0.001722 0.006176 0.007805 0.002507 0.007171 0.006658 0.008527 0.030710 0.003223 0.003357 0.001265 0.004368 0.005990 0.013306 0.010848 0.004700 0.013030 0.008310 0.015227 0.015772 0.008015 0.021109 0.016642 0.001468 0.134315 0.000895 0.000237 0.021838 0.007743 0.011397 0.004672 0.000445 0.040071 0.004919 0.004384 0.003636 0.008286 0.005835 0.003321 0.000038 0.020056 0.050790 0.005572 0.012726 0.000421 0.000299 0.005088 0.015672 0.037573 0.022794 0.067187 0.004694 0.000622 0.004831 0.010980 0.018568 0.009107 0.003616 0.008808 0.000021 0.002029 
0.042633 0.008833 0.015364 0.016164 0.011833 0.016048 0.039487 0.015319 0.060289 0.082663 0.006088 0.023344 0.001621 0.092045 0.005782 0.011711 0.115109 0.002524 0.088699 0.045867 0.007839 0.158599 0.111405 0.010416 0.022333 0.010809 0.124516 0.017291 0.005295 0.027428 0.068627 0.038205 0.105679 0.008261 0.433860 0.004897 0.090393 0.013319 0.156969 0.218322 0.045092 0.000754 0.033455 0.164924 0.003219 0.004373 0.008180 0.006934 0.109785 0.021356 0.012025 0.110690 0.035526 0.080361 0.011709 0.002342 0.019976 0.134133 0.007225 0.013320 0.016621 0.000335 0.020824 
0.013161 0.005968 0.004203 0.015554 0.025428 0.006018 0.019124 0.014940 0.013331 0.069501 0.008499 0.007347 0.002867 0.011324 0.016128 0.035848 0.022901 0.011042 0.037256 0.013661 0.038653 0.029354 0.016330 0.058442 0.058073 0.003869 0.488745 0.001881 0.000601 0.085446 0.023308 0.039464 0.009250 0.001102 0.114931 0.023607 0.009101 0.012707 0.017046 0.013783 0.009884 0.000066 0.096430 0.199021 0.027004 0.050206 0.000814 0.000614 0.012746 0.069392 0.118087 0.072095 0.235840 0.009388 0.001167 0.013175 0.046037 0.066789 0.026100 0.011949 0.029454 0.000038 0.006852 
0.024653 0.001719 0.035550 0.002897 0.002266 0.008371 0.011156 0.001570 0.058247 0.015009 0.000573 0.011534 0.000129 0.284710 0.000778 0.000935 0.077262 0.000226 0.026542 0.017323 0.000360 0.124718 0.207281 0.000599 0.002544 0.003438 0.011950 0.094254 0.004792 0.003380 0.017255 0.005716 0.800579 0.002397 0.097263 0.000692 0.281044 0.002638 1.573122 0.091427 0.011977 0.001928 0.004522 0.041231 0.000353 0.000668 0.071047 0.057942 0.154610 0.003056 0.001600 0.044121 0.004986 0.389287 0.066677 0.000342 0.003925 0.077736 0.001018 0.005154 0.004688 0.001459 0.027063 
0.003707 0.001050 0.001171 0.002821 0.002014 0.001659 0.003453 0.002165 0.004323 0.012007 0.001027 0.001856 0.000342 0.002588 0.001452 0.002804 0.008317 0.000821 0.006853 0.003380 0.002252 0.007740 0.005109 0.002673 0.005130 0.000646 0.035610 0.000475 0.000169 0.006413 0.003616 0.005988 0.003738 0.000222 0.019125 0.002005 0.002049 0.001877 0.004617 0.003400 0.001983 0.000018 0.011933 0.028105 0.001135 0.002165 0.000244 0.000192 0.002785 0.005914 0.004026 0.009670 0.011468 0.003688 0.000622 0.000488 0.004674 0.013718 0.001781 0.001725 0.003694 0.000017 0.001340 
0.020204 0.004440 0.009439 0.007777 0.007301 0.006481 0.017176 0.004980 0.026541 0.033250 0.002913 0.010349 0.000594 0.047074 0.002982 0.004783 0.042669 0.000862 0.030017 0.015962 0.004235 0.065718 0.049691 0.004148 0.007674 0.003733 0.043258 0.009020 0.001830 0.009922 0.018395 0.011091 0.057184 0.001723 0.105824 0.001717 0.051606 0.004209 0.096123 0.056648 0.009569 0.000488 0.011096 0.049078 0.001204 0.001685 0.005155 0.003716 0.052215 0.007491 0.004490 0.033501 0.014210 0.049960 0.007119 0.000976 0.007496 0.049607 0.001882 0.004177 0.006345 0.000188 0.008728 
0.029473 0.007210 0.008199 0.020586 0.019638 0.010647 0.027977 0.017430 0.031946 0.090513 0.009120 0.015523 0.002415 0.034942 0.011850 0.020673 0.057374 0.005582 0.071616 0.032393 0.016668 0.075648 0.045083 0.022538 0.041820 0.007658 0.277234 0.005752 0.001777 0.069327 0.057621 0.070559 0.033638 0.003197 0.336051 0.016942 0.025493 0.040847 0.051139 0.044519 0.031572 0.000232 0.148225 0.704634 0.010716 0.015617 0.003066 0.002357 0.041826 0.072185 0.034838 0.183304 0.114430 0.030736 0.004085 0.005612 0.047316 0.155611 0.015975 0.020531 0.032390 0.000164 0.017608 
-0.000000 0.000239 -0.000000 0.000229 0.000755 0.000154 0.000354 0.000325 -0.000000 0.000462 -0.000000 0.000079 0.000013 0.000485 0.000130 0.000275 0.000603 -0.000000 -0.000000 0.000094 0.000090 0.000730 0.000401 0.000138 0.000388 0.000032 0.001434 0.000073 0.000002 0.000260 0.000275 0.000374 0.000187 0.000013 0.000729 0.000079 0.000286 0.000049 0.000592 0.000413 0.000094 0.000001 0.000670 0.001997 0.000166 0.000508 0.000027 0.000008 0.000321 0.000559 0.001806 0.001036 0.004238 -0.000000 -0.000000 0.000781 0.000573 0.000277 0.000305 0.000083 0.000474 -0.000000 0.000115 
0.024468 0.005491 0.010541 0.010598 0.010322 0.010223 0.025587 0.009419 0.034828 0.054724 0.004488 0.015918 0.001291 0.063898 0.005497 0.008632 0.070633 0.002196 0.061674 0.030046 0.007118 0.101789 0.071031 0.009863 0.018021 0.007554 0.105875 0.012489 0.003235 0.030851 0.054988 0.041165 0.081572 0.005472 0.399436 0.006095 0.071571 0.018576 0.143829 0.134981 0.060154 0.000774 0.056485 0.316864 0.004984 0.007496 0.008954 0.007540 0.170355 0.040643 0.018632 0.321278 0.064445 0.108862 0.013110 0.004587 0.042730 0.428588 0.012516 0.034309 0.041813 0.000538 0.056194 
0.016497 0.004918 0.005098 0.010522 0.010322 0.006905 0.016999 0.008823 0.022338 0.043640 0.003581 0.007781 0.001136 0.022486 0.004304 0.009567 0.040740 0.002032 0.033395 0.016525 0.007478 0.052720 0.029354 0.008711 0.015521 0.003909 0.103007 0.004802 0.001061 0.023008 0.027081 0.024257 0.027658 0.001973 0.165749 0.005575 0.020776 0.011155 0.043445 0.032666 0.018052 0.000188 0.052172 0.254519 0.004936 0.008135 0.002727 0.002112 0.036577 0.042121 0.022399 0.243657 0.075165 0.028277 0.003812 0.003269 0.041142 0.187204 0.012465 0.025436 0.034426 0.000135 0.017570 
0.015570 0.003963 0.003858 0.008311 0.006798 0.005555 0.012129 0.007849 0.020056 0.037868 0.003796 0.006873 0.001052 0.021839 0.004564 0.008357 0.029892 0.002442 0.028087 0.013098 0.007298 0.038262 0.022942 0.010555 0.015133 0.003255 0.117585 0.003396 0.000816 0.026648 0.022600 0.022998 0.019996 0.001434 0.127135 0.006419 0.014438 0.009752 0.033146 0.023615 0.012733 0.000138 0.066911 0.247385 0.008743 0.014179 0.002293 0.001643 0.025599 0.075996 0.035818 0.138492 0.138612 0.025148 0.003423 0.008393 0.077301 0.154918 0.022132 0.028179 0.052752 0.000092 0.014929 
0.012790 0.002196 0.010128 0.006023 0.003777 0.005979 0.014077 0.004222 0.025941 0.025168 0.001767 0.009638 0.000665 0.062119 0.002723 0.003629 0.046767 0.001211 0.038317 0.021079 0.002973 0.075064 0.069227 0.005024 0.010347 0.006158 0.063812 0.014078 0.003607 0.016985 0.045987 0.029122 0.101287 0.005470 0.387414 0.004263 0.101639 0.015187 0.216986 0.192824 0.060563 0.001410 0.047063 0.299031 0.003641 0.004910 0.014367 0.014658 0.387355 0.034860 0.012800 0.373687 0.057464 0.220853 0.025286 0.002342 0.049079 0.725676 0.010939 0.047255 0.042524 0.000897 0.129498 
0.012234 0.000859 0.011919 0.001754 0.000252 0.003086 0.006286 0.000920 0.018495 0.006465 0.000597 0.005214 0.000148 0.076031 0.000570 0.000935 0.027120 0.000328 0.010617 0.005352 0.000631 0.036072 0.049591 0.000553 0.001380 0.001444 0.009321 0.019008 0.001249 0.003206 0.008529 0.003368 0.117919 0.000882 0.047721 0.000483 0.052321 0.001571 0.189878 0.032528 0.006264 0.000541 0.004313 0.024681 0.000388 0.000479 0.082008 0.030292 0.072084 0.004107 0.001032 0.028234 0.005734 0.657976 0.324243 0.000390 0.005512 0.067759 0.000814 0.004946 0.004451 0.006558 0.029858 
0.005005 0.001767 0.002480 0.005413 0.004784 0.002816 0.008588 0.004818 0.008647 0.026785 0.002005 0.004700 0.000704 0.012618 0.002852 0.006873 0.017959 0.002155 0.024419 0.011314 0.005947 0.025703 0.018534 0.010923 0.016210 0.003039 0.122126 0.002903 0.000958 0.032367 0.025941 0.031844 0.021117 0.002006 0.202177 0.010076 0.018155 0.019109 0.038354 0.042038 0.027071 0.000234 0.142782 0.591214 0.016004 0.027210 0.002700 0.002396 0.054679 0.169307 0.067250 0.503459 0.319855 0.035766 0.004707 0.017225 0.289582 0.580874 0.056321 0.135968 0.204474 0.000194 0.049610 
0.003151 0.001289 0.002136 0.003279 0.002518 0.002315 0.004781 0.001786 0.006846 0.011776 0.000955 0.003120 0.000368 0.014397 0.001711 0.003904 0.015790 0.000903 0.015829 0.006103 0.003604 0.021176 0.017733 0.004932 0.008795 0.002154 0.059510 0.003396 0.000960 0.015859 0.020164 0.020106 0.024387 0.001937 0.176131 0.005886 0.022062 0.013695 0.050311 0.049113 0.026504 0.000318 0.074447 0.372933 0.007573 0.012769 0.003758 0.003402 0.076314 0.080464 0.033496 0.497674 0.160052 0.057784 0.006730 0.010150 0.187763 1.291169 0.036886 0.274346 0.185485 0.000301 0.098530 
0.006858 0.002053 0.002756 0.003050 0.004028 0.002469 0.007348 0.004385 0.008287 0.017779 0.002077 0.004621 0.000581 0.008250 0.002152 0.004509 0.015790 0.001252 0.013223 0.006150 0.003334 0.022198 0.011020 0.003918 0.007459 0.001324 0.053057 0.001972 0.000479 0.011049 0.009473 0.011227 0.009344 0.000654 0.064478 0.002654 0.008434 0.004357 0.017993 0.011302 0.006595 0.000080 0.024537 0.079466 0.003932 0.006886 0.001235 0.000991 0.015316 0.028650 0.022554 0.059749 0.085885 0.013189 0.002451 0.006344 0.088678 0.092147 0.020860 0.026391 0.097075 0.000056 0.010910 
0.010566 0.001289 0.008474 0.003279 0.004280 0.003202 0.009119 0.002869 0.015012 0.013623 0.000692 0.005688 0.000220 0.037854 0.000933 0.001649 0.022540 0.000267 0.013705 0.008779 0.000991 0.034903 0.032961 0.001567 0.003406 0.001675 0.017925 0.008874 0.000963 0.004376 0.010416 0.006090 0.059146 0.000897 0.056464 0.000866 0.034737 0.002203 0.106777 0.025820 0.006217 0.000361 0.006951 0.036238 0.000789 0.000973 0.021543 0.012570 0.050769 0.005027 0.002219 0.032378 0.009100 0.300208 0.063098 0.000683 0.005027 0.061940 0.002086 0.004925 0.006251 0.002950 0.026987 
0.007044 0.000907 0.006958 0.001067 -0.000000 0.002816 0.003719 0.000487 0.011649 0.007158 0.000382 0.003081 0.000039 0.050310 0.000441 0.000935 0.018924 0.000205 0.007528 0.006385 0.000450 0.026579 0.034363 0.000830 0.001250 0.001149 0.008126 0.010627 0.000831 0.002773 0.006407 0.003572 0.075685 0.000764 0.041892 0.000490 0.037978 0.001512 0.128203 0.027290 0.006059 0.000410 0.004103 0.026679 0.000415 0.000538 0.043765 0.019450 0.064532 0.003154 0.001548 0.029097 0.006856 0.501390 0.201587 0.000537 0.004718 0.073718 0.000916 0.005237 0.005493 0.011108 0.033418 
0.008712 0.001576 0.008336 0.001601 0.003021 0.003395 0.005489 0.001299 0.012010 0.007620 0.000859 0.005095 0.000148 0.044162 0.000415 0.001100 0.018080 0.000308 0.011389 0.005727 0.000811 0.030668 0.032560 0.001244 0.001983 0.001276 0.013623 0.011339 0.000965 0.002903 0.007311 0.004083 0.069331 0.000938 0.048632 0.000620 0.037168 0.002065 0.122166 0.029266 0.006311 0.000431 0.005653 0.029675 0.000464 0.000886 0.031867 0.016494 0.069352 0.004731 0.002219 0.034796 0.007230 0.416893 0.113164 0.000488 0.006879 0.074411 0.001628 0.005777 0.006866 0.006695 0.037781 
0.002039 0.000334 0.000482 0.000686 0.002014 0.000424 0.000974 0.000704 0.001321 0.002771 0.000215 0.000434 0.000097 0.002103 0.000467 0.000605 0.001567 0.000287 0.002220 0.001361 0.000991 0.002483 0.001503 0.001014 0.001207 0.000239 0.010994 0.000365 0.000059 0.001820 0.001140 0.002620 0.001682 0.000092 0.008014 0.000411 0.001382 0.000593 0.002604 0.001195 0.000677 0.000007 0.004480 0.009987 0.000803 0.001889 0.000163 0.000084 0.001500 0.004567 0.007587 0.006821 0.026551 0.002012 0.000233 0.006929 0.009657 0.009284 0.034139 0.002868 0.011602 0.000004 0.000957 
0.007414 0.002196 0.003100 0.004727 0.003777 0.002855 0.008854 0.002328 0.012970 0.019396 0.001552 0.004187 0.000452 0.015530 0.001582 0.003299 0.019647 0.001088 0.017084 0.007089 0.002613 0.023220 0.017632 0.003825 0.006941 0.001563 0.043736 0.003323 0.000626 0.009533 0.013600 0.010240 0.018968 0.000856 0.072128 0.002171 0.014105 0.004120 0.030541 0.019158 0.008342 0.000150 0.018926 0.080036 0.002271 0.004271 0.002211 0.001958 0.025224 0.016855 0.010064 0.078398 0.044500 0.025036 0.004046 0.003074 0.028266 0.232239 0.007937 0.028927 0.031254 0.000149 0.034030 
0.000185 -0.000000 -0.000000 0.000152 -0.000000 0.000039 0.000089 -0.000000 -0.000000 -0.000000 0.000024 0.000039 0.000019 -0.000000 0.000104 -0.000000 0.000121 -0.000000 0.000097 0.000141 -0.000000 0.000584 0.000100 0.000046 -0.000000 0.000008 0.000239 -0.000000 0.000002 -0.000000 0.000236 0.000068 0.000093 -0.000000 0.001457 0.000029 0.000191 0.000010 0.000237 0.000046 0.000047 0.000001 0.000335 0.000713 0.000028 0.000087 0.000041 0.000015 0.000107 0.000230 0.000103 0.000345 0.001247 0.000224 0.000039 -0.000000 0.000617 0.000970 -0.000000 0.000249 0.000663 -0.000000 0.000038 
0.005932 0.001814 0.002274 0.004193 0.003273 0.002623 0.005312 0.004168 0.009488 0.017087 0.001313 0.002923 0.000575 0.010515 0.002308 0.004124 0.012656 0.000883 0.013030 0.006056 0.003514 0.022052 0.013224 0.003687 0.007114 0.001476 0.050428 0.001844 0.000467 0.011829 0.010573 0.010206 0.013362 0.000682 0.066664 0.002964 0.008720 0.004585 0.019414 0.014656 0.006390 0.000094 0.024160 0.089595 0.004160 0.007075 0.001424 0.001313 0.018958 0.028848 0.023586 0.078398 0.091993 0.012965 0.002373 0.007368 0.084886 0.131085 0.027270 0.042164 0.148312 0.000081 0.017226 
0.011122 0.001671 0.006201 0.002440 0.003273 0.003086 0.006994 0.002761 0.018135 0.017087 0.001122 0.005135 0.000310 0.040118 0.001011 0.002034 0.023986 0.000390 0.015153 0.007652 0.002252 0.031983 0.027050 0.001798 0.003621 0.001771 0.021271 0.007815 0.000921 0.005373 0.010927 0.006226 0.050924 0.000918 0.065389 0.000923 0.032641 0.002520 0.091388 0.030966 0.007130 0.000365 0.008751 0.049078 0.000713 0.001569 0.013973 0.009614 0.062658 0.006078 0.003148 0.040840 0.012340 0.214706 0.035750 0.000586 0.008202 0.086743 0.002595 0.007398 0.008524 0.001811 0.044480 
0.001112 0.000191 0.001102 0.000534 0.001007 0.000270 0.000443 0.000162 0.001321 0.000924 0.000143 0.000908 0.000065 0.004853 0.000233 0.000605 0.004339 0.000246 0.003089 0.002019 0.000721 0.009054 0.006312 0.001291 0.002069 0.000702 0.015296 0.001808 0.000411 0.004506 0.007468 0.006838 0.010372 0.000887 0.085424 0.002200 0.013295 0.005672 0.029713 0.032849 0.015566 0.000209 0.037475 0.210292 0.003683 0.006407 0.002564 0.002749 0.069192 0.049514 0.017909 0.321019 0.117671 0.058343 0.005913 0.007320 0.173961 1.345764 0.038056 0.340865 0.274653 0.000308 0.193003 
0.008712 0.002387 0.003376 0.003965 0.003777 0.002893 0.008322 0.003302 0.011049 0.018703 0.001576 0.004424 0.000471 0.018765 0.001997 0.003849 0.017477 0.000944 0.013802 0.007793 0.002793 0.027309 0.018935 0.003365 0.005389 0.001803 0.042063 0.003871 0.000692 0.008016 0.011163 0.009016 0.027284 0.000935 0.072310 0.001623 0.014819 0.003913 0.041432 0.021685 0.008641 0.000185 0.016372 0.070620 0.001634 0.003269 0.002849 0.002388 0.035506 0.013931 0.007277 0.070369 0.031287 0.043142 0.006263 0.001513 0.021828 0.198567 0.006411 0.020490 0.022919 0.000203 0.067754 
0.005005 0.000477 0.004685 0.001372 0.001259 0.001813 0.004338 0.000974 0.011289 0.006003 0.000430 0.002804 0.000161 0.034780 0.000596 0.000550 0.017116 0.000185 0.008494 0.006009 0.000991 0.027163 0.028352 0.001291 0.002845 0.001340 0.019359 0.008399 0.001163 0.004290 0.011477 0.006600 0.064566 0.001273 0.085242 0.001132 0.047841 0.003863 0.136845 0.052559 0.014401 0.000691 0.012938 0.077326 0.000969 0.001685 0.020892 0.015718 0.157609 0.011664 0.003922 0.106028 0.019446 0.379787 0.050805 0.001269 0.018829 0.324386 0.004630 0.023773 0.022114 0.002538 0.244182 
0.001668 0.000286 0.000551 0.000915 0.000755 0.001042 0.001505 0.000595 0.001441 0.003464 0.000239 0.000908 0.000090 0.001618 0.000545 0.001155 0.003495 0.000287 0.002027 0.001268 0.000631 0.004673 0.001503 0.001291 0.001337 0.000303 0.008843 0.000310 0.000061 0.002383 0.002122 0.001633 0.002336 0.000128 0.008925 0.000476 0.001144 0.000781 0.003551 0.001700 0.001055 0.000013 0.004145 0.013553 0.000727 0.001700 0.000163 0.000154 0.002356 0.004271 0.005006 0.009670 0.021066 0.001900 0.000311 0.001854 0.010715 0.013857 0.010277 0.003637 0.016337 0.000002 0.001455 
0.005561 0.001194 0.001447 0.002287 0.000755 0.001620 0.004781 0.002003 0.005044 0.012238 0.001241 0.002014 0.000303 0.006147 0.001322 0.002034 0.008196 0.000657 0.008590 0.003850 0.001892 0.010661 0.007013 0.002581 0.004527 0.000885 0.032742 0.001114 0.000254 0.006543 0.005345 0.005545 0.006634 0.000412 0.035335 0.001774 0.005337 0.002233 0.011364 0.007627 0.003557 0.000045 0.014278 0.051931 0.002374 0.004779 0.000760 0.000614 0.008140 0.013734 0.016619 0.030997 0.057340 0.008047 0.001362 0.005904 0.040569 0.060415 0.021521 0.016167 0.075672 0.000036 0.007579 
0.005190 0.001480 0.001653 0.004041 0.002518 0.001774 0.005135 0.002382 0.008767 0.014316 0.000812 0.002449 0.000349 0.007927 0.001634 0.003079 0.009522 0.000841 0.010713 0.005070 0.002433 0.013290 0.009918 0.003042 0.005475 0.001077 0.040629 0.001534 0.000408 0.008016 0.007861 0.007859 0.009437 0.000570 0.053550 0.002359 0.007386 0.003686 0.015152 0.010843 0.005760 0.000080 0.020726 0.071904 0.003399 0.006450 0.001112 0.000898 0.014674 0.024149 0.021367 0.065188 0.085635 0.011736 0.001751 0.008198 0.065880 0.106835 0.026965 0.033478 0.122789 0.000079 0.013627 
0.005561 0.001719 0.002067 0.004575 0.003021 0.002469 0.005047 0.003031 0.007566 0.018010 0.001218 0.003594 0.000349 0.012941 0.001815 0.003024 0.014223 0.001108 0.014671 0.007371 0.002162 0.017817 0.012824 0.004563 0.006122 0.001683 0.043258 0.002629 0.000577 0.011699 0.011634 0.011363 0.016445 0.000859 0.084149 0.002914 0.013199 0.005513 0.026043 0.020123 0.009900 0.000138 0.031278 0.125690 0.004257 0.007452 0.002089 0.001758 0.029990 0.032692 0.023122 0.115094 0.097602 0.029060 0.003696 0.007661 0.088502 0.257181 0.028339 0.080463 0.133585 0.000154 0.039581 
0.007971 0.000907 0.006063 0.002974 0.001762 0.002700 0.005932 0.001895 0.013931 0.011314 0.000668 0.004108 0.000284 0.032192 0.000830 0.002254 0.019406 0.000369 0.012933 0.007981 0.000991 0.033443 0.028553 0.001613 0.003621 0.001914 0.018403 0.007870 0.000941 0.004896 0.010023 0.006430 0.054101 0.001079 0.072857 0.001132 0.033213 0.002974 0.101331 0.035147 0.009160 0.000426 0.009840 0.049934 0.000976 0.001598 0.015384 0.010896 0.079420 0.008115 0.003871 0.057417 0.014335 0.230688 0.037540 0.001074 0.012523 0.142170 0.002900 0.010286 0.013117 0.001880 0.082759 
0.007229 0.000668 0.004134 0.001372 0.000755 0.002083 0.004250 0.001462 0.008887 0.007158 0.000740 0.002765 0.000129 0.022647 0.000570 0.000770 0.013861 0.000226 0.008687 0.004554 0.000721 0.022198 0.018634 0.001106 0.001940 0.001085 0.009321 0.005332 0.000579 0.003206 0.005385 0.003402 0.032703 0.000552 0.030964 0.000440 0.020728 0.001166 0.064753 0.015713 0.003463 0.000201 0.004187 0.018261 0.000318 0.000508 0.013010 0.006734 0.030740 0.002596 0.001703 0.017355 0.006233 0.157145 0.050416 0.000439 0.003925 0.038937 0.001272 0.003408 0.003646 0.004230 0.018948 
0.005190 0.001480 0.001860 0.002516 0.000504 0.001890 0.005312 0.002219 0.009488 0.014085 0.000836 0.002567 0.000291 0.011971 0.000985 0.001265 0.011692 0.000328 0.008976 0.004695 0.001892 0.016648 0.014627 0.001613 0.003363 0.001005 0.020315 0.002502 0.000499 0.004810 0.005974 0.004014 0.018127 0.000514 0.039160 0.000793 0.010531 0.001937 0.027345 0.013967 0.003919 0.000120 0.007830 0.032671 0.000685 0.001235 0.002740 0.002319 0.021636 0.006243 0.003252 0.031256 0.012216 0.031630 0.005096 0.000586 0.008378 0.074688 0.002391 0.006920 0.008903 0.000184 0.066529 
0.003893 0.000334 0.003445 0.000915 0.001007 0.001466 0.002390 0.000650 0.005524 0.004618 0.000477 0.001540 0.000097 0.022647 0.000596 0.000825 0.013982 0.000205 0.007914 0.004272 0.000811 0.021760 0.020538 0.001014 0.001768 0.001197 0.013145 0.005770 0.000963 0.004160 0.009866 0.007076 0.044944 0.001181 0.078139 0.001233 0.036262 0.003893 0.100739 0.047551 0.013897 0.000526 0.013441 0.081891 0.001080 0.002063 0.012983 0.010673 0.129547 0.011762 0.005626 0.118029 0.024681 0.240189 0.030149 0.001122 0.024297 0.418611 0.004884 0.032730 0.028081 0.001555 0.441971 
0.001668 0.000382 0.000413 0.000991 0.002014 0.000617 0.001948 0.000595 0.001681 0.004618 0.000406 0.000592 0.000084 0.002265 0.000804 0.000880 0.002531 0.000308 0.002702 0.001455 0.000811 0.003797 0.002304 0.001337 0.001423 0.000303 0.013862 0.000694 0.000090 0.002513 0.002437 0.002381 0.002803 0.000141 0.014207 0.000635 0.001858 0.001057 0.004143 0.002573 0.001354 0.000015 0.006951 0.021971 0.001218 0.003225 0.000258 0.000215 0.003267 0.007261 0.010116 0.012951 0.038143 0.003241 0.000584 0.006685 0.018476 0.021201 0.031188 0.005091 0.025240 0.000008 0.002220 
