# Flux Network Reconstruction using RW method
# Walkers leave from emitting cells
# Probability involves emitting fluxes, then absorbing flux is shared among connections
# Seed: 1685043331
# Threshold: 0.5
# Precision: 100000.0
# Dt: 1.0
# Radius step: 8.000000
# Matrix output


0.001026 0.005812 0.199387 0.003796 0.000112 0.245064 0.000907 0.067309 0.094709 0.003179 0.000090 0.006516 0.000262 0.004379 0.000030 0.000296 0.023469 0.032873 0.003014 0.000516 0.000057 0.000001 0.002746 0.000160 0.000544 0.000093 0.000021 0.003258 -0.000000 0.017991 0.000428 0.010521 0.000651 0.000261 0.000097 0.002434 0.000311 0.000031 0.005883 0.000237 0.001722 0.002445 0.000108 0.001571 0.000875 0.004821 0.000018 0.000173 0.000392 0.000003 0.000228 0.000653 0.000204 0.000196 0.000225 0.000056 0.000136 0.002214 0.000025 0.000406 -0.000000 0.000020 0.000025 -0.000000 -0.000000 -0.000000 0.000023 0.000491 -0.000000 0.000039 -0.000000 -0.000000 0.000103 0.000139 0.000017 
0.099409 0.200105 0.013191 0.142793 0.004837 0.017454 0.000859 0.012301 0.041506 0.034763 0.005156 0.009359 0.004636 0.041388 0.000507 0.012736 0.005119 0.019472 0.010921 0.005219 0.001522 0.000115 0.003679 0.003815 0.000053 0.002944 0.000032 0.008341 0.000520 0.007919 0.006074 0.002831 0.004560 0.002288 0.003742 0.000572 0.002629 0.001423 0.001020 0.001401 0.000882 0.004889 0.000473 0.004016 0.000646 0.002533 0.000181 0.000504 0.000565 0.000168 0.002429 0.001306 0.000113 0.000433 0.000900 0.000297 0.001296 0.000646 0.000143 0.000568 0.000074 0.000221 0.000173 0.000170 0.001080 0.000051 0.000233 0.000197 0.000234 0.000136 0.000195 0.000168 0.000103 0.000696 0.000086 
0.176454 0.393567 0.044064 0.332180 0.009639 0.045097 0.004042 0.046923 0.126654 0.087662 0.009819 0.031658 0.009681 0.095141 0.000916 0.026657 0.010863 0.044541 0.026646 0.008833 0.002251 0.000147 0.006992 0.004729 0.000090 0.003879 0.000053 0.012729 0.000475 0.016255 0.005133 0.004579 0.005374 0.002850 0.003742 0.000901 0.003113 0.001423 0.001334 0.001283 0.001128 0.006356 0.000798 0.004190 0.000646 0.002043 0.000108 0.000615 0.000519 0.000073 0.002050 0.000625 0.000098 0.000322 0.000585 0.000111 0.000546 0.000461 0.000042 0.000812 0.000013 0.000100 0.000099 0.000071 0.000098 -0.000000 0.000117 0.000393 0.000016 0.000155 0.000042 0.000028 0.000120 0.000557 0.000051 
0.009541 0.129252 0.001529 0.067928 0.009286 0.003633 0.000126 0.002133 0.006974 0.013551 0.009595 0.002334 0.002459 0.017259 0.000378 0.025768 0.000790 0.005834 0.003730 0.002969 0.001252 0.000110 0.001501 0.003312 0.000015 0.002991 0.000010 0.003171 0.000505 0.003265 0.004192 0.000944 0.003460 0.001204 0.003013 0.000243 0.001833 0.001330 0.000275 0.001026 0.000554 0.002794 0.000473 0.002386 0.000301 0.001471 0.000145 0.000489 0.000219 0.000112 0.002202 0.000539 0.000045 0.000224 0.001124 0.000260 0.000818 0.000184 0.000135 0.001705 0.000048 0.000160 0.000099 0.000071 0.000344 0.000034 0.000280 0.000197 0.000109 0.000136 0.000140 0.000168 0.000188 0.000348 0.000043 
0.004104 0.083308 0.000669 0.053269 0.008243 0.000620 0.000083 0.001290 0.004274 0.013029 0.026723 0.001525 0.003101 0.012622 0.000425 0.064865 0.000354 0.002759 0.002506 0.003135 0.001239 0.000142 0.000659 0.003175 0.000006 0.003505 0.000003 0.001607 0.000520 0.001111 0.005304 0.000210 0.001710 0.000723 0.001069 0.000073 0.000588 0.000773 0.000078 0.000513 0.000041 0.000559 0.000230 0.000873 0.000029 0.000163 0.000181 0.000173 0.000046 0.000024 0.000456 -0.000000 0.000015 0.000042 0.000135 0.000149 0.000205 -0.000000 0.000025 0.000162 0.000009 0.000020 0.000049 0.000028 0.000098 0.000017 -0.000000 -0.000000 -0.000000 0.000019 0.000014 0.000056 0.000017 -0.000000 -0.000000 
0.015594 0.211729 0.003250 0.159022 0.020399 0.003721 0.000255 0.004415 0.012485 0.046333 0.089001 0.004945 0.008806 0.043019 0.001440 0.199334 0.002069 0.007962 0.008892 0.011341 0.004220 0.000487 0.002343 0.010371 0.000016 0.013600 0.000017 0.005561 0.002763 0.004515 0.015398 0.001328 0.008223 0.002910 0.006463 0.000146 0.003735 0.001887 0.000235 0.001204 0.000431 0.002654 0.000757 0.002794 0.000201 0.000817 0.000398 0.000567 0.000242 0.000105 0.001822 0.000284 0.000060 0.000280 0.000945 0.000334 0.000818 0.000646 0.000059 0.000893 0.000031 0.000100 0.000025 0.000071 0.000098 0.000017 0.000140 0.000197 0.000109 0.000058 0.000056 0.000168 0.000103 0.000279 0.000009 
0.000103 0.004428 0.000096 0.001701 0.000190 0.000177 0.000005 0.000050 0.000450 0.001199 0.000942 0.000185 0.000243 0.001374 0.000031 0.004443 0.000136 0.000709 0.000179 0.000313 0.000075 0.000010 0.000146 0.000434 0.000001 0.000374 0.000001 0.000348 0.000059 0.000417 0.000428 0.000070 0.000244 0.000161 0.000194 0.000024 0.000104 0.000186 -0.000000 0.000079 0.000041 0.000140 0.000014 0.000407 0.000029 0.000082 0.000036 0.000047 0.000023 0.000010 0.000152 0.000114 0.000008 0.000042 0.000135 0.000037 0.000205 0.000184 0.000025 -0.000000 0.000004 0.000020 -0.000000 0.000014 -0.000000 0.000017 0.000093 -0.000000 0.000031 -0.000000 0.000014 0.000084 0.000017 0.000139 0.000017 
0.107719 0.809829 0.028293 0.898510 0.035764 0.034022 0.002427 0.034076 0.121255 0.333033 0.051966 0.042703 0.040570 0.282330 0.004123 0.132396 0.014539 0.056681 0.060811 0.035885 0.009251 0.000689 0.012996 0.020765 0.000101 0.015235 0.000086 0.026067 0.002719 0.020701 0.025578 0.006711 0.019541 0.008470 0.012196 0.001083 0.009235 0.004176 0.002196 0.003966 0.001722 0.012084 0.001542 0.010010 0.000746 0.004657 0.000832 0.001466 0.001014 0.000332 0.005542 0.001164 0.000211 0.000601 0.001889 0.000706 0.002046 0.000830 0.000244 0.002274 0.000022 0.000281 0.000148 0.000213 0.000442 0.000085 0.000163 0.000491 0.000156 0.000311 0.000112 0.000224 0.000137 0.000766 0.000034 
0.022159 0.136448 0.013573 0.121983 0.006001 0.018163 0.000846 0.015178 0.056578 0.095845 0.013003 0.018532 0.013355 0.113945 0.001278 0.037023 0.008767 0.038471 0.026407 0.015361 0.004333 0.000366 0.008841 0.011148 0.000122 0.009767 0.000075 0.020071 0.001694 0.020492 0.020702 0.007654 0.012457 0.006944 0.013071 0.001461 0.010272 0.004609 0.003099 0.004716 0.003240 0.014109 0.002394 0.011174 0.001621 0.008988 0.000886 0.002411 0.001878 0.000549 0.011388 0.003406 0.000430 0.001272 0.003913 0.001561 0.005660 0.002122 0.000666 0.005604 0.000179 0.000943 0.000396 0.000539 0.001767 0.000186 0.001004 0.001769 0.000687 0.000680 0.000446 0.000813 0.000530 0.002019 0.000248 
0.002360 0.008580 0.034410 0.009816 0.000353 0.063259 0.000720 0.033927 0.083011 0.008287 0.001435 0.011531 0.001089 0.019492 0.000171 0.005924 0.032263 0.057548 0.010324 0.002711 0.000648 0.000052 0.009317 0.002102 0.001159 0.001869 0.000098 0.016118 0.000253 0.048834 0.004534 0.032226 0.005414 0.003171 0.004762 0.009263 0.004565 0.002072 0.021690 0.002920 0.009247 0.020326 0.001353 0.014492 0.005695 0.031865 0.000307 0.001671 0.003365 0.000402 0.007364 0.007977 0.001902 0.003202 0.005847 0.001375 0.004774 0.013006 0.000792 0.006335 0.000153 0.000802 0.000396 0.000624 0.002258 0.000085 0.000840 0.004815 0.000609 0.001320 0.000572 0.000869 0.001111 0.004596 0.000402 
0.004411 0.014946 0.195468 0.015837 0.000586 0.364937 0.002682 0.185608 0.415056 0.016573 0.001480 0.040554 0.001963 0.030569 0.000184 0.002962 0.172587 0.248955 0.018977 0.002416 0.000579 0.000049 0.021416 0.001850 0.003790 0.001168 0.000210 0.034539 0.000193 0.152962 0.002224 0.088883 0.004437 0.003231 0.002721 0.022493 0.003597 0.001114 0.046674 0.002407 0.015071 0.032829 0.000879 0.017169 0.007459 0.048615 0.000235 0.000599 0.004333 0.000220 0.005997 0.007891 0.002558 0.002657 0.003868 0.000427 0.001841 0.014298 0.000371 0.003817 0.000079 0.000241 0.000074 0.000128 0.000638 0.000034 0.000163 0.006583 0.000203 0.000544 0.000126 0.000336 0.000855 0.002507 0.000436 
0.009849 0.042623 0.234562 0.041359 0.001561 0.426956 0.005953 0.359362 1.074308 0.035492 0.003677 0.088664 0.004792 0.083119 0.000411 0.006516 0.186581 0.392431 0.042639 0.007155 0.001390 0.000102 0.034961 0.003221 0.001586 0.002477 0.000271 0.048528 0.000267 0.135734 0.005047 0.058754 0.008142 0.005339 0.005054 0.011441 0.005983 0.001949 0.021572 0.003828 0.011933 0.029476 0.001353 0.018508 0.004963 0.027862 0.000199 0.001072 0.003768 0.000346 0.006757 0.006870 0.001479 0.002671 0.004318 0.000799 0.002796 0.009132 0.000371 0.003736 0.000096 0.000241 0.000198 0.000255 0.000540 0.000051 0.000257 0.004323 0.000250 0.000660 0.000181 0.000252 0.000701 0.002089 0.000205 
0.001847 0.011071 0.001338 0.008507 0.000836 0.000886 0.000028 0.000595 0.003037 0.005629 0.018921 0.000947 0.001147 0.007728 0.000200 0.053314 0.000545 0.002838 0.001790 0.002139 0.000717 0.000111 0.000531 0.002581 0.000013 0.003131 0.000007 0.001434 0.000609 0.001876 0.004705 0.000384 0.002565 0.000883 0.002575 0.000122 0.001383 0.000959 0.000353 0.000572 0.000226 0.001537 0.000284 0.001339 0.000201 0.000980 0.000145 0.000457 0.000150 0.000063 0.001670 0.000284 0.000030 0.000112 0.000720 0.000130 0.000477 0.000369 0.000110 0.000812 0.000035 0.000201 0.000074 0.000142 0.000589 -0.000000 0.000233 -0.000000 0.000094 0.000097 0.000070 0.000084 0.000017 0.000070 0.000009 
0.021031 0.216711 0.009558 0.184937 0.013786 0.013113 0.000611 0.012450 0.042293 0.146764 0.121418 0.017701 0.038120 0.178431 0.008248 0.356017 0.007787 0.030824 0.036582 0.059286 0.021917 0.002007 0.008438 0.052061 0.000073 0.052669 0.000077 0.023069 0.008705 0.019172 0.070917 0.005278 0.037209 0.014892 0.031925 0.001071 0.019472 0.012806 0.002196 0.007577 0.001927 0.016694 0.003598 0.011989 0.001191 0.004494 0.001898 0.003184 0.001083 0.000678 0.009641 0.002101 0.000355 0.000853 0.003643 0.001431 0.003137 0.001384 0.000480 0.004061 0.000175 0.000923 0.000817 0.000355 0.001325 0.000118 0.000677 0.000491 0.000344 0.000544 0.000251 0.000505 0.000479 0.001462 0.000120 
0.016312 0.153054 0.007264 0.133631 0.011096 0.010366 0.000449 0.009127 0.032170 0.105018 0.129354 0.012686 0.026078 0.134725 0.005692 0.401629 0.005963 0.024596 0.028078 0.045216 0.018710 0.002111 0.007834 0.046144 0.000066 0.053931 0.000073 0.019376 0.009626 0.016672 0.075708 0.004858 0.038919 0.014752 0.028961 0.001229 0.018089 0.011352 0.002314 0.007261 0.002419 0.014040 0.003963 0.013561 0.001105 0.005556 0.001826 0.003199 0.001245 0.000626 0.011236 0.002072 0.000241 0.001147 0.004723 0.001876 0.004774 0.002029 0.000464 0.004061 0.000279 0.001003 0.000445 0.000340 0.001718 0.000203 0.000747 0.000884 0.000484 0.000369 0.000446 0.000589 0.000427 0.000975 0.000128 
0.009746 0.051479 0.066431 0.044893 0.002233 0.104015 0.002530 0.095086 0.360502 0.045238 0.007622 0.085822 0.007105 0.106561 0.000771 0.024287 0.098668 0.385573 0.054575 0.012208 0.003220 0.000244 0.043436 0.008772 0.000771 0.007711 0.000349 0.074942 0.001144 0.126843 0.018906 0.043061 0.019419 0.011882 0.019242 0.008824 0.014215 0.006836 0.018552 0.009491 0.012343 0.050571 0.004179 0.034978 0.007302 0.037013 0.000832 0.004145 0.006212 0.000961 0.021333 0.010531 0.001955 0.004236 0.010660 0.002861 0.009547 0.009132 0.001323 0.014050 0.000371 0.001885 0.000742 0.001106 0.003681 0.000152 0.001680 0.005208 0.001453 0.001806 0.001102 0.001290 0.001401 0.006546 0.000667 
0.003283 0.043453 0.002390 0.030103 0.002509 0.004607 0.000134 0.002926 0.011248 0.025173 0.085907 0.004367 0.005501 0.031427 0.001135 0.350685 0.003267 0.010721 0.009011 0.012650 0.005163 0.000861 0.003826 0.015922 0.000028 0.030798 0.000026 0.008732 0.005392 0.007572 0.037212 0.002482 0.014574 0.005780 0.014869 0.000645 0.010791 0.006805 0.001373 0.003848 0.001415 0.006426 0.002232 0.005878 0.000861 0.003268 0.001284 0.001781 0.000818 0.000419 0.007971 0.001221 0.000234 0.000685 0.003328 0.001356 0.003887 0.001199 0.000346 0.003411 0.000135 0.000562 0.000470 0.000440 0.000932 0.000085 0.000723 0.000884 0.000281 0.000427 0.000335 0.000785 0.000291 0.001462 0.000086 
0.001847 0.013562 0.001721 0.010732 0.000923 0.002126 0.000058 0.001389 0.006074 0.009642 0.026633 0.001618 0.002284 0.011678 0.000429 0.299741 0.001389 0.005439 0.004028 0.005108 0.001956 0.000383 0.001391 0.008018 0.000020 0.016357 0.000016 0.004084 0.003417 0.003126 0.019077 0.001084 0.006880 0.002950 0.007775 0.000341 0.004358 0.003341 0.000549 0.001598 0.000759 0.003772 0.001055 0.003317 0.000287 0.001716 0.000506 0.001135 0.000449 0.000182 0.002885 0.000965 0.000091 0.000405 0.001259 0.000762 0.001909 0.000553 0.000287 0.001299 0.000096 0.000321 0.000247 0.000269 0.000982 0.000034 0.000327 0.000590 0.000094 0.000291 0.000237 0.000421 0.000085 0.001184 0.000068 
0.004309 0.029891 0.061556 0.023428 0.001319 0.099408 0.001659 0.069442 0.241385 0.026997 0.003004 0.045499 0.004374 0.062168 0.000424 0.013032 0.205367 0.310603 0.034553 0.007893 0.002044 0.000177 0.042008 0.007036 0.001778 0.004954 0.000426 0.073161 0.000980 0.223816 0.011891 0.097516 0.015795 0.010316 0.014626 0.018160 0.012762 0.005599 0.036124 0.009057 0.025897 0.070478 0.003557 0.043825 0.012423 0.068878 0.001030 0.003909 0.008908 0.000902 0.022244 0.018167 0.003630 0.006977 0.014213 0.003084 0.012616 0.018633 0.001576 0.014050 0.000375 0.001986 0.000718 0.000752 0.004613 0.000237 0.001564 0.006485 0.001515 0.002641 0.001116 0.001570 0.002529 0.010167 0.000967 
0.011593 0.072237 0.036513 0.064525 0.002923 0.057589 0.001772 0.048857 0.192118 0.073955 0.011792 0.091322 0.013180 0.190539 0.001389 0.038504 0.050886 0.248482 0.121502 0.024452 0.006195 0.000546 0.071606 0.018869 0.000481 0.013226 0.000525 0.138806 0.002303 0.119688 0.033619 0.039181 0.038715 0.023744 0.033674 0.007863 0.029295 0.011785 0.014669 0.016259 0.013492 0.062375 0.007047 0.050867 0.006929 0.034643 0.001953 0.006919 0.006972 0.001479 0.033631 0.011525 0.002068 0.004796 0.014618 0.004533 0.013025 0.009132 0.002040 0.015024 0.000572 0.002387 0.000841 0.001361 0.005938 0.000406 0.002054 0.005306 0.001531 0.002272 0.001367 0.002075 0.002136 0.007451 0.000744 
0.003180 0.023525 0.020933 0.017146 0.000871 0.035174 0.000840 0.030058 0.099321 0.022306 0.003632 0.024841 0.003489 0.046883 0.000429 0.013921 0.057502 0.197004 0.023543 0.006989 0.001868 0.000186 0.026175 0.005757 0.000505 0.005187 0.000246 0.046573 0.001040 0.094333 0.012233 0.033030 0.012864 0.007988 0.013120 0.006804 0.011828 0.004362 0.014081 0.006965 0.011380 0.040373 0.003571 0.028460 0.006384 0.033336 0.000868 0.003909 0.005013 0.000832 0.019890 0.010219 0.001675 0.004586 0.011469 0.002657 0.009206 0.009224 0.001601 0.013562 0.000406 0.002146 0.000965 0.001347 0.004270 0.000169 0.002147 0.004422 0.001250 0.002155 0.001395 0.001514 0.002000 0.006337 0.000624 
0.009746 0.061720 0.050277 0.055625 0.002311 0.078675 0.002239 0.066615 0.271080 0.066294 0.009281 0.110663 0.009370 0.155763 0.001083 0.029619 0.097905 0.566416 0.099034 0.020303 0.004597 0.000380 0.116671 0.014414 0.000867 0.010889 0.000821 0.173344 0.001560 0.203324 0.027546 0.057042 0.035011 0.020111 0.028183 0.010541 0.024452 0.009620 0.021807 0.014029 0.018577 0.079488 0.006168 0.056221 0.010056 0.042405 0.001645 0.006162 0.008067 0.001374 0.030215 0.012916 0.002211 0.005621 0.014798 0.003437 0.012616 0.010147 0.001795 0.015512 0.000375 0.001865 0.000742 0.001135 0.003975 0.000355 0.001634 0.006092 0.001375 0.002466 0.001116 0.001430 0.001863 0.007312 0.000761 
0.014363 0.094102 0.024756 0.087168 0.004466 0.039072 0.001654 0.036606 0.144876 0.128106 0.020894 0.073090 0.022890 0.388376 0.002641 0.060126 0.036156 0.156720 0.319988 0.049550 0.012383 0.000907 0.053522 0.035659 0.000342 0.024909 0.000431 0.142499 0.003922 0.093430 0.058513 0.026878 0.070388 0.038716 0.053159 0.005222 0.045377 0.017539 0.009100 0.023106 0.010949 0.065658 0.008805 0.053311 0.005838 0.025656 0.002929 0.008384 0.006096 0.001863 0.035909 0.009084 0.001290 0.003691 0.015112 0.004459 0.012684 0.006826 0.001669 0.016811 0.000563 0.002367 0.001138 0.001305 0.004122 0.000338 0.002007 0.003439 0.001234 0.001883 0.000963 0.001682 0.001350 0.004875 0.000565 
0.006874 0.063934 0.012521 0.050259 0.003371 0.018251 0.000566 0.015972 0.054216 0.077656 0.020446 0.020196 0.017952 0.197752 0.002640 0.070492 0.013395 0.052582 0.054724 0.056613 0.014113 0.001031 0.017444 0.037921 0.000172 0.028087 0.000154 0.046312 0.004486 0.038831 0.063646 0.013666 0.056913 0.026835 0.045919 0.002520 0.034967 0.016673 0.005923 0.014976 0.006418 0.032829 0.006898 0.030671 0.003400 0.016750 0.002224 0.006493 0.003561 0.001454 0.027861 0.005848 0.001026 0.002461 0.012324 0.004422 0.012684 0.005073 0.001576 0.013238 0.000598 0.002206 0.001435 0.001446 0.004908 0.000355 0.002124 0.002948 0.001125 0.001748 0.001018 0.002327 0.001008 0.005153 0.000428 
0.004001 0.038748 0.003728 0.024868 0.001957 0.004430 0.000199 0.003670 0.014848 0.029134 0.039412 0.005315 0.006638 0.044651 0.001413 0.237542 0.004002 0.014348 0.012383 0.017389 0.007402 0.001863 0.004173 0.030976 0.000051 0.070615 0.000049 0.012947 0.012256 0.011323 0.081782 0.003670 0.026380 0.009433 0.025073 0.000718 0.014561 0.012218 0.001687 0.006196 0.002235 0.011316 0.003354 0.010243 0.001133 0.004984 0.001772 0.003341 0.001152 0.000745 0.011463 0.002441 0.000302 0.001021 0.004588 0.001951 0.005660 0.001568 0.000641 0.005198 0.000244 0.001504 0.000693 0.000766 0.002699 0.000254 0.000863 0.001081 0.000672 0.000485 0.000391 0.000841 0.000376 0.002019 0.000137 
0.012311 0.091611 0.015389 0.092403 0.004664 0.022150 0.001227 0.022767 0.102808 0.163807 0.028830 0.057608 0.036050 0.595745 0.004821 0.105146 0.022625 0.116121 0.231696 0.126945 0.028376 0.001804 0.048250 0.083448 0.000190 0.040659 0.000386 0.151014 0.005853 0.072382 0.108044 0.018455 0.153232 0.077935 0.097620 0.003006 0.077266 0.025458 0.005923 0.033504 0.006951 0.063632 0.010969 0.059073 0.003285 0.011357 0.003616 0.009141 0.004794 0.002003 0.038414 0.005592 0.000672 0.002824 0.013628 0.003381 0.010229 0.002491 0.001231 0.009339 0.000371 0.001284 0.000940 0.000794 0.002699 0.000287 0.000957 0.001670 0.000594 0.000835 0.000446 0.000869 0.000649 0.004039 0.000240 
0.002975 0.033212 0.001816 0.031019 0.002449 0.001418 0.000086 0.002133 0.005962 0.021994 0.087432 0.003559 0.006318 0.033059 0.001462 0.781341 0.001688 0.005676 0.008146 0.016154 0.008729 0.002990 0.002270 0.040867 0.000010 0.225212 0.000020 0.006082 0.061947 0.003751 0.168183 0.001118 0.029474 0.007767 0.026774 0.000243 0.012659 0.017972 0.000431 0.004578 0.000390 0.004400 0.002692 0.005587 0.000258 0.001226 0.002639 0.002648 0.000403 0.000381 0.006073 0.000766 0.000060 0.000266 0.001844 0.001059 0.002182 0.000461 0.000211 0.001218 0.000096 0.000321 0.000470 0.000199 0.000638 0.000101 0.000397 0.000098 0.000187 0.000097 0.000140 0.000280 0.000017 0.000279 0.000051 
0.002565 0.016053 0.013860 0.012957 0.000673 0.025339 0.000546 0.018700 0.064339 0.013759 0.002421 0.014928 0.002508 0.031427 0.000319 0.008589 0.034087 0.090264 0.016560 0.004665 0.001396 0.000127 0.017773 0.004889 0.000506 0.004393 0.000187 0.035016 0.000594 0.100238 0.010265 0.036140 0.010625 0.006904 0.010787 0.007534 0.009719 0.004454 0.015610 0.006117 0.012569 0.035693 0.003043 0.026597 0.006484 0.034480 0.000795 0.003404 0.005255 0.000797 0.017081 0.010475 0.001811 0.004726 0.010300 0.002842 0.009616 0.008671 0.001416 0.013400 0.000432 0.001965 0.000940 0.001305 0.005251 0.000338 0.002054 0.005896 0.001265 0.002272 0.001102 0.001991 0.002017 0.006685 0.000753 
0.001641 0.011624 0.046740 0.014397 0.000543 0.077878 0.001000 0.046972 0.142176 0.012925 0.002062 0.023893 0.001837 0.031857 0.000229 0.008293 0.090936 0.154749 0.017097 0.003743 0.000937 0.000068 0.022532 0.003061 0.007848 0.001776 0.000261 0.047007 0.000342 0.194154 0.005732 0.165323 0.009119 0.005780 0.007094 0.049429 0.008577 0.002846 0.100134 0.005564 0.040496 0.066357 0.002299 0.039984 0.021001 0.126399 0.000434 0.002916 0.010671 0.000640 0.017992 0.024725 0.006830 0.008655 0.012099 0.001821 0.007433 0.040679 0.001509 0.014375 0.000327 0.001324 0.000421 0.000709 0.003092 0.000152 0.001284 0.014837 0.001297 0.002680 0.000795 0.001234 0.003709 0.009123 0.001497 
0.004822 0.027123 0.025712 0.022643 0.001121 0.040312 0.000840 0.030306 0.106407 0.027518 0.005515 0.031473 0.004860 0.060622 0.000589 0.017475 0.052438 0.186756 0.035478 0.009644 0.002660 0.000254 0.047957 0.008589 0.000689 0.008178 0.000540 0.087020 0.001188 0.211937 0.020873 0.058579 0.020274 0.013106 0.022449 0.010285 0.019956 0.007733 0.019925 0.012924 0.021242 0.077113 0.005951 0.050692 0.011290 0.054253 0.001193 0.006115 0.008724 0.001458 0.033783 0.016805 0.002981 0.006935 0.017181 0.004812 0.017799 0.014667 0.002722 0.022252 0.000650 0.002968 0.001262 0.001872 0.007263 0.000440 0.003197 0.007959 0.002078 0.003165 0.001632 0.002860 0.003367 0.011978 0.001129 
0.007284 0.057015 0.014242 0.051175 0.002914 0.021264 0.000803 0.020585 0.076037 0.070046 0.018069 0.033344 0.015483 0.195004 0.002129 0.065457 0.021454 0.090973 0.084920 0.044940 0.013257 0.001254 0.035986 0.049617 0.000285 0.035378 0.000356 0.116215 0.005957 0.079190 0.101628 0.023593 0.137355 0.081286 0.108699 0.005331 0.089198 0.031118 0.008786 0.041121 0.012446 0.080676 0.017948 0.078803 0.006613 0.027617 0.004773 0.015618 0.007571 0.003394 0.059367 0.011638 0.001585 0.005369 0.023433 0.007803 0.024209 0.007841 0.003371 0.024851 0.001052 0.004392 0.002301 0.001985 0.009668 0.000812 0.003734 0.003144 0.002312 0.002699 0.001981 0.002888 0.001726 0.007939 0.000950 
0.004001 0.030721 0.020837 0.024344 0.001474 0.042173 0.000955 0.031646 0.122155 0.033929 0.005739 0.035678 0.005958 0.083978 0.000676 0.023103 0.060823 0.208829 0.049979 0.012540 0.003295 0.000362 0.072778 0.012747 0.000992 0.009487 0.001139 0.185161 0.001441 0.396714 0.025065 0.097446 0.032364 0.023322 0.033771 0.015945 0.032200 0.012002 0.031927 0.024112 0.037174 0.181677 0.009576 0.110057 0.019265 0.092083 0.002423 0.010418 0.018600 0.002282 0.061113 0.029465 0.004566 0.012262 0.028921 0.007673 0.023255 0.022784 0.003616 0.033135 0.000869 0.004111 0.002029 0.002269 0.011091 0.000575 0.003617 0.010317 0.003359 0.004641 0.002469 0.003449 0.003777 0.013997 0.001463 
0.000616 0.003598 0.002103 0.004057 0.000172 0.002835 0.000063 0.003125 0.008436 0.003700 0.000942 0.002565 0.000778 0.006955 0.000109 0.004443 0.003267 0.011983 0.003700 0.002065 0.000453 0.000050 0.004613 0.001531 0.000052 0.001589 0.000054 0.012295 0.000208 0.013754 0.004021 0.005068 0.003867 0.002830 0.004227 0.000889 0.003874 0.001175 0.002353 0.002190 0.002686 0.012433 0.001177 0.008788 0.001564 0.006618 0.000325 0.001403 0.001441 0.000189 0.006681 0.002782 0.000423 0.001021 0.003913 0.001003 0.003342 0.001568 0.000447 0.004873 0.000135 0.000642 0.000272 0.000369 0.002208 0.000085 0.001027 0.001474 0.000344 0.000718 0.000377 0.000757 0.000632 0.002089 0.000171 
0.001128 0.006919 0.000860 0.005890 0.000535 0.001152 0.000041 0.000794 0.002812 0.006202 0.009505 0.001063 0.001604 0.012622 0.000342 0.074047 0.000708 0.003390 0.003014 0.005643 0.002610 0.000964 0.001355 0.017864 0.000008 0.116835 0.000011 0.004649 0.059317 0.002501 0.218741 0.000839 0.025607 0.007306 0.031390 0.000231 0.013592 0.035202 0.000353 0.004795 0.000328 0.004400 0.004450 0.005413 0.000230 0.001389 0.006852 0.003909 0.000438 0.000556 0.009186 0.000397 0.000038 0.000322 0.002159 0.001561 0.003614 0.000277 0.000287 0.001949 0.000236 0.000862 0.000668 0.000596 0.000932 0.000254 0.000397 0.000098 0.000187 0.000136 0.000084 0.000505 0.000154 0.000348 0.000060 
0.001847 0.016883 0.024183 0.017277 0.000854 0.037566 0.000788 0.028620 0.104383 0.020013 0.003094 0.025858 0.003742 0.049202 0.000400 0.011847 0.059435 0.155065 0.028347 0.007395 0.002063 0.000227 0.042649 0.006693 0.001719 0.006309 0.000532 0.095969 0.001129 0.410468 0.017280 0.226489 0.019541 0.015394 0.023081 0.033582 0.020060 0.008568 0.061343 0.017068 0.073097 0.192993 0.007060 0.108951 0.036293 0.160552 0.001501 0.007092 0.026252 0.001870 0.057924 0.046468 0.007946 0.017827 0.030045 0.006224 0.023800 0.034130 0.004374 0.040931 0.000677 0.004292 0.001336 0.002269 0.009766 0.000423 0.003337 0.016311 0.003234 0.005456 0.002483 0.003421 0.006614 0.020682 0.002421 
0.000103 0.002491 0.001434 0.002487 0.000086 0.002569 0.000040 0.001290 0.003487 0.002189 0.000538 0.001063 0.000437 0.006526 0.000066 0.002073 0.001443 0.003942 0.002178 0.001106 0.000365 0.000043 0.002123 0.001096 0.000034 0.001122 0.000023 0.006647 0.000074 0.006460 0.003080 0.002377 0.003338 0.002328 0.003839 0.000572 0.003424 0.001578 0.001490 0.002072 0.001845 0.008801 0.001177 0.007100 0.000861 0.004412 0.000307 0.001245 0.000738 0.000248 0.006301 0.001618 0.000264 0.000671 0.002879 0.000892 0.003478 0.001384 0.000421 0.003248 0.000140 0.000702 0.000322 0.000213 0.001570 0.000017 0.000583 0.000786 0.000500 0.000408 0.000349 0.000589 0.000222 0.001393 0.000180 
0.004309 0.028784 0.012713 0.020941 0.001242 0.021175 0.000485 0.017708 0.060402 0.027153 0.006367 0.020057 0.005200 0.071613 0.000690 0.023695 0.022843 0.083248 0.034076 0.013738 0.004119 0.000449 0.031282 0.013798 0.000449 0.014721 0.000361 0.101921 0.002317 0.107462 0.040720 0.037259 0.043804 0.029223 0.051896 0.008204 0.044685 0.017848 0.017807 0.033011 0.020381 0.155065 0.014756 0.130543 0.012982 0.056132 0.003959 0.015098 0.014394 0.003712 0.085179 0.022794 0.003215 0.010934 0.038231 0.011723 0.033620 0.015312 0.005074 0.047022 0.001436 0.006839 0.003143 0.004042 0.016588 0.001133 0.006348 0.008254 0.004124 0.006310 0.003585 0.006085 0.004632 0.016504 0.001446 
-0.000000 0.001107 0.000287 0.000654 0.000078 0.000797 0.000013 0.000595 0.001575 0.001720 0.000807 0.000578 0.000272 0.002748 0.000066 0.004147 0.000490 0.001104 0.001432 0.000922 0.000365 0.000076 0.000513 0.001599 0.000010 0.004300 0.000005 0.001694 0.001188 0.001667 0.012062 0.000699 0.004519 0.001566 0.005831 0.000158 0.004047 0.007331 0.000431 0.001874 0.000390 0.002165 0.001596 0.002037 0.000230 0.001144 0.002694 0.001182 0.000242 0.000269 0.004935 0.000766 0.000083 0.000322 0.001979 0.000836 0.002523 0.000738 0.000261 0.002518 0.000153 0.000702 0.000470 0.000425 0.001374 0.000085 0.000537 -0.000000 0.000281 0.000369 0.000167 0.000589 0.000137 0.001323 0.000043 
0.000821 0.004428 0.012330 0.005497 0.000207 0.021441 0.000356 0.016319 0.045442 0.006880 0.000986 0.009081 0.001166 0.020179 0.000126 0.004443 0.030548 0.063539 0.010235 0.002582 0.000547 0.000056 0.014076 0.002376 0.002432 0.002337 0.000188 0.034321 0.000446 0.129969 0.005903 0.127540 0.007735 0.005700 0.007483 0.093551 0.008370 0.003124 0.213054 0.007241 0.108036 0.106380 0.002732 0.058258 0.067824 0.510417 0.000579 0.003483 0.026344 0.001017 0.028924 0.077750 0.022051 0.026314 0.025053 0.003734 0.014935 0.102666 0.003658 0.038251 0.000480 0.002487 0.000668 0.001390 0.007951 0.000321 0.002544 0.050604 0.003265 0.006388 0.001939 0.002916 0.010528 0.029944 0.003875 
0.000616 0.006366 0.001434 0.005235 0.000500 0.002835 0.000088 0.001637 0.007761 0.008912 0.005605 0.003628 0.002333 0.022154 0.000354 0.026361 0.002804 0.010091 0.010742 0.007561 0.002792 0.000605 0.005674 0.016790 0.000049 0.032901 0.000069 0.018985 0.006833 0.015977 0.147310 0.005627 0.063223 0.032274 0.142325 0.000937 0.085117 0.192309 0.002236 0.052072 0.003527 0.039325 0.072036 0.055756 0.001994 0.008661 0.070579 0.075523 0.003699 0.012090 0.164056 0.004911 0.000604 0.003314 0.034633 0.037380 0.079039 0.002491 0.004762 0.033216 0.005430 0.015383 0.020490 0.011331 0.022526 0.005360 0.012462 0.000983 0.003499 0.003340 0.003446 0.008300 0.001196 0.007521 0.000530 
0.002565 0.011071 0.006309 0.012827 0.000604 0.007974 0.000255 0.006895 0.025871 0.012248 0.004753 0.007626 0.002673 0.031771 0.000368 0.016290 0.008631 0.034056 0.014143 0.007026 0.002327 0.000274 0.011971 0.008384 0.000215 0.010095 0.000134 0.035147 0.001901 0.042582 0.029770 0.018280 0.031591 0.020071 0.041011 0.004625 0.039497 0.019116 0.010472 0.037766 0.011933 0.093179 0.020937 0.111803 0.008248 0.035951 0.004809 0.025043 0.009565 0.006103 0.154339 0.016748 0.002256 0.009927 0.050825 0.018002 0.063081 0.012637 0.007156 0.058148 0.002361 0.011753 0.004702 0.006906 0.025226 0.001268 0.009662 0.004913 0.006311 0.007029 0.004897 0.009001 0.004666 0.019081 0.001600 
0.001231 0.006089 0.008220 0.007591 0.000319 0.014619 0.000283 0.010763 0.034757 0.008808 0.001345 0.011554 0.001672 0.030397 0.000248 0.007405 0.021264 0.064091 0.018112 0.005200 0.001321 0.000154 0.021453 0.005597 0.000681 0.005328 0.000306 0.067991 0.000876 0.143098 0.017879 0.071547 0.022798 0.018144 0.028086 0.017978 0.028568 0.010826 0.039065 0.028887 0.074081 0.614811 0.012403 0.336513 0.047812 0.178037 0.002802 0.015335 0.109527 0.004352 0.143710 0.104462 0.010573 0.051831 0.118066 0.017185 0.062126 0.040218 0.012794 0.122549 0.001859 0.008343 0.003143 0.004708 0.027434 0.000913 0.007328 0.023091 0.008389 0.014912 0.006068 0.008440 0.013622 0.048955 0.004431 
0.001436 0.007750 0.009941 0.007460 0.000379 0.016745 0.000291 0.011160 0.038019 0.010580 0.002152 0.009959 0.001915 0.022755 0.000229 0.007405 0.020284 0.057864 0.012860 0.004075 0.001308 0.000115 0.015613 0.004500 0.000820 0.005094 0.000210 0.040577 0.000698 0.107045 0.012404 0.069449 0.015185 0.010497 0.017153 0.022688 0.017051 0.007826 0.055931 0.015095 0.092945 0.210455 0.006884 0.116808 0.073805 0.260397 0.002169 0.008668 0.070275 0.002419 0.068781 0.125666 0.014270 0.044504 0.060585 0.010051 0.040508 0.056914 0.007754 0.076502 0.001375 0.006979 0.002697 0.004169 0.020809 0.000710 0.007188 0.032033 0.007077 0.012388 0.004408 0.007907 0.013126 0.048189 0.004979 
0.000513 0.001384 0.005353 0.001832 0.000086 0.011784 0.000166 0.007143 0.021034 0.002293 0.000359 0.004113 0.000428 0.007470 0.000048 0.001481 0.016907 0.034529 0.004177 0.000701 0.000252 0.000021 0.007248 0.000708 0.001670 0.000561 0.000098 0.017639 0.000030 0.075369 0.001454 0.076230 0.002850 0.003011 0.004130 0.060104 0.003943 0.001145 0.258199 0.004380 0.092084 0.088429 0.001785 0.047433 0.088380 1.109567 0.000289 0.001970 0.027992 0.000573 0.023610 0.137646 0.063413 0.040715 0.026402 0.002935 0.011525 0.210314 0.003439 0.038738 0.000306 0.001925 0.000470 0.000823 0.006773 0.000304 0.001470 0.090104 0.003437 0.008621 0.001897 0.002019 0.019364 0.050836 0.007135 
0.001847 0.006919 0.007360 0.006151 0.000431 0.013201 0.000212 0.009871 0.034757 0.009433 0.001883 0.007834 0.001604 0.022926 0.000213 0.007701 0.017479 0.042964 0.011428 0.003467 0.001101 0.000127 0.013582 0.004317 0.000613 0.003739 0.000159 0.032714 0.000565 0.077106 0.013089 0.048933 0.014452 0.008931 0.017979 0.017357 0.016186 0.007207 0.042634 0.012352 0.058580 0.147451 0.006668 0.099173 0.050839 0.202958 0.002097 0.008542 0.053646 0.002188 0.065137 0.113773 0.013018 0.042421 0.052084 0.009289 0.039690 0.048612 0.007172 0.073010 0.001515 0.007601 0.002103 0.004439 0.020171 0.000812 0.007491 0.029674 0.006702 0.011553 0.005706 0.007991 0.012083 0.041783 0.004731 
0.001539 0.007750 0.002103 0.008246 0.000371 0.003633 0.000106 0.002926 0.011023 0.008078 0.003587 0.004206 0.001827 0.020265 0.000302 0.018067 0.003567 0.012929 0.008773 0.005680 0.001893 0.000385 0.005290 0.010325 0.000074 0.016591 0.000052 0.015423 0.003372 0.016255 0.066212 0.005243 0.035825 0.017502 0.063023 0.001290 0.041538 0.069784 0.003844 0.026342 0.003834 0.033178 0.029945 0.037772 0.002611 0.012910 0.042268 0.035303 0.003665 0.006477 0.104917 0.006160 0.000823 0.003831 0.030900 0.024951 0.063763 0.003321 0.004779 0.033622 0.003998 0.014260 0.015813 0.009984 0.023802 0.004819 0.012252 0.002751 0.004687 0.003883 0.004380 0.009674 0.001538 0.008705 0.000650 
0.001128 0.007196 0.006404 0.007460 0.000414 0.007708 0.000166 0.006250 0.023171 0.009746 0.003004 0.006886 0.001730 0.024043 0.000241 0.010367 0.009066 0.028538 0.010891 0.004297 0.001453 0.000165 0.009628 0.005825 0.000213 0.006356 0.000107 0.026805 0.001010 0.042026 0.019590 0.018874 0.018360 0.012705 0.023421 0.005161 0.021271 0.010424 0.012983 0.016357 0.014107 0.104634 0.009819 0.127167 0.010386 0.046981 0.002965 0.012577 0.013311 0.003345 0.091859 0.023561 0.003177 0.012807 0.057526 0.013544 0.050874 0.013006 0.007349 0.066107 0.001864 0.008784 0.003489 0.005517 0.024293 0.001302 0.008985 0.010809 0.005921 0.009145 0.005315 0.009365 0.005179 0.023677 0.002053 
0.000103 0.001107 0.000287 0.000131 0.000034 0.000709 0.000020 0.000397 0.002587 0.001720 0.000538 0.000693 0.000243 0.003177 0.000048 0.002369 0.000572 0.002680 0.001164 0.000867 0.000252 0.000037 0.000696 0.001256 0.000020 0.001168 0.000009 0.002650 0.000282 0.003056 0.005133 0.001258 0.003745 0.001666 0.005442 0.000341 0.004496 0.002598 0.001020 0.002131 0.000779 0.004191 0.002232 0.005180 0.000531 0.002941 0.001320 0.003026 0.000738 0.000654 0.011843 0.001334 0.000181 0.000503 0.003958 0.003344 0.009547 0.001107 0.000750 0.006984 0.000594 0.002086 0.001510 0.001560 0.003484 0.000693 0.001470 0.000786 0.000859 0.000816 0.000698 0.001710 0.000325 0.002437 0.000145 
0.000616 0.004982 0.001721 0.004057 0.000190 0.003455 0.000065 0.002629 0.007199 0.005733 0.001838 0.002519 0.001176 0.011420 0.000165 0.013328 0.002940 0.008514 0.004028 0.002821 0.000981 0.000152 0.003185 0.005231 0.000059 0.007244 0.000034 0.008602 0.001248 0.011184 0.024295 0.003985 0.014778 0.007968 0.022984 0.001217 0.015944 0.019611 0.002157 0.011582 0.003404 0.021234 0.011429 0.023105 0.002166 0.010622 0.011878 0.015445 0.002501 0.003380 0.055799 0.004684 0.000551 0.003048 0.020555 0.015959 0.048896 0.003136 0.003540 0.028181 0.003230 0.011592 0.011631 0.007232 0.020023 0.003060 0.009125 0.001081 0.003874 0.003767 0.003432 0.007234 0.001777 0.008078 0.000599 
0.000308 0.001384 0.005544 0.001701 0.000147 0.008594 0.000152 0.004613 0.017210 0.003127 0.000359 0.003535 0.000564 0.006869 0.000062 0.002369 0.009502 0.024044 0.004625 0.001070 0.000289 0.000037 0.005198 0.001234 0.000837 0.000888 0.000066 0.012903 0.000149 0.040776 0.003080 0.034952 0.004112 0.003332 0.004179 0.021434 0.005015 0.001794 0.115666 0.003414 0.030223 0.050431 0.001880 0.030497 0.026108 0.230901 0.000488 0.002506 0.013414 0.000619 0.019814 0.060009 0.043581 0.022916 0.022309 0.003214 0.013707 0.348678 0.003354 0.036464 0.000471 0.002788 0.000668 0.001546 0.009815 0.000135 0.002590 0.144245 0.004062 0.009087 0.002567 0.003449 0.020543 0.047145 0.008144 
0.000821 0.003875 0.001243 0.004843 0.000267 0.003190 0.000081 0.002282 0.008661 0.004378 0.001928 0.002888 0.001011 0.011420 0.000150 0.006812 0.002859 0.009539 0.004297 0.002397 0.000748 0.000109 0.003258 0.002970 0.000076 0.005047 0.000038 0.007690 0.000862 0.012504 0.015313 0.004579 0.010666 0.006643 0.016424 0.001534 0.013316 0.010022 0.004001 0.010162 0.004039 0.022422 0.008832 0.026132 0.002639 0.012910 0.004321 0.013727 0.003261 0.003027 0.071134 0.006671 0.000890 0.003621 0.026087 0.024616 0.061035 0.004889 0.004501 0.037845 0.003055 0.013076 0.006434 0.007942 0.022576 0.001843 0.011319 0.002260 0.005155 0.004563 0.004380 0.009113 0.001965 0.009958 0.000932 
0.000205 0.000830 0.000574 0.000916 0.000026 0.000532 0.000008 0.000595 0.001575 0.000573 0.000269 0.000393 0.000156 0.002748 0.000031 0.002073 0.000463 0.000946 0.000597 0.000645 0.000170 0.000028 0.000476 0.000708 0.000013 0.000841 0.000004 0.001043 0.000238 0.001598 0.003422 0.000769 0.002402 0.001525 0.004130 0.000256 0.002041 0.002722 0.000667 0.001638 0.000554 0.003423 0.001555 0.003608 0.000244 0.001961 0.003471 0.001781 0.000392 0.000388 0.007288 0.000994 0.000106 0.000475 0.003014 0.002322 0.007297 0.000277 0.000598 0.004061 0.000633 0.002226 0.004207 0.001503 0.003239 0.000879 0.002170 0.000393 0.000781 0.000583 0.000586 0.001374 0.000376 0.001393 0.000086 
0.000513 0.007473 0.004684 0.004712 0.000362 0.008062 0.000182 0.006845 0.020809 0.006358 0.001928 0.006886 0.001458 0.017689 0.000191 0.007997 0.011952 0.033662 0.010891 0.004112 0.001038 0.000141 0.011440 0.005231 0.000349 0.004767 0.000139 0.033322 0.000891 0.059323 0.017280 0.029989 0.018238 0.012243 0.022789 0.008557 0.024349 0.012249 0.024082 0.022968 0.029382 0.188313 0.013201 0.181701 0.024860 0.102296 0.003760 0.019369 0.034746 0.005198 0.176734 0.066878 0.008814 0.049174 0.225608 0.030431 0.120229 0.037082 0.028538 0.275715 0.003693 0.022262 0.006038 0.011373 0.062573 0.002164 0.020677 0.023484 0.020464 0.032834 0.014369 0.022488 0.019826 0.093315 0.006946 
0.000308 0.005259 0.000765 0.002487 0.000121 0.001949 0.000051 0.001637 0.003937 0.003492 0.001524 0.001779 0.000710 0.007556 0.000112 0.007997 0.001797 0.006464 0.003342 0.002250 0.000774 0.000105 0.002434 0.003152 0.000046 0.005001 0.000029 0.007255 0.001203 0.007988 0.018649 0.003216 0.012661 0.006463 0.020943 0.000840 0.013800 0.016425 0.002393 0.009392 0.002501 0.018300 0.010198 0.020137 0.002094 0.007272 0.012908 0.013948 0.002017 0.002982 0.055799 0.004797 0.000589 0.002559 0.021499 0.021328 0.058512 0.003321 0.003818 0.033053 0.005277 0.015303 0.034151 0.012125 0.027434 0.009536 0.014983 0.001965 0.004671 0.003864 0.004520 0.012955 0.001282 0.008078 0.000547 
0.000821 0.005812 0.003154 0.005235 0.000138 0.004253 0.000132 0.003472 0.010236 0.005055 0.002242 0.003120 0.001264 0.014683 0.000181 0.007701 0.004628 0.015609 0.006654 0.003080 0.000780 0.000126 0.005143 0.003815 0.000127 0.004954 0.000059 0.014033 0.000817 0.020839 0.016254 0.009402 0.012783 0.007205 0.017979 0.003152 0.015183 0.008568 0.007923 0.013043 0.007853 0.049663 0.009278 0.051856 0.005953 0.027045 0.003525 0.012577 0.007099 0.003520 0.111598 0.013086 0.002204 0.008976 0.092294 0.028462 0.117978 0.011715 0.014623 0.103139 0.003863 0.021640 0.006434 0.012678 0.050697 0.002063 0.019207 0.005503 0.010795 0.011689 0.008733 0.018142 0.004666 0.026741 0.002062 
0.000821 0.004705 0.001721 0.002879 0.000207 0.002481 0.000065 0.002034 0.007874 0.004430 0.002332 0.002403 0.001011 0.010304 0.000121 0.007701 0.002586 0.009460 0.004595 0.002674 0.001082 0.000163 0.003350 0.004295 0.000065 0.007758 0.000037 0.010774 0.001263 0.013268 0.025749 0.005033 0.016162 0.008711 0.027017 0.001229 0.018953 0.023354 0.003255 0.015726 0.004429 0.029406 0.016420 0.031312 0.002883 0.012828 0.015240 0.023751 0.003665 0.005033 0.099603 0.006926 0.001011 0.004223 0.037062 0.039962 0.108499 0.004520 0.006667 0.054899 0.010799 0.031748 0.038110 0.022719 0.046869 0.011396 0.025438 0.002948 0.008436 0.006912 0.008147 0.021058 0.002427 0.014833 0.000847 
0.000308 0.002768 0.002772 0.002356 0.000155 0.004519 0.000108 0.003224 0.011361 0.003648 0.000583 0.003859 0.000593 0.009703 0.000069 0.002962 0.007705 0.020102 0.005729 0.001918 0.000509 0.000056 0.006773 0.002147 0.000332 0.002477 0.000101 0.023590 0.000312 0.046055 0.006844 0.025899 0.008671 0.006985 0.013120 0.009384 0.013316 0.006372 0.031456 0.013950 0.032130 0.164285 0.007872 0.143813 0.028948 0.147888 0.002260 0.010985 0.045463 0.003216 0.124959 0.117945 0.016406 0.108485 0.200780 0.021235 0.100452 0.072226 0.030013 0.379423 0.002628 0.017890 0.004058 0.008920 0.067138 0.001353 0.017433 0.050309 0.028791 0.063590 0.017675 0.022376 0.046146 0.194220 0.014842 
0.000205 0.000830 0.002294 0.000654 0.000017 0.003544 0.000048 0.002778 0.005399 0.000365 0.000179 0.001294 0.000146 0.002147 0.000011 0.000296 0.004792 0.010406 0.001492 0.000295 0.000057 0.000008 0.002325 0.000388 0.000589 0.000421 0.000029 0.005691 0.000119 0.021465 0.000770 0.019084 0.001058 0.001104 0.001458 0.015568 0.001245 0.000897 0.096055 0.001618 0.020217 0.030734 0.000690 0.018857 0.019782 0.178364 0.000108 0.001040 0.010625 0.000353 0.011236 0.051152 0.045060 0.025153 0.017406 0.001802 0.007297 1.222312 0.002849 0.037195 0.000271 0.001444 0.000445 0.000638 0.005448 0.000135 0.001750 0.456318 0.003093 0.009864 0.002427 0.002187 0.034951 0.068593 0.015005 
-0.000000 0.000277 0.000478 0.000393 -0.000000 0.000443 0.000008 0.000546 0.001687 0.000417 0.000090 0.000670 0.000049 0.001202 0.000017 -0.000000 0.000898 0.004099 0.000776 0.000369 0.000088 0.000020 0.001098 0.000503 0.000036 0.000654 0.000015 0.004475 0.000193 0.008127 0.003422 0.003181 0.002402 0.002669 0.004519 0.001035 0.004427 0.004702 0.002981 0.007163 0.004798 0.040233 0.005045 0.049179 0.003844 0.017648 0.002495 0.009503 0.008217 0.002968 0.131640 0.016521 0.002287 0.015128 0.206178 0.054212 0.399626 0.011346 0.101105 0.821866 0.009498 0.087844 0.010666 0.034744 0.520758 0.003584 0.087376 0.007959 0.093918 0.064231 0.067534 0.090962 0.011263 0.085515 0.003781 
0.000103 0.001107 0.002772 0.001963 0.000069 0.003810 0.000040 0.001984 0.007536 0.001980 0.000269 0.002149 0.000282 0.004207 0.000025 0.000296 0.004574 0.012456 0.002447 0.000775 0.000170 0.000017 0.002471 0.000731 0.000429 0.000981 0.000040 0.007342 0.000149 0.025494 0.002395 0.018594 0.002768 0.002047 0.003256 0.010589 0.002940 0.001918 0.051342 0.003137 0.019909 0.036112 0.001488 0.026714 0.017530 0.137674 0.000325 0.002317 0.010787 0.000699 0.017689 0.051323 0.029688 0.024664 0.023253 0.003493 0.017253 0.386775 0.004121 0.050108 0.000450 0.003430 0.000841 0.001943 0.011828 0.000169 0.003034 0.301068 0.005499 0.014504 0.003599 0.004935 0.044795 0.095891 0.020531 
-0.000000 -0.000000 0.002103 0.000654 0.000060 0.002835 0.000048 0.002331 0.008211 0.001199 0.000135 0.001525 0.000194 0.003177 0.000028 0.001777 0.004029 0.009302 0.001641 0.000369 0.000113 0.000013 0.002123 0.000480 0.000371 0.000421 0.000028 0.005257 0.000089 0.018686 0.001968 0.013771 0.001751 0.001305 0.002527 0.008983 0.001971 0.000928 0.051146 0.001796 0.015337 0.025076 0.000893 0.016645 0.013370 0.110221 0.000434 0.001513 0.008148 0.000433 0.013589 0.039287 0.025122 0.018176 0.017092 0.002137 0.010229 0.569047 0.002781 0.035246 0.000432 0.001945 0.000495 0.001007 0.007951 0.000152 0.002474 0.505645 0.003187 0.010660 0.002427 0.003337 0.035686 0.071657 0.016348 
0.000103 0.000830 0.000574 0.000916 0.000017 0.001063 0.000022 0.000645 0.002137 0.000990 0.000179 0.000947 0.000175 0.003091 0.000025 0.000889 0.000871 0.004257 0.001343 0.000553 0.000138 0.000027 0.001702 0.000754 0.000049 0.001168 0.000024 0.005952 0.000134 0.010072 0.004277 0.004753 0.003867 0.003031 0.006365 0.001546 0.005983 0.004671 0.004197 0.006038 0.004982 0.033877 0.005058 0.036724 0.004031 0.021734 0.002459 0.008369 0.007087 0.002352 0.084419 0.014733 0.002407 0.013632 0.115233 0.036191 0.224295 0.012268 0.042706 0.465589 0.008843 0.073946 0.013116 0.037368 0.515507 0.003804 0.100235 0.007173 0.127380 0.064270 0.100541 0.134144 0.011451 0.087883 0.004200 
0.000410 0.001107 0.001338 0.002094 0.000103 0.001861 0.000050 0.001587 0.003712 0.003023 0.001121 0.001317 0.000447 0.006440 0.000061 0.004443 0.002124 0.005991 0.002745 0.001438 0.000453 0.000063 0.001959 0.001736 0.000055 0.001636 0.000021 0.005517 0.000550 0.007433 0.007785 0.003565 0.005862 0.003573 0.008941 0.001290 0.006917 0.005320 0.003177 0.005406 0.002707 0.017183 0.004112 0.018333 0.002310 0.009560 0.002585 0.006477 0.002927 0.001748 0.040160 0.005081 0.000838 0.003384 0.026807 0.018002 0.074879 0.005350 0.006448 0.054575 0.006914 0.037203 0.013190 0.035141 0.068806 0.005208 0.053816 0.003046 0.012935 0.008854 0.013881 0.041556 0.002786 0.014276 0.000838 
-0.000000 0.001384 0.000669 0.000131 0.000017 0.001683 0.000033 0.001091 0.004837 0.000573 0.000135 0.000855 0.000078 0.001030 0.000007 0.000296 0.002750 0.004809 0.000985 0.000240 0.000069 0.000008 0.001501 0.000228 0.000304 0.000140 0.000022 0.003476 0.000015 0.014379 0.000855 0.011989 0.001058 0.000763 0.001118 0.008459 0.000934 0.000557 0.050989 0.001381 0.013656 0.026193 0.000730 0.017227 0.013169 0.122886 0.000271 0.001009 0.008413 0.000308 0.011615 0.044709 0.031952 0.024776 0.017901 0.001802 0.009820 0.608619 0.002891 0.041743 0.000188 0.001504 0.000495 0.000737 0.007018 0.000152 0.001867 0.704326 0.003734 0.014563 0.002930 0.003281 0.059818 0.110515 0.029325 
0.000205 0.001384 0.000956 0.001309 0.000103 0.001595 0.000053 0.001190 0.003262 0.001876 0.000314 0.001456 0.000330 0.004809 0.000045 0.002073 0.002423 0.007095 0.002656 0.000904 0.000283 0.000045 0.002398 0.001393 0.000082 0.001402 0.000030 0.008124 0.000223 0.013962 0.006330 0.006781 0.005496 0.003191 0.007289 0.002617 0.006468 0.005290 0.007060 0.006886 0.007628 0.042189 0.005086 0.037714 0.005767 0.028842 0.002043 0.008164 0.008251 0.002129 0.074095 0.020353 0.003147 0.014681 0.095937 0.025360 0.140688 0.016696 0.030021 0.393554 0.005744 0.042839 0.008760 0.024718 0.217314 0.003043 0.058111 0.012872 0.140939 0.082269 0.084317 0.090878 0.015707 0.116643 0.006373 
-0.000000 0.001107 0.000956 0.001047 0.000078 0.001949 0.000048 0.001488 0.005062 0.001147 0.000448 0.001340 0.000224 0.003091 0.000042 0.001185 0.002532 0.007410 0.001611 0.000572 0.000145 0.000029 0.001592 0.000594 0.000091 0.000888 0.000020 0.003823 0.000104 0.009586 0.002737 0.004684 0.002239 0.001606 0.002915 0.002118 0.001868 0.001516 0.007060 0.002032 0.004572 0.014529 0.001407 0.010534 0.004705 0.025329 0.000452 0.001387 0.003768 0.000402 0.009717 0.011979 0.003464 0.005928 0.009085 0.002397 0.009002 0.031455 0.001905 0.020059 0.000397 0.002246 0.000718 0.001319 0.008098 0.000254 0.002544 0.027218 0.002468 0.005903 0.002190 0.003253 0.017211 0.036003 0.007160 
0.000103 0.001107 0.000956 0.001832 0.000069 0.000886 0.000038 0.000942 0.002812 0.001616 0.000359 0.000832 0.000369 0.004207 0.000045 0.001481 0.001089 0.003626 0.001671 0.000664 0.000296 0.000042 0.001355 0.001142 0.000033 0.001122 0.000015 0.003649 0.000312 0.005835 0.004448 0.002726 0.003867 0.002067 0.004762 0.001242 0.004323 0.002444 0.002667 0.003177 0.002194 0.009499 0.002245 0.011233 0.001334 0.009233 0.001247 0.003357 0.001567 0.000818 0.022168 0.003378 0.000589 0.002181 0.016012 0.009364 0.037371 0.003782 0.003843 0.033459 0.002999 0.016686 0.006484 0.013756 0.043433 0.002773 0.028869 0.002555 0.009670 0.006388 0.010379 0.037041 0.002051 0.013162 0.000915 
0.000410 0.002214 0.000574 0.000393 0.000017 0.001949 0.000022 0.000893 0.002137 0.001459 0.000404 0.001063 0.000194 0.002919 0.000064 0.002666 0.001252 0.002680 0.001492 0.000867 0.000195 0.000051 0.001300 0.001371 0.000026 0.002197 0.000011 0.002954 0.000193 0.005557 0.005560 0.002517 0.004478 0.002790 0.006463 0.000682 0.005395 0.004949 0.001373 0.004223 0.001743 0.010338 0.003882 0.010360 0.001406 0.005965 0.003236 0.006162 0.001798 0.001300 0.029987 0.003917 0.000558 0.002265 0.018981 0.013785 0.052170 0.002214 0.004282 0.032241 0.006299 0.022643 0.035388 0.021924 0.045004 0.018108 0.031109 0.001670 0.008280 0.006175 0.010086 0.030956 0.002068 0.010446 0.000813 
0.000205 0.000277 0.001243 0.000785 0.000009 0.002126 0.000025 0.002083 0.005399 0.000886 0.000359 0.001294 0.000126 0.003177 0.000025 0.000889 0.003131 0.007647 0.001760 0.000461 0.000157 0.000019 0.001739 0.000800 0.000210 0.000701 0.000029 0.006213 0.000134 0.012782 0.002481 0.010451 0.002728 0.001726 0.002624 0.005550 0.002456 0.001516 0.022749 0.002782 0.010806 0.029756 0.001731 0.026714 0.010142 0.069450 0.000470 0.002301 0.009519 0.000706 0.019131 0.035398 0.013523 0.022147 0.030855 0.004552 0.020868 0.113090 0.005841 0.074065 0.000711 0.004432 0.001039 0.002510 0.017962 0.000457 0.005274 0.106808 0.010295 0.025999 0.006933 0.008160 0.146453 0.234401 0.077411 
0.000103 0.000554 0.001625 0.000785 0.000017 0.002304 0.000036 0.001488 0.004162 0.001094 0.000314 0.001178 0.000185 0.002662 0.000038 0.000296 0.002668 0.005912 0.001611 0.000516 0.000233 0.000022 0.002306 0.000982 0.000145 0.000794 0.000030 0.006995 0.000134 0.016046 0.003165 0.009787 0.003013 0.002067 0.003936 0.003919 0.003044 0.001980 0.016081 0.004361 0.010949 0.037090 0.002191 0.028751 0.009224 0.057848 0.000940 0.003199 0.010360 0.000863 0.033707 0.033553 0.008912 0.024552 0.045832 0.006465 0.034712 0.062725 0.009027 0.129858 0.001235 0.008303 0.002128 0.005049 0.035090 0.000778 0.011062 0.050014 0.020621 0.065007 0.013964 0.016544 0.109998 0.724650 0.040797 
-0.000000 0.001384 0.000574 0.001440 0.000043 0.000975 0.000026 0.001091 0.003487 0.001303 0.000404 0.001363 0.000369 0.003950 0.000058 0.002073 0.001443 0.004257 0.001999 0.000977 0.000208 0.000031 0.001336 0.001096 0.000041 0.001495 0.000018 0.003693 0.000163 0.004932 0.005047 0.002517 0.002931 0.002148 0.005880 0.000852 0.004531 0.003681 0.002157 0.003729 0.002235 0.013481 0.003192 0.010883 0.001521 0.007762 0.001320 0.003688 0.002213 0.001038 0.024521 0.004088 0.000860 0.002685 0.019475 0.010943 0.045964 0.002860 0.004433 0.043205 0.004500 0.021580 0.011186 0.019116 0.049961 0.004768 0.035006 0.003144 0.011982 0.008155 0.013323 0.044640 0.002171 0.013858 0.000915 
0.000205 0.000830 0.001243 0.001309 0.000078 0.002126 0.000056 0.001686 0.005737 0.002397 0.000269 0.001618 0.000505 0.004036 0.000035 0.001481 0.003458 0.008120 0.002148 0.000867 0.000264 0.000041 0.002489 0.001051 0.000128 0.001542 0.000032 0.007820 0.000253 0.014727 0.003935 0.009018 0.004641 0.002529 0.005588 0.003676 0.004842 0.003155 0.011335 0.004538 0.008509 0.034645 0.003178 0.028343 0.007517 0.042487 0.000958 0.004019 0.007571 0.001139 0.034998 0.024639 0.005441 0.017365 0.046012 0.009085 0.046509 0.031547 0.010670 0.139198 0.001733 0.011271 0.003489 0.006467 0.045396 0.001285 0.014516 0.024565 0.025182 0.075706 0.016810 0.022320 0.040796 0.428272 0.016125 
0.000205 0.001107 0.001147 0.000916 0.000034 0.002215 0.000033 0.001042 0.005399 0.001459 0.000179 0.000947 0.000292 0.002490 0.000044 0.000592 0.002396 0.004651 0.001581 0.000535 0.000132 0.000012 0.001428 0.000434 0.000096 0.000561 0.000018 0.002998 0.000104 0.008266 0.001540 0.005173 0.001588 0.001144 0.002624 0.002714 0.001245 0.001361 0.010041 0.001559 0.005249 0.011036 0.000812 0.009545 0.004318 0.029986 0.000235 0.001150 0.003192 0.000245 0.008123 0.011042 0.004867 0.005565 0.007511 0.001728 0.006751 0.080159 0.001357 0.017542 0.000314 0.001544 0.000495 0.000752 0.004859 0.000152 0.002030 0.137367 0.001765 0.004000 0.001381 0.002215 0.012066 0.027298 0.005971 
-0.000000 0.001661 0.001625 0.001178 0.000069 0.001772 0.000036 0.001290 0.003937 0.001668 0.000404 0.001340 0.000262 0.003778 0.000051 0.001481 0.002260 0.006149 0.002298 0.000664 0.000277 0.000023 0.002398 0.001005 0.000091 0.001168 0.000027 0.006039 0.000119 0.011809 0.002994 0.006955 0.003582 0.002609 0.005005 0.002678 0.005015 0.002536 0.008668 0.004282 0.007546 0.027730 0.003030 0.025201 0.005724 0.035705 0.001211 0.003719 0.006880 0.000898 0.033859 0.020154 0.004437 0.015310 0.041200 0.008435 0.043304 0.028411 0.010527 0.132051 0.001947 0.013357 0.003143 0.007459 0.051188 0.001268 0.015753 0.021814 0.032431 0.094094 0.021819 0.027788 0.032678 0.303412 0.013166 
