# Flux Network Reconstruction using RW method
# Walkers leave from emitting cells
# Probability involves emitting fluxes, then absorbing flux is shared among connections
# Seed: 1685043331
# Threshold: 0.5
# Precision: 100000.0
# Dt: 1.0
# Radius step: 8.000000
# Matrix output


0.000827 0.000874 0.002389 0.005401 0.071562 0.038813 0.003311 0.068472 0.060217 0.001043 0.000458 0.004994 0.004431 0.003202 0.001021 0.023411 0.002738 0.000845 0.000660 0.004971 0.001144 0.015893 0.000031 0.000299 0.001820 0.002835 0.000562 0.013719 0.001153 0.000371 0.004067 0.003425 0.000819 0.001713 0.001982 0.000043 0.002475 0.000394 0.004057 0.000064 0.001948 0.000421 0.000603 0.000559 0.000404 0.000142 0.000728 0.000460 0.001743 -0.000000 0.000266 0.000144 0.000068 0.000401 0.000018 0.000072 0.000011 0.000853 0.000543 0.000499 0.000033 0.000022 0.000628 0.000012 0.000004 0.000400 0.000173 0.000428 
0.019380 0.005029 0.034397 0.133539 0.002268 0.002290 0.012957 0.010482 0.001110 0.004671 0.012605 0.002403 0.000993 0.007705 0.006075 0.001987 0.004144 0.000722 0.003853 0.000869 0.000607 0.001313 0.000169 0.001864 0.001149 0.002865 0.001406 0.003899 0.001045 0.001938 0.000750 0.000501 0.001852 0.000565 0.001476 0.000088 0.002255 0.000710 0.001527 0.000140 0.001614 0.000866 0.000339 0.001082 0.000179 0.000109 0.000797 0.001126 0.000623 0.000829 0.000664 0.000168 0.000136 0.000515 0.000099 0.000096 0.000034 0.000284 0.000241 0.000499 0.000110 0.000067 0.000359 0.000035 0.000027 0.000343 0.000230 0.000514 
0.163400 0.211624 0.073572 0.401292 0.028956 0.043622 0.115655 0.153008 0.007826 0.022341 0.027961 0.024800 0.007213 0.040072 0.017356 0.015308 0.021114 0.003892 0.009152 0.003202 0.002106 0.003758 0.000295 0.002962 0.002670 0.006797 0.007170 0.010181 0.002010 0.003216 0.001540 0.000901 0.002991 0.000643 0.001982 0.000108 0.003135 0.002208 0.001336 0.000305 0.001503 0.000866 0.000170 0.000943 0.000094 0.000082 0.000450 0.000460 0.000374 -0.000000 0.000531 0.000168 0.000272 0.000172 0.000018 0.000036 0.000015 0.000228 0.000121 0.000083 0.000011 0.000022 0.000269 -0.000000 0.000013 0.000171 -0.000000 0.000171 
0.001470 0.001534 0.001433 0.010667 0.065936 0.042172 0.005126 0.072231 0.012791 0.002041 0.002636 0.006758 0.004043 0.005383 0.002297 0.013556 0.003823 0.001474 0.002086 0.003958 0.001664 0.006249 0.000078 0.001131 0.002894 0.005426 0.002531 0.012419 0.001796 0.000907 0.003198 0.002263 0.002315 0.001460 0.002909 0.000096 0.004840 0.001104 0.003293 0.000191 0.004174 0.000916 0.000999 0.001501 0.000395 0.000256 0.001628 0.001279 0.001494 0.000829 0.001594 0.000504 0.000545 0.000572 0.000152 0.000216 0.000056 0.000740 0.000301 0.001164 0.000188 0.000112 0.001167 0.000098 0.000013 0.000800 0.000230 0.001457 
0.019196 0.005939 0.491595 0.205102 0.002486 0.002939 0.026698 0.014013 0.001343 0.011367 0.074256 0.003529 0.001182 0.018154 0.018683 0.002844 0.007622 0.001085 0.010217 0.001191 0.000757 0.001223 0.000447 0.005624 0.001522 0.004664 0.010966 0.004621 0.001045 0.005855 0.000829 0.000521 0.002920 0.000779 0.002150 0.000168 0.003080 0.001616 0.000907 0.000356 0.002338 0.001337 0.000415 0.001327 0.000085 0.000087 0.001109 0.000921 0.000374 0.001658 0.001395 0.000384 0.000409 0.000515 0.000108 0.000120 0.000022 0.000341 0.000301 0.000748 0.000044 0.000067 0.000180 0.000040 0.000018 0.000228 0.000173 0.000257 
0.034352 0.011057 0.231704 0.416415 0.004623 0.005687 0.048519 0.029166 0.002278 0.017852 0.078611 0.007247 0.002454 0.025577 0.026953 0.005921 0.012777 0.002177 0.014793 0.002526 0.001586 0.002626 0.000578 0.006556 0.003192 0.006858 0.016027 0.009748 0.002332 0.007421 0.001441 0.001182 0.007691 0.001188 0.004554 0.000262 0.005445 0.003509 0.002005 0.000419 0.003840 0.002352 0.000924 0.002374 0.000338 0.000202 0.001386 0.001842 0.001868 0.002488 0.002258 0.000600 0.000681 0.001202 0.000188 0.000216 0.000056 0.000626 0.000301 0.000748 0.000121 0.000157 0.000718 0.000058 0.000080 0.000571 0.000202 0.000943 
0.006981 0.005350 0.010510 0.036457 0.039989 0.056636 0.020895 0.172490 0.015478 0.006621 0.008709 0.017121 0.008097 0.018224 0.008321 0.024268 0.013369 0.003479 0.006236 0.007771 0.003794 0.009373 0.000293 0.002695 0.005997 0.011857 0.006186 0.026715 0.004664 0.003958 0.005607 0.003785 0.006303 0.003407 0.007253 0.000245 0.008911 0.003390 0.006730 0.000407 0.008126 0.002723 0.002432 0.003700 0.000771 0.000496 0.003430 0.002865 0.002490 0.002488 0.003586 0.000864 0.000749 0.001545 0.000385 0.000348 0.000130 0.001991 0.001085 0.002910 0.000441 0.000235 0.001885 0.000184 0.000071 0.001542 0.000605 0.002742 
0.024156 0.008364 3.002120 0.315552 0.002311 0.003702 0.048376 0.015153 0.000934 0.022084 0.463642 0.004487 0.001133 0.030045 0.051966 0.002220 0.010829 0.001246 0.026521 0.000595 0.000702 0.000408 0.001167 0.016306 0.001000 0.004206 0.032897 0.002455 0.001139 0.012245 0.000434 0.000080 0.005056 0.000389 0.001940 0.000190 0.002585 0.003548 0.000334 0.000521 0.000612 0.001188 0.000170 0.001187 0.000038 0.000038 0.000693 0.000614 0.000125 0.000829 0.000930 0.000264 0.000341 0.000286 0.000054 0.000060 0.000015 0.000057 0.000060 0.000166 0.000011 0.000011 0.000269 -0.000000 0.000009 0.000171 0.000029 0.000171 
0.003123 0.000660 0.471530 0.026600 0.000436 0.000801 0.005446 0.004443 0.000584 0.002479 0.046754 0.001089 0.000258 0.004292 0.005360 0.000974 0.002023 0.000358 0.004044 0.000434 0.000276 0.000362 0.000164 0.002296 0.000462 0.001158 0.005764 0.001877 0.000576 0.002515 0.000316 0.000320 0.001638 0.000370 0.000843 0.000068 0.001650 0.001064 0.000191 0.000064 0.001002 0.000495 0.000283 0.000838 0.000019 0.000044 0.000416 0.000921 0.000498 0.000829 0.001063 0.000072 0.000068 0.000286 0.000027 0.000120 0.000007 0.000171 0.000121 0.000166 0.000044 0.000056 0.000090 0.000023 0.000004 0.000228 0.000115 -0.000000 
0.046659 0.024897 0.150488 0.515253 0.013301 0.019502 0.245442 0.090004 0.008118 0.065950 0.098664 0.024255 0.007282 0.087672 0.064778 0.016555 0.040922 0.006396 0.032928 0.005486 0.004646 0.006656 0.001281 0.014442 0.006922 0.019508 0.027695 0.024116 0.006581 0.016368 0.004107 0.003024 0.013389 0.002687 0.009909 0.000616 0.014081 0.007530 0.005155 0.001017 0.006679 0.004777 0.001829 0.005516 0.000508 0.000474 0.004192 0.003684 0.002241 0.003317 0.003918 0.001104 0.001499 0.001831 0.000278 0.000432 0.000119 0.001422 0.000603 0.002494 0.000199 0.000179 0.001347 0.000133 0.000107 0.001142 0.000259 0.001714 
0.003490 0.002372 0.005733 0.017958 0.123848 0.096594 0.012637 0.292002 0.409017 0.004671 0.004813 0.022716 0.023158 0.013791 0.003905 0.155500 0.014307 0.005347 0.003618 0.038628 0.008622 0.123661 0.000167 0.001697 0.012039 0.020514 0.002671 0.098703 0.008242 0.003133 0.032576 0.026395 0.005697 0.014116 0.016824 0.000280 0.015566 0.002602 0.024675 0.000305 0.021539 0.003045 0.007392 0.003980 0.003374 0.001253 0.004469 0.002916 0.019674 0.001658 0.004383 0.000888 0.000477 0.001431 0.000215 0.000612 0.000063 0.004380 0.004099 0.003991 0.000695 0.000179 0.006644 0.000259 0.000058 0.003426 0.001267 0.002742 
0.009369 0.007187 0.011944 0.049554 0.209844 0.249748 0.031824 1.033342 0.155769 0.009840 0.008021 0.064806 0.064457 0.029834 0.009495 0.279331 0.031030 0.011533 0.005726 0.048780 0.014632 0.071633 0.000262 0.002695 0.017931 0.030389 0.004920 0.117548 0.011151 0.005071 0.027857 0.016402 0.007229 0.010553 0.016698 0.000266 0.013476 0.002917 0.018470 0.000292 0.016586 0.002772 0.004563 0.003316 0.001786 0.000790 0.003257 0.002098 0.011207 0.002488 0.003785 0.000600 0.000681 0.000687 0.000179 0.000288 0.000086 0.002560 0.002773 0.001912 0.000485 0.000134 0.003502 0.000161 0.000031 0.000971 0.000691 0.001200 
0.004409 0.001819 0.220238 0.050904 0.001483 0.002023 0.012210 0.009000 0.001460 0.007165 0.293358 0.002478 0.000745 0.013087 0.016258 0.002181 0.005747 0.000968 0.010579 0.001110 0.000797 0.000951 0.000710 0.010948 0.001611 0.002987 0.024602 0.003249 0.001153 0.008246 0.000790 0.000581 0.004273 0.000545 0.002488 0.000215 0.003520 0.002563 0.001193 0.000458 0.002059 0.001485 0.000434 0.001606 0.000150 0.000142 0.001386 0.001330 0.000623 -0.000000 0.001328 0.000672 0.000341 0.000343 0.000188 0.000192 0.000045 0.000341 0.000181 0.000416 0.000033 0.000078 0.000180 0.000052 0.000045 0.000742 0.000144 0.000686 
0.000735 0.000321 0.001433 0.002836 0.016048 0.013472 0.002065 0.039875 0.171246 0.000771 0.000802 0.004074 0.004173 0.002920 0.000613 0.030500 0.002615 0.001098 0.000894 0.011149 0.002185 0.111661 0.000036 0.000299 0.003536 0.005852 0.000422 0.036968 0.002761 0.000783 0.017097 0.023912 0.002350 0.009871 0.008096 0.000088 0.006710 0.000749 0.023530 0.000064 0.014749 0.001485 0.005185 0.001676 0.003524 0.000948 0.002113 0.001381 0.025028 0.001658 0.002922 0.000312 0.000272 0.000515 0.000099 0.000276 0.000034 0.005347 0.003979 0.002744 0.000706 0.000112 0.005208 0.000242 0.000031 0.002113 0.001670 0.002657 
0.012767 0.005457 0.125168 0.116796 0.006498 0.008244 0.046063 0.033951 0.006191 0.027858 0.172233 0.010476 0.003348 0.051259 0.084202 0.010284 0.025357 0.003941 0.047848 0.003861 0.002966 0.003939 0.002141 0.027520 0.006295 0.016033 0.057218 0.021300 0.005468 0.029273 0.003633 0.002163 0.017092 0.002590 0.010035 0.000804 0.015126 0.010329 0.004773 0.001169 0.008571 0.006238 0.002055 0.007401 0.000479 0.000578 0.004989 0.005065 0.002241 0.006634 0.005844 0.002016 0.002861 0.004177 0.000511 0.000660 0.000238 0.001991 0.000241 0.002910 0.000320 0.000481 0.002514 0.000167 0.000129 0.001713 0.000691 0.002485 
0.004776 0.002390 0.018632 0.038077 0.003314 0.004923 0.024918 0.024153 0.003972 0.018638 0.026013 0.007735 0.002633 0.036307 0.024171 0.008258 0.016206 0.002671 0.014793 0.002976 0.002477 0.004392 0.000634 0.007155 0.004326 0.009967 0.014902 0.014657 0.003485 0.009071 0.002626 0.001983 0.008083 0.002220 0.007126 0.000380 0.009021 0.004770 0.004009 0.000496 0.006846 0.003292 0.001810 0.003875 0.000526 0.000425 0.003187 0.003479 0.001992 0.002488 0.004317 0.001416 0.000749 0.002747 0.000403 0.000660 0.000115 0.001764 0.000603 0.003242 0.000320 0.000358 0.002694 0.000190 0.000129 0.001656 0.000489 0.002314 
0.012124 0.005440 0.156699 0.126923 0.005538 0.007824 0.049800 0.035660 0.004789 0.029476 0.256573 0.011151 0.003696 0.058084 0.098878 0.009816 0.026023 0.003984 0.062726 0.003765 0.003266 0.004437 0.002914 0.039167 0.005967 0.016917 0.077884 0.017329 0.005616 0.039498 0.003692 0.002003 0.017982 0.002882 0.011174 0.000923 0.014191 0.013167 0.004486 0.001716 0.009128 0.007079 0.001999 0.007750 0.000498 0.000512 0.005162 0.006600 0.002739 0.003317 0.005977 0.001968 0.002248 0.003491 0.000565 0.000744 0.000194 0.001081 0.000482 0.003076 0.000309 0.000369 0.002245 0.000231 0.000160 0.001199 0.000317 0.002314 
0.001653 0.001070 0.034397 0.023899 0.001439 0.001908 0.009077 0.011279 0.001227 0.005275 0.114937 0.002272 0.001073 0.010449 0.015288 0.002610 0.006093 0.001079 0.012154 0.001271 0.000986 0.001766 0.000915 0.014442 0.001835 0.004785 0.035708 0.006571 0.001930 0.013111 0.001204 0.000701 0.005234 0.000857 0.004048 0.000288 0.004730 0.003824 0.002339 0.000724 0.003506 0.002451 0.000867 0.002583 0.000263 0.000207 0.002356 0.002456 0.001992 0.001658 0.001926 0.000792 0.000545 0.001888 0.000215 0.000420 0.000067 0.000740 0.000482 0.001912 0.000188 0.000212 0.001347 0.000138 0.000076 0.000914 0.000259 0.002400 
0.000367 0.000161 0.004300 0.001485 0.000044 0.000191 0.000570 0.001937 -0.000000 0.000484 0.010886 0.000282 0.000070 0.001020 0.001327 0.000117 0.000419 0.000068 0.000830 0.000113 0.000150 0.000226 0.000081 0.001631 0.000104 0.000518 0.004499 0.000650 0.000161 0.000990 0.000197 0.000060 0.000712 0.000097 0.000422 0.000029 0.000660 0.000355 0.000095 0.000025 0.000445 0.000297 0.000075 0.000244 0.000009 0.000016 0.000346 0.000409 0.000249 -0.000000 0.000664 0.000072 0.000204 0.000229 0.000054 0.000060 0.000011 -0.000000 -0.000000 0.000083 0.000033 0.000011 0.000180 0.000006 0.000009 0.000286 0.000058 -0.000000 
0.005603 0.003585 0.009555 0.027140 0.061793 0.062284 0.020112 0.284596 0.133224 0.007573 0.009397 0.038748 0.040941 0.023360 0.008576 0.402694 0.027158 0.011614 0.007258 0.104719 0.021858 0.108899 0.000418 0.003561 0.032805 0.045538 0.006186 0.250042 0.021859 0.007916 0.060967 0.033785 0.014706 0.024202 0.037106 0.000581 0.033442 0.006623 0.039995 0.000623 0.041130 0.007228 0.012747 0.010159 0.004304 0.002681 0.009631 0.006958 0.025028 0.003317 0.010161 0.001872 0.001771 0.003090 0.000744 0.001319 0.000212 0.007623 0.004883 0.006651 0.001291 0.000503 0.011133 0.000530 0.000169 0.005425 0.002245 0.006170 
0.004501 0.002229 0.106536 0.051849 0.002224 0.002366 0.020646 0.015722 0.001752 0.011594 0.368072 0.004825 0.001659 0.024310 0.039765 0.003506 0.012999 0.001715 0.037972 0.001593 0.001554 0.001675 0.003411 0.075173 0.002640 0.008138 0.188945 0.008087 0.002908 0.051579 0.001619 0.001041 0.015062 0.001382 0.005355 0.000648 0.008195 0.010684 0.002005 0.001512 0.003618 0.005050 0.000849 0.005935 0.000244 0.000229 0.002668 0.003939 0.000872 0.006634 0.003985 0.001176 0.001907 0.002403 0.000305 0.000336 0.000101 0.000512 0.000301 0.002245 0.000177 0.000224 0.000539 0.000058 0.000080 0.000971 0.000115 0.001543 
0.006246 0.003906 0.013377 0.039427 0.047010 0.053430 0.025737 0.261583 0.071314 0.010853 0.014210 0.054368 0.052475 0.034865 0.014497 0.217240 0.040946 0.017596 0.012366 0.090899 0.034321 0.065883 0.000608 0.005657 0.045813 0.073611 0.013355 0.254518 0.029941 0.009813 0.043790 0.024072 0.022077 0.021593 0.044696 0.000806 0.041472 0.009186 0.036082 0.001385 0.043078 0.009456 0.010974 0.012742 0.003590 0.002409 0.010844 0.009874 0.018429 0.006634 0.013216 0.002688 0.002248 0.005665 0.000950 0.001439 0.000324 0.008988 0.004280 0.009145 0.001213 0.000604 0.008799 0.000645 0.000210 0.005311 0.002476 0.006085 
0.005603 0.003513 0.016721 0.040777 0.024334 0.028585 0.027695 0.147197 0.028210 0.011941 0.018679 0.046032 0.025552 0.041444 0.015697 0.066843 0.044745 0.020223 0.014282 0.029522 0.024808 0.025855 0.000727 0.007188 0.033446 0.066905 0.017995 0.113649 0.024004 0.013565 0.021559 0.012176 0.022433 0.012305 0.035335 0.001023 0.037347 0.010171 0.022575 0.001080 0.031446 0.010619 0.008957 0.015290 0.002472 0.002180 0.013096 0.011102 0.016312 0.004975 0.014544 0.003408 0.002793 0.006867 0.001138 0.001523 0.000365 0.006201 0.002894 0.009727 0.001191 0.001006 0.009158 0.000467 0.000316 0.006282 0.002274 0.007199 
0.011481 0.007580 0.048252 0.089386 0.019449 0.025112 0.067278 0.141159 0.018106 0.039921 0.053515 0.055231 0.017455 0.156733 0.054518 0.044056 0.200316 0.027797 0.049232 0.018276 0.017819 0.018248 0.002391 0.023361 0.031194 0.098361 0.045128 0.086789 0.028614 0.036406 0.014511 0.007470 0.050172 0.010164 0.040606 0.001911 0.054068 0.022550 0.015559 0.002491 0.031056 0.017673 0.007373 0.021225 0.001833 0.001864 0.015902 0.014325 0.009463 0.009121 0.015208 0.004440 0.005585 0.008412 0.001416 0.001655 0.000447 0.004608 0.002230 0.008064 0.000971 0.001006 0.006285 0.000478 0.000339 0.004569 0.001785 0.006685 
0.006981 0.004191 0.047774 0.074398 0.009332 0.011411 0.042147 0.060155 0.009812 0.026785 0.054890 0.019318 0.006805 0.087531 0.055871 0.019048 0.051134 0.008715 0.057469 0.009251 0.007178 0.010777 0.002593 0.026222 0.013531 0.037552 0.051876 0.043322 0.012692 0.036859 0.008233 0.005507 0.034220 0.006815 0.024077 0.001528 0.032672 0.020737 0.010261 0.002478 0.019480 0.013565 0.005204 0.015011 0.001485 0.001106 0.010879 0.013762 0.007222 0.007463 0.012751 0.004128 0.004223 0.008984 0.001237 0.001559 0.000439 0.003925 0.001326 0.009311 0.000618 0.001141 0.006195 0.000461 0.000348 0.004397 0.001842 0.006256 
0.003858 0.001908 0.050640 0.042398 0.002878 0.004122 0.017834 0.018115 0.002570 0.009735 0.139230 0.005801 0.002056 0.024310 0.032466 0.005609 0.012999 0.002140 0.032204 0.002462 0.001988 0.002898 0.003347 0.069316 0.004102 0.010821 0.149300 0.011336 0.004074 0.047662 0.002448 0.001662 0.016380 0.002083 0.008054 0.000790 0.011936 0.013404 0.003818 0.001792 0.007291 0.006609 0.002357 0.006912 0.000451 0.000474 0.004781 0.005525 0.001619 0.005804 0.005446 0.001896 0.002316 0.003777 0.000601 0.000612 0.000186 0.001422 0.000362 0.003159 0.000254 0.000369 0.002155 0.000173 0.000169 0.001999 0.000489 0.002914 
0.011940 0.006866 0.058762 0.103024 0.015874 0.019388 0.065392 0.102423 0.013433 0.043941 0.082507 0.037490 0.012289 0.163452 0.081011 0.031747 0.117511 0.017047 0.087182 0.013595 0.013307 0.013403 0.004088 0.039367 0.026136 0.078488 0.076900 0.067583 0.025384 0.061556 0.011885 0.006449 0.067015 0.009463 0.039973 0.002876 0.061933 0.033431 0.013984 0.003940 0.029832 0.022178 0.006505 0.024681 0.001701 0.001629 0.015556 0.016525 0.008343 0.010779 0.016802 0.005496 0.005449 0.010758 0.001631 0.001583 0.000484 0.005006 0.002652 0.009810 0.000916 0.001152 0.006285 0.000657 0.000437 0.004340 0.001986 0.007713 
0.001470 0.000820 0.014810 0.016203 0.001919 0.002557 0.007618 0.010140 0.001927 0.004278 0.022460 0.002647 0.000984 0.010097 0.011434 0.004363 0.005427 0.001141 0.014410 0.001754 0.001089 0.002400 0.001257 0.014542 0.002238 0.006675 0.025446 0.008159 0.002265 0.015173 0.001599 0.001101 0.007407 0.001616 0.005102 0.000397 0.008195 0.004652 0.002052 0.000724 0.004397 0.003292 0.001188 0.003316 0.000404 0.000311 0.002910 0.003581 0.001992 0.003317 0.003520 0.001272 0.001294 0.002232 0.000350 0.000468 0.000123 0.001024 0.000362 0.002328 0.000232 0.000291 0.001347 0.000144 0.000134 0.001028 0.000317 0.002228 
0.002204 0.001141 0.027231 0.021604 0.001003 0.001641 0.009611 0.009456 0.001927 0.005608 0.097862 0.002854 0.000944 0.012595 0.016335 0.003038 0.005846 0.001135 0.017134 0.001351 0.001152 0.002083 0.002227 0.075572 0.001910 0.005791 0.268375 0.007942 0.001997 0.042797 0.001185 0.000801 0.009329 0.001207 0.004596 0.000577 0.008085 0.009028 0.001527 0.001551 0.003339 0.003639 0.000905 0.003910 0.000179 0.000240 0.002702 0.003632 0.000996 0.003317 0.002789 0.001152 0.001430 0.002117 0.000269 0.000300 0.000141 0.000740 0.000241 0.001995 0.000143 0.000224 0.001077 0.000075 0.000107 0.000628 0.000202 0.001285 
0.001745 0.001605 0.006688 0.012287 0.035933 0.033776 0.007618 0.121791 0.201676 0.003371 0.004469 0.015375 0.015796 0.010801 0.003905 0.121338 0.011939 0.004977 0.004172 0.054507 0.010972 0.449181 0.000209 0.002130 0.018573 0.025726 0.004218 0.191340 0.014729 0.003381 0.091904 0.088478 0.010433 0.042270 0.038666 0.000419 0.031682 0.004337 0.083905 0.000597 0.058106 0.006312 0.019327 0.008169 0.010037 0.003602 0.010290 0.006497 0.058772 0.001658 0.014278 0.001824 0.001090 0.004521 0.000780 0.001188 0.000179 0.015360 0.010730 0.009644 0.002140 0.000526 0.017688 0.000772 0.000160 0.007767 0.004491 0.006770 
0.003582 0.002318 0.007644 0.023359 0.019188 0.024921 0.015770 0.103676 0.031247 0.007724 0.012261 0.025044 0.017078 0.025893 0.011001 0.067583 0.026270 0.010651 0.011260 0.046640 0.025936 0.036315 0.000513 0.005358 0.042904 0.061388 0.012653 0.220222 0.028842 0.010349 0.031668 0.017563 0.023288 0.019568 0.046003 0.001027 0.046588 0.010920 0.032645 0.001449 0.044692 0.012748 0.011879 0.015605 0.003656 0.002899 0.016422 0.013864 0.020296 0.004975 0.019923 0.004248 0.004768 0.008240 0.001667 0.002087 0.000573 0.009955 0.006631 0.013219 0.001655 0.001286 0.011313 0.000928 0.000352 0.009251 0.002936 0.010113 
0.008542 0.005243 0.046341 0.073048 0.012298 0.015151 0.046205 0.088751 0.012674 0.029717 0.071391 0.031370 0.011822 0.114375 0.061945 0.028552 0.094127 0.017565 0.073220 0.016507 0.016155 0.015486 0.004690 0.042129 0.034684 0.112139 0.084210 0.086645 0.038465 0.080893 0.014926 0.008411 0.125840 0.011604 0.066833 0.005000 0.101701 0.055390 0.020093 0.006469 0.042355 0.038689 0.009409 0.042345 0.002378 0.002599 0.027439 0.028292 0.011207 0.025705 0.023642 0.008160 0.009877 0.014706 0.002402 0.002891 0.000629 0.005518 0.002833 0.013385 0.001236 0.001308 0.008799 0.000686 0.000508 0.006110 0.002044 0.009256 
0.003490 0.001944 0.009077 0.024439 0.014086 0.016678 0.013812 0.077244 0.024998 0.006983 0.013178 0.020012 0.012667 0.023923 0.010618 0.049197 0.024543 0.009325 0.009685 0.032901 0.021093 0.035092 0.000694 0.007388 0.047797 0.070411 0.016448 0.223182 0.041721 0.013977 0.031905 0.018344 0.030410 0.022527 0.067507 0.001238 0.061438 0.013719 0.037991 0.001589 0.059441 0.017723 0.015368 0.021539 0.004427 0.003662 0.018016 0.017599 0.022911 0.007463 0.023045 0.005472 0.006403 0.011788 0.002339 0.002963 0.000726 0.012231 0.005365 0.018373 0.002140 0.001275 0.014545 0.001083 0.000575 0.009080 0.004491 0.012426 
0.000551 0.000250 0.006211 0.006481 0.000392 0.000572 0.002207 0.003646 0.000409 0.001572 0.020168 0.000976 0.000308 0.004398 0.006330 0.000701 0.002689 0.000395 0.007279 0.000483 0.000355 0.000589 0.001310 0.048085 0.000880 0.002560 0.368612 0.002311 0.000925 0.056609 0.000395 0.000240 0.008582 0.000409 0.002108 0.000556 0.005335 0.014192 0.000668 0.003088 0.001169 0.002946 0.000339 0.003142 0.000056 0.000147 0.002183 0.002456 0.000374 0.003317 0.001926 0.000960 0.001907 0.002060 0.000152 0.000204 0.000086 0.000398 0.000060 0.001081 0.000099 0.000112 0.000180 0.000046 0.000103 0.000457 0.000029 0.000857 
0.001653 0.000910 0.009555 0.017148 0.002573 0.003664 0.008259 0.016862 0.004848 0.005321 0.014553 0.005444 0.002295 0.015867 0.011103 0.007791 0.011174 0.002510 0.013239 0.004054 0.002808 0.004166 0.001117 0.012645 0.006355 0.014722 0.033178 0.019928 0.006085 0.022800 0.003593 0.003064 0.028309 0.004361 0.015306 0.001518 0.023706 0.018687 0.006586 0.002326 0.014081 0.011461 0.003243 0.013719 0.001006 0.001095 0.008765 0.011102 0.004732 0.010779 0.011423 0.003984 0.004836 0.008526 0.001183 0.001499 0.000436 0.003584 0.001387 0.009228 0.000761 0.000928 0.005387 0.000444 0.000263 0.003541 0.001238 0.006427 
0.001378 0.001427 0.005255 0.013772 0.016310 0.018662 0.011249 0.092739 0.056829 0.004671 0.007449 0.018360 0.014564 0.018576 0.007095 0.086203 0.020128 0.008061 0.008216 0.067105 0.021976 0.104371 0.000514 0.004692 0.046932 0.066326 0.011387 0.536763 0.046653 0.008988 0.163176 0.069132 0.033258 0.096340 0.147201 0.001326 0.118697 0.012340 0.118841 0.001614 0.160180 0.019035 0.042973 0.024437 0.011363 0.007738 0.029691 0.019441 0.057278 0.005804 0.035663 0.004512 0.003270 0.008984 0.001784 0.002951 0.000573 0.019683 0.011454 0.020285 0.003409 0.001442 0.023165 0.001504 0.000330 0.014791 0.006160 0.014826 
0.004592 0.003068 0.030098 0.050094 0.008286 0.010114 0.029937 0.055370 0.010221 0.018350 0.057296 0.018379 0.007113 0.064523 0.044385 0.022943 0.048667 0.010257 0.055830 0.011551 0.010609 0.012543 0.004820 0.048019 0.024152 0.068856 0.105016 0.065778 0.027997 0.101508 0.012458 0.006308 0.196665 0.012072 0.070923 0.007976 0.110556 0.085943 0.018518 0.009545 0.048143 0.056808 0.010993 0.060882 0.002246 0.002463 0.035477 0.039649 0.010833 0.026534 0.037190 0.012864 0.015326 0.021688 0.003227 0.003503 0.001002 0.006599 0.002291 0.018373 0.001622 0.001934 0.009068 0.000997 0.000753 0.007767 0.002562 0.011312 
0.002572 0.001034 0.009077 0.016878 0.002747 0.003740 0.009504 0.019482 0.004264 0.005154 0.017647 0.005482 0.002394 0.015972 0.011537 0.007557 0.010311 0.002627 0.012366 0.004247 0.003005 0.005796 0.001331 0.015341 0.006818 0.014082 0.036974 0.021084 0.006956 0.031417 0.005252 0.003144 0.040131 0.004420 0.019944 0.002234 0.028162 0.029883 0.008686 0.003432 0.016530 0.017376 0.004186 0.020317 0.001043 0.001172 0.012750 0.017036 0.006475 0.013267 0.015208 0.005928 0.006607 0.010300 0.001757 0.001679 0.000659 0.005006 0.001447 0.008896 0.000860 0.001375 0.006824 0.000513 0.000437 0.004911 0.001123 0.008056 
0.003582 0.001694 0.010510 0.023359 0.008634 0.011526 0.014346 0.056737 0.016879 0.007528 0.019595 0.016408 0.007690 0.025014 0.012506 0.029526 0.025135 0.007056 0.014644 0.016507 0.011730 0.022142 0.000987 0.010183 0.027658 0.061785 0.025586 0.102890 0.035570 0.019419 0.019783 0.013858 0.059680 0.019607 0.091795 0.002488 0.118642 0.026059 0.033695 0.002783 0.064673 0.032154 0.015632 0.042136 0.004163 0.004049 0.031874 0.030287 0.019549 0.014096 0.040179 0.009648 0.008923 0.021917 0.003191 0.004402 0.001020 0.011036 0.004340 0.023195 0.002140 0.002471 0.017688 0.001567 0.000869 0.012107 0.004289 0.018768 
0.003490 0.001908 0.020065 0.027545 0.006672 0.007328 0.017656 0.035204 0.008469 0.010974 0.032086 0.010250 0.005226 0.032719 0.023150 0.016750 0.026294 0.005526 0.027053 0.008639 0.006184 0.010098 0.002451 0.028019 0.013516 0.036882 0.066637 0.050470 0.015935 0.060567 0.009102 0.006929 0.130647 0.008392 0.044485 0.006321 0.073099 0.070686 0.016705 0.007969 0.034396 0.040793 0.008259 0.051422 0.002021 0.002681 0.030835 0.036375 0.011580 0.026534 0.029686 0.012528 0.012738 0.021859 0.003809 0.004114 0.001121 0.007566 0.003496 0.021283 0.001489 0.002661 0.011044 0.001049 0.000927 0.008566 0.002504 0.011227 
0.001102 0.000339 0.003344 0.005536 0.001657 0.002023 0.003026 0.009570 0.002803 0.001965 0.005271 0.002722 0.001540 0.005735 0.003624 0.004519 0.005279 0.001172 0.003853 0.002349 0.001759 0.003170 0.000271 0.003860 0.003789 0.009388 0.006889 0.016607 0.003967 0.005855 0.003021 0.002283 0.021543 0.002921 0.013493 0.000757 0.020461 0.008594 0.006348 0.000966 0.011131 0.008342 0.003281 0.010857 0.000733 0.001014 0.008454 0.009004 0.003860 0.003317 0.009364 0.002952 0.002248 0.004921 0.000914 0.001044 0.000331 0.002731 0.001266 0.005820 0.000717 0.000772 0.003681 0.000473 0.000205 0.003255 0.000979 0.004799 
0.000918 0.000268 0.005733 0.006481 0.001395 0.002137 0.003204 0.007291 0.002278 0.001708 0.006532 0.002196 0.001043 0.005488 0.003829 0.003701 0.004588 0.001098 0.005236 0.002075 0.001120 0.001992 0.000634 0.007587 0.002745 0.006340 0.020525 0.008087 0.002761 0.019625 0.002073 0.001482 0.018160 0.002161 0.008054 0.001246 0.012651 0.025113 0.004630 0.003660 0.008070 0.008069 0.002150 0.011730 0.000639 0.000665 0.006340 0.009720 0.003611 0.004975 0.006708 0.003792 0.004496 0.007382 0.001004 0.001008 0.000357 0.001991 0.001145 0.005736 0.000397 0.000895 0.003951 0.000277 0.000312 0.002113 0.000892 0.003599 
0.000092 0.000036 0.000478 0.000540 0.000087 0.000114 0.000249 0.000456 0.000175 0.000136 0.000573 0.000150 0.000070 0.000457 0.000281 0.000390 0.000469 0.000099 0.000553 0.000113 0.000087 0.000226 0.000050 0.001131 0.000209 0.000549 0.003796 0.000866 0.000281 0.001938 0.000197 0.000040 0.001068 0.000058 0.000801 0.000076 0.000770 0.001774 0.000095 0.000941 0.000334 0.000941 0.000189 0.000908 0.000066 0.000044 0.000554 0.001074 0.000374 -0.000000 0.000598 0.000192 0.000272 0.000858 0.000117 0.000120 0.000030 0.000057 -0.000000 0.000665 0.000033 0.000067 0.000180 0.000023 0.000018 0.000228 0.000086 0.000600 
0.000276 0.000357 0.001433 0.002700 0.002922 0.002481 0.002243 0.016064 0.010805 0.001043 0.002521 0.002628 0.001858 0.002990 0.001506 0.009310 0.002565 0.001005 0.001192 0.005164 0.001743 0.023727 0.000097 0.000599 0.003655 0.005608 0.001968 0.023899 0.003096 0.001773 0.009595 0.016562 0.004522 0.010709 0.011806 0.000217 0.011496 0.002563 0.031500 0.000229 0.020537 0.002995 0.008410 0.004957 0.004906 0.001853 0.006305 0.004758 0.029137 0.001658 0.009364 0.001704 0.001226 0.003262 0.000618 0.001188 0.000231 0.010752 0.007475 0.007233 0.001390 0.000458 0.012211 0.000547 0.000205 0.006853 0.003310 0.007713 
0.000367 0.000713 0.001911 0.005266 0.010292 0.010572 0.003489 0.043521 0.056829 0.001542 0.002750 0.007209 0.005931 0.006403 0.002782 0.041095 0.006413 0.002923 0.003044 0.026530 0.006902 0.140641 0.000166 0.001797 0.013635 0.022068 0.005061 0.141664 0.013979 0.004123 0.079268 0.181482 0.014528 0.129322 0.071134 0.000581 0.059843 0.006347 0.363539 0.000737 0.154225 0.010050 0.065902 0.015605 0.032631 0.011646 0.022693 0.013864 0.162122 0.006634 0.032143 0.003768 0.002452 0.006752 0.001667 0.003107 0.000518 0.045055 0.032493 0.024608 0.006465 0.001420 0.046868 0.002000 0.000245 0.021644 0.013702 0.021511 
0.000551 0.000553 0.002389 0.006076 0.005059 0.005152 0.004307 0.023697 0.015711 0.002192 0.003552 0.005219 0.002901 0.007458 0.003139 0.017451 0.006364 0.002338 0.003171 0.009363 0.004378 0.026897 0.000219 0.002662 0.008831 0.015454 0.004639 0.059063 0.008336 0.004535 0.018736 0.022230 0.014101 0.046125 0.043473 0.000640 0.041967 0.006741 0.105764 0.000813 0.085433 0.010124 0.036128 0.015011 0.009850 0.006572 0.019609 0.017088 0.043208 0.003317 0.030881 0.004632 0.003746 0.010300 0.002187 0.003491 0.000745 0.023097 0.010429 0.024858 0.004016 0.002046 0.031694 0.001717 0.000513 0.017989 0.009010 0.025367 
0.000459 0.000250 0.000478 0.002971 0.001134 0.000954 0.001531 0.006836 0.001343 0.000922 0.003209 0.001765 0.000894 0.002885 0.001608 0.003778 0.002417 0.000796 0.001554 0.001866 0.001120 0.002581 0.000124 0.002363 0.002566 0.005547 0.002671 0.010975 0.002211 0.003051 0.002231 0.001862 0.012142 0.002531 0.012017 0.000575 0.018701 0.006939 0.006014 0.000852 0.009907 0.010446 0.002810 0.014103 0.000780 0.000687 0.008731 0.009004 0.003736 0.004146 0.010559 0.003168 0.002316 0.005894 0.001120 0.001307 0.000372 0.002446 0.000543 0.007233 0.000783 0.000895 0.004040 0.000507 0.000201 0.003084 0.001123 0.005828 
0.001470 0.000606 0.004777 0.005806 0.005364 0.006526 0.005482 0.028368 0.018690 0.003114 0.008021 0.007979 0.004739 0.012032 0.005947 0.025475 0.013246 0.004009 0.006556 0.018598 0.008850 0.036994 0.000539 0.005957 0.021512 0.044715 0.013777 0.143180 0.030249 0.012039 0.040513 0.029980 0.060570 0.076324 0.389021 0.002428 0.331229 0.024876 0.118364 0.002631 0.557570 0.048119 0.084984 0.074602 0.014502 0.021918 0.105253 0.056532 0.054663 0.020730 0.115489 0.012576 0.009741 0.024320 0.006014 0.010244 0.001411 0.036693 0.013142 0.059110 0.007689 0.004283 0.050459 0.004178 0.001132 0.037348 0.011630 0.042850 
0.001561 0.000892 0.001911 0.007831 0.008547 0.007938 0.005731 0.033723 0.024764 0.003265 0.006990 0.007547 0.005395 0.010977 0.004977 0.028046 0.010089 0.003602 0.004810 0.018228 0.007210 0.051303 0.000383 0.003893 0.016589 0.030938 0.007592 0.119136 0.019045 0.008741 0.044047 0.042797 0.030303 0.105121 0.139189 0.001391 0.127277 0.012931 0.182843 0.001563 0.413641 0.024728 0.129635 0.037633 0.020902 0.021619 0.055052 0.034687 0.085295 0.009950 0.068071 0.008880 0.006880 0.019628 0.004239 0.007365 0.001240 0.045567 0.019351 0.053790 0.008892 0.003500 0.067788 0.003872 0.000874 0.038490 0.015141 0.042850 
0.000367 0.000143 -0.000000 0.001215 0.004186 0.004656 0.001068 0.016064 0.036854 0.000423 0.000688 0.002516 0.002215 0.001935 0.000664 0.020918 0.002442 0.000981 0.000788 0.012275 0.002982 0.110801 0.000073 0.000532 0.006042 0.009723 0.000984 0.077330 0.007398 0.001484 0.048904 0.125647 0.007015 0.120347 0.055448 0.000297 0.043232 0.002996 0.882525 0.000241 0.163909 0.005718 0.108554 0.010159 0.095469 0.019455 0.023282 0.009618 0.328976 -0.000000 0.038120 0.001728 0.001158 0.003948 0.001273 0.003023 0.000257 0.081464 0.060042 0.033421 0.011661 0.000928 0.079909 0.002801 0.000160 0.033122 0.022683 0.024510 
0.001929 0.000749 0.005255 0.009722 0.001875 0.003015 0.005624 0.012304 0.004030 0.003159 0.011574 0.003642 0.001649 0.010343 0.007912 0.005726 0.007153 0.001776 0.008918 0.002976 0.002382 0.004800 0.001089 0.013045 0.005102 0.012345 0.036833 0.017546 0.005870 0.035128 0.004166 0.002463 0.048036 0.004692 0.021167 0.004077 0.039547 0.196921 0.008066 0.022852 0.019035 0.034184 0.004714 0.041891 0.001316 0.001477 0.023871 0.044868 0.005354 0.063018 0.031944 0.020545 0.029698 0.036108 0.004186 0.004462 0.001668 0.005518 0.002050 0.016710 0.001335 0.003433 0.007183 0.000864 0.001556 0.006624 0.002188 0.011398 
0.000827 0.000589 0.009077 0.011207 0.002965 0.002901 0.006123 0.018001 0.005140 0.003341 0.012032 0.005313 0.002414 0.011258 0.006891 0.008219 0.009102 0.002393 0.008216 0.004827 0.003100 0.008196 0.000853 0.009783 0.007384 0.015789 0.020385 0.027871 0.007653 0.019048 0.005923 0.004526 0.065413 0.007399 0.032383 0.004965 0.057643 0.063827 0.014605 0.006507 0.031390 0.061139 0.007260 0.066433 0.002293 0.002441 0.036378 0.057709 0.009712 0.040630 0.041175 0.019825 0.020503 0.035021 0.005163 0.005770 0.001951 0.008021 0.002472 0.025606 0.001942 0.004339 0.014186 0.001429 0.001623 0.011821 0.002821 0.017226 
0.000735 0.000642 0.005255 0.009857 0.003576 0.003816 0.006763 0.017773 0.004672 0.003431 0.009282 0.005238 0.002464 0.011715 0.006993 0.009504 0.009423 0.002344 0.007684 0.005036 0.003068 0.009056 0.000741 0.008752 0.007086 0.016368 0.017854 0.028159 0.008283 0.018141 0.006930 0.005107 0.057650 0.008100 0.036389 0.004433 0.063199 0.051290 0.015559 0.005885 0.033728 0.072105 0.008561 0.078686 0.002293 0.002632 0.038768 0.056021 0.011207 0.028192 0.043433 0.018097 0.019345 0.036966 0.005270 0.006394 0.001918 0.009159 0.002773 0.024692 0.001997 0.003958 0.016341 0.001533 0.001453 0.013706 0.003138 0.020139 
0.001286 0.000910 0.002866 0.010262 0.006716 0.006679 0.005019 0.029280 0.020325 0.002781 0.006532 0.007322 0.004451 0.010871 0.004416 0.023372 0.010015 0.003349 0.004619 0.013997 0.005837 0.036451 0.000330 0.003161 0.013173 0.023684 0.009700 0.081590 0.014434 0.007751 0.030582 0.030441 0.026920 0.062091 0.095463 0.001279 0.095375 0.013365 0.133684 0.001652 0.271438 0.021609 0.111138 0.033478 0.016635 0.017570 0.045940 0.032078 0.071598 0.012438 0.072654 0.009408 0.007084 0.019284 0.004616 0.007017 0.001270 0.042154 0.017904 0.053124 0.008197 0.003634 0.056385 0.003619 0.001021 0.035578 0.015257 0.039422 
0.001470 0.000927 0.005255 0.010802 0.005713 0.005877 0.008152 0.030419 0.011214 0.003945 0.009970 0.007284 0.004610 0.014284 0.007938 0.019087 0.012876 0.003984 0.007939 0.011342 0.006460 0.021870 0.000609 0.006422 0.014366 0.028500 0.016448 0.068016 0.016981 0.013936 0.017453 0.014639 0.054410 0.024455 0.127509 0.002747 0.222433 0.029883 0.048443 0.002974 0.130070 0.050273 0.029472 0.076208 0.007227 0.009395 0.089212 0.062927 0.034740 0.031509 0.099218 0.018121 0.015598 0.033705 0.007090 0.009884 0.002193 0.025941 0.009163 0.059193 0.005825 0.005513 0.033131 0.003653 0.001538 0.031181 0.009557 0.041993 
0.000459 0.000250 0.003822 0.006481 0.001308 0.002061 0.003026 0.007064 0.003621 0.001678 0.006876 0.002553 0.001172 0.005981 0.003701 0.003662 0.004218 0.001357 0.004491 0.002252 0.001586 0.003396 0.000397 0.004925 0.002879 0.007254 0.012793 0.013647 0.003887 0.012122 0.003021 0.002583 0.025852 0.003368 0.015896 0.001968 0.025576 0.052749 0.007016 0.007499 0.014582 0.023268 0.004167 0.032920 0.001043 0.001308 0.019540 0.037449 0.006226 0.045605 0.028424 0.017856 0.025680 0.032446 0.004141 0.004078 0.001568 0.004380 0.001567 0.019205 0.000860 0.003522 0.007362 0.000859 0.001431 0.006510 0.001756 0.011827 
0.000184 0.000107 0.001911 0.001485 0.000611 0.000801 0.000890 0.003418 0.000993 0.000529 0.000917 0.000788 0.000497 0.002322 0.001123 0.001519 0.001727 0.000321 0.001384 0.000756 0.000402 0.001041 0.000147 0.001997 0.001283 0.002347 0.004358 0.004910 0.001206 0.003546 0.000908 0.000781 0.006837 0.001246 0.004638 0.000573 0.006710 0.014153 0.002720 0.002605 0.004453 0.005619 0.001358 0.008308 0.000320 0.000349 0.005613 0.011204 0.002490 0.013267 0.008567 0.004584 0.010490 0.010586 0.001210 0.001152 0.000462 0.001308 0.000603 0.005154 0.000574 0.001141 0.001796 0.000282 0.000477 0.002170 0.000720 0.003856 
0.000367 0.000250 0.000478 0.002430 0.003532 0.002557 0.002029 0.010595 0.009287 0.000967 0.001490 0.002628 0.001758 0.003237 0.001302 0.008492 0.002886 0.001067 0.001873 0.005727 0.001735 0.023184 0.000104 0.001231 0.003685 0.007681 0.002109 0.028809 0.003552 0.001979 0.009694 0.017824 0.006231 0.016297 0.017963 0.000307 0.017931 0.003154 0.055984 0.000470 0.038292 0.005074 0.016593 0.007994 0.018336 0.004572 0.010394 0.007930 0.153157 0.006634 0.021650 0.003024 0.002657 0.006466 0.001497 0.002363 0.000410 0.038399 0.031709 0.021699 0.005295 0.001286 0.041840 0.001602 0.000276 0.019702 0.012436 0.017997 
0.000643 0.000517 0.004777 0.005131 0.001701 0.002633 0.003951 0.011393 0.003154 0.002177 0.005500 0.003079 0.001421 0.005981 0.003956 0.005103 0.005821 0.001591 0.004725 0.003266 0.001838 0.006430 0.000437 0.005058 0.004520 0.009693 0.013777 0.019423 0.004905 0.010307 0.004817 0.003665 0.030979 0.005569 0.022938 0.002089 0.039162 0.036900 0.010691 0.004881 0.023432 0.033961 0.007090 0.052818 0.001833 0.002196 0.033260 0.074796 0.008716 0.045605 0.047417 0.028561 0.026837 0.050700 0.006435 0.006861 0.002632 0.008306 0.002472 0.027851 0.001964 0.005658 0.012031 0.001671 0.002104 0.012849 0.002648 0.018854 
0.000184 0.000036 -0.000000 0.000270 0.000174 0.000343 0.000178 0.000911 0.000409 0.000151 0.000344 0.000357 0.000099 0.000422 0.000485 0.000312 0.000370 0.000099 0.000298 0.000161 0.000142 0.000317 0.000045 0.000433 0.000239 0.000701 0.001828 0.001661 0.000322 0.001196 0.000296 0.000180 0.001852 0.000428 0.001644 0.000143 0.002035 0.004139 0.000668 0.001500 0.001558 0.001733 0.000471 0.002129 0.000075 0.000163 0.001732 0.003274 0.000125 0.027363 0.002457 0.001872 0.005381 0.003720 0.000412 0.000360 0.000238 0.000228 0.000181 0.002245 0.000088 0.000302 0.000898 0.000086 0.000196 0.000857 0.000230 0.001114 
0.000827 0.000660 0.003344 0.007291 0.003140 0.004542 0.004165 0.019368 0.010163 0.002403 0.005500 0.004656 0.003398 0.009499 0.004671 0.013322 0.008263 0.002708 0.005236 0.009203 0.004599 0.020829 0.000494 0.004892 0.009995 0.021946 0.010544 0.062673 0.013563 0.011008 0.019032 0.016222 0.047929 0.030199 0.118528 0.002498 0.177990 0.029962 0.071495 0.003635 0.186450 0.054283 0.047875 0.096595 0.011513 0.020305 0.202919 0.109636 0.051799 0.032338 0.251299 0.027817 0.021456 0.056995 0.014376 0.022371 0.003854 0.047331 0.013986 0.149064 0.012113 0.010589 0.076856 0.008033 0.002670 0.069728 0.016609 0.094184 
-0.000000 0.000054 -0.000000 0.000405 0.000349 0.000382 0.000676 0.002051 0.000234 0.000272 0.000688 0.000507 0.000248 0.000774 0.000510 0.000623 0.000814 0.000216 0.000809 0.000386 0.000237 0.000724 0.000067 0.000566 0.000492 0.001189 0.002531 0.002527 0.000630 0.001897 0.000257 0.000240 0.003240 0.000643 0.002656 0.000243 0.004015 0.005835 0.001766 0.001284 0.003061 0.003267 0.000679 0.004503 0.000197 0.000294 0.003430 0.006855 0.001743 0.028192 0.005246 0.004272 0.010422 0.008641 0.001031 0.000948 0.000387 0.001195 0.000241 0.003907 0.000099 0.000962 0.001347 0.000156 0.000441 0.001142 0.000403 0.002657 
0.001102 0.000375 0.002389 0.006346 0.002398 0.002633 0.004841 0.015153 0.005665 0.002419 0.007563 0.003905 0.001927 0.008725 0.005207 0.008258 0.007548 0.002128 0.005768 0.005550 0.003061 0.009373 0.000547 0.006888 0.007489 0.016490 0.016308 0.036680 0.009516 0.013317 0.008786 0.008151 0.052131 0.013649 0.062658 0.003318 0.111656 0.044233 0.029352 0.005452 0.072521 0.073318 0.019063 0.138940 0.005028 0.007046 0.201637 0.261736 0.022040 0.050581 0.225332 0.052681 0.040733 0.115076 0.022712 0.025082 0.006728 0.022641 0.006330 0.108161 0.006178 0.015453 0.037710 0.005117 0.004426 0.040432 0.007628 0.064789 
0.000276 0.000428 0.005255 0.006211 0.001570 0.002710 0.004307 0.011279 0.005373 0.002041 0.007563 0.003098 0.001868 0.007705 0.004722 0.006077 0.006339 0.002017 0.006130 0.004360 0.002335 0.007290 0.000575 0.006888 0.006072 0.014295 0.018557 0.022455 0.007478 0.016533 0.006752 0.005187 0.050065 0.008801 0.041449 0.003607 0.080965 0.062368 0.016561 0.009265 0.042633 0.071065 0.010993 0.118204 0.002960 0.004278 0.090910 0.306757 0.012825 0.116916 0.128904 0.089018 0.066413 0.162801 0.021475 0.016650 0.007149 0.012743 0.003376 0.067756 0.003960 0.014402 0.022267 0.003175 0.005429 0.024727 0.004778 0.043964 
0.000367 0.000250 0.007166 0.005536 0.001526 0.001794 0.002670 0.009342 0.002278 0.001693 0.007678 0.002534 0.001053 0.006122 0.003573 0.003623 0.004711 0.001153 0.004747 0.002333 0.001696 0.003804 0.000585 0.008053 0.003879 0.008565 0.020104 0.015885 0.004557 0.017193 0.003337 0.002503 0.039205 0.004653 0.021462 0.002981 0.040812 0.081843 0.009498 0.013917 0.021595 0.043416 0.005827 0.060987 0.001551 0.002093 0.039461 0.115315 0.008467 0.274462 0.059305 0.076658 0.137048 0.132530 0.011956 0.009536 0.004978 0.008192 0.001869 0.035250 0.001710 0.010209 0.011492 0.001596 0.005180 0.013078 0.002447 0.023225 
0.000276 0.000232 0.003344 0.002565 0.002006 0.001603 0.002278 0.007975 0.007184 0.001028 0.002750 0.002046 0.001431 0.004081 0.002731 0.007128 0.005106 0.001338 0.003448 0.006162 0.002706 0.016437 0.000302 0.003361 0.007086 0.015667 0.006467 0.043611 0.010842 0.007421 0.014886 0.016362 0.038493 0.031931 0.121606 0.001945 0.171940 0.023851 0.082091 0.002478 0.229306 0.049506 0.066581 0.095268 0.016663 0.036529 0.249899 0.129026 0.064127 0.031509 0.461025 0.025537 0.016893 0.052245 0.017585 0.036898 0.004077 0.077595 0.021280 0.252486 0.020574 0.012199 0.116002 0.014303 0.002621 0.120096 0.023921 0.147490 
0.000092 0.000161 0.000955 0.000675 0.002311 0.001756 0.000819 0.008203 0.012849 0.000181 0.000344 0.000995 0.001043 0.000915 0.000510 0.007401 0.001233 0.000506 0.000617 0.004633 0.001065 0.037764 0.000033 0.000166 0.002432 0.004176 0.000703 0.023322 0.002506 0.000495 0.012734 0.029539 0.003774 0.024708 0.020240 0.000188 0.017326 0.001380 0.115070 0.000114 0.051983 0.004059 0.031904 0.005411 0.054623 0.009417 0.013027 0.008134 1.476655 0.001658 0.028490 0.001536 0.000886 0.004463 0.001255 0.002963 0.000264 0.173224 0.260061 0.030511 0.016040 0.001152 0.157304 0.003221 0.000223 0.038947 0.058608 0.031195 
0.000276 0.000285 0.000955 0.002971 0.001265 0.001412 0.001531 0.007633 0.002628 0.001194 0.003323 0.002028 0.001063 0.003307 0.001710 0.003895 0.002565 0.000802 0.002001 0.002172 0.001404 0.004709 0.000124 0.001398 0.002999 0.006218 0.004920 0.012924 0.003083 0.003876 0.003455 0.002844 0.011288 0.004595 0.015896 0.000610 0.022111 0.008476 0.012505 0.001106 0.020370 0.012475 0.006260 0.020527 0.001880 0.002164 0.032567 0.041849 0.008592 0.004146 0.080689 0.013272 0.008651 0.027696 0.006220 0.008001 0.001761 0.009842 0.002954 0.039324 0.002184 0.005166 0.013378 0.001913 0.001489 0.018274 0.004030 0.025196 
-0.000000 0.000054 0.002389 0.001080 0.000349 0.001069 0.000961 0.003190 0.002570 0.000620 0.001604 0.000901 0.000417 0.002287 0.001633 0.002181 0.002171 0.000469 0.002150 0.001368 0.000868 0.003985 0.000195 0.001730 0.002461 0.006218 0.004780 0.013502 0.003645 0.005319 0.003573 0.004025 0.025175 0.007963 0.037949 0.001651 0.069084 0.027202 0.018327 0.003597 0.052150 0.041486 0.014500 0.082910 0.003806 0.007406 0.170422 0.362010 0.017432 0.053897 0.667363 0.077858 0.045978 0.190955 0.086760 0.106015 0.016156 0.024462 0.007174 0.265040 0.007380 0.042614 0.036991 0.009174 0.008452 0.061048 0.007859 0.126664 
0.000184 0.000268 0.003344 0.004186 0.001526 0.001412 0.002919 0.006038 0.002161 0.001164 0.003209 0.001821 0.000984 0.004785 0.002144 0.004207 0.003774 0.001005 0.003065 0.002397 0.001491 0.004619 0.000311 0.003261 0.002924 0.007254 0.007732 0.014802 0.004235 0.007586 0.004284 0.003324 0.021899 0.005607 0.021420 0.001444 0.037677 0.026847 0.013173 0.004105 0.026994 0.026015 0.007731 0.044440 0.001898 0.002790 0.050063 0.164071 0.011829 0.073798 0.099152 0.106731 0.058852 0.267291 0.027139 0.019540 0.011047 0.010695 0.003557 0.070084 0.003034 0.021134 0.021279 0.003089 0.008099 0.022272 0.003944 0.045421 
-0.000000 0.000107 0.001433 0.000810 0.001701 0.001565 0.000498 0.006722 0.009287 0.000333 0.000573 0.000901 0.000825 0.001055 0.000485 0.005531 0.001628 0.000549 0.000426 0.003314 0.000931 0.019380 0.000055 0.000699 0.002447 0.003810 0.001125 0.019495 0.002077 0.001278 0.008588 0.015921 0.003632 0.015596 0.014547 0.000174 0.017051 0.002129 0.069157 0.000241 0.040629 0.004406 0.021930 0.006772 0.028618 0.007428 0.011225 0.008748 0.729424 0.001658 0.027693 0.002160 0.001839 0.004750 0.001344 0.003455 0.000316 0.179880 0.282366 0.034252 0.017905 0.001554 0.168078 0.003504 0.000267 0.045115 0.065459 0.037279 
0.000276 0.000125 0.000478 0.001485 0.001614 0.001412 0.000890 0.005583 0.003504 0.000544 0.001375 0.001239 0.000864 0.001759 0.000740 0.003623 0.001899 0.000555 0.000639 0.002365 0.000986 0.008513 0.000074 0.000732 0.002133 0.003231 0.001828 0.011841 0.002037 0.001402 0.004225 0.005487 0.003098 0.007029 0.009825 0.000196 0.011826 0.002484 0.025009 0.000343 0.018033 0.003663 0.009221 0.005202 0.007791 0.002796 0.007899 0.007111 0.096377 0.000829 0.017532 0.002112 0.001635 0.004921 0.001201 0.001979 0.000339 0.062634 0.040872 0.022530 0.006950 0.001141 0.065274 0.001746 0.000285 0.020673 0.023576 0.018683 
0.000184 0.000054 0.001433 0.001350 0.000262 0.000343 0.000249 0.001595 0.001343 0.000348 0.001031 0.000413 0.000268 0.001302 0.000613 0.001091 0.000937 0.000228 0.001277 0.000901 0.000576 0.003305 0.000129 0.000998 0.001462 0.003353 0.003936 0.006498 0.002319 0.003711 0.002330 0.002423 0.015312 0.005491 0.022812 0.000966 0.042297 0.016952 0.012027 0.002351 0.033561 0.024332 0.009032 0.050374 0.002547 0.005401 0.101616 0.228840 0.010584 0.049751 0.459696 0.063242 0.037259 0.183516 0.119214 0.167144 0.020925 0.017920 0.004461 0.296715 0.006321 0.070859 0.029270 0.009007 0.011024 0.060819 0.006678 0.146547 
-0.000000 -0.000000 0.000478 0.000810 0.000087 0.000267 0.000534 0.000798 0.000467 0.000166 0.000688 0.000244 0.000149 0.000387 0.000485 0.000662 0.000493 0.000099 0.000404 0.000257 0.000142 0.000362 0.000041 0.000499 0.000313 0.000762 0.001265 0.002166 0.000348 0.000825 0.000494 0.000200 0.002884 0.000565 0.002530 0.000145 0.003245 0.003864 0.001766 0.000724 0.001892 0.002352 0.000792 0.003561 0.000160 0.000218 0.003049 0.008186 0.001121 0.072969 0.005977 0.006216 0.056468 0.013390 0.001174 0.001128 0.000652 0.000967 0.000301 0.003991 0.000154 0.001554 0.001347 0.000225 0.000909 0.001428 0.000345 0.003514 
0.000092 0.000071 -0.000000 0.000135 0.001134 0.001030 0.000498 0.004557 0.006483 0.000136 0.000573 0.000638 0.000586 0.000633 0.000357 0.004363 0.000567 0.000290 0.000426 0.002445 0.000631 0.018565 0.000031 0.000366 0.001372 0.002347 0.001125 0.014730 0.001756 0.000495 0.007285 0.015701 0.002991 0.014233 0.014168 0.000158 0.013366 0.001143 0.069348 0.000102 0.040574 0.003168 0.023193 0.004538 0.035376 0.008305 0.014413 0.007572 0.700038 -0.000000 0.029420 0.001728 0.001430 0.003777 0.001093 0.003023 0.000287 0.315843 0.388886 0.038409 0.026443 0.001141 0.276359 0.004333 0.000214 0.062647 0.123463 0.042679 
0.000092 0.000018 -0.000000 0.000270 0.000087 0.000153 0.000178 0.000342 0.000175 0.000106 0.000115 0.000113 0.000070 0.000246 0.000204 0.000117 0.000123 0.000043 0.000192 0.000129 0.000032 0.000272 0.000016 0.000100 0.000090 0.000305 0.000141 0.000866 0.000188 0.000247 0.000276 0.000180 0.000534 0.000234 0.000632 0.000061 0.000825 0.000670 0.000239 0.000089 0.000557 0.000916 0.000377 0.001187 0.000160 0.000104 0.001420 0.002660 0.000498 0.003317 0.003719 0.001944 0.002180 0.005207 0.000708 0.000672 0.000503 0.000284 0.000241 0.002827 0.000143 0.001141 0.000898 0.000109 0.000548 0.001028 0.000173 0.002314 
0.000367 0.000089 0.001433 0.002025 0.000567 0.000992 0.001210 0.003874 0.001227 0.000514 0.002177 0.000732 0.000378 0.001407 0.000995 0.001480 0.001184 0.000364 0.000937 0.000837 0.000465 0.001585 0.000112 0.001431 0.001164 0.003079 0.003374 0.005776 0.001380 0.003051 0.001382 0.000641 0.006481 0.001967 0.006536 0.000544 0.012706 0.010487 0.004057 0.001703 0.008070 0.008540 0.002678 0.011555 0.000799 0.000823 0.011468 0.034329 0.003237 0.071310 0.024572 0.026161 0.071726 0.068439 0.006561 0.005506 0.003679 0.003470 0.001206 0.022114 0.000949 0.007827 0.007452 0.000962 0.006713 0.008281 0.001641 0.015769 
0.000184 0.000178 -0.000000 0.001620 0.000523 0.000649 0.000890 0.003190 0.001343 0.000423 0.001490 0.000788 0.000527 0.001759 0.000791 0.002026 0.001603 0.000419 0.001256 0.001448 0.000639 0.003487 0.000147 0.001664 0.001566 0.003810 0.002952 0.009675 0.002144 0.003133 0.002290 0.002684 0.012926 0.005393 0.017963 0.000857 0.028382 0.014784 0.011741 0.001817 0.027606 0.017673 0.008994 0.032012 0.002726 0.003989 0.054671 0.113269 0.015814 0.045605 0.201956 0.047617 0.038145 0.143345 0.047010 0.081917 0.016673 0.019285 0.004461 0.252486 0.006101 0.085686 0.036722 0.008632 0.012579 0.061048 0.007110 0.150918 
0.000092 -0.000000 -0.000000 0.000270 0.000087 0.000076 0.000107 0.000570 0.000701 0.000076 0.000115 0.000225 0.000119 0.000176 0.000128 0.000545 0.000271 0.000056 0.000085 0.000290 0.000126 0.001358 0.000021 0.000100 0.000328 0.000457 -0.000000 0.001877 0.000241 0.000206 0.000711 0.000781 0.000712 0.000681 0.001096 0.000033 0.001760 0.000394 0.002434 0.000038 0.002171 0.000520 0.001188 0.000524 0.000883 0.000245 0.000728 0.000870 0.021417 -0.000000 0.002324 0.000360 0.000272 0.000343 0.000143 0.000264 0.000060 0.006656 0.020135 0.001912 0.000883 0.000078 0.007093 0.000225 0.000045 0.002341 0.002763 0.001885 
-0.000000 0.000036 0.000955 0.000270 0.000436 0.000572 0.000498 0.001823 0.002862 0.000227 0.001146 0.000544 0.000358 0.001091 0.000434 0.001987 0.000888 0.000228 0.000553 0.001287 0.000458 0.007562 0.000052 0.000499 0.001238 0.002317 0.001406 0.008376 0.001783 0.001361 0.003633 0.005848 0.005092 0.009969 0.018637 0.000293 0.021616 0.003627 0.033266 0.000458 0.046084 0.007030 0.019045 0.012498 0.011494 0.010300 0.031805 0.027013 0.077076 0.006634 0.113363 0.006072 0.005109 0.014649 0.006238 0.016662 0.001605 0.168332 0.026464 0.270028 0.090107 0.006944 0.426120 0.040407 0.001030 0.783282 0.075304 0.376823 
0.000276 0.000036 0.000955 0.001350 0.001003 0.001069 0.000783 0.003532 0.003621 0.000302 0.001604 0.000901 0.000586 0.001478 0.000587 0.002921 0.000987 0.000382 0.000447 0.001850 0.000686 0.008241 0.000041 0.000433 0.001701 0.002835 0.000703 0.009820 0.001447 0.000907 0.004067 0.005708 0.003027 0.006308 0.007716 0.000180 0.009406 0.001735 0.023530 0.000153 0.019146 0.002426 0.008391 0.004887 0.008957 0.003046 0.006583 0.005576 0.150791 0.001658 0.014743 0.001464 0.001090 0.004635 0.000950 0.002255 0.000324 0.096880 0.113212 0.020618 0.009785 0.000950 0.104600 0.002034 0.000272 0.026155 0.045654 0.025967 
-0.000000 -0.000000 -0.000000 -0.000000 0.000087 0.000153 0.000142 0.000456 0.001635 0.000030 -0.000000 0.000207 0.000060 0.000141 0.000026 0.000740 0.000247 0.000056 0.000106 0.000515 0.000150 0.004528 0.000010 0.000100 0.000269 0.000518 0.000422 0.002816 0.000456 0.000330 0.001579 0.003825 0.001389 0.005452 0.006957 0.000074 0.008855 0.000986 0.025343 0.000153 0.022207 0.002253 0.011898 0.004224 0.011269 0.006687 0.013893 0.007162 0.105591 0.000829 0.041839 0.001272 0.001022 0.004349 0.001936 0.005446 0.000402 0.381947 0.050156 0.105417 0.149028 0.002069 1.561902 0.015392 0.000299 0.281653 0.283340 0.157174 
