# Flux Network Reconstruction using RW method
# Walkers leave from emitting cells
# Probability involves emitting fluxes, then absorbing flux is shared among connections
# Seed: 1684539115
# Threshold: 0.5
# Precision: 100000.0
# Dt: 1.0
# Radius step: 8.000000
# Matrix output


0.003720 0.003805 0.006804 0.005590 0.010088 0.009667 0.004088 0.020238 0.000524 0.007929 0.002837 0.000153 0.001244 0.004754 0.001281 0.000541 0.010599 0.008488 0.007151 0.002797 0.001936 0.001234 0.000207 0.000249 0.000232 0.001749 0.000589 0.000165 0.004029 0.004112 0.001636 0.001162 0.000388 0.000560 0.000711 0.000522 0.001268 0.001273 0.000862 0.001094 0.000411 0.000043 0.000472 0.000362 0.001129 0.000265 0.001883 0.001315 0.000376 0.000155 0.001941 0.000021 0.000088 0.000164 0.000002 0.000024 0.000055 0.000140 0.000257 0.000555 0.000080 0.000441 0.000475 0.000036 0.000527 0.000047 0.000120 0.000560 0.000167 0.000204 0.000024 
0.000406 0.000868 0.098185 0.001008 0.187037 0.011401 0.023378 0.068385 0.015027 0.001879 0.000218 0.000025 0.002960 0.005022 0.000275 0.000111 0.003793 0.004862 0.050424 0.010520 0.003113 0.000157 0.000034 0.000326 0.003514 0.004606 0.000196 0.000037 0.002985 0.006348 0.011389 0.000291 0.000044 0.000115 0.000325 0.000224 0.000136 0.002546 0.000103 0.000173 0.000137 0.000353 0.000124 0.000869 0.001035 0.000088 0.000828 0.004165 0.000040 0.000310 0.000370 -0.000000 0.000505 0.000308 0.000002 -0.000000 0.000008 0.000163 0.001028 0.000069 -0.000000 -0.000000 0.000119 0.000009 -0.000000 0.000020 0.000086 0.000672 -0.000000 0.000102 0.000008 
0.111857 0.105942 0.017759 0.101127 0.029256 0.034172 0.013573 0.081612 0.001135 0.075998 0.036231 0.001649 0.004852 0.025779 0.011896 0.004627 0.100747 0.056036 0.028485 0.010729 0.005847 0.007941 0.001062 0.001041 0.000686 0.006696 0.003466 0.001671 0.017013 0.009811 0.005348 0.005870 0.001886 0.001592 0.003290 0.001999 0.004393 0.003729 0.002964 0.002649 0.001643 0.000079 0.001613 0.001104 0.002916 0.000818 0.004067 0.003836 0.000673 0.000569 0.002218 0.000223 0.000242 0.000452 0.000012 0.000060 0.000141 0.000280 0.001028 0.000624 0.000107 -0.000000 0.000832 0.000108 0.000527 0.000067 0.000103 0.001008 0.000293 0.000409 0.000048 
0.090892 0.093993 0.028169 0.104609 0.045801 0.056172 0.020600 0.123939 0.001789 0.092853 0.046271 0.001905 0.007196 0.037999 0.012994 0.005109 0.124734 0.079769 0.037212 0.014653 0.008561 0.009265 0.001231 0.001154 0.000865 0.007506 0.004513 0.001799 0.023132 0.009018 0.005978 0.006160 0.001786 0.001949 0.002945 0.001910 0.004393 0.003229 0.003688 0.004031 0.001591 0.000131 0.001638 0.000887 0.002493 0.001039 0.003690 0.003727 0.000653 0.000551 0.001664 0.000128 0.000330 0.000493 0.000005 0.000048 0.000078 0.000420 0.001028 0.000901 0.000134 0.000073 0.000238 0.000063 0.000703 0.000020 0.000086 0.000784 0.000042 0.000255 0.000104 
0.009536 0.048065 0.002041 0.049990 0.003531 0.004143 0.001950 0.010846 0.000262 0.027780 0.104547 0.002353 0.001162 0.006060 0.022968 0.003938 0.040388 0.018624 0.008121 0.003757 0.001784 0.007246 0.001151 0.000373 0.000317 0.002729 0.006148 0.002203 0.007238 0.004112 0.001825 0.005695 0.001486 0.001618 0.001564 0.000850 0.004166 0.001592 0.003481 0.003397 0.001215 0.000039 0.001589 0.000471 0.002070 0.000972 0.002862 0.001644 0.000831 0.000431 0.002680 0.000213 0.000154 0.000411 0.000010 0.000032 0.000094 0.000467 0.000643 0.000971 0.000161 0.000367 0.001188 0.000063 0.000879 0.000007 0.000172 0.000784 0.000377 0.000358 0.000032 
0.003652 0.011282 0.000680 0.015946 0.001513 0.001253 0.000481 0.004630 0.000073 0.013214 0.112841 0.001752 0.000288 0.002143 0.022510 0.002128 0.015396 0.007087 0.002061 0.001127 0.000532 0.004307 0.000616 0.000128 0.000063 0.000554 0.003336 0.001212 0.003806 0.001154 0.000692 0.003196 0.000832 0.000611 0.000569 0.000313 0.001630 0.000591 0.001241 0.001209 0.000274 0.000013 0.000397 0.000036 0.000423 0.000376 0.000904 0.000658 0.000178 0.000069 0.001017 0.000053 0.000044 0.000041 0.000002 0.000016 0.000031 0.000093 -0.000000 0.000277 0.000027 0.000073 -0.000000 0.000045 0.000439 0.000007 -0.000000 -0.000000 -0.000000 0.000102 -0.000000 
0.025766 0.119694 0.004831 0.144794 0.010996 0.008993 0.004916 0.032936 0.000567 0.072532 0.148417 0.004321 0.002395 0.013157 0.042092 0.008343 0.094053 0.047961 0.016121 0.006930 0.004005 0.014581 0.002011 0.000804 0.000570 0.005374 0.010399 0.004259 0.017759 0.007070 0.004468 0.011332 0.002917 0.002751 0.002681 0.002163 0.007291 0.004138 0.005273 0.005413 0.002173 0.000088 0.002333 0.000978 0.003528 0.001944 0.005046 0.003836 0.001207 0.000620 0.006007 0.000330 0.000308 0.000719 0.000014 0.000109 0.000337 0.000887 0.001286 0.001803 0.000214 0.000661 0.001901 0.000126 0.002108 0.000080 0.000103 0.001232 0.000628 0.000511 0.000072 
0.000068 0.000467 -0.000000 0.000137 -0.000000 0.000032 -0.000000 -0.000000 -0.000000 0.000176 0.001528 0.000016 -0.000000 0.000067 0.000275 0.000007 0.000112 0.000082 0.000121 0.000042 0.000038 0.000067 0.000013 0.000004 -0.000000 0.000128 -0.000000 0.000055 0.000075 0.000216 -0.000000 0.000058 0.000033 0.000013 -0.000000 0.000015 0.000045 -0.000000 0.000069 0.000115 0.000017 -0.000000 0.000025 0.000018 -0.000000 0.000022 0.000075 0.000110 -0.000000 -0.000000 0.000092 -0.000000 -0.000000 -0.000000 -0.000000 0.000004 0.000008 -0.000000 -0.000000 0.000069 -0.000000 -0.000000 -0.000000 -0.000000 -0.000000 -0.000000 -0.000000 -0.000000 -0.000000 -0.000000 -0.000000 
0.009130 0.041723 0.002109 0.051640 0.004035 0.004272 0.001977 0.016402 0.000247 0.046808 0.413822 0.005794 0.001120 0.007365 0.079792 0.007312 0.054111 0.023733 0.006788 0.003214 0.001936 0.013056 0.001982 0.000253 0.000148 0.002175 0.010007 0.004590 0.009402 0.004617 0.002265 0.011681 0.002296 0.001872 0.001543 0.001268 0.006023 0.001683 0.003653 0.004434 0.001129 0.000036 0.001464 0.000308 0.001458 0.001127 0.003012 0.001644 0.000594 0.000258 0.003327 0.000394 0.000110 0.000329 0.000005 0.000072 0.000102 0.000303 0.000257 0.000693 0.000054 0.000441 0.000594 0.000045 0.000879 0.000020 0.000017 0.000448 0.000126 0.000153 0.000040 
0.003246 0.015421 0.001021 0.019932 0.001412 0.001413 0.000721 0.005423 0.000073 0.019968 0.266496 0.002741 0.000360 0.002544 0.050602 0.003003 0.029008 0.011702 0.002545 0.001127 0.000797 0.006483 0.000949 0.000136 0.000084 0.001066 0.006279 0.002313 0.003507 0.001731 0.001007 0.004998 0.000998 0.000828 0.000650 0.000388 0.002581 0.000637 0.001206 0.002764 0.000479 0.000026 0.000645 0.000181 0.000753 0.000641 0.000828 0.000658 0.000356 0.000103 0.000924 0.000074 0.000022 0.000041 0.000017 0.000008 0.000102 0.000210 0.000257 0.000208 0.000080 0.000073 0.000238 0.000054 0.000264 0.000020 0.000052 0.000112 0.000084 0.000051 -0.000000 
0.045784 0.124768 0.019868 0.213846 0.030568 0.033722 0.015764 0.113622 0.002051 0.251309 0.182029 0.006567 0.008501 0.048444 0.050602 0.017775 0.284947 0.141409 0.050182 0.020122 0.011428 0.033155 0.004145 0.002308 0.001509 0.015012 0.015042 0.007288 0.048949 0.021426 0.011389 0.020979 0.005768 0.006203 0.007494 0.005132 0.015714 0.008685 0.010995 0.012265 0.004415 0.000200 0.006255 0.002010 0.008467 0.003845 0.011974 0.010523 0.002830 0.001327 0.009150 0.000766 0.000483 0.001274 0.000063 0.000185 0.000470 0.001353 0.002314 0.004506 0.000388 0.000735 0.002257 0.000307 0.001581 0.000154 0.000310 0.001905 0.000712 0.000766 0.000128 
0.015690 0.033645 0.013540 0.052465 0.025019 0.018885 0.010340 0.078173 0.001818 0.130147 0.080538 0.002637 0.006229 0.032207 0.021595 0.008194 0.167130 0.093449 0.050060 0.018702 0.009511 0.018260 0.002521 0.001927 0.001551 0.015822 0.010072 0.004479 0.038204 0.021931 0.013025 0.015226 0.004958 0.005299 0.007068 0.005281 0.012861 0.009140 0.011339 0.009789 0.004705 0.000330 0.006205 0.002517 0.010348 0.004021 0.013856 0.012167 0.002830 0.001757 0.012477 0.000957 0.001121 0.002117 0.000058 0.000258 0.000706 0.002146 0.003600 0.005893 0.000643 0.001396 0.003802 0.000343 0.003426 0.000268 0.000499 0.003809 0.001968 0.001329 0.000320 
0.002164 0.003004 0.041438 0.004582 0.111274 0.019720 0.029256 0.152510 0.031377 0.014683 0.009822 0.000354 0.010619 0.024641 0.002745 0.001179 0.032801 0.035517 0.183514 0.048467 0.017920 0.003679 0.000527 0.002658 0.012179 0.034033 0.002747 0.000936 0.037682 0.055477 0.056001 0.004242 0.001830 0.002726 0.008794 0.005774 0.005570 0.025738 0.005204 0.004203 0.003987 0.001616 0.005039 0.008038 0.015992 0.002541 0.018149 0.041871 0.002256 0.004617 0.012569 0.000468 0.004769 0.004748 0.000039 0.000133 0.000659 0.002986 0.014270 0.006517 0.000616 0.000955 0.004633 0.000532 0.005447 0.000422 0.001428 0.009523 0.002638 0.003986 0.000384 
0.006966 0.009746 0.164866 0.013334 0.466080 0.110834 0.189965 1.211214 0.040280 0.037529 0.012441 0.000510 0.063702 0.096453 0.003935 0.002277 0.089924 0.101937 0.683027 0.167318 0.056741 0.005698 0.000662 0.005953 0.018574 0.064525 0.001570 0.000973 0.069619 0.095877 0.087777 0.003545 0.001686 0.002318 0.010378 0.005475 0.003804 0.030603 0.003860 0.002994 0.003012 0.001868 0.002631 0.008871 0.015287 0.001304 0.012501 0.042200 0.001247 0.003394 0.005730 0.000117 0.004373 0.003103 0.000014 0.000060 0.000298 0.001003 0.010413 0.002634 0.000214 0.000367 0.000950 0.000189 0.001581 0.000141 0.000757 0.005266 0.000502 0.001431 0.000192 
0.002029 0.010614 0.001021 0.013930 0.002825 0.001766 0.000989 0.007936 0.000218 0.020732 0.648453 0.003454 0.000545 0.003582 0.127650 0.003826 0.031462 0.015245 0.006061 0.001586 0.000816 0.009870 0.001564 0.000245 0.000169 0.001706 0.010595 0.004516 0.005746 0.002525 0.001573 0.009531 0.001730 0.001758 0.001198 0.000821 0.003804 0.001182 0.003274 0.003858 0.001112 0.000023 0.001340 0.000217 0.001223 0.001105 0.002033 0.001425 0.000910 0.000207 0.002126 0.000234 0.000088 0.000308 0.000027 0.000044 0.000133 0.000537 0.000257 0.000693 0.000161 0.000441 0.000832 0.000045 0.000703 0.000054 0.000052 0.000672 0.000293 0.000255 0.000056 
0.000271 0.000734 0.014697 0.000825 0.037125 0.005492 0.009298 0.051189 0.049764 0.001703 0.001310 0.000050 0.003608 0.004955 0.000275 0.000200 0.005578 0.008323 0.085454 0.018243 0.006170 0.000449 0.000059 0.000948 0.028547 0.016632 0.000196 0.000073 0.012685 0.030155 0.055561 0.000465 0.000255 0.000509 0.003229 0.001552 0.000498 0.018144 0.000586 0.000345 0.000736 0.003870 0.000943 0.008129 0.007667 0.000420 0.006702 0.055025 0.000613 0.004290 0.003604 0.000096 0.007692 0.003720 0.000007 0.000028 0.000149 0.000840 0.026355 0.002149 0.000147 0.000220 0.000950 0.000144 0.001757 0.000154 0.001342 0.007058 0.001424 0.001635 0.000312 
0.011362 0.040321 0.006736 0.062958 0.013417 0.012172 0.005504 0.045369 0.001251 0.142657 0.378901 0.019404 0.004276 0.022866 0.114290 0.029218 0.196584 0.089741 0.028727 0.012273 0.007403 0.053007 0.007775 0.001733 0.000939 0.011302 0.033093 0.014338 0.036488 0.015294 0.009124 0.038123 0.008707 0.008037 0.006621 0.005445 0.022778 0.007958 0.016578 0.020959 0.006091 0.000134 0.008638 0.001720 0.009548 0.005303 0.014459 0.008221 0.003622 0.001327 0.014048 0.001223 0.000637 0.001583 0.000060 0.000318 0.000729 0.002006 0.001671 0.004229 0.000629 0.002205 0.004990 0.000415 0.002723 0.000268 0.000292 0.002465 0.001256 0.001533 0.000152 
0.002705 0.009346 0.004967 0.013471 0.008272 0.006231 0.003794 0.027645 0.000829 0.071886 0.046271 0.001705 0.002580 0.011249 0.016379 0.007616 0.110788 0.049279 0.024606 0.009059 0.004936 0.014828 0.002074 0.001049 0.000781 0.008274 0.008371 0.004002 0.023729 0.012120 0.008557 0.011274 0.003771 0.004140 0.005422 0.003252 0.011185 0.006412 0.007445 0.008061 0.003799 0.000183 0.004890 0.001629 0.006585 0.003447 0.011296 0.010413 0.002612 0.001189 0.010259 0.000862 0.000923 0.001870 0.000034 0.000246 0.000486 0.002613 0.002057 0.004784 0.000790 0.001029 0.003802 0.000388 0.004744 0.000355 0.000499 0.002241 0.001047 0.001840 0.000208 
0.004125 0.012884 0.002177 0.019703 0.003834 0.004143 0.002699 0.018650 0.000626 0.044224 0.597380 0.007456 0.001912 0.008705 0.229220 0.009855 0.071627 0.033704 0.013939 0.006011 0.003170 0.026448 0.004946 0.000684 0.000475 0.005757 0.033028 0.013879 0.017461 0.007647 0.004153 0.032660 0.005346 0.004471 0.003757 0.002626 0.015804 0.004593 0.011167 0.014741 0.003217 0.000124 0.005361 0.001213 0.005080 0.003580 0.008811 0.005590 0.002157 0.000913 0.008688 0.000830 0.000637 0.001007 0.000058 0.000185 0.000439 0.001050 0.001028 0.002773 0.000536 0.000808 0.004277 0.000289 0.003163 0.000214 0.000310 0.002465 0.000837 0.001124 0.000120 
0.003246 0.006542 0.042254 0.008019 0.104717 0.031282 0.038207 0.269570 0.025588 0.029013 0.014405 0.000551 0.027498 0.056044 0.006588 0.002388 0.074528 0.088257 0.981449 0.196331 0.063593 0.007156 0.000961 0.009469 0.023640 0.132889 0.003074 0.001799 0.112673 0.208851 0.172723 0.009124 0.003361 0.005464 0.025467 0.013636 0.011683 0.075076 0.009685 0.006507 0.008093 0.003160 0.008588 0.021291 0.039228 0.004795 0.044807 0.100732 0.004453 0.011113 0.022920 0.001330 0.009472 0.010769 0.000072 0.000286 0.001262 0.005203 0.028026 0.012479 0.001178 0.001764 0.007484 0.000866 0.007994 0.000736 0.002769 0.016245 0.004229 0.005008 0.000967 
0.006898 0.013885 0.025652 0.019291 0.058613 0.033819 0.023164 0.205154 0.006401 0.086980 0.046490 0.001677 0.026110 0.126115 0.018118 0.007853 0.236080 0.321632 0.199272 0.095765 0.058202 0.023756 0.003419 0.011882 0.005625 0.077533 0.011707 0.006260 0.228331 0.105327 0.058392 0.022141 0.010537 0.013654 0.034992 0.021125 0.033284 0.044427 0.027056 0.019290 0.015554 0.001109 0.017698 0.011949 0.040122 0.010076 0.050907 0.047023 0.007936 0.006788 0.037338 0.002564 0.004637 0.007049 0.000133 0.000576 0.001764 0.006346 0.011570 0.015252 0.001821 0.003675 0.011405 0.001317 0.014144 0.000877 0.002013 0.009075 0.004313 0.005263 0.000783 
0.003855 0.009079 0.025448 0.012555 0.058109 0.026303 0.021962 0.179493 0.007288 0.049451 0.032303 0.001079 0.026398 0.082994 0.010706 0.004776 0.134998 0.160857 0.235271 0.120938 0.082121 0.014962 0.002167 0.013149 0.006628 0.085764 0.008502 0.003910 0.168861 0.122497 0.070033 0.016679 0.006954 0.009808 0.029834 0.017619 0.022597 0.049747 0.019784 0.014971 0.011772 0.001299 0.014099 0.012148 0.040545 0.008396 0.049401 0.056230 0.007441 0.007770 0.033826 0.002106 0.004637 0.007173 0.000111 0.000427 0.001450 0.007046 0.012342 0.013658 0.001848 0.003160 0.012474 0.001092 0.010366 0.000917 0.002339 0.012660 0.005066 0.005570 0.000911 
0.011632 0.022163 0.017079 0.038215 0.042270 0.034847 0.019210 0.173276 0.003709 0.203854 0.093416 0.003614 0.021494 0.138402 0.033582 0.019844 0.756213 1.025795 0.129939 0.065499 0.044383 0.063438 0.008972 0.011463 0.003071 0.059450 0.023218 0.011492 0.313172 0.078779 0.034230 0.045329 0.025000 0.031855 0.043908 0.029764 0.056560 0.037834 0.048494 0.031957 0.025170 0.000576 0.027304 0.007477 0.037911 0.013390 0.053543 0.026745 0.008767 0.003739 0.034381 0.002170 0.002110 0.004398 0.000121 0.000491 0.001333 0.004876 0.006428 0.010053 0.001138 0.003234 0.005821 0.000577 0.005974 0.000455 0.000705 0.006050 0.002470 0.002964 0.000488 
0.003179 0.008478 0.007008 0.015579 0.014325 0.008736 0.005905 0.046031 0.001513 0.065309 0.061768 0.002187 0.004893 0.021560 0.021229 0.009878 0.169027 0.096910 0.043394 0.017742 0.009776 0.036251 0.004967 0.002293 0.001720 0.018978 0.019621 0.008500 0.050815 0.030155 0.019254 0.031556 0.011047 0.012406 0.011109 0.008638 0.030159 0.016007 0.024195 0.022284 0.009907 0.000396 0.014918 0.004617 0.016745 0.009126 0.028692 0.019620 0.006491 0.003308 0.027542 0.002372 0.001824 0.003699 0.000147 0.000547 0.001364 0.004456 0.007328 0.010191 0.001553 0.002278 0.009266 0.000956 0.008082 0.000589 0.000912 0.008515 0.003266 0.002964 0.000440 
0.002096 0.006809 0.002313 0.010447 0.005649 0.003886 0.002458 0.016269 0.000407 0.031480 0.155838 0.003088 0.001696 0.008370 0.088577 0.006904 0.057012 0.030243 0.017333 0.006178 0.003645 0.027053 0.006299 0.000804 0.000580 0.006312 0.073643 0.028730 0.018505 0.009523 0.006544 0.058463 0.007542 0.006470 0.004285 0.003804 0.025269 0.007003 0.016096 0.024645 0.005253 0.000160 0.007322 0.001774 0.008043 0.006452 0.012727 0.008002 0.004393 0.001309 0.013863 0.001585 0.000835 0.001171 0.000118 0.000310 0.000933 0.002613 0.001543 0.004714 0.000910 0.001543 0.007247 0.000460 0.005095 0.000321 0.000275 0.002241 0.001884 0.001840 0.000248 
0.003111 0.008678 0.001089 0.014388 0.002320 0.002569 0.001149 0.008730 0.000131 0.040113 0.465987 0.007124 0.000884 0.006127 0.394753 0.012191 0.074305 0.030820 0.004606 0.002254 0.001443 0.047983 0.013395 0.000400 0.000127 0.002474 0.389338 0.105045 0.013207 0.002381 0.001510 0.141508 0.011114 0.007145 0.002640 0.002074 0.028891 0.001683 0.015613 0.040422 0.003422 0.000016 0.005635 0.000308 0.002117 0.005281 0.005497 0.001096 0.002533 0.000241 0.007579 0.001330 0.000132 0.000206 0.000097 0.000217 0.000345 0.000537 0.000257 0.000971 0.000241 0.000514 0.002376 0.000144 0.000615 0.000094 0.000017 0.000336 0.000251 0.000204 0.000048 
0.009333 0.022497 0.012588 0.038719 0.027743 0.022739 0.013012 0.108331 0.002822 0.215307 0.140778 0.005231 0.012921 0.077537 0.061034 0.027749 0.665843 0.483396 0.088848 0.039366 0.026614 0.110075 0.015334 0.007188 0.002480 0.040216 0.043689 0.021662 0.221690 0.063341 0.029951 0.082638 0.037755 0.044350 0.036231 0.028317 0.082372 0.029648 0.069243 0.050326 0.029841 0.000429 0.033931 0.006156 0.033584 0.017920 0.061902 0.023566 0.011973 0.003963 0.046673 0.003298 0.001824 0.004295 0.000215 0.000660 0.001991 0.005739 0.004114 0.010538 0.001633 0.003748 0.010930 0.000668 0.007994 0.000569 0.000980 0.007506 0.003056 0.003117 0.000440 
0.001555 0.001936 0.030959 0.003574 0.078992 0.016347 0.022470 0.149996 0.054099 0.011335 0.005238 0.000232 0.013312 0.025143 0.002379 0.000920 0.029566 0.041698 0.361453 0.082490 0.026462 0.002849 0.000434 0.005012 0.120226 0.090839 0.001700 0.000624 0.065067 0.180860 0.299386 0.003254 0.001675 0.002407 0.017445 0.008474 0.005796 0.097631 0.005273 0.004319 0.005390 0.009722 0.005088 0.039269 0.043885 0.002563 0.041343 0.209138 0.002652 0.017109 0.021257 0.000691 0.023119 0.014058 0.000031 0.000169 0.000831 0.005669 0.059780 0.014143 0.000750 0.000882 0.005702 0.000731 0.008785 0.000723 0.004369 0.027785 0.005694 0.007000 0.001191 
0.002367 0.005674 0.030619 0.007194 0.072232 0.022160 0.026531 0.197217 0.019173 0.028837 0.015497 0.000544 0.023489 0.049750 0.005490 0.002588 0.075867 0.092542 0.607391 0.183933 0.063631 0.007627 0.001261 0.012893 0.021350 0.237929 0.004774 0.002423 0.150803 0.365327 0.233129 0.009879 0.004292 0.005999 0.036150 0.019007 0.015397 0.116775 0.012753 0.010537 0.011687 0.003556 0.011840 0.028207 0.058842 0.006297 0.056329 0.120134 0.005502 0.014524 0.032532 0.001372 0.011582 0.012825 0.000077 0.000487 0.001537 0.007419 0.028026 0.017956 0.001674 0.002940 0.009623 0.001209 0.011772 0.001011 0.003371 0.024088 0.006322 0.007767 0.001159 
0.002299 0.005274 0.021569 0.007973 0.053872 0.022867 0.020920 0.184916 0.012437 0.034123 0.017679 0.000666 0.026305 0.068264 0.006680 0.003040 0.105209 0.146354 0.495270 0.224843 0.109779 0.010880 0.001383 0.036063 0.014036 0.456923 0.004578 0.002093 0.331528 0.479744 0.181091 0.011797 0.005790 0.009082 0.063689 0.028302 0.015668 0.127234 0.016992 0.009961 0.014578 0.002277 0.013429 0.024133 0.068344 0.006341 0.068453 0.092292 0.005977 0.011371 0.031146 0.001298 0.007494 0.010235 0.000063 0.000241 0.001466 0.006602 0.017613 0.012133 0.001017 0.001249 0.007009 0.000722 0.008609 0.000689 0.002236 0.012436 0.004522 0.004905 0.000807 
0.000879 0.004406 0.001769 0.005040 0.004439 0.002120 0.002031 0.016799 0.000771 0.018970 0.044962 0.001230 0.001388 0.006763 0.020589 0.003923 0.043847 0.026452 0.014909 0.006220 0.003531 0.018215 0.005312 0.000765 0.000739 0.006440 0.031785 0.015953 0.020371 0.010461 0.007110 0.048177 0.007642 0.006177 0.004630 0.003775 0.023231 0.005775 0.017095 0.023032 0.004226 0.000137 0.007670 0.001883 0.009219 0.006319 0.015965 0.008002 0.004215 0.001206 0.014510 0.001574 0.000901 0.001870 0.000138 0.000342 0.000909 0.002706 0.002443 0.005754 0.000991 0.002058 0.007128 0.000433 0.005886 0.000321 0.000499 0.003809 0.001717 0.001431 0.000240 
0.003922 0.010815 0.010955 0.015762 0.022699 0.014099 0.009218 0.081083 0.003346 0.078875 0.069843 0.002468 0.009221 0.042887 0.028184 0.010033 0.229274 0.178492 0.086909 0.036361 0.020995 0.044820 0.007509 0.005397 0.003282 0.039534 0.029758 0.013310 0.165577 0.068174 0.037061 0.061775 0.029780 0.040669 0.035845 0.028689 0.084138 0.038015 0.073861 0.054414 0.034393 0.000834 0.042693 0.009378 0.046613 0.023267 0.076361 0.040885 0.017930 0.006702 0.065064 0.005213 0.003165 0.007892 0.000283 0.001215 0.003340 0.011268 0.009899 0.022740 0.003280 0.007864 0.023879 0.002256 0.016516 0.001319 0.001892 0.015013 0.007201 0.005723 0.001015 
0.002773 0.005140 0.015786 0.007469 0.037226 0.015384 0.013145 0.120500 0.008612 0.032596 0.019207 0.000729 0.015501 0.045967 0.007046 0.003144 0.096507 0.125587 0.265574 0.103446 0.052982 0.012450 0.001885 0.019564 0.012569 0.292560 0.007783 0.002901 0.338393 0.499006 0.194934 0.014761 0.007553 0.013145 0.111232 0.049561 0.026038 0.204310 0.025367 0.017965 0.024708 0.002807 0.024276 0.035829 0.127045 0.012020 0.132765 0.132629 0.012072 0.019762 0.064048 0.002394 0.009736 0.018456 0.000106 0.000547 0.002697 0.012691 0.025069 0.026414 0.002410 0.003234 0.017582 0.001904 0.017394 0.001466 0.004438 0.026889 0.009169 0.009913 0.001503 
0.000812 0.002003 0.000408 0.003620 0.001311 0.001317 0.000481 0.003836 0.000044 0.011570 0.053910 0.001108 0.000360 0.002477 0.034589 0.002825 0.026219 0.013020 0.003030 0.001753 0.001044 0.012988 0.004225 0.000268 0.000116 0.001919 0.331000 0.060875 0.009178 0.002741 0.001573 0.161092 0.008429 0.005439 0.001889 0.002029 0.034869 0.001273 0.015923 0.072609 0.003491 0.000033 0.007149 0.000344 0.003057 0.008308 0.005949 0.001644 0.003998 0.000345 0.010536 0.002681 0.000110 0.000473 0.000237 0.000507 0.000768 0.001283 0.000643 0.001803 0.000723 0.001543 0.003802 0.000343 0.002284 0.000127 0.000103 0.000784 0.000796 0.000613 0.000120 
0.000744 0.002603 0.003810 0.002795 0.009584 0.004753 0.003874 0.028835 0.001804 0.011922 0.010695 0.000319 0.003834 0.009910 0.002379 0.001068 0.030905 0.030243 0.043636 0.017158 0.008239 0.004778 0.000805 0.002537 0.002111 0.026271 0.003859 0.001579 0.058724 0.047325 0.025735 0.007264 0.002795 0.004063 0.021101 0.010443 0.012136 0.023373 0.010512 0.008061 0.007015 0.000556 0.008142 0.006282 0.023988 0.005546 0.028315 0.023457 0.004611 0.004445 0.024769 0.001404 0.003033 0.005138 0.000089 0.000406 0.001145 0.004946 0.005785 0.009845 0.001071 0.002352 0.011524 0.000929 0.010894 0.000643 0.001411 0.009523 0.003475 0.004037 0.000640 
0.001420 0.003405 0.015786 0.005544 0.034906 0.011979 0.011970 0.095236 0.011274 0.022494 0.012659 0.000422 0.011328 0.028122 0.004392 0.002091 0.059243 0.067820 0.224362 0.075727 0.031246 0.007290 0.001105 0.008032 0.017709 0.146749 0.004840 0.002845 0.130955 0.335172 0.305741 0.011855 0.004780 0.007808 0.042263 0.023468 0.018114 0.224682 0.018026 0.013071 0.014750 0.004181 0.016482 0.046510 0.093884 0.009324 0.094133 0.184256 0.009954 0.023191 0.052495 0.002213 0.014988 0.022258 0.000140 0.000660 0.002603 0.012575 0.043324 0.030574 0.002330 0.003748 0.018652 0.001895 0.021436 0.001821 0.006055 0.035740 0.012854 0.012417 0.002110 
0.002029 0.003405 0.006056 0.005590 0.014729 0.006841 0.005798 0.045237 0.002560 0.023257 0.020298 0.000723 0.004893 0.019451 0.009517 0.002840 0.062702 0.055872 0.064242 0.026759 0.013041 0.010835 0.001998 0.003505 0.003377 0.038255 0.010857 0.004553 0.104689 0.059012 0.036936 0.020805 0.008574 0.013769 0.039176 0.046398 0.034461 0.041790 0.034225 0.024817 0.025889 0.000972 0.027825 0.011080 0.056585 0.016152 0.088862 0.049544 0.013972 0.008770 0.063955 0.004160 0.004747 0.010112 0.000268 0.000982 0.003277 0.012155 0.012984 0.023017 0.003401 0.005953 0.021384 0.002283 0.023632 0.001767 0.002718 0.020391 0.007997 0.008636 0.001455 
0.000541 0.001869 0.011567 0.002795 0.026028 0.007547 0.008229 0.057935 0.013165 0.010454 0.006330 0.000241 0.006219 0.015333 0.003203 0.001053 0.027223 0.031232 0.132242 0.038406 0.014826 0.003926 0.000603 0.003342 0.028210 0.056806 0.002943 0.001395 0.054770 0.112469 0.185370 0.006625 0.002507 0.003617 0.016897 0.010921 0.010461 0.083943 0.008582 0.007831 0.008487 0.010982 0.009308 0.048900 0.052539 0.005502 0.056254 0.282577 0.005700 0.026792 0.034196 0.001596 0.029449 0.023594 0.000058 0.000519 0.001795 0.010125 0.076236 0.027177 0.001874 0.002499 0.018414 0.001822 0.021699 0.001660 0.007999 0.045375 0.011681 0.014410 0.002230 
0.000068 0.000334 0.000476 0.000504 0.000404 0.000257 0.000294 0.002116 0.000044 0.001292 0.003929 0.000069 0.000226 0.000937 0.001922 0.000274 0.004016 0.003956 0.001333 0.000960 0.000399 0.001301 0.000316 0.000140 0.000137 0.001109 0.005232 0.002038 0.002388 0.002020 0.001573 0.009531 0.001353 0.001057 0.000731 0.000701 0.004710 0.001182 0.003860 0.014338 0.001437 0.000026 0.002457 0.000362 0.001834 0.002386 0.003916 0.001206 0.001286 0.000362 0.005176 0.001043 0.000154 0.000308 0.000099 0.000225 0.000345 0.000840 0.000643 0.001733 0.000562 0.001029 0.003683 0.000271 0.001845 0.000114 0.000052 0.001120 0.000419 0.000358 0.000080 
0.000676 0.000734 0.010751 0.001741 0.026129 0.006166 0.007214 0.048412 0.015420 0.006225 0.003929 0.000172 0.005109 0.011282 0.002105 0.000615 0.019748 0.023733 0.139151 0.036695 0.014066 0.002468 0.000417 0.003303 0.034742 0.062180 0.001570 0.000789 0.053874 0.140965 0.269057 0.004765 0.001453 0.003031 0.021873 0.013487 0.006204 0.143558 0.007100 0.004319 0.007666 0.020488 0.007794 0.119254 0.085371 0.004242 0.085623 0.845209 0.006076 0.060458 0.048891 0.001372 0.065358 0.047599 0.000089 0.000443 0.002007 0.014185 0.154271 0.036606 0.002263 0.002572 0.014731 0.001940 0.022314 0.002035 0.015619 0.084140 0.016371 0.021206 0.004005 
0.000271 0.001202 0.002518 0.001604 0.006356 0.002987 0.002191 0.017328 0.002007 0.006108 0.004802 0.000131 0.001922 0.005624 0.001922 0.000534 0.013388 0.011949 0.030424 0.010436 0.004594 0.002198 0.000312 0.001107 0.003968 0.016377 0.002485 0.001193 0.022087 0.029939 0.035740 0.004242 0.001542 0.001872 0.007575 0.004968 0.005796 0.028193 0.005756 0.004779 0.004312 0.001508 0.005337 0.020693 0.025211 0.003580 0.031704 0.118161 0.003681 0.015282 0.025231 0.001053 0.008065 0.012373 0.000058 0.000382 0.001427 0.006206 0.022884 0.015668 0.001446 0.002058 0.011048 0.001245 0.015725 0.001238 0.003406 0.023976 0.006867 0.010168 0.001543 
0.000406 0.002270 0.002109 0.002887 0.004237 0.002409 0.001523 0.013889 0.000829 0.012745 0.017679 0.000541 0.001532 0.005792 0.007686 0.001884 0.030681 0.024887 0.017091 0.007806 0.003816 0.008300 0.001923 0.001049 0.000971 0.009894 0.016939 0.008022 0.027907 0.016304 0.013214 0.044050 0.010071 0.010877 0.008916 0.008593 0.060952 0.013369 0.043600 0.114701 0.016050 0.000347 0.031970 0.004037 0.020743 0.051152 0.048422 0.021813 0.030892 0.004135 0.091682 0.023457 0.002132 0.005488 0.001336 0.004335 0.007142 0.012878 0.004500 0.027870 0.008769 0.024694 0.059400 0.003645 0.028991 0.002008 0.001290 0.009747 0.008081 0.007511 0.000951 
0.001082 0.002670 0.004899 0.004353 0.011198 0.003918 0.003714 0.029100 0.002066 0.016210 0.014187 0.000504 0.003526 0.011282 0.007869 0.002291 0.045185 0.032633 0.047272 0.016573 0.007897 0.008031 0.001809 0.002456 0.002754 0.025119 0.010791 0.004241 0.064097 0.047037 0.029385 0.022839 0.009017 0.013336 0.023640 0.021394 0.046054 0.036015 0.038637 0.039443 0.037815 0.001047 0.046963 0.012239 0.070131 0.033851 0.170795 0.057217 0.040372 0.012043 0.209981 0.009128 0.005516 0.014387 0.000466 0.002371 0.009212 0.029349 0.020827 0.059831 0.008836 0.013156 0.062489 0.005585 0.052183 0.003741 0.004214 0.029466 0.018590 0.016607 0.002454 
0.000473 0.002136 0.004423 0.002703 0.010492 0.005460 0.004355 0.034258 0.003142 0.012216 0.010040 0.000332 0.003958 0.012354 0.004484 0.001453 0.032913 0.032633 0.054545 0.021207 0.010289 0.004688 0.000999 0.002615 0.005108 0.030834 0.004382 0.002845 0.054023 0.065000 0.054806 0.011042 0.004559 0.006585 0.021629 0.016859 0.020151 0.060434 0.017991 0.016295 0.014527 0.001799 0.016904 0.024007 0.113593 0.012926 0.128699 0.111474 0.012982 0.023570 0.078558 0.003500 0.010329 0.027479 0.000186 0.001042 0.004304 0.020320 0.031111 0.051442 0.004820 0.007129 0.033501 0.003970 0.038391 0.003300 0.006623 0.046607 0.019218 0.018651 0.002678 
0.001150 0.001669 0.006124 0.003207 0.015536 0.006166 0.005531 0.044311 0.004873 0.012568 0.009167 0.000278 0.004482 0.011483 0.003752 0.001416 0.029566 0.032303 0.073939 0.025590 0.011713 0.004868 0.000835 0.003066 0.007746 0.045377 0.004774 0.002185 0.059098 0.083829 0.095454 0.010635 0.003993 0.005821 0.024066 0.015695 0.017706 0.096494 0.016061 0.013935 0.013329 0.003929 0.014868 0.061247 0.103997 0.011932 0.123879 0.291017 0.012092 0.059648 0.082070 0.003372 0.022196 0.053375 0.000198 0.001095 0.004414 0.021277 0.070065 0.061564 0.004967 0.005953 0.036828 0.003888 0.048845 0.003467 0.010820 0.078090 0.025373 0.030863 0.004501 
0.000406 0.000467 0.000544 0.000641 0.001211 0.000674 0.000374 0.002645 0.000276 0.002114 0.002401 0.000103 0.000380 0.001071 0.001098 0.000319 0.005578 0.004038 0.004000 0.001545 0.000683 0.001346 0.000325 0.000256 0.000211 0.002047 0.003532 0.001340 0.005074 0.003246 0.001951 0.009298 0.001442 0.001809 0.001239 0.001149 0.007200 0.002046 0.004550 0.015720 0.002156 0.000105 0.003649 0.000978 0.003387 0.005745 0.006552 0.003836 0.003166 0.000758 0.012292 0.002957 0.000374 0.000925 0.000517 0.000765 0.000996 0.001983 0.000771 0.004437 0.001540 0.004851 0.008791 0.000686 0.004041 0.000375 0.000275 0.001793 0.001675 0.001329 0.000136 
0.000338 0.001001 0.004763 0.001100 0.014729 0.003051 0.004676 0.028571 0.009615 0.004640 0.002837 0.000069 0.002827 0.006830 0.000641 0.000423 0.011938 0.015328 0.080727 0.020539 0.008599 0.001413 0.000266 0.002164 0.021371 0.036975 0.001373 0.000587 0.035742 0.083324 0.155167 0.002731 0.001287 0.002331 0.015090 0.009936 0.005344 0.103860 0.005687 0.005528 0.006382 0.018673 0.007124 0.090359 0.076199 0.004662 0.080201 1.175138 0.005996 0.084803 0.046858 0.001298 0.114718 0.068049 0.000053 0.000427 0.002140 0.016798 0.251204 0.047975 0.002423 0.003013 0.017939 0.002625 0.033032 0.002657 0.026163 0.157524 0.024661 0.031527 0.006475 
0.000812 0.002336 0.004831 0.004032 0.013115 0.004207 0.004996 0.035317 0.003040 0.015505 0.009822 0.000379 0.004009 0.013023 0.005490 0.002091 0.043623 0.043511 0.058909 0.023002 0.010991 0.006797 0.001311 0.002949 0.004538 0.035952 0.008568 0.003304 0.072380 0.070699 0.059462 0.017376 0.007343 0.011056 0.031702 0.027630 0.034959 0.068937 0.029951 0.028502 0.028780 0.001623 0.034999 0.024260 0.153714 0.023731 0.387150 0.111365 0.030734 0.025224 0.195378 0.007564 0.011054 0.034014 0.000389 0.002117 0.008781 0.043160 0.032525 0.091791 0.008568 0.014405 0.067359 0.006703 0.067645 0.005087 0.007999 0.054002 0.027382 0.028615 0.004253 
0.000406 0.001202 0.003402 0.001604 0.006961 0.002505 0.001844 0.015476 0.001411 0.004992 0.004365 0.000175 0.001748 0.005424 0.001464 0.000601 0.012830 0.013350 0.023273 0.009393 0.004100 0.002512 0.000282 0.001146 0.002142 0.013732 0.002224 0.000771 0.021863 0.027775 0.024917 0.004126 0.001797 0.002777 0.007839 0.005714 0.007834 0.026420 0.006686 0.007313 0.005510 0.000965 0.006627 0.011804 0.034760 0.005215 0.041569 0.058971 0.004591 0.012491 0.032810 0.001415 0.004857 0.014510 0.000077 0.000527 0.001780 0.008865 0.015299 0.020799 0.002008 0.003013 0.014850 0.001732 0.015989 0.001365 0.003475 0.023416 0.009379 0.009862 0.001535 
0.000473 0.001001 0.001429 0.001283 0.003228 0.001895 0.001256 0.009391 0.000524 0.006519 0.010040 0.000313 0.000894 0.003448 0.005765 0.001068 0.016958 0.015080 0.011758 0.004926 0.002297 0.004733 0.000957 0.000622 0.000813 0.007719 0.008764 0.003727 0.015521 0.011398 0.008054 0.020572 0.005169 0.005834 0.004935 0.004550 0.027442 0.009004 0.018853 0.052341 0.008162 0.000196 0.015092 0.002861 0.012088 0.021831 0.028315 0.011400 0.015971 0.002360 0.053789 0.016319 0.001385 0.003638 0.001177 0.003505 0.005080 0.008445 0.004242 0.019759 0.006266 0.019550 0.042530 0.002499 0.020733 0.001426 0.001101 0.008515 0.006155 0.005059 0.000743 
0.000541 0.001869 0.005511 0.002658 0.015233 0.004336 0.005023 0.037036 0.005717 0.010572 0.006766 0.000194 0.004276 0.011584 0.002837 0.000964 0.025772 0.029914 0.074545 0.025173 0.010991 0.003948 0.000717 0.002996 0.010459 0.045888 0.003990 0.001891 0.061858 0.097752 0.114519 0.009473 0.004004 0.006050 0.027153 0.018485 0.018023 0.118002 0.014855 0.013013 0.016666 0.005208 0.018095 0.076310 0.140074 0.012263 0.162737 0.410712 0.015693 0.110492 0.104343 0.003447 0.033053 0.091931 0.000246 0.001296 0.005323 0.033315 0.087806 0.085968 0.005516 0.008672 0.043005 0.005359 0.059036 0.005100 0.017322 0.116070 0.035924 0.040827 0.006467 
0.001014 0.002737 0.003334 0.002933 0.006860 0.004143 0.003073 0.021693 0.001746 0.014976 0.015715 0.000569 0.002436 0.010077 0.007137 0.002076 0.042842 0.037248 0.036848 0.013651 0.006321 0.008950 0.001821 0.002021 0.002121 0.021238 0.012623 0.005654 0.055590 0.041265 0.029448 0.028766 0.010881 0.015858 0.022035 0.020872 0.054975 0.036106 0.057042 0.062245 0.042058 0.000805 0.066919 0.011478 0.068814 0.065359 0.177798 0.054257 0.114584 0.011957 0.481052 0.020957 0.005011 0.017346 0.000937 0.004918 0.019859 0.046963 0.017098 0.091237 0.015959 0.028957 0.118918 0.009266 0.085567 0.005649 0.004472 0.033947 0.022735 0.020490 0.003038 
0.000541 0.000935 0.001837 0.000871 0.003531 0.001220 0.000828 0.007672 0.000524 0.004875 0.005675 0.000222 0.000925 0.003181 0.003569 0.000756 0.011938 0.010301 0.012000 0.004592 0.002259 0.003499 0.000725 0.000505 0.000612 0.005032 0.006279 0.002735 0.012834 0.008873 0.006796 0.013192 0.003483 0.004089 0.004184 0.003804 0.017661 0.007958 0.013270 0.028618 0.007015 0.000203 0.012858 0.002607 0.013264 0.016793 0.025830 0.013482 0.014961 0.003067 0.054066 0.023096 0.001231 0.003802 0.001334 0.005007 0.005817 0.009472 0.005014 0.020383 0.008207 0.027413 0.052391 0.003113 0.025565 0.001560 0.001118 0.008739 0.006615 0.006285 0.000759 
0.000068 0.000334 0.001837 0.000504 0.003127 0.001509 0.001443 0.009259 0.001164 0.002525 0.003056 0.000081 0.001131 0.002846 0.000915 0.000222 0.006917 0.005933 0.016364 0.005176 0.002183 0.001032 0.000249 0.000536 0.002269 0.007847 0.001243 0.000587 0.009850 0.013707 0.017178 0.001453 0.000876 0.001185 0.003899 0.002879 0.003079 0.012187 0.002723 0.002879 0.002207 0.001335 0.003003 0.008726 0.011430 0.001856 0.015513 0.067191 0.002513 0.009183 0.010906 0.000596 0.015450 0.009290 0.000048 0.000221 0.000909 0.004083 0.040753 0.012063 0.001017 0.001029 0.008078 0.000974 0.008785 0.000890 0.005573 0.030138 0.006197 0.008891 0.001311 
0.000541 0.001135 0.001633 0.002245 0.004136 0.001991 0.001336 0.012830 0.000858 0.006989 0.007639 0.000319 0.001573 0.005691 0.004392 0.001394 0.024991 0.021261 0.019757 0.007556 0.004119 0.005204 0.001320 0.001131 0.001646 0.011046 0.009941 0.004534 0.031713 0.022220 0.017430 0.022548 0.006766 0.009324 0.012226 0.010488 0.040620 0.018462 0.033467 0.055969 0.021868 0.000484 0.038052 0.007550 0.038240 0.049959 0.093380 0.036391 0.069087 0.008649 0.298520 0.035829 0.003846 0.012804 0.001793 0.012078 0.039216 0.047640 0.012213 0.094287 0.033885 0.061735 0.227620 0.013695 0.109374 0.006365 0.003698 0.028233 0.023740 0.020541 0.002518 
0.000676 0.001402 0.004899 0.001650 0.010694 0.003469 0.003206 0.027777 0.002473 0.009691 0.007857 0.000247 0.002899 0.009173 0.004301 0.001075 0.024880 0.026205 0.044848 0.016197 0.007593 0.004688 0.000881 0.001935 0.004348 0.024607 0.004055 0.002258 0.043577 0.050427 0.044360 0.013482 0.004836 0.006763 0.019131 0.015083 0.021555 0.048156 0.019818 0.021132 0.018480 0.001894 0.024573 0.022431 0.087817 0.018074 0.168460 0.120682 0.023530 0.031685 0.169038 0.006957 0.013362 0.049429 0.000406 0.002338 0.010318 0.063667 0.042939 0.161120 0.011808 0.015801 0.090406 0.009717 0.116842 0.008902 0.011336 0.087053 0.051792 0.051405 0.007354 
0.000406 0.000868 0.002041 0.001695 0.005952 0.002152 0.002298 0.016137 0.000989 0.007459 0.008076 0.000241 0.001429 0.004754 0.002837 0.000979 0.016624 0.014751 0.023394 0.008391 0.003436 0.003006 0.000742 0.001072 0.001889 0.011685 0.004774 0.001928 0.021192 0.022869 0.017681 0.010054 0.003350 0.004764 0.009687 0.007803 0.016846 0.018598 0.015958 0.017159 0.010403 0.000608 0.015936 0.006898 0.027987 0.014031 0.069884 0.038912 0.020799 0.008804 0.144732 0.006660 0.004571 0.011900 0.000413 0.002769 0.011282 0.054919 0.014784 0.096575 0.012504 0.015066 0.092664 0.009536 0.090223 0.005716 0.004386 0.031594 0.024912 0.020490 0.003142 
-0.000000 0.000067 0.000136 0.000046 0.000303 0.000096 0.000053 0.000794 0.000015 0.000411 0.000655 0.000013 0.000051 0.000167 0.000275 0.000096 0.001450 0.000824 0.001455 0.000417 0.000171 0.000135 0.000038 0.000078 0.000084 0.000682 0.000262 0.000165 0.001045 0.001371 0.000503 0.001337 0.000333 0.000318 0.000548 0.000328 0.001404 0.000819 0.001068 0.001900 0.000582 0.000029 0.001117 0.000181 0.001317 0.001215 0.003313 0.001315 0.000950 0.000345 0.003974 0.001234 0.000110 0.000390 0.000210 0.000596 0.000643 0.001003 0.000257 0.001733 0.001017 0.004998 0.006415 0.000298 0.003602 0.000214 0.000052 0.001344 0.000419 0.000562 0.000096 
0.000068 0.001202 0.002177 0.001512 0.005649 0.001831 0.001790 0.016137 0.002458 0.005403 0.004365 0.000166 0.001480 0.005624 0.001739 0.000445 0.015396 0.015328 0.035757 0.010729 0.004689 0.002311 0.000523 0.001581 0.004760 0.021238 0.001831 0.001010 0.034996 0.046315 0.052352 0.007264 0.002839 0.004496 0.017466 0.014576 0.012453 0.058615 0.013407 0.014913 0.015673 0.002993 0.019435 0.033258 0.110112 0.013920 0.194516 0.213084 0.021452 0.067177 0.183918 0.006106 0.030174 0.133591 0.000321 0.002041 0.011219 0.087067 0.094877 0.292220 0.011688 0.016169 0.095752 0.014552 0.182378 0.016204 0.031874 0.248050 0.116228 0.137198 0.020848 
0.000541 0.000935 0.002177 0.001879 0.004439 0.001766 0.001790 0.012963 0.000989 0.007518 0.007421 0.000232 0.001069 0.004419 0.003111 0.000756 0.017516 0.013597 0.020364 0.006763 0.003664 0.003791 0.000603 0.000874 0.001646 0.011472 0.004186 0.002130 0.022385 0.018757 0.015605 0.011681 0.004104 0.004878 0.008916 0.007355 0.019880 0.015552 0.016337 0.022860 0.011892 0.000602 0.016730 0.006608 0.028974 0.018980 0.062881 0.033212 0.023708 0.007702 0.145471 0.011011 0.004176 0.011674 0.000662 0.004335 0.023371 0.045773 0.010413 0.110233 0.026522 0.034175 0.187941 0.016619 0.133270 0.008286 0.003578 0.032043 0.028722 0.024834 0.003030 
-0.000000 0.000134 0.001633 0.000046 0.003430 0.000739 0.001042 0.007275 0.003200 0.000587 0.000218 0.000003 0.000740 0.001038 0.000092 0.000104 0.002566 0.003214 0.018788 0.005176 0.001746 0.000269 0.000038 0.000486 0.007588 0.009425 -0.000000 0.000092 0.006790 0.020633 0.035363 0.000291 0.000311 0.000688 0.003574 0.002342 0.000996 0.028193 0.001137 0.001094 0.002088 0.008159 0.002159 0.023934 0.022530 0.001237 0.025454 0.264162 0.001979 0.037543 0.018946 0.000532 0.194119 0.040077 0.000031 0.000129 0.001098 0.008515 1.582562 0.030505 0.000897 0.000955 0.007722 0.001389 0.018976 0.001821 0.062028 0.279532 0.020934 0.037608 0.008106 
-0.000000 -0.000000 0.000068 0.000046 0.000404 0.000321 0.000240 0.002116 0.000509 0.001292 0.000655 0.000028 0.000278 0.000971 0.000183 0.000133 0.004016 0.003214 0.004000 0.001879 0.000759 0.000516 0.000122 0.000319 0.000834 0.003796 0.001373 0.000386 0.009476 0.009162 0.011137 0.003312 0.001142 0.001809 0.004996 0.005326 0.007562 0.015143 0.006549 0.011516 0.008299 0.000432 0.011840 0.006481 0.039652 0.013788 0.091573 0.037925 0.024856 0.013180 0.223197 0.009862 0.005318 0.026800 0.000614 0.004962 0.031321 0.152018 0.017998 0.731140 0.045399 0.045052 0.376714 0.094560 1.160510 0.053110 0.007999 0.065766 0.128077 0.076902 0.008865 
0.000203 0.000200 0.000204 0.000183 0.001211 0.000482 0.000401 0.002910 0.000538 0.001644 0.001746 0.000063 0.000308 0.001707 0.001098 0.000245 0.005467 0.006098 0.006303 0.001920 0.001082 0.001324 0.000325 0.000361 0.000675 0.004606 0.002485 0.001322 0.011715 0.008585 0.008369 0.006799 0.001886 0.002840 0.005016 0.005684 0.012000 0.010459 0.010478 0.020614 0.009616 0.000360 0.014297 0.004888 0.025353 0.020394 0.070110 0.026745 0.030021 0.008425 0.192698 0.017936 0.002967 0.013421 0.001317 0.010838 0.040549 0.074399 0.011313 0.212215 0.114013 0.106567 0.976889 0.076119 0.406749 0.021351 0.004593 0.035852 0.059915 0.039856 0.004588 
-0.000000 0.000067 0.001089 0.000275 0.003127 0.001028 0.000828 0.006349 0.002109 0.001468 0.001091 0.000025 0.000730 0.001875 0.000366 0.000096 0.002901 0.003626 0.016121 0.003882 0.002107 0.000381 0.000089 0.000389 0.005171 0.008231 0.000327 0.000165 0.008432 0.017314 0.028882 0.000755 0.000455 0.000446 0.003473 0.002551 0.001766 0.020235 0.001448 0.001900 0.002156 0.004413 0.002159 0.016004 0.021825 0.001171 0.027110 0.161786 0.002256 0.025930 0.020887 0.000787 0.094126 0.031384 0.000017 0.000278 0.001105 0.009309 0.820336 0.032307 0.001339 0.001837 0.008435 0.001777 0.022753 0.002108 0.069149 0.306309 0.023070 0.041747 0.007938 
0.000271 0.000267 0.001701 0.000504 0.005145 0.001509 0.001576 0.010582 0.002007 0.002878 0.002401 0.000053 0.001254 0.003314 0.000915 0.000222 0.006583 0.007169 0.018667 0.006345 0.002828 0.001077 0.000198 0.000622 0.003936 0.010065 0.000981 0.000459 0.013655 0.022725 0.026931 0.001743 0.001098 0.001235 0.005524 0.003789 0.003804 0.021645 0.003688 0.003512 0.003268 0.002656 0.003698 0.014954 0.021590 0.003005 0.027713 0.125066 0.003721 0.021950 0.024584 0.000989 0.045689 0.025752 0.000065 0.000406 0.001584 0.010172 0.270874 0.035427 0.002196 0.002719 0.016157 0.002165 0.026355 0.002751 0.052980 0.243344 0.023321 0.036433 0.007290 
0.000271 0.001001 0.000544 0.000641 0.002119 0.000931 0.000721 0.005820 0.000771 0.002232 0.004147 0.000135 0.000781 0.002042 0.002379 0.000467 0.009372 0.009642 0.009333 0.004467 0.001993 0.002333 0.000413 0.000513 0.000908 0.006738 0.003270 0.001138 0.012387 0.012697 0.009879 0.007380 0.002263 0.003082 0.004813 0.004670 0.013631 0.011186 0.011374 0.017792 0.007905 0.000376 0.012312 0.004961 0.021354 0.014141 0.044130 0.023347 0.016881 0.006168 0.104806 0.010766 0.003340 0.009125 0.000916 0.005952 0.016441 0.033362 0.010156 0.097407 0.053325 0.073862 0.594711 0.026083 0.177634 0.009946 0.003131 0.025320 0.033872 0.024629 0.003206 
0.000068 0.000200 0.000204 0.000183 0.000605 0.000161 0.000187 0.001984 0.000073 0.000587 0.000655 0.000013 0.000154 0.000502 0.000183 0.000096 0.001674 0.001566 0.000970 0.000710 0.000304 0.000359 0.000076 0.000047 0.000179 0.000853 0.000589 0.000165 0.001567 0.001587 0.001321 0.001337 0.000366 0.000357 0.000650 0.000492 0.002581 0.001501 0.001723 0.003052 0.001129 0.000052 0.001564 0.000525 0.001976 0.002165 0.004443 0.002521 0.001939 0.000637 0.009612 0.001691 0.000374 0.000699 0.000278 0.000946 0.001262 0.002076 0.001286 0.006517 0.003227 0.058061 0.033858 0.001389 0.009400 0.000683 0.000344 0.001905 0.002512 0.002095 0.000304 
0.000203 0.000601 0.000680 0.000550 0.001715 0.000931 0.000508 0.007143 0.000495 0.003113 0.003056 0.000141 0.000689 0.001942 0.000915 0.000475 0.005802 0.007087 0.009576 0.003841 0.001671 0.001682 0.000337 0.000466 0.000739 0.005672 0.002224 0.000789 0.009700 0.008152 0.007551 0.004184 0.001531 0.002153 0.003737 0.002894 0.007472 0.008867 0.007135 0.009098 0.004209 0.000324 0.006801 0.003313 0.013311 0.007667 0.027939 0.016442 0.008668 0.004238 0.052218 0.004202 0.001912 0.006104 0.000370 0.002274 0.006962 0.019317 0.007971 0.057959 0.016159 0.024547 0.171190 0.016600 0.120356 0.006653 0.002769 0.018598 0.024075 0.016760 0.002350 
-0.000000 0.000134 0.001497 0.000183 0.002421 0.000899 0.000908 0.004365 0.001498 0.000646 0.000437 0.000019 0.000524 0.001272 0.000366 0.000111 0.002678 0.002884 0.014909 0.004300 0.001443 0.000292 0.000059 0.000420 0.003968 0.008444 0.000392 0.000147 0.007238 0.016304 0.026805 0.000697 0.000433 0.000777 0.003960 0.002253 0.001947 0.019599 0.001861 0.001612 0.001985 0.003952 0.002433 0.015190 0.020696 0.001591 0.030198 0.155867 0.002216 0.025138 0.020055 0.000617 0.073600 0.032021 0.000034 0.000330 0.001262 0.009379 0.566303 0.034803 0.001566 0.001396 0.011642 0.001678 0.021611 0.002175 0.088742 0.392465 0.024703 0.047470 0.009641 
-0.000000 0.000067 0.000340 0.000275 0.000605 0.000225 0.000240 0.002116 0.000073 0.000998 0.001528 0.000038 0.000278 0.000837 0.000641 0.000126 0.001339 0.002884 0.004121 0.001336 0.000494 0.000381 0.000114 0.000159 0.000222 0.001493 0.000589 0.000294 0.003955 0.001876 0.002517 0.001337 0.000399 0.000650 0.001137 0.001119 0.001993 0.003410 0.002240 0.002476 0.001164 0.000092 0.002085 0.001104 0.003904 0.001458 0.005723 0.005042 0.001979 0.001189 0.012662 0.000936 0.000879 0.001747 0.000077 0.000423 0.001458 0.004339 0.001800 0.015044 0.002986 0.004336 0.029462 0.003997 0.036282 0.002343 0.000705 0.007394 0.007620 0.005110 0.000711 
0.000203 0.000200 0.000340 0.000229 0.001110 0.000257 0.000508 0.002910 0.000524 0.000881 0.000873 0.000013 0.000350 0.001004 0.000549 0.000156 0.002120 0.002225 0.005091 0.002296 0.000873 0.000404 0.000089 0.000206 0.001055 0.003454 0.000262 0.000147 0.004253 0.006060 0.007865 0.000872 0.000266 0.000611 0.001848 0.001029 0.001540 0.005457 0.001172 0.001555 0.001266 0.000779 0.001415 0.003331 0.005597 0.000994 0.008434 0.029047 0.000712 0.004514 0.006932 0.000255 0.010812 0.005015 0.000031 0.000109 0.000510 0.002286 0.121745 0.007834 0.000589 0.000735 0.004039 0.000514 0.006062 0.000562 0.009444 0.046271 0.005610 0.007205 0.001343 
0.000135 0.000601 0.001089 0.000504 0.001614 0.000642 0.000695 0.005159 0.000538 0.002232 0.003710 0.000066 0.000483 0.002511 0.001464 0.000445 0.008033 0.007334 0.008485 0.002880 0.001500 0.001750 0.000312 0.000412 0.000749 0.004350 0.002224 0.001175 0.010521 0.009739 0.007299 0.005463 0.001752 0.002420 0.004204 0.003670 0.009510 0.009367 0.007927 0.011171 0.005578 0.000268 0.007844 0.003748 0.014393 0.009170 0.033135 0.017538 0.011261 0.004704 0.061090 0.006425 0.002154 0.007091 0.000541 0.003658 0.009392 0.022303 0.008613 0.074875 0.027620 0.048433 0.315057 0.021662 0.154354 0.009652 0.003406 0.022071 0.031025 0.022636 0.002886 
0.000271 0.000334 0.000476 0.000458 0.001412 0.000450 0.000481 0.002645 0.000553 0.001527 0.000437 0.000063 0.000586 0.001172 0.001007 0.000222 0.004909 0.005686 0.007273 0.002880 0.001158 0.001099 0.000194 0.000342 0.000992 0.004862 0.001897 0.000643 0.011267 0.009739 0.010508 0.003661 0.001209 0.001821 0.004305 0.004297 0.006611 0.012823 0.005928 0.009501 0.006109 0.000579 0.008688 0.006282 0.025023 0.008131 0.053016 0.040885 0.012567 0.012302 0.094547 0.005989 0.005868 0.021148 0.000447 0.003023 0.011893 0.052819 0.020827 0.253535 0.023724 0.032044 0.247816 0.045390 0.620842 0.064408 0.008841 0.074729 0.179827 0.103473 0.012351 
0.000271 0.000401 0.001225 0.000458 0.001816 0.000514 0.000802 0.004365 0.000335 0.002114 0.004147 0.000041 0.000627 0.001607 0.001098 0.000311 0.005467 0.005274 0.008000 0.002713 0.001272 0.001099 0.000211 0.000334 0.000602 0.004265 0.001635 0.000514 0.007611 0.007286 0.005915 0.003080 0.000887 0.001707 0.002742 0.002372 0.004845 0.006412 0.004515 0.006046 0.003165 0.000291 0.004642 0.002933 0.010348 0.004353 0.021839 0.016222 0.004710 0.004325 0.035028 0.002489 0.001758 0.005775 0.000150 0.001183 0.003944 0.013578 0.006171 0.050749 0.007216 0.009554 0.068310 0.010087 0.109286 0.008233 0.002150 0.020055 0.028722 0.018089 0.002510 
0.000338 0.000401 0.000953 0.000458 0.002522 0.000867 0.001149 0.006878 0.000713 0.002760 0.001528 0.000056 0.000658 0.002410 0.000641 0.000215 0.005578 0.005439 0.009212 0.004216 0.001633 0.000740 0.000156 0.000447 0.001256 0.005501 0.001112 0.000551 0.007611 0.012120 0.011955 0.001104 0.000932 0.001376 0.002985 0.002581 0.004030 0.009504 0.003550 0.003052 0.002276 0.000687 0.003475 0.005486 0.012653 0.002917 0.020709 0.040008 0.003028 0.008253 0.018854 0.001106 0.008527 0.012516 0.000072 0.000419 0.001654 0.007956 0.033297 0.030435 0.001834 0.003234 0.019127 0.002364 0.027673 0.002891 0.022723 0.226987 0.026252 0.043280 0.008689 
-0.000000 0.000200 0.000476 0.000183 0.000404 0.000289 0.000214 0.002381 0.000131 0.000822 0.000437 0.000022 0.000154 0.000603 0.000275 0.000096 0.002008 0.001648 0.003030 0.001127 0.000437 0.000538 0.000072 0.000117 0.000190 0.001109 0.001046 0.000275 0.002462 0.002741 0.002580 0.000930 0.000299 0.000522 0.000731 0.000835 0.002038 0.001773 0.001689 0.001727 0.001095 0.000075 0.001961 0.000815 0.002681 0.001768 0.006100 0.003727 0.002019 0.000861 0.011553 0.001436 0.000527 0.001213 0.000135 0.000785 0.001560 0.002986 0.001800 0.009151 0.004271 0.016977 0.045500 0.002039 0.015813 0.001037 0.000464 0.004369 0.003140 0.003219 0.000408 
0.000135 0.000334 0.001565 0.000687 0.002724 0.000931 0.001122 0.006085 0.000684 0.002290 0.002619 0.000059 0.000781 0.002277 0.001007 0.000304 0.008145 0.005851 0.013454 0.003590 0.002145 0.001256 0.000211 0.000486 0.001446 0.006653 0.001700 0.000587 0.011566 0.011615 0.013969 0.002731 0.001043 0.001567 0.004184 0.003223 0.005525 0.012232 0.004308 0.004491 0.003679 0.000867 0.004468 0.007133 0.015710 0.003447 0.026207 0.047900 0.004473 0.010183 0.030684 0.001628 0.008285 0.017449 0.000104 0.000648 0.002540 0.012482 0.034197 0.050541 0.003320 0.005071 0.025067 0.003916 0.051041 0.004725 0.018973 0.178811 0.051122 0.104546 0.024501 
0.000203 0.000334 0.000612 0.000550 0.000908 0.000739 0.000321 0.002645 0.000364 0.002173 0.001528 0.000072 0.000411 0.001373 0.000824 0.000208 0.003682 0.004532 0.005576 0.002380 0.000854 0.000740 0.000177 0.000272 0.000485 0.002559 0.001308 0.000716 0.006566 0.004689 0.003587 0.003022 0.000987 0.001172 0.002437 0.001746 0.005072 0.004320 0.003860 0.005758 0.002823 0.000200 0.003500 0.001973 0.008937 0.004397 0.016492 0.011290 0.005779 0.002567 0.029298 0.002947 0.001209 0.004008 0.000254 0.001759 0.004187 0.010382 0.003471 0.030782 0.011433 0.027928 0.127947 0.007768 0.062989 0.003989 0.001428 0.012100 0.014989 0.011650 0.001431 
0.000068 0.000134 0.000612 0.000367 0.002119 0.000931 0.000615 0.004762 0.000756 0.000998 0.002183 0.000050 0.000514 0.001172 0.000641 0.000200 0.003459 0.003543 0.009576 0.002839 0.001139 0.000471 0.000055 0.000241 0.001520 0.003753 0.000262 0.000184 0.006268 0.007936 0.010068 0.000814 0.000388 0.000586 0.001990 0.001492 0.002309 0.007821 0.001723 0.001497 0.001369 0.000906 0.001688 0.004979 0.007479 0.001282 0.011145 0.037816 0.001643 0.006048 0.009797 0.000415 0.013538 0.007789 0.000024 0.000165 0.000690 0.003756 0.102333 0.013103 0.000870 0.001470 0.007722 0.000830 0.011245 0.000937 0.019420 0.094223 0.009253 0.014256 0.002990 
-0.000000 -0.000000 0.000136 0.000092 0.000504 0.000128 0.000160 0.000926 0.000538 0.000176 -0.000000 -0.000000 0.000021 0.000167 -0.000000 0.000007 0.000223 0.000165 0.002909 0.000668 0.000171 0.000112 0.000004 0.000101 0.001319 0.001834 -0.000000 0.000073 0.001269 0.005194 0.010005 0.000174 0.000011 0.000229 0.001300 0.001074 0.000498 0.008640 0.000724 0.000576 0.000873 0.001341 0.001266 0.007821 0.012512 0.000818 0.024324 0.085277 0.001603 0.021571 0.018484 0.000372 0.031514 0.038474 0.000010 0.000165 0.001152 0.012971 0.166998 0.062396 0.001178 0.001617 0.010336 0.002535 0.038479 0.004933 0.191279 2.207462 0.091567 0.229736 0.062768 
0.000203 0.000200 0.001293 0.000504 0.001715 0.000771 0.000695 0.005952 0.000669 0.001410 0.000218 0.000056 0.000565 0.001774 0.000549 0.000222 0.005467 0.005027 0.011151 0.002755 0.001557 0.001122 0.000156 0.000412 0.001203 0.005629 0.000523 0.000624 0.010372 0.012408 0.013465 0.002092 0.000787 0.001439 0.004346 0.003566 0.004438 0.012232 0.004343 0.004261 0.004158 0.000746 0.005510 0.007550 0.022154 0.004618 0.039762 0.050202 0.006471 0.012715 0.051571 0.002330 0.009736 0.022341 0.000152 0.001050 0.004665 0.025196 0.037411 0.115710 0.007337 0.010804 0.071042 0.010763 0.139156 0.014263 0.018130 0.164246 0.214537 0.354722 0.035597 
-0.000000 0.000067 0.000136 0.000183 0.000202 0.000225 0.000053 0.000794 0.000058 0.000235 0.000437 0.000016 0.000041 0.000301 0.000183 0.000052 0.000669 0.000412 0.000970 0.000292 0.000133 0.000269 0.000042 0.000070 0.000032 0.000426 0.000327 0.000239 0.001269 0.001010 0.001007 0.001511 0.000366 0.000369 0.000589 0.000642 0.001993 0.000819 0.001689 0.003167 0.000941 0.000046 0.001812 0.000380 0.002352 0.003027 0.005723 0.003179 0.002771 0.000655 0.015804 0.003074 0.000176 0.001541 0.000507 0.002427 0.003065 0.004269 0.000900 0.013519 0.010483 0.112447 0.112860 0.004168 0.029694 0.001894 0.000344 0.003585 0.005569 0.003883 0.000448 
0.000068 0.000267 0.001293 0.000275 0.002320 0.000674 0.000962 0.006217 0.000829 0.001175 0.000873 0.000059 0.000504 0.002042 0.000549 0.000208 0.004351 0.004038 0.009333 0.003590 0.001500 0.000561 0.000160 0.000412 0.001551 0.005246 0.000523 0.000514 0.008059 0.010966 0.011389 0.001511 0.000610 0.000892 0.002924 0.002193 0.002355 0.010777 0.002447 0.002418 0.002190 0.001044 0.002706 0.006463 0.012135 0.001989 0.018074 0.052284 0.002592 0.009786 0.019039 0.000777 0.012812 0.013565 0.000063 0.000342 0.001286 0.007466 0.068393 0.026484 0.001700 0.002131 0.013781 0.001822 0.024071 0.002383 0.049110 0.276955 0.021939 0.041338 0.008354 
