# Flux Network Reconstruction using RW method
# Walkers leave from emitting cells
# Probability involves emitting fluxes, then absorbing flux is shared among connections
# Seed: 1685043331
# Threshold: 0.5
# Precision: 100000.0
# Dt: 1.0
# Radius step: 8.000000
# Matrix output


0.004392 0.001176 0.005772 0.017759 0.002439 0.014455 0.020387 0.001019 0.001866 0.000463 0.014254 0.034792 0.007349 0.001253 0.008494 0.004239 0.002105 0.003699 0.000464 0.001459 0.000024 0.000308 0.001509 0.002953 0.001936 0.002133 0.006166 0.003064 0.001405 0.000695 0.007789 0.001085 0.000242 0.000615 0.000120 0.000490 0.000506 0.000099 0.000105 0.000271 0.000091 0.000066 0.000058 0.000097 0.000790 0.000391 0.000053 0.000042 0.000127 0.000312 0.000207 0.000099 0.000179 0.000125 -0.000000 0.000081 0.000185 0.000143 0.000125 0.000019 0.000015 0.000111 0.000183 0.000010 0.000333 
0.005930 0.001803 0.000350 0.000188 0.001829 0.003084 0.000456 0.000765 0.001229 0.000074 0.001951 0.001450 0.000226 0.000701 0.002054 0.000424 0.000919 0.001849 0.000028 0.000922 0.000011 0.000033 0.000147 0.000171 0.001106 0.001447 -0.000000 0.001199 0.001124 0.000207 0.001797 0.000296 0.000114 0.000410 0.000030 0.000109 0.000368 0.000033 0.000105 0.000325 0.000274 0.000047 0.000008 0.000048 0.000451 0.000244 0.000053 0.000085 0.000254 0.000052 0.000103 0.000059 0.000251 0.000075 0.000003 0.000081 0.000185 0.000143 0.000125 0.000028 0.000073 0.000111 0.000073 0.000003 -0.000000 
0.021962 0.006349 0.015002 0.007888 0.010609 0.044523 0.010478 0.004843 0.007283 0.001126 0.029527 0.031168 0.006105 0.003695 0.022869 0.007794 0.006197 0.015223 0.000617 0.004532 0.000073 0.000596 0.001949 0.003296 0.005393 0.006474 0.006970 0.008660 0.004309 0.000995 0.014679 0.002415 0.000613 0.001436 0.000284 0.001061 0.001610 0.000559 0.000482 0.001408 0.002188 0.000161 0.000132 0.000290 0.001354 0.000683 0.000213 0.000191 0.001141 0.000624 0.000448 0.000336 0.000538 0.000125 0.000006 0.000081 0.000493 0.000395 0.000125 0.000057 0.000058 0.000888 0.000110 0.000006 0.001000 
0.137372 0.249014 0.001305 0.001043 0.083711 0.022358 0.002050 0.075824 0.027720 0.000432 0.008230 0.003987 0.001074 0.007368 0.013255 0.002087 0.005604 0.073126 0.000172 0.007834 0.000695 0.000284 0.000587 0.000728 0.012377 0.010815 0.002681 0.031977 0.019018 0.000770 0.008089 0.001676 0.000470 0.009026 0.001226 0.001523 0.001886 0.001611 0.000437 0.001949 0.005288 0.000408 0.000066 0.000580 0.001466 0.000439 0.001919 0.000763 0.001839 0.000520 0.000620 0.000158 0.000538 0.000075 0.000036 0.001955 0.000185 0.000430 0.000251 0.000038 0.000131 0.001332 0.000256 0.000003 0.001000 
0.103331 0.373873 0.000538 0.000104 0.098953 0.011853 0.000456 0.487438 0.043743 0.000171 0.002376 0.000362 0.000339 0.006477 0.004667 0.000359 0.002639 0.157490 0.000042 0.005645 0.002757 0.000095 0.000147 -0.000000 0.008712 0.006398 -0.000000 0.052629 0.036630 0.000131 0.001498 0.000394 0.000143 0.018462 0.001555 0.001687 0.000920 0.001579 0.000090 0.001353 0.006746 0.000237 0.000033 0.000274 0.000338 0.000098 0.002452 0.000657 0.000951 -0.000000 0.000069 0.000020 0.000072 -0.000000 0.000027 0.001710 -0.000000 0.000072 -0.000000 -0.000000 -0.000000 0.000555 0.000037 -0.000000 0.000667 
0.046230 0.009327 0.070960 0.053006 0.019937 0.140122 0.051253 0.006627 0.013655 0.003178 0.077975 0.129745 0.027699 0.007751 0.051525 0.023316 0.013047 0.021482 0.001724 0.008602 0.000104 0.001440 0.005678 0.007962 0.008850 0.008606 0.019570 0.012258 0.005527 0.002178 0.023067 0.004289 0.000926 0.001949 0.000434 0.001224 0.002254 0.000559 0.000677 0.001408 0.001641 0.000199 0.000264 0.000161 0.002707 0.000928 0.000213 0.000212 0.001141 0.000832 0.000345 0.000158 0.000431 0.000150 0.000011 0.000081 0.000370 0.000179 0.000501 0.000028 0.000058 0.000333 0.000256 0.000006 0.000667 
0.143412 0.034409 0.022200 0.010956 0.056274 0.145518 0.016857 0.015420 0.028995 0.002842 0.066690 0.047839 0.013849 0.015565 0.066647 0.016761 0.019037 0.052070 0.001423 0.017320 0.000342 0.001473 0.005217 0.007148 0.020536 0.021021 0.017158 0.033709 0.015177 0.003060 0.032654 0.005866 0.001653 0.010975 0.001481 0.003346 0.004233 0.002368 0.001099 0.003735 0.002917 0.000607 0.000347 0.000757 0.006204 0.002343 0.001919 0.000763 0.002727 0.001664 0.001275 0.000770 0.001041 0.000401 0.000014 0.001222 0.001355 0.000789 0.000752 0.000151 0.000247 0.001221 0.000366 0.000029 0.004000 
0.055454 0.078929 0.001036 0.000563 0.035179 0.015516 0.002164 0.020644 0.013337 0.000453 0.006958 0.006161 0.001922 0.004226 0.012135 0.002935 0.004893 0.034287 0.000269 0.005953 0.000260 0.000354 0.001069 0.001883 0.009058 0.010206 0.005362 0.020119 0.013490 0.001277 0.013481 0.002317 0.000841 0.006872 0.001211 0.002095 0.002806 0.001973 0.000692 0.004114 0.005835 0.000484 0.000339 0.000821 0.004625 0.001953 0.001865 0.000996 0.002156 0.001092 0.001068 0.000632 0.001185 0.000301 0.000038 0.001303 0.001293 0.000861 0.000752 0.000114 0.000204 0.001332 0.000622 0.000022 0.005667 
0.024707 0.010503 0.036287 0.060665 0.012438 0.090009 0.062529 0.006244 0.011698 0.002799 0.072375 0.143154 0.031656 0.007305 0.051712 0.024979 0.013521 0.025181 0.002244 0.010791 0.000161 0.001715 0.008234 0.013526 0.015488 0.014928 0.029490 0.015989 0.007963 0.003905 0.057518 0.006803 0.001753 0.004718 0.000852 0.002693 0.003681 0.001250 0.001295 0.002923 0.003282 0.000455 0.000413 0.000596 0.005527 0.002050 0.001119 0.000318 0.001839 0.001716 0.001517 0.000730 0.001256 0.000726 0.000018 0.000652 0.001232 0.001220 0.001253 0.000189 0.000291 0.001554 0.000622 0.000035 0.001667 
0.085981 0.025082 0.023142 0.012688 0.039935 0.164503 0.017198 0.018096 0.029177 0.003318 0.080181 0.070309 0.016167 0.014779 0.070194 0.020185 0.020757 0.059468 0.001734 0.019471 0.000300 0.001892 0.006495 0.010915 0.024408 0.027342 0.020375 0.035175 0.018081 0.004637 0.052126 0.006507 0.001796 0.010052 0.001271 0.004488 0.006671 0.002927 0.001837 0.006171 0.006655 0.000806 0.000628 0.001031 0.009136 0.003173 0.002078 0.001038 0.003931 0.002912 0.002137 0.001757 0.002513 0.000626 0.000047 0.001629 0.001848 0.001758 0.001003 0.000293 0.000291 0.001997 0.000806 0.000051 0.003667 
0.002855 0.001176 0.002516 0.012417 0.001768 0.010408 0.042028 0.000255 0.002139 0.000409 0.011794 0.057624 0.011419 0.001040 0.007841 0.003815 0.002076 0.003414 0.000431 0.001843 0.000024 0.000308 0.001571 0.002525 0.002627 0.002894 0.009115 0.002532 0.001780 0.000901 0.010186 0.001085 0.000385 0.000615 0.000045 0.000381 0.000598 0.000066 0.000181 0.000541 0.000638 0.000066 0.000107 0.000113 0.001241 0.000732 0.000107 0.000106 0.000317 0.000312 0.000172 0.000138 0.000215 0.000125 0.000001 0.000081 0.000370 0.000287 0.000125 -0.000000 0.000015 0.000333 0.000037 0.000006 0.001000 
0.010322 0.002430 0.013589 0.072831 0.005060 0.042692 0.316403 0.001529 0.004324 0.001572 0.050145 0.335235 0.063934 0.002633 0.028843 0.020642 0.004982 0.006829 0.002290 0.003994 0.000035 0.000979 0.006956 0.010744 0.004564 0.005941 0.037532 0.004264 0.002061 0.002403 0.028160 0.003796 0.000627 0.000821 0.000254 0.000680 0.001518 0.000362 0.000467 0.000920 0.001003 0.000114 0.000174 0.000081 0.002143 0.000830 0.000266 0.000085 0.000571 0.000936 0.000620 0.000237 0.000179 0.000250 0.000006 0.000163 0.000123 0.000143 0.000376 0.000028 0.000029 0.000111 -0.000000 0.000010 0.000333 
0.362044 0.434931 0.004548 0.003026 0.346548 0.079312 0.004670 0.125523 0.103645 0.002038 0.036994 0.030081 0.007123 0.028709 0.054886 0.010239 0.023959 0.222791 0.001057 0.032989 0.001662 0.001645 0.004484 0.005350 0.048332 0.047220 0.018230 0.119115 0.059302 0.003886 0.045535 0.008479 0.002394 0.030668 0.004247 0.007508 0.009431 0.006347 0.002303 0.012072 0.017504 0.001925 0.000719 0.002512 0.009362 0.003710 0.005756 0.002797 0.006975 0.002912 0.002620 0.001461 0.003267 0.000952 0.000115 0.005213 0.001848 0.002726 0.001128 0.000379 0.000568 0.004106 0.001135 0.000029 0.011333 
0.034151 0.012227 0.018070 0.010893 0.016827 0.108416 0.018451 0.008538 0.016432 0.002588 0.064569 0.061248 0.014641 0.010150 0.058526 0.018098 0.015241 0.032722 0.001748 0.013364 0.000216 0.001653 0.005217 0.010102 0.017009 0.021554 0.019838 0.022917 0.010493 0.003999 0.050628 0.008331 0.002109 0.006359 0.001346 0.003727 0.005015 0.002664 0.001852 0.004818 0.005744 0.000844 0.000603 0.001175 0.007783 0.003466 0.002078 0.000848 0.003741 0.003224 0.001999 0.001362 0.002010 0.000977 0.000043 0.001303 0.002340 0.001973 0.001504 0.000360 0.000495 0.002330 0.000696 0.000080 0.006667 
0.005381 0.001724 0.005503 0.025919 0.002866 0.025056 0.201482 0.002166 0.002731 0.000908 0.024012 0.215638 0.035387 0.001826 0.015868 0.011381 0.003618 0.006544 0.001363 0.002880 0.000031 0.000679 0.004547 0.007705 0.004218 0.005103 0.026273 0.005463 0.002061 0.001784 0.021569 0.003845 0.000827 0.000718 0.000194 0.000762 0.001426 0.000362 0.000361 0.000758 0.000456 0.000133 0.000198 0.000129 0.002143 0.000976 0.000160 0.000064 0.000317 0.000780 0.000517 0.000217 0.000467 0.000225 0.000003 -0.000000 0.000554 0.000251 0.000376 0.000019 0.000073 0.001221 0.000146 0.000010 0.001667 
0.149561 0.307093 0.002018 0.001231 0.150777 0.035464 0.002050 1.445111 0.107104 0.000758 0.011030 0.008698 0.001413 0.023167 0.025669 0.003131 0.014589 0.429506 0.000352 0.028303 0.008330 0.000897 0.001299 0.001498 0.050683 0.045697 0.003485 0.209850 0.164134 0.001802 0.020371 0.004239 0.001796 0.092003 0.008823 0.009630 0.008833 0.012135 0.001761 0.016728 0.037561 0.002352 0.000512 0.002802 0.005527 0.001953 0.015135 0.005615 0.010145 0.001404 0.001654 0.001106 0.002118 0.000175 0.000175 0.011810 0.001170 0.001220 0.000752 0.000161 0.000320 0.006436 0.001172 0.000013 0.007000 
0.221926 0.250424 0.005086 0.003005 0.240828 0.091937 0.007631 0.236901 0.196956 0.002464 0.049466 0.033342 0.007631 0.048861 0.075141 0.014055 0.037125 0.521838 0.001451 0.058834 0.003468 0.002608 0.004651 0.008818 0.093206 0.089109 0.020107 0.240894 0.127691 0.005933 0.076691 0.013359 0.004846 0.063592 0.009287 0.015478 0.017528 0.015457 0.004095 0.022737 0.037106 0.003689 0.001405 0.005314 0.019513 0.007079 0.012737 0.005106 0.015979 0.004575 0.003964 0.002981 0.005313 0.001252 0.000212 0.007574 0.002895 0.003479 0.003258 0.000558 0.001121 0.009765 0.002124 0.000086 0.020000 
0.047218 0.013873 0.030354 0.053632 0.022741 0.190908 0.144192 0.010450 0.022349 0.007813 0.242070 0.474765 0.116166 0.016053 0.158964 0.093394 0.033744 0.048798 0.009387 0.023272 0.000243 0.005199 0.029459 0.040064 0.034226 0.038614 0.106431 0.040238 0.015926 0.011940 0.145593 0.021197 0.004575 0.009334 0.001376 0.006066 0.009569 0.002434 0.003267 0.006496 0.007202 0.000873 0.001083 0.001208 0.015002 0.007127 0.002078 0.001038 0.004756 0.005043 0.002999 0.001757 0.002980 0.001403 0.000032 0.001303 0.003326 0.002080 0.003008 0.000312 0.000495 0.001776 0.001025 0.000061 0.003000 
0.016472 0.008387 0.007481 0.011582 0.012133 0.069772 0.047836 0.008793 0.012108 0.002889 0.096217 0.187732 0.047823 0.007390 0.070848 0.048099 0.016101 0.028027 0.004742 0.014363 0.000216 0.002715 0.016972 0.025083 0.019291 0.024600 0.074796 0.027181 0.012835 0.008749 0.093168 0.013655 0.003606 0.008923 0.001735 0.004380 0.007775 0.003058 0.002695 0.006984 0.007567 0.000844 0.001099 0.001127 0.014438 0.005809 0.002132 0.001208 0.004819 0.004679 0.003757 0.001599 0.003267 0.001428 0.000061 0.002036 0.003388 0.002439 0.002882 0.000398 0.000495 0.003995 0.001025 0.000067 0.008667 
0.019217 0.009092 0.007414 0.015234 0.012377 0.069772 0.070046 0.008538 0.012426 0.003104 0.103344 0.323275 0.087336 0.007220 0.068421 0.049403 0.016783 0.026746 0.006124 0.016091 0.000221 0.003151 0.020701 0.031974 0.019222 0.025209 0.095707 0.024916 0.012273 0.009425 0.113239 0.017352 0.004034 0.008308 0.001630 0.004842 0.008051 0.003091 0.003026 0.006009 0.006382 0.001157 0.001190 0.001208 0.015791 0.005126 0.001599 0.000784 0.004439 0.005563 0.003240 0.001816 0.002728 0.001478 0.000037 0.001955 0.003695 0.002009 0.002882 0.000492 0.000524 0.002441 0.000952 0.000109 0.009000 
0.004612 0.004860 0.000188 0.000125 0.004451 0.003084 0.000911 0.038358 0.003732 0.000097 0.002885 0.003262 0.000622 0.001359 0.002614 0.000652 0.001542 0.019064 0.000102 0.002919 0.000589 0.000230 0.000272 0.000685 0.005117 0.004341 0.001877 0.017587 0.015083 0.000375 0.008987 0.001528 0.000385 0.013026 0.001795 0.002040 0.002668 0.003322 0.000572 0.004385 0.010758 0.000854 0.000231 0.001192 0.002143 0.001416 0.003677 0.001631 0.004692 0.000884 0.001137 0.000711 0.001687 0.000276 0.000057 0.003502 0.001232 0.001184 0.000752 0.000227 0.000349 0.003218 0.000732 0.000026 0.004333 
0.006479 0.002587 0.004507 0.009600 0.004329 0.030838 0.129272 0.001912 0.003915 0.001475 0.048024 1.630149 0.199206 0.002994 0.034817 0.029512 0.007799 0.009959 0.005586 0.005415 0.000073 0.001867 0.026631 0.062665 0.008228 0.011500 0.402131 0.008128 0.004497 0.008749 0.125522 0.015134 0.002708 0.002359 0.000434 0.001523 0.004095 0.000954 0.001761 0.001949 0.001276 0.000209 0.000702 0.000322 0.009700 0.003808 0.000533 0.000254 0.001205 0.002912 0.001861 0.000612 0.001077 0.001002 0.000006 0.000244 0.002094 0.000789 0.001379 0.000180 0.000116 0.001221 0.000293 0.000029 0.001667 
0.079832 0.068426 0.002664 0.002275 0.071334 0.055220 0.007289 0.158274 0.102643 0.001827 0.041066 0.034430 0.007066 0.033147 0.063287 0.012913 0.029207 0.690426 0.001326 0.057451 0.003988 0.002916 0.005888 0.010872 0.113742 0.108225 0.021983 0.352415 0.183714 0.007716 0.097661 0.020261 0.007027 0.090772 0.014656 0.023285 0.030134 0.023415 0.006563 0.038382 0.059624 0.006060 0.002611 0.008824 0.033049 0.011521 0.019346 0.007373 0.028090 0.009931 0.009720 0.004955 0.010231 0.001879 0.000335 0.011158 0.006898 0.007820 0.005264 0.001221 0.002212 0.013427 0.004979 0.000208 0.034333 
0.002855 0.002116 0.000175 0.000125 0.002378 0.004048 0.000569 0.004333 0.004233 0.000101 0.003055 0.002899 0.000735 0.001678 0.004294 0.000685 0.002016 0.015080 0.000097 0.003341 0.000064 0.000197 0.000419 0.000599 0.005324 0.005560 0.001877 0.008660 0.004216 0.000432 0.007190 0.001430 0.000485 0.003487 0.000464 0.001061 0.001426 0.001118 0.000497 0.001678 0.002553 0.000285 0.000132 0.000419 0.002256 0.000879 0.000959 0.000360 0.001458 0.000676 0.000448 0.000257 0.000538 0.000326 0.000015 0.000326 0.000431 0.000610 0.000752 0.000066 0.000116 0.001221 0.000403 0.000010 0.001667 
0.055125 0.030568 0.006875 0.006574 0.044264 0.121619 0.021071 0.039122 0.055350 0.005819 0.142883 0.109812 0.025720 0.046546 0.256787 0.046827 0.116385 0.147674 0.005317 0.100233 0.000969 0.012019 0.021728 0.034799 0.125980 0.149200 0.072920 0.139101 0.062394 0.022980 0.268719 0.047078 0.012771 0.038770 0.006595 0.022115 0.031744 0.012596 0.009514 0.025823 0.023248 0.003471 0.004190 0.005040 0.045456 0.017379 0.006875 0.004068 0.018135 0.015650 0.011202 0.006456 0.011883 0.003882 0.000176 0.006027 0.011148 0.007820 0.005765 0.001439 0.001528 0.008101 0.003918 0.000237 0.031666 
0.004722 0.003292 0.001924 0.003715 0.003841 0.018696 0.031549 0.003568 0.005826 0.000858 0.029188 0.250067 0.047993 0.003249 0.024549 0.015066 0.006731 0.012520 0.003259 0.005645 0.000102 0.001398 0.016029 0.036726 0.010164 0.011805 0.204282 0.010659 0.005246 0.007209 0.089573 0.013655 0.002822 0.004923 0.000972 0.003264 0.004509 0.001842 0.002123 0.003952 0.004285 0.000550 0.000959 0.000902 0.008911 0.005126 0.001172 0.000593 0.003044 0.004315 0.002103 0.001362 0.001939 0.001177 0.000022 0.000896 0.002710 0.001542 0.003008 0.000312 0.000451 0.001443 0.000476 0.000048 0.005667 
0.087519 0.060509 0.005355 0.005113 0.077675 0.104272 0.013554 0.092518 0.130819 0.003942 0.085272 0.059799 0.015093 0.081604 0.157097 0.027425 0.079913 0.455684 0.003217 0.214291 0.002337 0.006709 0.013431 0.021102 0.315435 0.303122 0.043698 0.383859 0.146241 0.016934 0.212399 0.041606 0.012543 0.072720 0.013773 0.035309 0.043568 0.021902 0.010568 0.046394 0.046131 0.006089 0.003958 0.008454 0.047261 0.017184 0.011938 0.005763 0.030373 0.013466 0.012270 0.006160 0.012924 0.002956 0.000289 0.009529 0.008808 0.008716 0.007018 0.001609 0.002038 0.015647 0.004504 0.000211 0.030000 
0.023170 0.024376 0.001157 0.000835 0.023046 0.018118 0.001822 0.160568 0.024762 0.000613 0.011624 0.009423 0.002261 0.009025 0.018949 0.004207 0.007947 0.116375 0.000579 0.017666 0.006383 0.000893 0.002158 0.004024 0.036646 0.033663 0.006434 0.110854 0.111578 0.002929 0.038645 0.008676 0.002879 0.086157 0.010648 0.011615 0.014492 0.018910 0.003387 0.025227 0.055430 0.004173 0.001248 0.007133 0.017032 0.006005 0.020145 0.008263 0.022193 0.005095 0.004825 0.003396 0.006606 0.001678 0.000375 0.014253 0.004558 0.004878 0.001880 0.000814 0.001528 0.015869 0.003185 0.000138 0.019333 
0.023829 0.013481 0.004238 0.005614 0.015486 0.066495 0.024488 0.016439 0.019846 0.003613 0.111575 0.121409 0.031430 0.014652 0.126760 0.054621 0.029919 0.053919 0.008154 0.029187 0.000415 0.008440 0.030423 0.043446 0.044114 0.055598 0.091954 0.052762 0.023702 0.020257 0.251044 0.040521 0.008880 0.017231 0.003200 0.009793 0.018587 0.005722 0.006458 0.014508 0.015134 0.001736 0.002768 0.002786 0.031695 0.014450 0.003837 0.002415 0.010716 0.011387 0.008203 0.004067 0.006426 0.002830 0.000110 0.003013 0.007329 0.005058 0.003634 0.001032 0.001150 0.005327 0.002563 0.000167 0.020333 
0.056552 0.047342 0.003243 0.002442 0.048775 0.053292 0.005581 0.096850 0.077381 0.001897 0.042933 0.033705 0.007801 0.030748 0.069074 0.014772 0.030927 0.444445 0.001720 0.066668 0.002505 0.002883 0.006935 0.011685 0.136698 0.130083 0.029490 0.386790 0.150269 0.009612 0.124024 0.021789 0.007925 0.078874 0.013160 0.026849 0.032895 0.023974 0.007813 0.040439 0.049049 0.006013 0.002818 0.008309 0.038011 0.015817 0.016894 0.006590 0.029168 0.011958 0.010133 0.006377 0.012170 0.002981 0.000331 0.011973 0.009608 0.008501 0.005264 0.001363 0.002300 0.019198 0.005016 0.000227 0.036333 
0.027782 0.018968 0.002005 0.001607 0.023412 0.035368 0.004784 0.031476 0.033183 0.001287 0.028848 0.030443 0.005483 0.017285 0.043218 0.009000 0.021023 0.134443 0.001182 0.045239 0.000923 0.001987 0.004987 0.009032 0.085462 0.092384 0.021447 0.135103 0.056210 0.005670 0.088674 0.016416 0.004589 0.033129 0.005922 0.014825 0.018173 0.011609 0.004742 0.020355 0.026074 0.003092 0.002008 0.005040 0.025266 0.009227 0.006822 0.003644 0.015789 0.009359 0.007342 0.004521 0.007790 0.001628 0.000176 0.005457 0.006590 0.005273 0.003885 0.000965 0.001237 0.008212 0.003185 0.000163 0.025666 
0.005820 0.001881 0.001399 0.002212 0.002927 0.015612 0.016970 0.003696 0.004688 0.000811 0.024436 0.122859 0.025099 0.002676 0.022682 0.011968 0.005248 0.013942 0.002665 0.005415 0.000079 0.001205 0.013975 0.034928 0.009818 0.011500 0.147984 0.012924 0.006371 0.006233 0.092868 0.011387 0.002822 0.003385 0.000763 0.002775 0.004831 0.001579 0.002032 0.003952 0.004011 0.000522 0.000843 0.000918 0.012520 0.005468 0.000853 0.000826 0.003044 0.004107 0.003274 0.001421 0.002046 0.001227 0.000023 0.001140 0.002833 0.001865 0.002130 0.000322 0.000320 0.002330 0.000622 0.000109 0.005667 
0.073902 0.061215 0.003041 0.002129 0.064627 0.056762 0.007062 0.177772 0.099821 0.001854 0.040897 0.035154 0.007801 0.037097 0.066460 0.013533 0.036472 0.657135 0.001678 0.079380 0.005390 0.003459 0.006914 0.011557 0.173413 0.162604 0.025468 0.788236 0.346818 0.010157 0.121028 0.027901 0.009136 0.143081 0.024032 0.040912 0.042188 0.039201 0.009649 0.064421 0.090074 0.009313 0.003206 0.013510 0.041846 0.013327 0.024728 0.011569 0.039186 0.012270 0.011202 0.007522 0.013642 0.003457 0.000528 0.018651 0.008192 0.009972 0.006391 0.001334 0.002518 0.021750 0.006151 0.000224 0.044333 
0.006918 0.002978 0.001278 0.002629 0.004756 0.016094 0.016287 0.004588 0.005735 0.000838 0.027575 0.109812 0.024251 0.003695 0.027163 0.014805 0.006879 0.015080 0.003194 0.007527 0.000132 0.001510 0.017642 0.051921 0.012999 0.016527 0.410441 0.014390 0.008338 0.010945 0.154581 0.020852 0.004176 0.004513 0.001032 0.003836 0.007085 0.001809 0.002695 0.005143 0.004011 0.000740 0.001487 0.000918 0.014438 0.008153 0.000640 0.000848 0.003297 0.007955 0.004240 0.002488 0.003123 0.001879 0.000036 0.000814 0.004743 0.002511 0.003258 0.000388 0.000538 0.002996 0.000769 0.000080 0.009000 
0.021084 0.012462 0.002799 0.003005 0.015364 0.041921 0.010934 0.018478 0.019846 0.002222 0.056424 0.057987 0.014471 0.014079 0.084382 0.022761 0.026064 0.064447 0.003518 0.031836 0.000475 0.006149 0.014625 0.026196 0.060432 0.077837 0.063269 0.076212 0.031478 0.022492 0.268120 0.044711 0.011972 0.024001 0.004516 0.014988 0.026454 0.008386 0.009032 0.019110 0.017322 0.002731 0.003793 0.004154 0.041170 0.018551 0.006289 0.002924 0.015281 0.016534 0.011236 0.005785 0.009083 0.004684 0.000127 0.004561 0.011086 0.007389 0.007018 0.001325 0.001557 0.009876 0.003661 0.000272 0.029000 
0.001537 0.000705 0.000619 0.001315 0.000610 0.006264 0.008770 0.000765 0.000819 0.000345 0.013491 0.124671 0.021990 0.000828 0.010641 0.008478 0.002343 0.001849 0.002545 0.002573 0.000015 0.001020 0.015945 0.060097 0.003042 0.005255 1.308801 0.003864 0.001967 0.010363 0.195622 0.022479 0.003292 0.001026 0.000224 0.001605 0.003404 0.000164 0.001761 0.001353 0.000365 0.000095 0.001107 0.000161 0.008572 0.006053 0.000107 0.000106 0.000444 0.006759 0.001206 0.000888 0.001185 0.003006 0.000004 0.000081 0.003449 0.000789 0.003760 0.000104 0.000116 -0.000000 0.000110 0.000080 0.001000 
0.034371 0.024063 0.002476 0.002129 0.025546 0.044523 0.008770 0.046386 0.041922 0.001857 0.041406 0.044577 0.008988 0.023783 0.071034 0.017968 0.029504 0.173994 0.002040 0.067206 0.001561 0.003677 0.008716 0.015623 0.197959 0.186671 0.034583 0.239029 0.103802 0.013893 0.177049 0.035247 0.012756 0.063489 0.013280 0.035689 0.050699 0.023547 0.012901 0.052403 0.050872 0.006990 0.004471 0.009806 0.058089 0.021773 0.014496 0.006674 0.032402 0.019705 0.015717 0.009852 0.016729 0.004333 0.000298 0.010507 0.014043 0.012518 0.010652 0.002120 0.003202 0.017977 0.006151 0.000311 0.049999 
0.055344 0.045304 0.003095 0.003130 0.048714 0.061869 0.008314 0.105643 0.086348 0.002179 0.053793 0.040953 0.010401 0.041981 0.097357 0.019011 0.048807 0.423673 0.002420 0.122699 0.003324 0.005557 0.011964 0.019048 0.414104 0.355369 0.042626 0.807023 0.292950 0.018812 0.256137 0.052599 0.020524 0.136927 0.029909 0.082967 0.095325 0.044923 0.020277 0.106160 0.092809 0.012917 0.005942 0.017874 0.077038 0.026166 0.023289 0.012204 0.052883 0.022513 0.021094 0.011569 0.024196 0.004985 0.000500 0.018488 0.015090 0.015209 0.007394 0.002300 0.003828 0.027410 0.007945 0.000359 0.064332 
0.053807 0.050477 0.002072 0.001732 0.046154 0.040379 0.004214 0.157764 0.071281 0.001458 0.030885 0.023195 0.006501 0.027711 0.058060 0.011152 0.028614 0.425665 0.001423 0.071008 0.006218 0.003356 0.005573 0.010915 0.205911 0.176542 0.025468 0.862850 0.760714 0.011114 0.140800 0.030563 0.012001 0.283906 0.054600 0.073473 0.073702 0.079947 0.014226 0.130359 0.161459 0.017754 0.004339 0.025587 0.059893 0.018892 0.037252 0.018921 0.070447 0.014558 0.019302 0.010997 0.021253 0.002856 0.000747 0.031438 0.010471 0.014025 0.004637 0.002073 0.003697 0.034734 0.009813 0.000250 0.056666 
0.030308 0.019282 0.002476 0.002588 0.022132 0.045294 0.007973 0.041161 0.036232 0.001813 0.046666 0.040591 0.010740 0.019791 0.069914 0.014903 0.028911 0.139422 0.002169 0.057298 0.001267 0.003870 0.010434 0.018491 0.151564 0.166108 0.041017 0.184401 0.089094 0.016503 0.210901 0.040373 0.015436 0.060002 0.012906 0.042082 0.059440 0.021738 0.014737 0.052674 0.047134 0.006942 0.005330 0.009839 0.070609 0.026899 0.013004 0.006823 0.035889 0.021577 0.019164 0.010365 0.018847 0.005811 0.000333 0.009692 0.015521 0.014491 0.012282 0.002376 0.002984 0.022305 0.007250 0.000436 0.057333 
0.008675 0.005330 0.002973 0.005029 0.007560 0.034500 0.029043 0.006372 0.007738 0.001994 0.063805 0.280510 0.058620 0.008069 0.069074 0.040827 0.017524 0.026320 0.011659 0.018011 0.000188 0.006507 0.077169 0.281007 0.032498 0.044554 0.939109 0.038106 0.012741 0.081593 1.607519 0.166177 0.025413 0.007385 0.001824 0.011588 0.028018 0.002730 0.013488 0.011368 0.005014 0.001185 0.007165 0.001433 0.079294 0.049501 0.001492 0.000869 0.006594 0.040191 0.012374 0.005627 0.007826 0.015780 0.000038 0.001140 0.022727 0.006743 0.025440 0.001353 0.001077 0.004439 0.002124 0.000388 0.016333 
0.023829 0.013952 0.003498 0.005342 0.017193 0.059749 0.020387 0.023448 0.026810 0.003057 0.085951 0.122497 0.029847 0.020406 0.125453 0.041969 0.042551 0.089486 0.007816 0.058988 0.000605 0.011982 0.041528 0.085650 0.113327 0.146306 0.185516 0.119381 0.048435 0.129862 1.656050 0.338811 0.065663 0.030975 0.007193 0.037675 0.079269 0.013056 0.032320 0.040872 0.028536 0.004533 0.013189 0.006087 0.142233 0.064391 0.006449 0.003602 0.023778 0.053137 0.024369 0.014057 0.020678 0.012750 0.000172 0.005538 0.029564 0.015639 0.021806 0.002773 0.003158 0.013871 0.005602 0.000528 0.041999 
0.009773 0.006192 0.000875 0.000835 0.007926 0.015997 0.003872 0.012489 0.011334 0.000674 0.015782 0.020658 0.003787 0.005861 0.022309 0.005739 0.009815 0.039550 0.000969 0.016014 0.000417 0.001440 0.004295 0.007491 0.035471 0.045240 0.018766 0.047033 0.027824 0.007003 0.097961 0.018831 0.007426 0.019283 0.004187 0.014472 0.024751 0.008485 0.007090 0.019381 0.016228 0.002912 0.002463 0.003559 0.034515 0.010886 0.006129 0.002691 0.012809 0.010763 0.008755 0.004975 0.008795 0.002279 0.000129 0.004235 0.007145 0.006851 0.006266 0.001145 0.001601 0.009987 0.003039 0.000167 0.022333 
0.022621 0.023514 0.000982 0.000730 0.021949 0.018503 0.003189 0.117495 0.027812 0.000654 0.015527 0.010872 0.003166 0.011148 0.023523 0.005348 0.011179 0.149950 0.000700 0.022274 0.004704 0.001283 0.002745 0.005308 0.054416 0.053998 0.010723 0.189864 0.250698 0.005125 0.065906 0.013507 0.005046 0.492426 0.040393 0.029650 0.031422 0.071265 0.006759 0.071351 0.221995 0.013998 0.002405 0.024428 0.031808 0.012204 0.072053 0.030998 0.073490 0.011127 0.012098 0.006949 0.016622 0.002279 0.001279 0.051881 0.009300 0.012375 0.006642 0.002054 0.003944 0.044943 0.010105 0.000211 0.071666 
0.018119 0.017949 0.000955 0.000689 0.017437 0.014070 0.003645 0.062316 0.020847 0.000731 0.015103 0.013772 0.003053 0.008749 0.025296 0.005087 0.010556 0.103855 0.000723 0.019509 0.002549 0.001090 0.002912 0.005393 0.048885 0.046306 0.013672 0.142698 0.169568 0.005032 0.066805 0.012423 0.004889 0.251598 0.031151 0.024237 0.029076 0.054888 0.006217 0.055056 0.132741 0.011618 0.002438 0.018003 0.035304 0.012790 0.038904 0.017332 0.056053 0.010867 0.011891 0.007028 0.013534 0.002981 0.000768 0.025737 0.008931 0.012124 0.006015 0.001950 0.002838 0.031515 0.008568 0.000224 0.064999 
0.018997 0.015676 0.001399 0.001064 0.017437 0.020334 0.004670 0.052503 0.023032 0.001032 0.021721 0.019933 0.004353 0.011148 0.031923 0.007044 0.013432 0.117940 0.001094 0.027842 0.001700 0.001880 0.004505 0.009802 0.070942 0.067327 0.021179 0.180538 0.145210 0.007228 0.106349 0.019423 0.008637 0.111388 0.026530 0.040150 0.042004 0.043377 0.009890 0.076927 0.083784 0.011096 0.003793 0.015716 0.049968 0.016500 0.024782 0.011399 0.050854 0.014506 0.016958 0.009654 0.016370 0.003331 0.000534 0.017674 0.013181 0.015388 0.008146 0.002499 0.003842 0.031293 0.008421 0.000477 0.064999 
0.017789 0.031666 0.000283 0.000209 0.020242 0.007613 0.000228 0.255762 0.026309 0.000201 0.004327 0.001812 0.000622 0.007814 0.010548 0.001663 0.005634 0.180965 0.000236 0.016475 0.010972 0.000535 0.000754 0.001113 0.042109 0.037700 0.003217 0.213314 0.357405 0.002197 0.019772 0.004338 0.002580 0.842488 0.047436 0.021979 0.019921 0.092872 0.003041 0.061606 0.402873 0.012955 0.000917 0.026682 0.010377 0.004247 0.210936 0.071934 0.069052 0.003380 0.004481 0.003712 0.008365 0.000751 0.002409 0.144974 0.002648 0.007497 0.001379 0.000984 0.001921 0.064806 0.009446 0.000086 0.055666 
0.001428 0.000627 0.000336 0.000668 0.000976 0.004529 0.002961 0.000510 0.001320 0.000184 0.006364 0.029718 0.007462 0.001040 0.007374 0.004598 0.002076 0.003557 0.001205 0.002765 0.000011 0.000835 0.008612 0.030305 0.004702 0.005712 0.201333 0.005729 0.001593 0.009781 0.245651 0.028099 0.005060 0.001128 0.000314 0.002122 0.005475 0.000559 0.002845 0.001786 0.000729 0.000152 0.001892 0.000129 0.023123 0.014792 0.000107 0.000148 0.000824 0.013102 0.003137 0.001165 0.001974 0.006738 0.000006 0.000326 0.007206 0.001291 0.010527 0.000483 0.000349 0.000999 0.000366 0.000147 0.004333 
0.013946 0.009484 0.001453 0.001419 0.013352 0.022743 0.005125 0.024977 0.018025 0.001096 0.025115 0.031530 0.007123 0.009938 0.039764 0.010174 0.014796 0.078105 0.001479 0.028380 0.000761 0.002361 0.006621 0.012113 0.064650 0.074486 0.029490 0.103926 0.063143 0.010701 0.167762 0.033817 0.012984 0.043796 0.008704 0.040722 0.061649 0.018778 0.015626 0.044391 0.036923 0.006089 0.005528 0.009243 0.072413 0.028510 0.010712 0.005827 0.032719 0.020953 0.019612 0.011273 0.019709 0.004459 0.000283 0.008878 0.017061 0.015137 0.007770 0.002404 0.003347 0.019753 0.007176 0.000394 0.053999 
0.009114 0.006114 0.001722 0.002483 0.007438 0.021298 0.008884 0.011979 0.009104 0.001143 0.031054 0.068859 0.017072 0.006116 0.036404 0.015261 0.011653 0.027884 0.003078 0.014747 0.000247 0.002752 0.017328 0.044002 0.027588 0.034044 0.136993 0.038239 0.018549 0.030321 0.685427 0.092085 0.018401 0.016513 0.003066 0.013166 0.026822 0.006775 0.012103 0.013642 0.012399 0.002001 0.007099 0.002866 0.080873 0.043741 0.003357 0.001801 0.012872 0.038215 0.017130 0.008035 0.012529 0.014102 0.000097 0.003258 0.028702 0.010223 0.021430 0.002347 0.002547 0.008323 0.003478 0.000506 0.027666 
0.019107 0.012854 0.002072 0.002233 0.012377 0.034019 0.009795 0.024977 0.020256 0.001709 0.044121 0.048926 0.011871 0.012507 0.057406 0.018457 0.022061 0.080239 0.003073 0.035254 0.000764 0.004101 0.013431 0.027822 0.075920 0.090403 0.059515 0.098729 0.052276 0.028988 0.455054 0.104754 0.050199 0.038155 0.008644 0.037457 0.077383 0.015884 0.033705 0.048235 0.039202 0.005548 0.012057 0.008051 0.144376 0.055066 0.010446 0.005572 0.030563 0.044974 0.029056 0.017097 0.025417 0.011347 0.000236 0.007249 0.032828 0.020733 0.021305 0.003483 0.004803 0.020640 0.009666 0.000653 0.066999 
0.012299 0.010581 0.001224 0.001252 0.011218 0.019081 0.005467 0.023703 0.016478 0.000915 0.021297 0.020658 0.005879 0.009152 0.030523 0.008250 0.012958 0.068004 0.001321 0.024271 0.000784 0.001933 0.005427 0.009288 0.057320 0.060396 0.022787 0.102460 0.056679 0.008843 0.127918 0.027803 0.010390 0.048617 0.009676 0.047468 0.057370 0.019337 0.012796 0.051970 0.042302 0.006923 0.004653 0.009178 0.059668 0.021773 0.011405 0.005954 0.032909 0.018562 0.018406 0.011510 0.019458 0.004559 0.000299 0.010344 0.015336 0.013164 0.009650 0.002281 0.003377 0.020751 0.007286 0.000317 0.045666 
0.001867 0.002116 0.000188 0.000209 0.001463 0.002891 0.000228 0.003441 0.002777 0.000124 0.003224 0.003262 0.000961 0.001401 0.005041 0.001565 0.001572 0.009247 0.000172 0.003303 0.000128 0.000284 0.000943 0.001926 0.006430 0.008454 0.003217 0.014123 0.007682 0.001502 0.020671 0.004387 0.001283 0.006975 0.001615 0.006746 0.010489 0.003486 0.002032 0.008120 0.006017 0.001223 0.000785 0.001562 0.013197 0.003808 0.001919 0.000805 0.004946 0.003432 0.003102 0.001777 0.003375 0.000852 0.000054 0.001873 0.002217 0.002762 0.001629 0.000473 0.000640 0.002996 0.001355 0.000080 0.010000 
0.006808 0.004233 0.000928 0.000897 0.004390 0.012239 0.003759 0.008156 0.005508 0.000583 0.013830 0.025369 0.005653 0.004056 0.019695 0.006457 0.006850 0.020344 0.000973 0.010561 0.000280 0.001316 0.005385 0.011514 0.020743 0.024295 0.029758 0.026248 0.013959 0.009706 0.201614 0.042394 0.013227 0.014257 0.003051 0.010201 0.022727 0.005755 0.010673 0.014563 0.012034 0.001935 0.006198 0.002802 0.073767 0.033538 0.004637 0.001928 0.012618 0.028024 0.014235 0.007265 0.012206 0.007064 0.000115 0.002606 0.018293 0.010115 0.013535 0.001931 0.002212 0.008767 0.003881 0.000436 0.024333 
0.005930 0.003684 0.000915 0.001148 0.005060 0.014070 0.004670 0.007519 0.007738 0.000758 0.018751 0.034792 0.009271 0.004226 0.024083 0.008772 0.007976 0.027600 0.001534 0.010561 0.000223 0.001604 0.009408 0.020203 0.020190 0.027875 0.054690 0.032777 0.015645 0.015113 0.356195 0.053240 0.013654 0.011180 0.002722 0.010146 0.023325 0.006051 0.011125 0.015158 0.013219 0.001887 0.007322 0.003156 0.088092 0.047060 0.003464 0.002055 0.013062 0.040867 0.016786 0.008667 0.012278 0.014252 0.000116 0.003095 0.027655 0.010438 0.025440 0.002300 0.002751 0.009876 0.004320 0.000609 0.030666 
0.002306 0.001724 0.000431 0.000605 0.002439 0.007999 0.004214 0.003696 0.002868 0.000392 0.008145 0.030443 0.006840 0.002123 0.012975 0.005837 0.003558 0.008394 0.001085 0.004916 0.000084 0.001119 0.007061 0.021830 0.011132 0.011957 0.099192 0.012524 0.004778 0.012034 0.277706 0.042247 0.009179 0.004821 0.001122 0.005468 0.011824 0.001776 0.006985 0.006280 0.004285 0.000759 0.005198 0.001111 0.055269 0.037346 0.001066 0.000572 0.005580 0.037435 0.009754 0.004817 0.006929 0.022143 0.000032 0.000570 0.028271 0.006313 0.034213 0.001732 0.001659 0.003440 0.002087 0.000548 0.019666 
0.015703 0.014344 0.000901 0.001043 0.014876 0.016383 0.004100 0.054924 0.019982 0.000744 0.017988 0.015584 0.003674 0.009534 0.026603 0.006261 0.012899 0.103855 0.000793 0.024079 0.001905 0.001563 0.004149 0.007020 0.064995 0.063595 0.018230 0.168413 0.143805 0.007810 0.114138 0.024007 0.009963 0.199904 0.049351 0.059763 0.070160 0.121713 0.013909 0.232729 0.202759 0.049022 0.005289 0.057245 0.078730 0.023530 0.047325 0.027248 0.151419 0.021317 0.029194 0.017571 0.036618 0.005110 0.001272 0.035755 0.021680 0.029018 0.011906 0.004742 0.007976 0.073129 0.019076 0.000528 0.140998 
0.017350 0.012619 0.001063 0.001148 0.014633 0.022069 0.004100 0.036574 0.020438 0.000892 0.022739 0.021745 0.004974 0.010766 0.035097 0.008707 0.013937 0.089629 0.001182 0.026690 0.001346 0.002098 0.005259 0.011129 0.070112 0.071820 0.024932 0.154023 0.113732 0.010626 0.158176 0.030761 0.013797 0.113645 0.027233 0.084164 0.098408 0.056795 0.020398 0.238143 0.110314 0.023804 0.007008 0.029838 0.108507 0.035979 0.031123 0.017141 0.113248 0.032444 0.037949 0.023830 0.047675 0.006913 0.000819 0.024271 0.026484 0.033897 0.013034 0.005310 0.008223 0.056595 0.018307 0.000759 0.146665 
0.002526 0.001019 0.000256 0.000313 0.001463 0.002987 0.001367 0.002804 0.001957 0.000201 0.004242 0.005799 0.002092 0.001019 0.006814 0.001859 0.002431 0.006829 0.000389 0.003226 0.000079 0.000407 0.001697 0.002868 0.006016 0.007692 0.009383 0.010126 0.005434 0.003210 0.050928 0.010796 0.003563 0.005128 0.001077 0.003754 0.009017 0.002598 0.003929 0.005630 0.004103 0.000986 0.003066 0.001143 0.031921 0.016061 0.001972 0.000848 0.004756 0.013362 0.006411 0.003692 0.005205 0.003106 0.000054 0.001303 0.008007 0.004268 0.005514 0.000909 0.001004 0.003551 0.001391 0.000176 0.009333 
0.010761 0.012933 0.000229 0.000230 0.009633 0.006168 0.000456 0.091116 0.013655 0.000141 0.003903 0.002174 0.000678 0.004693 0.007187 0.001272 0.003855 0.091336 0.000181 0.011751 0.003907 0.000448 0.000733 0.001798 0.033051 0.029094 0.004289 0.131373 0.208260 0.002290 0.023367 0.006211 0.003150 0.825154 0.061135 0.029052 0.030226 0.177291 0.004712 0.103183 1.223389 0.027882 0.001512 0.062542 0.023348 0.005516 0.251759 0.142448 0.172788 0.006135 0.010788 0.007463 0.017555 0.000977 0.004344 0.141308 0.005913 0.013056 0.002256 0.002025 0.004672 0.123176 0.019515 0.000167 0.108665 
0.006808 0.003057 0.000875 0.001002 0.003536 0.014070 0.005467 0.007391 0.007055 0.000613 0.017563 0.034430 0.007405 0.003865 0.019789 0.008218 0.006316 0.023474 0.001335 0.010292 0.000205 0.001473 0.007543 0.019604 0.019499 0.023458 0.055226 0.028113 0.015083 0.013405 0.294183 0.047866 0.013398 0.013129 0.002797 0.010554 0.022865 0.005624 0.011651 0.014833 0.012217 0.002181 0.008429 0.003237 0.103657 0.059362 0.004157 0.002076 0.011984 0.060260 0.020956 0.009990 0.015222 0.024347 0.000089 0.003421 0.039542 0.014133 0.037722 0.002849 0.003362 0.009876 0.004687 0.000913 0.047333 
0.012189 0.007603 0.000807 0.001002 0.008231 0.016190 0.002164 0.018096 0.011971 0.000597 0.014763 0.013047 0.003618 0.005181 0.021096 0.006424 0.007828 0.048656 0.000760 0.015630 0.000618 0.001333 0.004086 0.007705 0.035471 0.040137 0.017962 0.060623 0.044219 0.006890 0.127918 0.024451 0.009778 0.040822 0.008479 0.034329 0.078119 0.020784 0.016348 0.054352 0.041299 0.007113 0.006256 0.010724 0.085159 0.028851 0.012204 0.007458 0.043245 0.025789 0.028195 0.017453 0.029725 0.005811 0.000364 0.010099 0.021619 0.021199 0.013911 0.003682 0.005152 0.026744 0.010215 0.000592 0.082999 
0.002855 0.002195 0.000350 0.000292 0.001890 0.004337 0.001025 0.003568 0.002549 0.000218 0.004242 0.006161 0.001639 0.001423 0.006627 0.002576 0.001898 0.009674 0.000362 0.003072 0.000084 0.000374 0.002116 0.004238 0.007675 0.007921 0.013404 0.011325 0.006371 0.003511 0.067404 0.011683 0.004190 0.007385 0.001481 0.003808 0.009753 0.002368 0.004260 0.006442 0.005744 0.000958 0.003140 0.001626 0.038350 0.026215 0.001972 0.000911 0.006087 0.027192 0.009306 0.004817 0.007503 0.011447 0.000057 0.001955 0.019771 0.006349 0.020553 0.001533 0.001266 0.005659 0.002746 0.000384 0.021000 
0.002196 0.001960 0.000363 0.000480 0.001524 0.004915 0.001481 0.003696 0.002822 0.000245 0.004921 0.007611 0.001696 0.001210 0.007374 0.002022 0.002669 0.008678 0.000338 0.003610 0.000088 0.000452 0.001928 0.004323 0.009334 0.009139 0.014745 0.012924 0.007495 0.003642 0.067105 0.012423 0.004034 0.008718 0.001316 0.004189 0.009477 0.002861 0.004441 0.007038 0.006108 0.001119 0.003248 0.001562 0.047486 0.025629 0.002132 0.001420 0.006214 0.032184 0.011030 0.005192 0.007862 0.021441 0.000057 0.001873 0.029995 0.009003 0.030453 0.001751 0.001863 0.004106 0.003295 0.000609 0.026666 
0.001647 0.000862 0.000309 0.000250 0.000793 0.003180 0.001139 0.001657 0.001684 0.000141 0.003648 0.006161 0.001244 0.000616 0.005414 0.001370 0.001601 0.005691 0.000334 0.002419 0.000053 0.000366 0.001173 0.003810 0.004494 0.004874 0.013136 0.007728 0.004122 0.003041 0.056320 0.010500 0.002993 0.004205 0.000703 0.002775 0.006671 0.001546 0.002920 0.004710 0.003920 0.000484 0.002173 0.000998 0.031357 0.018404 0.001066 0.000636 0.004058 0.023241 0.007342 0.003731 0.005780 0.021091 0.000036 0.001059 0.024637 0.005596 0.052134 0.001467 0.001266 0.003107 0.002014 0.000653 0.014666 
0.002416 0.001724 0.000175 0.000334 0.001402 0.004144 0.001367 0.003696 0.001957 0.000171 0.004836 0.009423 0.002261 0.001147 0.007001 0.002315 0.002313 0.009532 0.000380 0.002842 0.000084 0.000432 0.001991 0.004066 0.006638 0.007235 0.012868 0.009593 0.005434 0.003304 0.057518 0.011190 0.003606 0.005949 0.001391 0.004461 0.009661 0.002466 0.003583 0.006929 0.005470 0.001024 0.002843 0.001449 0.042410 0.021138 0.002132 0.001250 0.006024 0.029584 0.009168 0.004798 0.007862 0.028630 0.000059 0.001547 0.030673 0.007640 0.045868 0.001751 0.002038 0.004550 0.002966 0.000666 0.023000 
0.010322 0.008543 0.000807 0.000814 0.007865 0.014070 0.002961 0.019370 0.012381 0.000563 0.013236 0.020658 0.003279 0.005797 0.022029 0.005022 0.008451 0.049936 0.000848 0.015016 0.000803 0.001333 0.004023 0.007747 0.040242 0.041584 0.018230 0.076212 0.054899 0.008261 0.131214 0.027162 0.011502 0.069746 0.014521 0.041919 0.073150 0.034268 0.019660 0.099880 0.084148 0.014558 0.009057 0.022415 0.131517 0.042764 0.024941 0.015022 0.117115 0.044090 0.061008 0.042941 0.093088 0.009543 0.000796 0.020199 0.044716 0.068654 0.023310 0.010629 0.015893 0.074794 0.033136 0.001233 0.241997 
0.003843 0.002038 0.000350 0.000710 0.003414 0.007228 0.002050 0.006881 0.004051 0.000288 0.007721 0.010872 0.002261 0.002888 0.011201 0.003326 0.004389 0.020060 0.000547 0.007450 0.000201 0.000790 0.002640 0.006292 0.016249 0.016908 0.015281 0.025049 0.017144 0.004637 0.088974 0.016958 0.006813 0.014872 0.003155 0.010609 0.022451 0.007893 0.009950 0.019326 0.017413 0.002760 0.007297 0.003800 0.121366 0.048330 0.005916 0.002818 0.019657 0.071543 0.039052 0.018282 0.028002 0.014929 0.000166 0.004968 0.066026 0.025718 0.029952 0.005953 0.006316 0.017311 0.009886 0.001380 0.080332 
0.006369 0.006192 0.000579 0.000563 0.006524 0.011179 0.002734 0.018223 0.008922 0.000449 0.011879 0.010510 0.002544 0.004990 0.016802 0.003457 0.005901 0.039977 0.000612 0.010484 0.000744 0.000999 0.002829 0.005564 0.029110 0.027113 0.015013 0.063821 0.047685 0.004881 0.085379 0.018092 0.007469 0.068618 0.012951 0.027583 0.046466 0.031966 0.011064 0.074004 0.082325 0.013220 0.005504 0.021384 0.086174 0.028851 0.029045 0.016633 0.127388 0.029272 0.037604 0.027067 0.056973 0.006112 0.000928 0.023456 0.028702 0.051903 0.019425 0.008461 0.015325 0.100871 0.039580 0.001009 0.273329 
0.002306 0.003135 0.000094 0.000083 0.002622 0.001735 0.000228 0.031094 0.003687 0.000044 0.001103 0.000362 0.000170 0.001444 0.001493 0.000391 0.001423 0.021198 0.000051 0.002650 0.001141 0.000160 0.000210 0.000300 0.009404 0.008835 0.000268 0.033842 0.048528 0.000751 0.007789 0.002120 0.001069 0.147287 0.012053 0.008324 0.009845 0.033577 0.001686 0.030966 0.174132 0.007739 0.000711 0.019500 0.011054 0.003368 0.395492 0.099394 0.091689 0.003588 0.005963 0.004403 0.011452 0.000701 0.008685 0.877171 0.004188 0.010833 0.002506 0.001685 0.004905 0.228709 0.024861 0.000154 0.149665 
0.000329 0.000078 0.000067 0.000063 0.000549 0.001253 0.000114 0.001019 0.000546 0.000054 0.001273 0.001087 0.000452 0.000212 0.001867 0.000391 0.000504 0.001849 0.000125 0.000691 0.000020 0.000115 0.000629 0.001455 0.002697 0.003123 0.004021 0.002931 0.001593 0.000995 0.016177 0.003401 0.000998 0.001231 0.000404 0.001006 0.003082 0.000954 0.000963 0.002436 0.001368 0.000313 0.001033 0.000435 0.014776 0.007664 0.000373 0.000297 0.001649 0.009723 0.003205 0.001579 0.003267 0.011021 0.000020 0.000733 0.015152 0.002905 0.080958 0.001060 0.000873 0.002219 0.001062 0.000442 0.009000 
0.001208 0.000862 0.000161 0.000292 0.001829 0.003180 0.000911 0.004715 0.002549 0.000164 0.003733 0.005799 0.001809 0.001168 0.005974 0.001859 0.001957 0.012520 0.000408 0.004416 0.000121 0.000703 0.002850 0.006635 0.014866 0.016527 0.021983 0.022251 0.011992 0.006196 0.149488 0.029380 0.013954 0.016103 0.003828 0.020347 0.054380 0.008550 0.023830 0.037029 0.019510 0.004401 0.021973 0.006779 0.394439 0.162465 0.006075 0.003962 0.046352 0.285911 0.198809 0.083334 0.126762 0.071889 0.000320 0.005783 0.533938 0.175688 0.185727 0.054620 0.039951 0.047162 0.035625 0.010274 0.338995 
0.002745 0.001724 0.000242 0.000417 0.001890 0.005108 0.001936 0.007009 0.003232 0.000225 0.004497 0.005799 0.001470 0.002060 0.007561 0.002348 0.002254 0.012093 0.000338 0.004839 0.000172 0.000502 0.001215 0.003596 0.008159 0.011500 0.008579 0.018387 0.015364 0.002854 0.046135 0.010155 0.003777 0.017026 0.003096 0.008188 0.015688 0.007005 0.006338 0.015212 0.015590 0.002665 0.003826 0.004428 0.054028 0.023335 0.005809 0.003284 0.019847 0.023657 0.026161 0.014590 0.028720 0.007339 0.000209 0.005457 0.038372 0.037950 0.020177 0.012758 0.012007 0.022305 0.014536 0.001220 0.117665 
0.003624 0.001489 0.000363 0.000292 0.002927 0.004626 0.000911 0.005735 0.003732 0.000278 0.006024 0.013772 0.002318 0.001954 0.009708 0.003033 0.002847 0.013515 0.000547 0.004877 0.000196 0.000535 0.002745 0.005265 0.011201 0.014471 0.015281 0.021585 0.012647 0.005520 0.102155 0.020458 0.007796 0.017539 0.003021 0.011915 0.027374 0.006709 0.010688 0.019976 0.018416 0.002798 0.008826 0.004766 0.128359 0.065074 0.005276 0.003051 0.025554 0.096188 0.046393 0.023751 0.038951 0.045513 0.000205 0.004724 0.281042 0.049033 0.157781 0.017131 0.015209 0.021417 0.016330 0.008093 0.158331 
0.001537 0.002351 0.000108 0.000334 0.001890 0.000867 0.000342 0.007264 0.001957 0.000091 0.002461 0.003624 0.000339 0.000934 0.003454 0.000913 0.000860 0.011666 0.000116 0.002573 0.000285 0.000144 0.000503 0.001199 0.004840 0.005636 0.000536 0.014123 0.013865 0.000957 0.010485 0.002268 0.001097 0.028309 0.002946 0.003836 0.006165 0.008090 0.001490 0.011802 0.031088 0.002343 0.000678 0.005427 0.011167 0.003124 0.031550 0.011781 0.019720 0.002912 0.003654 0.002014 0.004595 0.000802 0.001016 0.065645 0.002772 0.004914 0.002757 0.001032 0.001746 0.044610 0.006371 0.000096 0.046666 
0.003514 0.002351 0.000229 0.000376 0.002744 0.005108 0.001936 0.007264 0.003824 0.000251 0.006873 0.009060 0.002318 0.002123 0.009708 0.002478 0.003084 0.016930 0.000431 0.006106 0.000207 0.000564 0.002389 0.005950 0.012446 0.017136 0.014477 0.023450 0.018456 0.005538 0.100657 0.020606 0.008366 0.016821 0.003828 0.011343 0.030640 0.007630 0.012058 0.023766 0.020057 0.003623 0.008677 0.005555 0.142571 0.061022 0.006981 0.003983 0.028787 0.086725 0.057285 0.028272 0.049147 0.034491 0.000223 0.007493 0.217418 0.065498 0.112414 0.025999 0.022704 0.034179 0.023396 0.008715 0.241663 
0.004612 0.003057 0.000229 0.000167 0.003231 0.004337 0.000683 0.014273 0.004779 0.000181 0.003309 0.003987 0.001018 0.002187 0.005041 0.001304 0.002046 0.020771 0.000172 0.004532 0.000547 0.000333 0.000754 0.001669 0.011754 0.009901 0.005094 0.027314 0.029510 0.001352 0.023666 0.005176 0.002352 0.060822 0.008464 0.010038 0.011916 0.022725 0.003312 0.027122 0.076399 0.006202 0.001570 0.012866 0.020303 0.007518 0.071147 0.031592 0.057385 0.008319 0.008824 0.006377 0.013714 0.001703 0.003084 0.105309 0.007576 0.013164 0.002882 0.002338 0.004541 0.177108 0.022371 0.000234 0.140998 
0.001318 0.001489 0.000121 0.000104 0.001219 0.003373 0.000228 0.003186 0.001912 0.000101 0.002291 0.005074 0.000565 0.000828 0.003920 0.000978 0.001275 0.007967 0.000158 0.002343 0.000104 0.000259 0.000901 0.001498 0.005946 0.006321 0.003485 0.009593 0.005996 0.001295 0.022768 0.004782 0.001767 0.008718 0.001510 0.004325 0.007177 0.002960 0.002950 0.007146 0.008205 0.001091 0.001892 0.002061 0.024476 0.011765 0.003091 0.001165 0.008497 0.014662 0.010582 0.006495 0.012350 0.003732 0.000069 0.002688 0.020880 0.015101 0.014788 0.006606 0.005443 0.011208 0.005382 0.000765 0.050666 
0.002635 0.002273 0.000336 0.000480 0.002439 0.004722 0.001139 0.005607 0.002959 0.000245 0.005091 0.009060 0.002035 0.001699 0.007841 0.002870 0.003351 0.015223 0.000431 0.004378 0.000216 0.000547 0.002011 0.004537 0.012653 0.012567 0.013941 0.018787 0.010867 0.004243 0.077290 0.015528 0.006115 0.014359 0.002647 0.009657 0.021347 0.007301 0.008370 0.017161 0.016319 0.002608 0.006388 0.003897 0.096777 0.045645 0.006715 0.003136 0.020861 0.064368 0.037122 0.018637 0.030551 0.028705 0.000182 0.004480 0.156997 0.039205 0.101260 0.015635 0.013768 0.022971 0.014792 0.007510 0.155331 
0.000329 0.000078 0.000013 0.000042 0.000061 0.000289 0.000456 0.000382 0.000319 0.000013 0.000509 0.000362 0.000113 0.000106 0.000280 0.000228 0.000119 0.000996 0.000037 0.000461 0.000007 0.000029 0.000189 0.000385 0.000484 0.000838 0.000536 0.000666 0.000656 0.000432 0.004494 0.000887 0.000442 0.001231 0.000194 0.000435 0.001150 0.000329 0.000256 0.000541 0.000821 0.000171 0.000273 0.000129 0.004850 0.002294 0.000160 0.000064 0.001078 0.001872 0.001206 0.000513 0.001149 0.002004 0.000008 0.000163 0.004311 0.001291 0.029827 0.000360 0.000451 0.000333 0.000476 0.000240 0.004667 
0.002086 0.002273 0.000161 0.000167 0.002561 0.002506 0.000228 0.014400 0.003550 0.000114 0.002630 0.002174 0.000396 0.001401 0.004854 0.000978 0.001720 0.016076 0.000172 0.003572 0.000561 0.000197 0.000691 0.001027 0.009265 0.010206 0.004289 0.029712 0.031290 0.000864 0.017375 0.003944 0.001767 0.070054 0.008614 0.009222 0.011686 0.022231 0.002604 0.027880 0.083966 0.005852 0.001116 0.013285 0.017370 0.006444 0.100831 0.039918 0.068671 0.006083 0.008893 0.005745 0.012816 0.001478 0.003897 0.184963 0.005974 0.012913 0.003760 0.002442 0.005283 0.247351 0.026728 0.000250 0.167998 
0.001867 0.001646 0.000161 0.000376 0.001951 0.004529 0.001139 0.005607 0.002913 0.000201 0.004327 0.007973 0.001470 0.001571 0.007934 0.001826 0.002431 0.014085 0.000278 0.004954 0.000152 0.000444 0.001446 0.003938 0.010994 0.012262 0.010723 0.019719 0.011148 0.003248 0.057518 0.011437 0.004561 0.014462 0.003036 0.008460 0.016240 0.006051 0.006097 0.016187 0.014131 0.002646 0.004115 0.003591 0.072301 0.027631 0.005276 0.003157 0.018832 0.039931 0.029091 0.015873 0.027643 0.013952 0.000178 0.005050 0.076743 0.033681 0.051382 0.016232 0.014336 0.024302 0.016366 0.004205 0.141998 
0.003404 0.001489 0.000269 0.000188 0.001280 0.003277 0.001139 0.004970 0.003232 0.000158 0.004921 0.005799 0.001639 0.001550 0.007467 0.001467 0.002254 0.012093 0.000371 0.003456 0.000143 0.000415 0.001865 0.002354 0.009404 0.010282 0.010723 0.015456 0.012647 0.002854 0.058717 0.011190 0.003848 0.014462 0.002438 0.007209 0.015274 0.006051 0.005901 0.013967 0.014678 0.002219 0.004372 0.003124 0.067789 0.030902 0.005596 0.002649 0.016486 0.041023 0.024886 0.013188 0.022150 0.015330 0.000171 0.004398 0.086351 0.028157 0.067298 0.012351 0.011963 0.018865 0.012632 0.006018 0.121998 
0.002196 0.002351 0.000283 0.000334 0.002378 0.004048 0.000683 0.009303 0.004006 0.000171 0.004412 0.006161 0.001583 0.002145 0.007747 0.002446 0.003113 0.018922 0.000334 0.005261 0.000276 0.000485 0.001802 0.003596 0.012377 0.015842 0.009383 0.027047 0.018268 0.003567 0.059615 0.012817 0.006172 0.022565 0.004890 0.015043 0.029628 0.011412 0.009604 0.031290 0.030633 0.004913 0.005909 0.008550 0.099258 0.034953 0.013323 0.007437 0.050917 0.046638 0.047427 0.029417 0.061891 0.015881 0.000482 0.010262 0.084565 0.095449 0.046996 0.049575 0.081532 0.071132 0.059461 0.004269 0.603991 
0.004063 0.002351 0.000296 0.000250 0.002378 0.004529 0.001139 0.006499 0.003323 0.000261 0.006703 0.009060 0.000848 0.002187 0.007654 0.002185 0.003054 0.016788 0.000413 0.005376 0.000252 0.000481 0.002137 0.003895 0.012792 0.012262 0.009115 0.021318 0.018268 0.003286 0.061413 0.012521 0.005131 0.022155 0.004038 0.011942 0.025304 0.009669 0.008370 0.023874 0.024798 0.003813 0.005239 0.006199 0.083242 0.034416 0.008634 0.004640 0.034621 0.043986 0.039362 0.022151 0.047675 0.013125 0.000278 0.008226 0.078037 0.063417 0.044113 0.040177 0.037346 0.045276 0.033282 0.003939 0.360995 
0.001647 0.001411 0.000027 -0.000000 0.000854 0.000289 0.000228 0.009558 0.001183 0.000030 0.000509 0.000362 -0.000000 0.000467 0.000747 0.000163 0.000682 0.007967 0.000023 0.001344 0.000375 0.000074 0.000126 0.000214 0.004494 0.003884 0.000268 0.015989 0.017894 0.000375 0.005093 0.001134 0.000570 0.047796 0.004172 0.003836 0.005337 0.013187 0.001054 0.014021 0.063818 0.003262 0.000289 0.007858 0.006542 0.001562 0.108239 0.031740 0.043688 0.002340 0.004102 0.002211 0.006462 0.000326 0.003240 0.351764 0.002648 0.005918 0.001880 0.001259 0.002925 0.174222 0.016806 0.000115 0.092665 
0.004063 0.002430 0.000202 0.000146 0.002317 0.003951 0.000569 0.009812 0.003732 0.000188 0.004667 0.007248 0.001470 0.001911 0.008214 0.001794 0.002550 0.017072 0.000320 0.004992 0.000283 0.000473 0.001613 0.003810 0.011685 0.012719 0.006970 0.025315 0.019486 0.002948 0.054822 0.009465 0.004689 0.031488 0.005174 0.012975 0.023509 0.014043 0.006563 0.032373 0.035465 0.005539 0.004033 0.009565 0.062939 0.022017 0.014549 0.009280 0.055292 0.027400 0.030090 0.018914 0.043475 0.006738 0.000605 0.015312 0.038433 0.059436 0.023811 0.016042 0.047985 0.105865 0.105412 0.001675 1.049985 
0.003184 0.001960 0.000269 0.000230 0.002683 0.003566 0.000456 0.010322 0.003596 0.000181 0.002715 0.005074 0.000791 0.001720 0.004387 0.001728 0.002283 0.018210 0.000204 0.003879 0.000380 0.000288 0.001069 0.001627 0.010510 0.009292 0.003485 0.021052 0.022859 0.001483 0.024266 0.005127 0.001867 0.044719 0.005817 0.008514 0.013204 0.015621 0.003237 0.025498 0.047408 0.005093 0.001636 0.010676 0.024702 0.007567 0.034801 0.017692 0.051932 0.009567 0.011926 0.006732 0.014898 0.002204 0.001415 0.041945 0.011456 0.016177 0.005514 0.003455 0.008281 0.408368 0.038408 0.000372 0.241330 
0.001977 0.002116 0.000215 0.000188 0.002866 0.003084 0.000228 0.012361 0.003277 0.000107 0.002885 0.003262 0.000622 0.001762 0.005227 0.001109 0.001927 0.018210 0.000181 0.003341 0.000369 0.000267 0.000754 0.001498 0.010164 0.009292 0.003753 0.023050 0.023889 0.001408 0.025763 0.003944 0.001896 0.050258 0.006266 0.008786 0.013434 0.017693 0.003026 0.027068 0.063909 0.005870 0.001570 0.011336 0.021656 0.007957 0.047804 0.023921 0.064740 0.007955 0.010030 0.007028 0.016370 0.002229 0.002145 0.066867 0.010101 0.017217 0.004762 0.003426 0.007437 0.382512 0.039360 0.000394 0.252996 
0.001428 0.001254 0.000121 0.000250 0.000976 0.002217 0.000342 0.003186 0.001593 0.000114 0.003055 0.003987 0.001018 0.000786 0.003734 0.001044 0.001305 0.005975 0.000213 0.001920 0.000075 0.000255 0.000985 0.001969 0.005670 0.005103 0.006434 0.009060 0.004497 0.001990 0.039843 0.007542 0.002409 0.004410 0.001092 0.003400 0.009109 0.002828 0.003402 0.006713 0.007932 0.001119 0.002554 0.001594 0.040267 0.018160 0.002452 0.001144 0.007609 0.026049 0.013546 0.007344 0.012637 0.017384 0.000062 0.002036 0.059990 0.013953 0.131839 0.005499 0.005676 0.010653 0.005163 0.006008 0.052333 
0.002196 0.001176 0.000161 0.000167 0.001829 0.002698 0.000683 0.005225 0.002412 0.000151 0.003394 0.004711 0.000961 0.001147 0.005414 0.001859 0.001927 0.007825 0.000204 0.003572 0.000124 0.000300 0.001152 0.002397 0.007053 0.008225 0.007775 0.015056 0.008806 0.002028 0.036848 0.006359 0.002865 0.011488 0.002213 0.005440 0.013204 0.005426 0.004516 0.011964 0.012946 0.002020 0.002901 0.002898 0.050419 0.018746 0.004157 0.002479 0.016803 0.023813 0.018371 0.010345 0.020535 0.008567 0.000168 0.005620 0.044654 0.026185 0.031832 0.013052 0.014059 0.018532 0.015305 0.003212 0.154998 
0.001647 0.001489 0.000081 0.000083 0.002134 0.002024 0.000683 0.010067 0.002458 0.000067 0.001273 0.003262 0.000452 0.000977 0.002427 0.000750 0.000979 0.010812 0.000102 0.002496 0.000318 0.000144 0.000251 0.000514 0.007053 0.006245 0.001072 0.017987 0.016582 0.000957 0.013481 0.003254 0.000983 0.040206 0.005533 0.005876 0.007039 0.012859 0.002017 0.017702 0.050781 0.004135 0.000711 0.008325 0.014776 0.004735 0.057717 0.022777 0.038933 0.004419 0.006066 0.003633 0.008042 0.000802 0.002196 0.125834 0.005605 0.008788 0.001504 0.001950 0.004104 0.181324 0.018856 0.000167 0.119332 
0.000439 0.000784 0.000027 0.000021 0.000549 0.000193 -0.000000 0.004333 0.000592 0.000017 0.000170 -0.000000 -0.000000 0.000276 0.000653 0.000196 0.000297 0.005548 0.000037 0.001114 0.000238 0.000058 0.000063 0.000342 0.003941 0.002894 0.000268 0.011725 0.012366 0.000357 0.005692 0.001232 0.001197 0.039386 0.005055 0.007861 0.012882 0.014766 0.002619 0.033510 0.063362 0.006923 0.000868 0.016489 0.017257 0.004101 0.055052 0.031761 0.138357 0.006447 0.012960 0.010582 0.033423 0.001803 0.003446 0.084785 0.012873 0.042469 0.003634 0.008177 0.027449 1.972486 0.258897 0.000644 1.501645 
0.001428 0.000941 0.000027 0.000021 0.001280 0.000289 -0.000000 0.008028 0.001320 0.000057 0.000679 0.000362 0.000057 0.000467 0.000560 0.000130 0.000415 0.009105 0.000028 0.001498 0.000318 0.000078 0.000126 0.000471 0.003388 0.002970 -0.000000 0.012391 0.016020 0.000375 0.005392 0.001183 0.000698 0.040822 0.004457 0.003890 0.006901 0.012431 0.000963 0.013480 0.053881 0.003556 0.000347 0.007262 0.006204 0.002050 0.084843 0.027163 0.038108 0.002756 0.002964 0.002547 0.006570 0.000676 0.002911 0.234482 0.003080 0.007533 0.001880 0.001316 0.003493 0.195085 0.018820 0.000135 0.118665 
0.000220 0.000392 0.000027 -0.000000 0.000366 0.000096 -0.000000 0.003058 0.000455 -0.000000 0.000085 -0.000000 0.000057 0.000085 0.000560 0.000130 0.000267 0.004837 0.000032 0.000806 0.000141 0.000037 0.000063 0.000471 0.002973 0.003123 0.000536 0.010526 0.008713 0.000263 0.007789 0.001676 0.000926 0.027898 0.003619 0.008269 0.014446 0.013187 0.002815 0.034160 0.054428 0.005975 0.000793 0.015362 0.017257 0.003905 0.035920 0.023540 0.135567 0.008059 0.015131 0.012398 0.040746 0.001503 0.002377 0.056523 0.016938 0.057499 0.007895 0.012474 0.044797 1.140990 0.515268 0.001047 2.922959 
