# Flux Network Reconstruction using RW method
# Walkers leave from emitting cells
# Probability involves emitting fluxes, then absorbing flux is shared among connections
# Seed: 1685043331
# Threshold: 0.5
# Precision: 100000.0
# Dt: 1.0
# Radius step: 8.000000
# Matrix output


0.001381 0.000770 0.189332 0.001178 0.273021 0.010177 0.072136 0.002749 0.000148 0.005096 0.000089 0.008694 0.000259 0.004980 0.000068 0.062539 0.005249 0.007232 0.008414 0.000123 0.000100 0.000073 0.011107 -0.000000 0.004428 -0.000000 0.000140 0.012603 0.016176 0.000118 0.000180 0.000374 0.000785 0.000534 0.000136 0.001598 0.000372 0.000240 0.000215 0.004648 0.000037 0.000622 0.001497 0.000018 0.000137 0.006305 0.000636 -0.000000 0.000047 0.000499 0.000308 0.000023 0.000198 -0.000000 0.000024 -0.000000 0.000215 0.002816 -0.000000 0.000323 0.000050 -0.000000 0.000017 0.000131 0.000058 -0.000000 0.000116 0.000127 -0.000000 0.000050 0.000034 
0.330812 0.152274 0.036212 0.135665 0.045482 0.005702 0.088563 0.082536 0.042136 0.022611 0.003270 0.012860 0.022428 0.106392 0.005605 0.019151 0.048968 0.011073 0.007624 0.004816 0.007800 0.002228 0.008006 0.002238 0.018819 0.000908 0.000442 0.009555 0.004476 0.004914 0.003728 0.003905 0.002822 0.002621 0.004626 0.001620 0.003922 0.003202 0.000888 0.001070 0.001037 0.000262 0.004310 0.000372 0.000067 0.002274 0.002863 0.001288 0.000703 0.000763 0.002464 0.000187 0.000268 0.000050 0.000165 0.000037 0.000682 0.000971 0.000151 0.000403 0.000099 0.000196 0.000134 0.000044 0.000029 0.000002 0.000309 0.000063 0.000003 0.000050 0.000034 
0.151737 0.091364 0.052519 0.089120 0.064065 0.007939 0.121417 0.080138 0.031195 0.030679 0.003111 0.017122 0.020483 0.111902 0.005171 0.027177 0.050211 0.014754 0.009770 0.005092 0.007279 0.002717 0.011784 0.001687 0.021623 0.000860 0.000530 0.012685 0.007800 0.004974 0.003548 0.004307 0.003558 0.003085 0.004762 0.002071 0.003344 0.003763 0.001413 0.001498 0.001241 0.000337 0.003652 0.000346 0.000092 0.003618 0.003054 0.000914 0.000656 0.001203 0.003490 0.000421 0.000381 0.000125 0.000235 0.000098 0.000790 0.000388 0.000086 0.001371 0.000298 0.000065 0.000117 0.000175 0.000159 0.000002 0.000425 0.000095 -0.000000 0.000050 0.000034 
0.016430 0.046487 0.003118 0.038955 0.006108 0.000608 0.012856 0.029189 0.065644 0.004326 0.001397 0.002664 0.039670 0.032320 0.003725 0.005165 0.013744 0.002841 0.001807 0.003313 0.005715 0.002540 0.003496 0.002513 0.007823 0.001091 0.000205 0.004366 0.002749 0.005506 0.002699 0.002354 0.001718 0.001554 0.003946 0.000968 0.002931 0.004483 0.000646 0.000520 0.000796 0.000247 0.002215 0.000488 0.000036 0.002067 0.002227 0.001412 0.000914 0.000587 0.002772 0.000491 0.000296 0.000150 0.000282 0.000110 0.000646 0.000097 0.000129 0.000645 0.000547 0.000457 0.000200 0.000219 0.000116 0.000002 0.000502 0.000079 0.000017 0.000101 0.000051 
0.000690 0.001470 0.000120 0.001352 0.000780 0.000059 0.001071 0.001462 0.008279 0.000265 0.000089 0.000121 0.003889 0.001907 0.000281 0.000318 0.001243 0.000194 0.000282 0.000256 0.000602 0.000198 0.000169 0.000103 0.000590 0.000058 0.000018 0.000741 0.000128 0.000474 0.000463 0.000267 0.000123 0.000186 0.000272 0.000158 0.000495 0.000560 0.000108 0.000153 0.000167 0.000030 0.000120 0.000044 0.000017 0.000207 0.000509 0.000083 0.000164 0.000147 0.000616 0.000070 0.000042 -0.000000 0.000047 0.000012 0.000180 -0.000000 0.000043 0.000323 0.000099 -0.000000 0.000017 0.000022 -0.000000 0.000000 0.000039 -0.000000 0.000003 0.000034 0.000017 
0.039488 0.097175 0.008993 0.098106 0.009356 0.001403 0.025950 0.053874 0.083089 0.008838 0.002969 0.005013 0.046800 0.066548 0.006778 0.008344 0.026936 0.005779 0.004348 0.005531 0.010928 0.004518 0.007160 0.004475 0.012619 0.001545 0.000348 0.009225 0.003580 0.009947 0.005296 0.004842 0.003141 0.003201 0.006667 0.002116 0.006068 0.007605 0.001602 0.000795 0.002074 0.000397 0.004609 0.000709 0.000099 0.004548 0.005472 0.002991 0.001312 0.001232 0.005133 0.000888 0.000522 0.000225 0.000541 0.000147 0.001257 0.000680 0.000474 0.002500 0.000945 0.000327 0.000284 0.000110 0.000174 0.000005 0.000425 0.000143 0.000020 0.000185 0.000068 
0.001105 0.003851 0.000600 0.004406 0.000520 0.000039 0.002500 0.003744 0.026612 0.000451 0.000357 0.000605 0.015038 0.006040 0.000544 0.000954 0.002625 0.000291 0.000367 0.000603 0.001363 0.000562 0.000564 0.000448 0.001107 0.000309 0.000030 0.000824 0.000575 0.001243 0.000668 0.000615 0.000196 0.000209 0.001088 0.000135 0.000413 0.000961 0.000162 0.000153 0.000296 0.000015 0.000239 0.000035 0.000012 0.000310 0.000254 0.000291 0.000070 0.000205 0.000821 0.000210 0.000042 0.000025 0.000071 0.000037 0.000180 -0.000000 -0.000000 0.000323 0.000199 0.000065 0.000033 0.000022 0.000072 0.000001 0.000116 -0.000000 -0.000000 0.000017 -0.000000 
0.000552 0.000910 0.011751 0.001570 0.014944 0.001943 0.020950 0.003919 0.001478 0.003609 0.000225 0.003051 0.000907 0.008583 0.000459 0.007231 0.005940 0.003745 0.002259 0.000542 0.000722 0.000344 0.003552 0.000310 0.004871 0.000106 0.000150 0.004366 0.003708 0.000711 0.001003 0.000856 0.001080 0.000858 0.001905 0.001215 0.001197 0.001041 0.000458 0.000856 0.000611 0.000232 0.001736 0.000302 0.000039 0.003411 0.002100 0.000831 0.000328 0.000675 0.002156 0.000257 0.000268 0.000150 0.000141 0.000098 0.000718 0.000680 0.000215 0.001291 0.000348 0.000065 0.000134 0.000110 0.000217 0.000004 0.000386 0.000079 0.000017 0.000050 0.000051 
0.014773 0.039416 0.003957 0.043622 0.005068 0.000736 0.012975 0.043696 0.255773 0.005547 0.002565 0.002664 0.127954 0.049805 0.007391 0.005086 0.019615 0.003293 0.002400 0.005552 0.012271 0.004778 0.003834 0.005061 0.009520 0.002472 0.000223 0.004942 0.002494 0.010421 0.004705 0.003745 0.002331 0.002204 0.005306 0.001215 0.005036 0.006725 0.001198 0.000428 0.001426 0.000210 0.002813 0.000505 0.000046 0.001861 0.002545 0.001537 0.000820 0.000352 0.002977 0.000468 0.000296 0.000175 0.000376 0.000171 0.001041 0.000097 0.000215 0.000968 0.000597 0.000327 0.000084 0.000044 0.000058 0.000002 0.000193 0.000063 0.000014 0.000050 0.000102 
0.008422 0.022404 0.001199 0.021986 0.002339 0.000412 0.006547 0.021000 0.212454 0.002495 0.001205 0.001211 0.092692 0.023525 0.004014 0.001271 0.009738 0.001291 0.000762 0.002403 0.006296 0.002925 0.001297 0.003374 0.004723 0.001188 0.000087 0.001483 0.000767 0.004737 0.002571 0.001846 0.000564 0.000835 0.001905 0.000383 0.001569 0.003442 0.000458 0.000183 0.000648 0.000060 0.000778 0.000151 0.000014 0.000620 0.001018 0.000665 0.000375 0.000205 0.000821 0.000257 0.000071 0.000150 0.000071 0.000049 0.000323 0.000097 0.000022 0.000161 0.000050 -0.000000 0.000050 0.000066 0.000014 0.000001 0.000039 0.000016 0.000003 0.000050 0.000017 
0.123571 0.182379 0.035852 0.280970 0.042363 0.005947 0.113679 0.340149 0.168692 0.042542 0.013280 0.021796 0.101508 0.323308 0.024774 0.033693 0.130327 0.019854 0.013130 0.018516 0.032242 0.011284 0.016463 0.008469 0.043688 0.004163 0.001064 0.021581 0.011061 0.019421 0.013625 0.012412 0.008466 0.007098 0.014014 0.003758 0.011847 0.012569 0.003217 0.001865 0.003500 0.000637 0.007662 0.001029 0.000152 0.005272 0.008716 0.003074 0.002320 0.001467 0.007801 0.001239 0.000649 0.000275 0.000658 0.000208 0.001400 0.001068 0.000366 0.002823 0.000746 0.000457 0.000384 0.000285 0.000174 0.000003 0.000309 0.000238 0.000014 0.000218 0.000137 
0.028442 0.035706 0.017986 0.048813 0.030668 0.003454 0.060708 0.118452 0.046571 0.022691 0.004889 0.013683 0.031243 0.139878 0.009083 0.025111 0.065060 0.015206 0.012113 0.009120 0.014116 0.005101 0.018155 0.005508 0.031217 0.002183 0.001008 0.021499 0.012084 0.013973 0.009666 0.010058 0.008736 0.007307 0.011565 0.005334 0.011476 0.011768 0.003351 0.003088 0.004018 0.001004 0.010655 0.001516 0.000292 0.010750 0.009734 0.005857 0.002859 0.003022 0.012831 0.001847 0.001242 0.000425 0.001317 0.000453 0.003411 0.002428 0.001076 0.004759 0.001990 0.000914 0.000936 0.000701 0.000376 0.000010 0.001506 0.000570 0.000056 0.000755 0.000478 
0.006489 0.003641 0.230100 0.006282 0.444423 0.032572 0.364369 0.015911 0.004288 0.034076 0.000688 0.061634 0.003241 0.040480 0.001072 0.484417 0.040611 0.064083 0.078495 0.001503 0.002005 0.000802 0.089701 0.000689 0.049888 0.000290 0.002121 0.130145 0.143283 0.001835 0.002854 0.003451 0.013472 0.008003 0.002766 0.021943 0.003137 0.002642 0.001911 0.040086 0.002000 0.006251 0.021071 0.000417 0.001407 0.070080 0.014888 0.001745 0.001359 0.011532 0.008725 0.000771 0.003570 -0.000000 0.000282 0.000184 0.003626 0.021558 0.000452 0.005485 0.000895 0.000196 0.000652 0.002651 0.001115 0.000010 0.002047 0.001631 0.000022 0.000839 0.000154 
0.002623 0.002380 0.060912 0.003664 0.107597 0.008450 0.101538 0.009476 0.003253 0.014942 0.000526 0.020391 0.002204 0.025008 0.001140 0.129130 0.023206 0.027603 0.028716 0.001298 0.002145 0.001072 0.046345 0.001033 0.033357 0.000367 0.001289 0.069520 0.070715 0.003375 0.003008 0.003798 0.009767 0.007237 0.003991 0.014044 0.004500 0.004723 0.002463 0.022902 0.002463 0.004130 0.020173 0.000834 0.001183 0.051888 0.017751 0.003988 0.002180 0.009184 0.011086 0.001239 0.003867 0.000175 0.000964 0.000282 0.004740 0.014760 0.000969 0.008146 0.002338 0.000849 0.000869 0.001972 0.001505 0.000014 0.002549 0.001235 0.000053 0.001125 0.000222 
0.013393 0.010362 0.343052 0.013348 0.696653 0.084350 1.276423 0.034980 0.009610 0.082404 0.001291 0.165455 0.004667 0.072800 0.001999 0.711209 0.080393 0.115124 0.121583 0.002403 0.002988 0.001187 0.092069 0.000689 0.061621 0.000367 0.002489 0.114989 0.099742 0.002309 0.003059 0.004200 0.010601 0.006773 0.002676 0.016047 0.003344 0.002402 0.001655 0.020884 0.001426 0.003470 0.015863 0.000293 0.000745 0.036487 0.008207 0.000831 0.000961 0.005252 0.004311 0.000210 0.001439 0.000050 0.000235 0.000024 0.001364 0.010390 0.000129 0.002500 0.000249 0.000065 0.000217 0.000811 0.000449 0.000004 0.000966 0.000633 0.000008 0.000470 0.000017 
0.002761 0.006161 0.002278 0.008375 0.001559 0.000373 0.004642 0.014448 0.248233 0.002495 0.000851 0.001284 0.122509 0.021723 0.002994 0.002463 0.009807 0.001324 0.001242 0.002290 0.005253 0.002811 0.002199 0.003546 0.004797 0.001845 0.000094 0.002142 0.001662 0.007579 0.002725 0.002220 0.001350 0.001229 0.003265 0.000563 0.003261 0.003843 0.000686 0.000214 0.001093 0.000120 0.001916 0.000408 0.000058 0.001757 0.002100 0.001745 0.000984 0.000558 0.002156 0.000514 0.000127 0.000075 0.000188 0.000135 0.000718 0.000583 0.000258 0.000968 0.000398 0.000327 0.000067 0.000066 0.000058 0.000002 0.000155 0.000048 0.000006 0.000101 0.000034 
0.022781 0.040886 0.009233 0.055444 0.017413 0.001933 0.037615 0.130853 0.319347 0.016879 0.008861 0.009033 0.246185 0.170290 0.033925 0.018595 0.068306 0.012236 0.007595 0.023679 0.053697 0.021392 0.013419 0.022617 0.032619 0.009687 0.000776 0.017051 0.007864 0.042927 0.020438 0.017628 0.008368 0.007864 0.023855 0.003826 0.020062 0.030662 0.004737 0.001468 0.005685 0.000750 0.010655 0.002306 0.000210 0.006719 0.010943 0.008142 0.003844 0.002436 0.014063 0.003109 0.001002 0.000925 0.001904 0.000649 0.003016 0.001748 0.001227 0.004436 0.001841 0.001175 0.000735 0.000263 0.000376 0.000012 0.001391 0.000253 0.000070 0.000436 0.000392 
0.045977 0.065740 0.014988 0.087637 0.016633 0.002414 0.056899 0.246147 0.405985 0.024257 0.017487 0.009711 0.284429 0.285477 0.072468 0.019548 0.103944 0.012946 0.008866 0.040303 0.082751 0.030407 0.013193 0.024924 0.038596 0.011706 0.000820 0.014580 0.007097 0.056308 0.026145 0.021213 0.008024 0.008444 0.026486 0.003421 0.021259 0.030902 0.004589 0.001192 0.006000 0.000652 0.008560 0.001729 0.000133 0.004755 0.010689 0.005982 0.003492 0.001526 0.011189 0.002385 0.000635 0.000525 0.001458 0.000490 0.001939 0.001359 0.000689 0.002904 0.001094 0.000784 0.000401 0.000263 0.000318 0.000003 0.000811 0.000174 0.000039 0.000252 0.000119 
0.008284 0.011832 0.004796 0.016882 0.007147 0.000873 0.016189 0.037905 0.332653 0.006476 0.002648 0.004480 0.305949 0.055739 0.009806 0.007390 0.026107 0.004391 0.003642 0.007893 0.019991 0.009577 0.006597 0.016352 0.014317 0.005959 0.000375 0.009390 0.005115 0.025342 0.010797 0.009576 0.004392 0.004106 0.013878 0.002476 0.011187 0.017292 0.002409 0.000856 0.003555 0.000532 0.005986 0.001366 0.000128 0.005478 0.006108 0.006065 0.002695 0.001174 0.008315 0.001660 0.000762 0.000700 0.001175 0.000379 0.002190 0.001554 0.000947 0.004114 0.001343 0.000784 0.000769 0.000285 0.000188 0.000007 0.000850 0.000269 0.000050 0.000134 0.000239 
0.005937 0.005881 0.104558 0.008114 0.211946 0.021855 0.356156 0.024919 0.006653 0.051857 0.001162 0.096774 0.003500 0.057858 0.001786 1.178144 0.074246 0.137303 0.190111 0.003026 0.003850 0.001561 0.220053 0.001274 0.110402 0.000435 0.005015 0.309877 0.245647 0.004145 0.004910 0.006848 0.027827 0.017235 0.005125 0.042469 0.007059 0.006965 0.004347 0.041370 0.003648 0.009721 0.043818 0.000913 0.002241 0.096024 0.027613 0.004403 0.002461 0.014437 0.015398 0.001052 0.005715 0.000300 0.000611 0.000245 0.005853 0.022626 0.000775 0.010324 0.001990 0.000131 0.000718 0.003177 0.001607 0.000013 0.003052 0.001663 0.000020 0.001376 0.000239 
0.016154 0.016943 0.047963 0.023032 0.071991 0.009686 0.204861 0.086865 0.029273 0.104750 0.004386 0.068826 0.027743 0.227407 0.008692 0.123250 0.311418 0.106795 0.068726 0.014099 0.020492 0.008307 0.107630 0.006851 0.255637 0.002975 0.006636 0.141430 0.066751 0.024098 0.024269 0.029826 0.045593 0.035653 0.033606 0.023721 0.033395 0.030021 0.013849 0.012231 0.014314 0.004700 0.051361 0.003999 0.001200 0.045170 0.043391 0.014996 0.009633 0.010974 0.042292 0.004676 0.004756 0.000950 0.003291 0.001102 0.011310 0.010682 0.002712 0.017422 0.004875 0.002090 0.002172 0.002432 0.001549 0.000032 0.004094 0.001473 0.000087 0.001561 0.001007 
0.011460 0.011202 0.050361 0.014003 0.078879 0.009156 0.214384 0.053113 0.020403 0.079034 0.002800 0.077278 0.018279 0.151534 0.005732 0.160201 0.163203 0.170652 0.101084 0.008967 0.013675 0.005684 0.140951 0.005508 0.215417 0.002250 0.007444 0.166470 0.086060 0.018059 0.017404 0.021748 0.040686 0.029251 0.024082 0.027840 0.025635 0.023216 0.010202 0.012781 0.011796 0.005629 0.051181 0.003130 0.001484 0.053955 0.043073 0.013792 0.008039 0.014144 0.035928 0.004138 0.005645 0.001150 0.002351 0.000942 0.010915 0.012235 0.002712 0.018632 0.005622 0.001763 0.002389 0.002300 0.001853 0.000035 0.004326 0.001647 0.000104 0.001997 0.000819 
0.021263 0.022684 0.032015 0.033284 0.046781 0.007007 0.164389 0.187594 0.055294 0.120275 0.010678 0.049283 0.040707 0.790202 0.018778 0.068816 1.238421 0.080096 0.042608 0.041520 0.047922 0.018644 0.071265 0.009605 0.356223 0.005428 0.006334 0.078169 0.031521 0.041091 0.055812 0.066741 0.050796 0.046022 0.049071 0.015034 0.055521 0.036506 0.018452 0.004097 0.018018 0.001994 0.037772 0.003875 0.000472 0.015298 0.037601 0.011922 0.007430 0.004402 0.025971 0.003273 0.002060 0.001000 0.001246 0.000539 0.005924 0.002719 0.001528 0.006695 0.001990 0.001110 0.000618 0.000723 0.000478 0.000010 0.001815 0.000380 0.000045 0.000487 0.000188 
0.010631 0.013582 0.018226 0.017667 0.024820 0.002983 0.055233 0.090141 0.060173 0.026380 0.006736 0.014821 0.050948 0.251144 0.017026 0.031309 0.126460 0.022921 0.016490 0.035784 0.047000 0.018456 0.030897 0.013805 0.077562 0.006519 0.001865 0.042668 0.021547 0.041743 0.035169 0.033625 0.018625 0.017699 0.043810 0.009745 0.038968 0.044111 0.010323 0.005076 0.013500 0.002196 0.027356 0.004656 0.000593 0.018709 0.029076 0.018029 0.010031 0.005487 0.036030 0.005891 0.002709 0.001575 0.003621 0.001322 0.009515 0.005438 0.003099 0.012260 0.005771 0.002547 0.001921 0.001709 0.000941 0.000026 0.003438 0.000839 0.000107 0.001125 0.000836 
0.003866 0.008051 0.005036 0.011603 0.006757 0.000952 0.014760 0.031002 0.102605 0.006741 0.002324 0.004795 0.132880 0.055739 0.008590 0.010013 0.028386 0.006812 0.005054 0.009948 0.024322 0.016250 0.008232 0.039279 0.020590 0.016844 0.000470 0.011532 0.006522 0.067143 0.019667 0.014739 0.005472 0.005358 0.026758 0.003106 0.020846 0.033704 0.004253 0.001529 0.006426 0.000697 0.009757 0.002527 0.000186 0.006512 0.010561 0.009264 0.004875 0.002025 0.016835 0.003530 0.001129 0.001200 0.002351 0.000955 0.003339 0.001554 0.001679 0.005404 0.002637 0.001175 0.000601 0.000307 0.000449 0.000013 0.000888 0.000412 0.000076 0.000336 0.000256 
0.005523 0.010362 0.003597 0.012869 0.002599 0.000451 0.007737 0.029891 0.277950 0.004326 0.002582 0.001841 0.441422 0.052242 0.011821 0.002861 0.021410 0.002906 0.001525 0.011471 0.036513 0.027315 0.003496 0.193298 0.010996 0.050889 0.000260 0.004613 0.001598 0.135471 0.022443 0.014418 0.002822 0.003503 0.026622 0.000833 0.017503 0.051236 0.002638 0.000214 0.003981 0.000135 0.003831 0.001809 0.000043 0.000827 0.003754 0.005525 0.002531 0.000440 0.008212 0.003156 0.000296 0.000825 0.001128 0.000539 0.001436 0.000291 0.000474 0.002500 0.000945 0.000522 0.000368 0.000088 0.000101 0.000002 0.000193 0.000079 0.000020 0.000134 0.000171 
0.016016 0.022544 0.023861 0.032586 0.031837 0.004760 0.099038 0.180282 0.085603 0.058784 0.011883 0.029303 0.084525 0.611752 0.028048 0.051255 0.435668 0.045423 0.028066 0.066733 0.082952 0.035039 0.051024 0.020173 0.216524 0.009967 0.004128 0.065814 0.025895 0.080584 0.093681 0.091298 0.042722 0.040663 0.081770 0.013931 0.081363 0.068368 0.021439 0.004464 0.024666 0.002136 0.041663 0.006536 0.000542 0.016641 0.043137 0.021352 0.012000 0.005722 0.040034 0.005891 0.002681 0.001875 0.003362 0.001199 0.008330 0.003010 0.002281 0.013066 0.003731 0.002481 0.001270 0.000832 0.000767 0.000016 0.002279 0.000649 0.000070 0.000806 0.000614 
0.004004 0.003291 0.060553 0.003708 0.114355 0.008901 0.141891 0.013395 0.005766 0.021603 0.000675 0.034849 0.003371 0.034863 0.001174 0.264697 0.037917 0.050944 0.061328 0.001851 0.002326 0.001395 0.134580 0.000654 0.072175 0.000338 0.003138 0.212350 0.304661 0.004618 0.004756 0.007356 0.023459 0.016562 0.005987 0.048725 0.008339 0.007125 0.004589 0.092311 0.004259 0.015613 0.056628 0.001516 0.004017 0.201248 0.035311 0.005650 0.004664 0.031838 0.027613 0.001566 0.011092 0.000450 0.001481 0.000416 0.010018 0.051952 0.001614 0.019358 0.004378 0.001175 0.001888 0.006331 0.003836 0.000030 0.006373 0.004324 0.000098 0.002988 0.000665 
0.006489 0.005461 0.047723 0.007547 0.075890 0.008077 0.145819 0.028546 0.010497 0.035111 0.001337 0.044100 0.009075 0.063899 0.002824 0.238156 0.070447 0.083260 0.092585 0.004100 0.006116 0.002769 0.218362 0.002685 0.122726 0.001342 0.005211 0.302051 0.173526 0.009533 0.009358 0.013509 0.035925 0.024194 0.014558 0.043099 0.017255 0.016492 0.008829 0.025746 0.009000 0.009287 0.062495 0.002394 0.002427 0.096024 0.043009 0.010635 0.008016 0.019865 0.037467 0.004044 0.008128 0.000900 0.002727 0.001028 0.013536 0.019713 0.002820 0.021455 0.007064 0.002481 0.002623 0.004228 0.002736 0.000040 0.006451 0.002835 0.000087 0.002803 0.000802 
0.000276 0.000140 0.001079 0.000436 0.001949 0.000186 0.003809 0.001579 0.001183 0.001592 0.000122 0.001526 0.000778 0.003921 0.000111 0.004291 0.003660 0.002421 0.001892 0.000337 0.000361 0.000177 0.003496 0.000069 0.006863 0.000068 0.000221 0.005848 0.003197 0.001125 0.000746 0.000749 0.001399 0.000905 0.001179 0.000923 0.000949 0.000881 0.000336 0.000428 0.000481 0.000165 0.002813 0.000133 0.000055 0.002377 0.002290 0.000831 0.000445 0.000851 0.002053 0.000397 0.000296 0.000075 0.000165 0.000061 0.001077 0.000777 0.000129 0.001049 0.000249 0.000065 0.000251 0.000110 0.000130 0.000003 0.000309 0.000127 0.000003 0.000050 0.000051 
0.001381 0.002100 0.022662 0.002574 0.041583 0.003494 0.059994 0.009067 0.004288 0.010510 0.000596 0.013368 0.004148 0.022995 0.001114 0.077399 0.019338 0.023018 0.021572 0.001769 0.002607 0.001176 0.050348 0.001136 0.038080 0.000531 0.001388 0.078005 0.098655 0.004085 0.004036 0.005617 0.012589 0.010276 0.006576 0.019378 0.007307 0.006725 0.003257 0.037273 0.004222 0.006903 0.030948 0.001375 0.001950 0.090856 0.024940 0.006688 0.003797 0.016784 0.021249 0.001987 0.006646 0.000425 0.001505 0.000465 0.008581 0.024471 0.001464 0.015728 0.004477 0.001306 0.001804 0.004360 0.002229 0.000030 0.004597 0.002772 0.000093 0.002048 0.000512 
0.005937 0.006231 0.035612 0.007721 0.058867 0.007086 0.130106 0.030651 0.013898 0.037951 0.001605 0.041194 0.011538 0.081913 0.003317 0.149155 0.091167 0.091137 0.082222 0.005654 0.009143 0.003800 0.240914 0.003477 0.171212 0.001700 0.007644 0.269021 0.110739 0.014269 0.012983 0.018029 0.045937 0.031802 0.021678 0.039025 0.021631 0.018813 0.010699 0.018438 0.010111 0.007690 0.065667 0.003068 0.001851 0.074318 0.051726 0.014581 0.009516 0.018633 0.044550 0.004348 0.008015 0.001025 0.003009 0.001297 0.013141 0.016217 0.003293 0.023149 0.006268 0.003330 0.002857 0.003461 0.002287 0.000045 0.006064 0.002217 0.000171 0.002719 0.001024 
0.002209 0.003711 0.002998 0.004842 0.004938 0.000834 0.013332 0.017490 0.028978 0.004963 0.001208 0.003487 0.035262 0.036877 0.004465 0.007788 0.020789 0.005295 0.003868 0.006042 0.015199 0.011721 0.008062 0.015423 0.016236 0.006877 0.000467 0.011367 0.006138 0.042927 0.015296 0.011797 0.004785 0.005103 0.022268 0.002993 0.016883 0.026098 0.003432 0.001162 0.005741 0.000772 0.008979 0.002270 0.000152 0.006925 0.009035 0.009513 0.004195 0.002259 0.014987 0.003320 0.001044 0.000850 0.001928 0.000698 0.003016 0.002039 0.001291 0.005404 0.002885 0.001894 0.001136 0.000745 0.000318 0.000012 0.001275 0.000523 0.000093 0.000487 0.000375 
0.008422 0.011552 0.020024 0.015224 0.028459 0.003405 0.068446 0.066041 0.046128 0.030812 0.004234 0.021336 0.041485 0.181523 0.011175 0.049507 0.146558 0.034221 0.023887 0.020888 0.032483 0.016062 0.050461 0.012669 0.152541 0.006993 0.003380 0.069191 0.034974 0.057729 0.066970 0.080865 0.042011 0.044723 0.078505 0.018140 0.083468 0.068849 0.024306 0.007797 0.028777 0.003545 0.052797 0.009090 0.001024 0.032353 0.061587 0.030865 0.018961 0.010622 0.069802 0.010637 0.005221 0.002675 0.006512 0.002485 0.016122 0.006409 0.005402 0.024197 0.008358 0.004898 0.003391 0.002717 0.001940 0.000048 0.006142 0.001346 0.000264 0.002333 0.001638 
0.004694 0.005391 0.028178 0.006151 0.045352 0.005034 0.105704 0.027376 0.010054 0.038163 0.001334 0.037489 0.009853 0.084033 0.002985 0.147089 0.108710 0.088425 0.077959 0.005777 0.008081 0.004039 0.408533 0.002410 0.358437 0.001400 0.018035 0.582275 0.202489 0.012848 0.016325 0.026589 0.141860 0.078868 0.022948 0.108434 0.026997 0.019774 0.018600 0.026449 0.016740 0.014706 0.162821 0.004124 0.003164 0.110908 0.106378 0.018777 0.012539 0.028610 0.067955 0.004746 0.012108 0.001000 0.003174 0.001163 0.020323 0.020489 0.003874 0.028311 0.006816 0.002677 0.003007 0.004250 0.002649 0.000044 0.008112 0.003120 0.000191 0.003290 0.000836 
0.002209 0.003361 0.009593 0.003577 0.014814 0.001747 0.035830 0.012459 0.008575 0.011067 0.000894 0.010171 0.007649 0.032426 0.001897 0.030276 0.034257 0.018079 0.016377 0.002985 0.004552 0.002654 0.043131 0.002134 0.084056 0.001217 0.002830 0.065072 0.033183 0.008408 0.008946 0.011422 0.033447 0.022083 0.014286 0.015664 0.015851 0.012649 0.006743 0.006299 0.007870 0.003066 0.038012 0.002536 0.000880 0.032663 0.029585 0.012089 0.007734 0.008245 0.028229 0.003670 0.004459 0.001075 0.002821 0.000979 0.008869 0.008157 0.002669 0.013873 0.004975 0.002481 0.002255 0.001950 0.001520 0.000026 0.004094 0.001536 0.000160 0.001779 0.000904 
0.000828 0.002100 0.001559 0.003141 0.001040 0.000206 0.004166 0.010295 0.040953 0.002335 0.000708 0.000872 0.046411 0.021194 0.002773 0.000874 0.011465 0.001162 0.001186 0.004253 0.011429 0.010066 0.001635 0.158047 0.008413 0.033456 0.000187 0.003377 0.001151 0.183076 0.020746 0.011395 0.002307 0.003294 0.034513 0.000743 0.019814 0.110959 0.002799 0.000367 0.005000 0.000165 0.003652 0.003113 0.000055 0.001964 0.004835 0.010095 0.005297 0.000528 0.013139 0.006148 0.000212 0.002175 0.002680 0.001285 0.001616 0.000486 0.001270 0.002581 0.002587 0.001894 0.000468 0.000044 0.000072 0.000007 0.000618 0.000032 0.000042 0.000201 0.000239 
0.003452 0.002870 0.029377 0.004711 0.049900 0.005466 0.091896 0.018952 0.008132 0.022824 0.001010 0.028988 0.008686 0.048003 0.002126 0.150029 0.058223 0.054818 0.055624 0.003568 0.005915 0.002707 0.237813 0.002169 0.136895 0.001304 0.005874 0.440351 0.370325 0.009888 0.009949 0.015194 0.056587 0.039759 0.017415 0.129612 0.017792 0.015451 0.011884 0.046905 0.011407 0.022516 0.135285 0.003379 0.005145 0.185330 0.090663 0.017074 0.011180 0.044103 0.063027 0.004793 0.017117 0.001000 0.003362 0.001371 0.021902 0.035152 0.004003 0.035086 0.007910 0.002808 0.004010 0.007295 0.005167 0.000062 0.011820 0.004910 0.000208 0.005153 0.001331 
0.003038 0.003221 0.007554 0.003970 0.011565 0.001609 0.030354 0.019069 0.011236 0.010961 0.001079 0.009372 0.011408 0.042599 0.002551 0.025508 0.038539 0.014818 0.012537 0.004018 0.007218 0.003300 0.034561 0.004028 0.072248 0.001796 0.001881 0.054200 0.029731 0.014862 0.014448 0.020544 0.034109 0.048434 0.025080 0.015259 0.029804 0.026419 0.014858 0.005901 0.015129 0.003283 0.048547 0.004514 0.000969 0.036384 0.047527 0.020023 0.013078 0.012207 0.052968 0.005868 0.004614 0.001750 0.004490 0.001591 0.013716 0.007477 0.004283 0.021051 0.008209 0.003396 0.003275 0.002300 0.001795 0.000048 0.006760 0.001837 0.000241 0.002064 0.001109 
0.002071 0.001680 0.023502 0.002225 0.046522 0.003661 0.062970 0.010822 0.004731 0.013827 0.000569 0.017509 0.002722 0.026598 0.001123 0.100682 0.027972 0.030088 0.029902 0.001943 0.002567 0.001426 0.087841 0.001480 0.057194 0.000560 0.002314 0.148349 0.233371 0.004500 0.005322 0.009068 0.023386 0.018163 0.008526 0.052461 0.009907 0.009367 0.006218 0.126648 0.006870 0.024615 0.076801 0.002235 0.006762 0.333139 0.054080 0.010012 0.006891 0.053112 0.038699 0.003296 0.018698 0.001100 0.002492 0.000857 0.017342 0.077976 0.003250 0.031214 0.007263 0.002677 0.003609 0.011677 0.006832 0.000056 0.011240 0.007443 0.000160 0.006176 0.001109 
-0.000000 -0.000000 0.000120 -0.000000 -0.000000 -0.000000 -0.000000 0.000175 -0.000000 -0.000000 0.000003 0.000024 -0.000000 0.000106 -0.000000 -0.000000 -0.000000 -0.000000 -0.000000 0.000010 -0.000000 -0.000000 0.000056 -0.000000 -0.000000 -0.000000 -0.000000 -0.000000 0.000064 0.000059 -0.000000 -0.000000 -0.000000 -0.000000 -0.000000 -0.000000 -0.000000 0.000160 -0.000000 -0.000000 -0.000000 0.000007 -0.000000 -0.000000 -0.000000 -0.000000 -0.000000 -0.000000 -0.000000 -0.000000 0.000103 -0.000000 -0.000000 -0.000000 -0.000000 -0.000000 -0.000000 0.000097 -0.000000 -0.000000 -0.000000 -0.000000 -0.000000 -0.000000 -0.000000 0.000000 -0.000000 -0.000000 -0.000000 -0.000000 -0.000000 
0.000966 0.000630 0.020624 0.001658 0.038205 0.003101 0.049281 0.004329 0.002218 0.008015 0.000238 0.013174 0.001167 0.016213 0.000510 0.108231 0.017612 0.024729 0.027897 0.001074 0.001363 0.000520 0.090773 0.000516 0.045091 0.000251 0.001989 0.160457 0.320454 0.002487 0.002956 0.004601 0.024858 0.016980 0.005306 0.074585 0.006068 0.004403 0.005007 0.241494 0.004926 0.053352 0.100686 0.001277 0.015093 0.933574 0.067314 0.006190 0.005437 0.105313 0.036030 0.001940 0.032358 0.000375 0.001340 0.000514 0.021113 0.149640 0.002583 0.043716 0.005373 0.001698 0.003609 0.020199 0.010986 0.000054 0.016262 0.011371 0.000081 0.008325 0.001177 
0.001519 0.001610 0.002638 0.002748 0.005588 0.000599 0.010356 0.011407 0.014637 0.004697 0.000735 0.003245 0.015686 0.030837 0.002390 0.008423 0.023482 0.005488 0.004941 0.004672 0.009264 0.006079 0.013531 0.013770 0.030552 0.005766 0.000691 0.020016 0.009463 0.072532 0.034192 0.033946 0.012294 0.015890 0.097417 0.006459 0.079299 0.311661 0.017227 0.003241 0.034740 0.001537 0.033342 0.034593 0.000477 0.016228 0.050708 0.136713 0.057749 0.006866 0.162906 0.093677 0.004064 0.024004 0.044880 0.017931 0.028186 0.004952 0.021050 0.039522 0.032138 0.029385 0.009824 0.002125 0.001969 0.000105 0.009386 0.001520 0.000942 0.002551 0.005375 
0.001519 0.002800 0.009473 0.003839 0.014684 0.001541 0.027140 0.015501 0.012567 0.010218 0.000930 0.008500 0.009723 0.037619 0.002628 0.027336 0.035707 0.015464 0.012706 0.004897 0.007940 0.004830 0.038282 0.006231 0.069444 0.002714 0.001946 0.054776 0.036444 0.029013 0.023780 0.031244 0.031434 0.040501 0.051929 0.021111 0.057627 0.063565 0.036769 0.009479 0.046313 0.005674 0.107570 0.016929 0.001687 0.057987 0.173247 0.087985 0.059765 0.022682 0.284239 0.024804 0.012785 0.006451 0.016927 0.005985 0.057916 0.015634 0.017413 0.083480 0.032685 0.014301 0.012814 0.006003 0.005008 0.000164 0.019738 0.004529 0.000839 0.006479 0.005153 
0.002071 0.002310 0.010792 0.003315 0.021052 0.002002 0.037734 0.013688 0.009314 0.011306 0.000818 0.012085 0.006871 0.033910 0.001709 0.051732 0.039091 0.021727 0.021149 0.003302 0.005073 0.002530 0.073013 0.003374 0.084130 0.001410 0.002807 0.119766 0.097376 0.012197 0.013677 0.020036 0.046231 0.047483 0.026168 0.060609 0.030423 0.027459 0.019959 0.029751 0.020666 0.019750 0.319357 0.006970 0.006268 0.194529 0.245014 0.036681 0.025054 0.080900 0.154592 0.011806 0.040514 0.002700 0.009686 0.003305 0.061794 0.043018 0.011171 0.101789 0.024327 0.007967 0.011929 0.013802 0.010176 0.000175 0.029124 0.009740 0.000502 0.011128 0.003669 
0.001381 0.002100 0.012230 0.002879 0.018323 0.001914 0.030354 0.008833 0.004288 0.007590 0.000616 0.009009 0.005963 0.025750 0.001327 0.040765 0.024380 0.016368 0.014852 0.002208 0.003770 0.001770 0.046007 0.002066 0.048854 0.000811 0.001718 0.077757 0.074295 0.009000 0.007327 0.010914 0.024122 0.021109 0.015737 0.036595 0.014737 0.017372 0.008654 0.025379 0.010018 0.017719 0.094101 0.003538 0.006545 0.190291 0.081311 0.018154 0.011930 0.074767 0.065902 0.005728 0.026120 0.001450 0.005149 0.002020 0.028509 0.041270 0.006866 0.049685 0.012487 0.005420 0.006282 0.011129 0.008294 0.000105 0.017614 0.008235 0.000365 0.007603 0.002116 
0.000138 0.000490 -0.000000 0.000174 0.001559 0.000079 0.001905 0.001287 0.001626 0.000398 0.000096 0.000484 0.001685 0.003921 0.000315 0.001271 0.002832 0.000839 0.000678 0.000429 0.000742 0.000510 0.001635 0.001308 0.003026 0.000483 0.000087 0.002718 0.002110 0.005506 0.002622 0.002381 0.001153 0.001345 0.004943 0.000630 0.004211 0.016892 0.001225 0.000306 0.002167 0.000210 0.002873 0.001286 0.000072 0.002687 0.004645 0.006190 0.002906 0.000528 0.008315 0.004839 0.000423 0.003351 0.003150 0.001738 0.002693 0.000874 0.001571 0.003872 0.002537 0.002873 0.001053 0.000219 0.000087 0.000009 0.000850 0.000190 0.000081 0.000285 0.000410 
0.000690 0.000350 0.011511 0.001178 0.022221 0.002090 0.032616 0.004504 0.001626 0.006900 0.000235 0.008307 0.001167 0.012080 0.000357 0.055943 0.014089 0.014237 0.014767 0.000879 0.001384 0.000625 0.055817 0.000792 0.032840 0.000261 0.001227 0.094149 0.151467 0.001835 0.002802 0.004547 0.017594 0.014637 0.005352 0.044134 0.006811 0.005444 0.005370 0.166918 0.005148 0.032769 0.087516 0.001915 0.013565 1.056886 0.065977 0.008225 0.006726 0.134686 0.048554 0.003016 0.044959 0.000700 0.002704 0.001028 0.026570 0.206544 0.003659 0.060654 0.008159 0.002416 0.005680 0.032817 0.017587 0.000095 0.024180 0.019100 0.000213 0.013410 0.001689 
0.002899 0.002030 0.010432 0.003228 0.016893 0.001757 0.034401 0.010763 0.006062 0.009740 0.000679 0.010292 0.005704 0.027022 0.001590 0.042673 0.029767 0.018402 0.017986 0.002709 0.004231 0.002176 0.062244 0.002823 0.065533 0.001149 0.002337 0.104775 0.093157 0.010717 0.011440 0.014686 0.035385 0.032081 0.018458 0.052957 0.023158 0.023857 0.013808 0.034368 0.015259 0.021384 0.187424 0.005968 0.007733 0.245073 0.162431 0.028788 0.019781 0.107221 0.121333 0.009608 0.049305 0.001950 0.007852 0.002644 0.052063 0.050107 0.010224 0.100821 0.020795 0.007901 0.011210 0.016628 0.012217 0.000174 0.031442 0.011577 0.000553 0.012588 0.004351 
0.000552 0.001610 0.009832 0.001614 0.017933 0.001737 0.030473 0.007078 0.003253 0.008838 0.000391 0.008936 0.004278 0.022889 0.000927 0.047758 0.022032 0.017627 0.015784 0.001881 0.002867 0.001405 0.063146 0.001170 0.055349 0.000811 0.002259 0.112518 0.120010 0.006691 0.007661 0.011369 0.034036 0.032197 0.013515 0.064074 0.016595 0.015451 0.012463 0.051308 0.013463 0.034898 0.196762 0.004531 0.015218 0.427922 0.171147 0.024094 0.016594 0.226619 0.120409 0.007995 0.077444 0.001450 0.006865 0.001983 0.057916 0.080695 0.008674 0.113323 0.020049 0.006791 0.011227 0.025040 0.016414 0.000165 0.037352 0.015330 0.000454 0.016129 0.003413 
0.000552 0.000770 0.002518 0.000916 0.002859 0.000373 0.005952 0.004855 0.004879 0.002282 0.000331 0.001744 0.004408 0.010491 0.000816 0.005006 0.008633 0.003067 0.002485 0.001564 0.002867 0.001499 0.006540 0.002685 0.010037 0.001275 0.000373 0.009637 0.006074 0.013737 0.007558 0.007891 0.004123 0.005080 0.018685 0.003016 0.016760 0.042430 0.004334 0.001712 0.007796 0.000742 0.010595 0.005684 0.000272 0.010853 0.016987 0.026296 0.013570 0.003140 0.042395 0.023028 0.001976 0.007551 0.012202 0.006144 0.010161 0.001554 0.006823 0.016454 0.012835 0.008946 0.003208 0.000920 0.000941 0.000041 0.004133 0.000618 0.000393 0.001208 0.002013 
0.001243 0.001890 0.006235 0.002748 0.010006 0.001089 0.020236 0.012518 0.011384 0.007245 0.000874 0.006272 0.009853 0.028929 0.002126 0.019389 0.027626 0.011364 0.009544 0.003660 0.006697 0.003716 0.026724 0.005646 0.048043 0.002801 0.001375 0.041267 0.025383 0.023625 0.019898 0.026964 0.024024 0.025400 0.046985 0.015259 0.050114 0.067728 0.024737 0.007308 0.037703 0.003920 0.068002 0.019784 0.001321 0.047547 0.108669 0.121467 0.095577 0.017870 0.401261 0.031701 0.010442 0.007701 0.024074 0.008213 0.058203 0.010585 0.020878 0.079689 0.036715 0.017958 0.013934 0.005411 0.004284 0.000181 0.019429 0.003373 0.000979 0.005992 0.005665 
0.002071 0.003221 0.011151 0.002748 0.013645 0.001521 0.025355 0.012986 0.011680 0.009262 0.000791 0.007968 0.008297 0.029353 0.001803 0.031547 0.033842 0.014915 0.013384 0.002975 0.005293 0.002904 0.043808 0.004510 0.062507 0.001516 0.001913 0.072650 0.054027 0.015809 0.014756 0.022657 0.032539 0.037393 0.030840 0.030023 0.031827 0.035945 0.021224 0.016787 0.024888 0.009092 0.166054 0.009320 0.003087 0.106257 0.285224 0.051719 0.034687 0.044954 0.229937 0.017744 0.027038 0.004176 0.013706 0.004443 0.084271 0.026801 0.017929 0.126954 0.036665 0.013125 0.015838 0.010954 0.008656 0.000222 0.033296 0.007998 0.000805 0.010607 0.005375 
0.000966 0.001330 0.003237 0.000785 0.002469 0.000363 0.008333 0.004446 0.004879 0.002468 0.000338 0.002083 0.005315 0.010597 0.000765 0.005960 0.008910 0.003616 0.003021 0.001482 0.002948 0.001614 0.008344 0.003374 0.014391 0.001632 0.000361 0.011697 0.007800 0.015394 0.007918 0.009416 0.005865 0.006240 0.017869 0.003916 0.018659 0.047153 0.005289 0.001896 0.009185 0.001049 0.016881 0.007068 0.000422 0.011990 0.023986 0.036058 0.016125 0.004988 0.063951 0.051105 0.002780 0.013827 0.032208 0.013341 0.014793 0.004467 0.013904 0.025568 0.025671 0.021876 0.006315 0.001380 0.001317 0.000078 0.006798 0.000871 0.000755 0.001594 0.003498 
-0.000000 0.000210 0.000719 0.000305 0.000390 0.000039 0.001428 0.000526 0.000296 0.000265 0.000017 0.000363 0.000130 0.001166 0.000043 0.001430 0.001174 0.000678 0.000424 0.000092 0.000140 0.000083 0.001691 0.000138 0.001624 0.000010 0.000058 0.002801 0.002813 0.000533 0.000257 0.000187 0.000663 0.000626 0.000454 0.000720 0.000702 0.000080 0.000283 0.002171 0.000352 0.000480 0.002454 0.000080 0.000147 0.006925 0.001781 0.000706 0.000422 0.002406 0.002053 0.000140 0.000889 0.000075 0.000235 0.000061 0.001005 0.008351 0.000215 0.001855 0.000597 0.000196 0.000351 0.000898 0.000550 0.000004 0.000464 0.000443 0.000008 0.000436 0.000102 
-0.000000 0.000490 0.000719 0.000174 0.001819 0.000147 0.001547 0.000702 0.000591 0.000690 0.000040 0.000484 0.000259 0.001166 0.000102 0.002146 0.001934 0.001388 0.000904 0.000143 0.000221 0.000156 0.002481 0.000034 0.003247 0.000058 0.000104 0.004119 0.003964 0.000770 0.000437 0.000508 0.001301 0.001229 0.000998 0.001598 0.001156 0.001201 0.000552 0.003058 0.000667 0.000765 0.003711 0.000284 0.000272 0.014574 0.003627 0.001662 0.000961 0.003815 0.004825 0.000210 0.001284 0.000075 0.000282 0.000171 0.001759 0.006700 0.000603 0.004033 0.000796 0.000131 0.000484 0.001490 0.001042 0.000006 0.001236 0.000966 0.000031 0.000789 0.000119 
0.000828 0.001330 0.004197 0.001527 0.007407 0.000559 0.010475 0.007721 0.008871 0.003848 0.000477 0.003366 0.006741 0.021088 0.001505 0.011284 0.018302 0.007038 0.005760 0.002454 0.003910 0.003092 0.015956 0.004475 0.027084 0.002134 0.000813 0.025782 0.016432 0.023210 0.014448 0.018805 0.014699 0.017305 0.037189 0.009565 0.037647 0.068368 0.015989 0.004495 0.024296 0.002871 0.046272 0.017177 0.000921 0.030182 0.073676 0.115485 0.069491 0.013645 0.301382 0.068779 0.008227 0.016603 0.060585 0.019192 0.071955 0.009031 0.052496 0.100741 0.085021 0.041988 0.024643 0.004294 0.003734 0.000287 0.023948 0.003563 0.002261 0.006445 0.012200 
0.000828 0.001750 0.006715 0.001919 0.012865 0.001119 0.022498 0.009418 0.006062 0.006210 0.000503 0.005764 0.004278 0.022253 0.001276 0.025349 0.021825 0.012849 0.011125 0.002249 0.003830 0.002082 0.038846 0.002857 0.049519 0.001159 0.001513 0.059307 0.053579 0.011072 0.009872 0.016986 0.027582 0.030411 0.023357 0.030361 0.025387 0.031622 0.017213 0.020670 0.019870 0.011400 0.143845 0.008354 0.003976 0.128377 0.208494 0.048521 0.034031 0.067578 0.250673 0.017417 0.046794 0.004276 0.016128 0.005496 0.142617 0.040008 0.023590 0.251327 0.049849 0.015215 0.026397 0.018315 0.015546 0.000403 0.066824 0.013446 0.001015 0.022172 0.008566 
0.001243 0.000700 0.001799 0.001003 0.002729 0.000422 0.007142 0.003042 0.003105 0.002044 0.000252 0.001986 0.002334 0.007206 0.000417 0.005165 0.006976 0.003874 0.003191 0.000634 0.001604 0.000718 0.007611 0.001067 0.010848 0.000435 0.000327 0.011779 0.008504 0.004500 0.003085 0.005029 0.004662 0.005219 0.006939 0.003691 0.009288 0.010968 0.003418 0.002660 0.005815 0.001259 0.017300 0.002572 0.000477 0.016228 0.025704 0.014872 0.009351 0.006338 0.061385 0.005026 0.003669 0.001800 0.005595 0.002093 0.029766 0.004758 0.008114 0.037022 0.016318 0.006008 0.006549 0.001950 0.001780 0.000094 0.009116 0.001647 0.000365 0.002786 0.002713 
0.000276 0.000350 0.002038 0.000393 0.002079 0.000147 0.003333 0.002340 0.001626 0.001247 0.000109 0.000872 0.001815 0.004769 0.000306 0.002463 0.004627 0.002002 0.001101 0.000501 0.000822 0.000468 0.004003 0.001170 0.005682 0.000348 0.000198 0.005601 0.005371 0.003908 0.002905 0.003317 0.002478 0.002575 0.005261 0.001868 0.005573 0.008726 0.002207 0.001284 0.003185 0.000712 0.007961 0.001561 0.000231 0.007339 0.011898 0.011382 0.006750 0.003198 0.032540 0.005985 0.001552 0.001375 0.006277 0.001689 0.011562 0.002136 0.007038 0.017180 0.012189 0.005746 0.004043 0.001293 0.000724 0.000052 0.004210 0.000808 0.000334 0.001125 0.001860 
0.001243 0.001190 0.006715 0.000698 0.011825 0.000972 0.014522 0.004914 0.003400 0.004671 0.000341 0.004819 0.003760 0.014730 0.000655 0.023363 0.014918 0.008071 0.008612 0.001493 0.001845 0.001249 0.029938 0.001411 0.036235 0.000618 0.001319 0.051152 0.053388 0.008408 0.006607 0.010218 0.021104 0.022941 0.015012 0.028267 0.017255 0.020735 0.012113 0.025440 0.014425 0.012457 0.118105 0.005454 0.004661 0.175717 0.149515 0.032278 0.023883 0.096041 0.181691 0.012905 0.076047 0.003301 0.012296 0.004161 0.119781 0.066906 0.020469 0.300447 0.044725 0.012211 0.028251 0.032051 0.028327 0.000444 0.099425 0.024611 0.000976 0.039291 0.008310 
0.001381 0.000980 0.002758 0.001527 0.004808 0.000501 0.009880 0.006200 0.004140 0.003875 0.000367 0.003294 0.005315 0.016107 0.001021 0.008821 0.013951 0.005553 0.005534 0.001861 0.002867 0.001790 0.013644 0.002823 0.023763 0.001149 0.000649 0.023475 0.019821 0.012020 0.008664 0.012144 0.011877 0.013918 0.020454 0.009160 0.021589 0.031222 0.010619 0.006574 0.014759 0.002833 0.042022 0.008948 0.001024 0.036384 0.067377 0.054586 0.034640 0.016667 0.220185 0.027329 0.009765 0.008151 0.033831 0.011040 0.089369 0.012624 0.057188 0.156475 0.115717 0.036372 0.041049 0.006594 0.005327 0.000431 0.035343 0.004672 0.002275 0.008023 0.015783 
0.000138 0.000070 0.002638 -0.000000 0.007017 0.000579 0.007618 0.000702 -0.000000 0.001539 0.000040 0.002276 0.000130 0.002225 0.000094 0.018515 0.002279 0.003390 0.004631 0.000143 0.000120 0.000125 0.014941 0.000069 0.008708 0.000010 0.000336 0.026770 0.047825 0.000414 0.000848 0.000963 0.004613 0.004593 0.001451 0.012761 0.001197 0.000801 0.001359 0.095521 0.001204 0.009909 0.030529 0.000576 0.004075 0.286729 0.028058 0.003033 0.002742 0.070424 0.021557 0.000959 0.029973 0.000400 0.001011 0.000257 0.016229 1.417553 0.001657 0.038877 0.004776 0.000718 0.003358 0.083686 0.031815 0.000069 0.023099 0.041731 0.000093 0.017136 0.000751 
-0.000000 0.000140 0.000240 0.000218 0.001559 0.000088 0.002024 0.000819 0.000591 0.000823 0.000060 0.000751 0.000778 0.003391 0.000170 0.003258 0.003384 0.001259 0.001129 0.000327 0.000622 0.000458 0.007217 0.000929 0.007896 0.000232 0.000258 0.011697 0.013235 0.003730 0.002828 0.004119 0.007926 0.009279 0.008934 0.007630 0.009948 0.017693 0.007469 0.005810 0.009518 0.002863 0.053994 0.006252 0.001080 0.038244 0.103070 0.042705 0.033492 0.027524 0.314419 0.024711 0.022409 0.006376 0.034042 0.010000 0.290585 0.016120 0.087902 1.015713 0.221583 0.040160 0.212879 0.011480 0.011826 0.002191 0.166403 0.008061 0.003697 0.028784 0.031601 
0.000414 0.000490 0.001559 0.000436 0.001299 0.000216 0.006547 0.003100 0.001922 0.001831 0.000119 0.001574 0.001167 0.005934 0.000502 0.005006 0.008081 0.003035 0.001835 0.001022 0.001724 0.000739 0.009303 0.001549 0.012767 0.000637 0.000322 0.013591 0.011125 0.009533 0.005373 0.007677 0.007337 0.009023 0.014422 0.006122 0.015232 0.030181 0.007887 0.004220 0.011963 0.002241 0.039867 0.007351 0.000812 0.027081 0.063114 0.051678 0.033398 0.014642 0.215977 0.035325 0.010908 0.012177 0.052121 0.017466 0.108507 0.009516 0.146898 0.244713 0.429335 0.077446 0.121927 0.006375 0.005775 0.001084 0.057708 0.005242 0.005893 0.011447 0.045336 
0.000138 0.000140 0.002278 0.000436 0.005198 0.000471 0.006904 0.001462 0.000591 0.001062 0.000063 0.001647 0.000259 0.002119 0.000119 0.012158 0.002901 0.002938 0.004066 0.000174 0.000341 0.000135 0.012573 0.000207 0.007970 0.000068 0.000355 0.019522 0.030051 0.001421 0.001003 0.001150 0.004172 0.004454 0.001814 0.010195 0.001651 0.001841 0.001723 0.048586 0.001685 0.006506 0.025680 0.000612 0.002865 0.173753 0.024622 0.004196 0.003000 0.047771 0.020222 0.001449 0.023115 0.000175 0.001270 0.000465 0.015691 0.691200 0.002346 0.039764 0.005721 0.000914 0.003726 0.086272 0.032568 0.000084 0.023871 0.043030 0.000079 0.017052 0.001109 
0.000138 0.000560 0.002758 0.000654 0.006238 0.000785 0.009999 0.002223 0.001922 0.001990 0.000106 0.002640 0.000778 0.005404 0.000340 0.014304 0.006492 0.004132 0.004320 0.000491 0.000602 0.000406 0.016632 0.000448 0.013062 0.000232 0.000481 0.025947 0.032864 0.001658 0.001825 0.002514 0.007386 0.005730 0.003719 0.011613 0.004541 0.005204 0.002651 0.033114 0.003278 0.006109 0.031547 0.001321 0.002687 0.148533 0.029330 0.006688 0.004500 0.044162 0.031822 0.002501 0.021238 0.000750 0.001857 0.000722 0.018240 0.262575 0.004046 0.048878 0.008756 0.002873 0.005279 0.081715 0.033205 0.000094 0.027000 0.044518 0.000258 0.018479 0.001740 
0.000276 0.000420 0.002278 0.000742 0.003379 0.000432 0.005119 0.003627 0.001478 0.002150 0.000199 0.001768 0.001556 0.008795 0.000553 0.008582 0.008633 0.003519 0.003134 0.000736 0.001243 0.000926 0.010374 0.001170 0.015940 0.000522 0.000419 0.019110 0.015984 0.006987 0.005116 0.006714 0.008981 0.010763 0.013107 0.008687 0.012508 0.020414 0.007160 0.006849 0.009555 0.003088 0.044716 0.005250 0.001253 0.040828 0.065150 0.033316 0.022828 0.022800 0.161161 0.018165 0.015113 0.006601 0.023886 0.008152 0.112887 0.017285 0.049117 0.399413 0.136611 0.033630 0.112003 0.011458 0.010842 0.001750 0.115571 0.009043 0.003080 0.022138 0.027540 
0.000414 0.000560 0.001679 0.000393 0.001819 0.000255 0.004047 0.002047 0.002070 0.001858 0.000149 0.001235 0.001556 0.006252 0.000417 0.005404 0.005318 0.002550 0.002061 0.000552 0.001263 0.000500 0.004961 0.001033 0.008708 0.000454 0.000267 0.008896 0.007992 0.004026 0.002854 0.003959 0.003975 0.004686 0.007120 0.003308 0.006522 0.011688 0.003163 0.002905 0.004241 0.001207 0.013469 0.002164 0.000354 0.015091 0.018769 0.014083 0.008367 0.005194 0.044140 0.008136 0.003613 0.002600 0.011332 0.003941 0.023339 0.004176 0.020878 0.053153 0.072087 0.017566 0.024442 0.002256 0.002330 0.000308 0.017112 0.001869 0.001599 0.004062 0.012524 
0.000138 0.000070 -0.000000 0.000174 0.000390 0.000059 0.000357 0.000526 0.001183 0.000478 0.000043 0.000484 0.000519 0.001272 0.000085 0.001113 0.000760 0.000549 0.000452 0.000133 0.000381 0.000146 0.000846 0.000413 0.001476 0.000174 0.000046 0.001812 0.001087 0.001184 0.001105 0.000722 0.000589 0.000789 0.001633 0.000563 0.001858 0.003362 0.000659 0.000214 0.001148 0.000187 0.002754 0.000621 0.000072 0.001550 0.003308 0.003988 0.002344 0.000939 0.010984 0.003694 0.000395 0.002900 0.005666 0.003305 0.002944 0.000874 0.005359 0.007178 0.011542 0.068304 0.002640 0.000285 0.000261 0.000032 0.002240 0.000285 0.001212 0.000621 0.004044 
-0.000000 0.000140 0.002158 0.000262 0.004808 0.000353 0.006785 0.001345 0.000591 0.001407 0.000063 0.001429 0.000519 0.003921 0.000111 0.011205 0.003730 0.003358 0.002993 0.000174 0.000341 0.000156 0.011445 0.000103 0.007232 0.000116 0.000329 0.017710 0.029667 0.001184 0.000848 0.001605 0.004491 0.004500 0.001633 0.009588 0.002394 0.003122 0.001602 0.035744 0.001944 0.006131 0.026638 0.000630 0.002422 0.142227 0.024304 0.004736 0.003117 0.045071 0.025457 0.001403 0.020617 0.000225 0.001152 0.000441 0.014578 0.457369 0.002647 0.046700 0.006069 0.001110 0.003792 0.105791 0.038285 0.000080 0.025648 0.053688 0.000123 0.020627 0.001194 
-0.000000 0.000070 0.000240 0.000131 0.000260 0.000029 0.000595 0.000117 0.000296 0.000053 -0.000000 0.000073 -0.000000 0.000318 0.000034 0.000397 0.000345 0.000097 0.000056 0.000041 0.000120 0.000031 0.000451 0.000034 0.000959 0.000019 0.000028 0.000577 0.000831 0.000118 0.000103 0.000187 0.000393 0.000278 0.000363 0.000225 0.000289 0.000480 0.000108 0.000061 0.000241 0.000075 0.000778 0.000124 0.000029 0.000827 0.000509 0.000582 0.000469 0.000293 0.003080 0.000257 0.000155 0.000075 0.000353 0.000122 0.001293 0.000486 0.000517 0.003952 0.001592 0.000261 0.000735 0.000175 0.000130 0.000015 0.001545 0.000143 0.000025 0.000319 0.000410 
0.000414 0.000280 0.001799 0.000785 0.002339 0.000245 0.005952 0.002574 0.001331 0.001539 0.000146 0.001477 0.002334 0.007206 0.000383 0.004927 0.004973 0.002292 0.002174 0.000838 0.001243 0.000697 0.005864 0.001239 0.009151 0.000454 0.000299 0.008566 0.007353 0.006099 0.003136 0.004467 0.004343 0.004315 0.007166 0.003894 0.008215 0.013610 0.003365 0.002752 0.004963 0.001259 0.015145 0.002651 0.000427 0.015504 0.021250 0.015952 0.010828 0.006191 0.056663 0.011806 0.004022 0.003976 0.014623 0.006132 0.026139 0.004564 0.031726 0.061461 0.111289 0.033499 0.028402 0.002673 0.002678 0.000380 0.021901 0.002201 0.003001 0.004800 0.026277 
-0.000000 -0.000000 -0.000000 0.000044 -0.000000 0.000020 0.000119 -0.000000 -0.000000 0.000027 -0.000000 0.000024 0.000130 0.000212 -0.000000 -0.000000 0.000207 -0.000000 -0.000000 0.000010 -0.000000 0.000031 0.000056 -0.000000 0.000074 -0.000000 0.000005 0.000082 0.000064 -0.000000 -0.000000 0.000027 0.000049 -0.000000 -0.000000 0.000023 0.000041 -0.000000 0.000013 -0.000000 0.000019 0.000022 -0.000000 0.000027 -0.000000 0.000207 0.000191 0.000083 0.000023 0.000029 0.000411 0.000047 0.000042 0.000050 0.000071 0.000049 0.000036 0.000097 0.000129 0.000403 0.000199 -0.000000 0.000167 -0.000000 0.000029 0.000004 0.000193 0.000063 0.000014 0.000017 0.000068 
-0.000000 0.000350 0.000240 0.000087 0.000520 0.000098 0.001428 0.000526 -0.000000 0.000637 0.000036 0.000436 0.000259 0.000848 0.000043 0.001828 0.001243 0.000743 0.000734 0.000133 0.000261 0.000104 0.002424 0.000069 0.002140 0.000077 0.000081 0.003789 0.003644 0.000533 0.000386 0.000642 0.000761 0.000742 0.000499 0.001035 0.000743 0.000560 0.000363 0.002997 0.000389 0.000532 0.003292 0.000160 0.000243 0.010440 0.003563 0.000789 0.000609 0.002934 0.004311 0.000491 0.001524 0.000100 0.000400 0.000086 0.001544 0.032142 0.000366 0.003710 0.000696 0.000457 0.000451 0.003724 0.001751 0.000007 0.001854 0.002486 0.000017 0.001108 0.000222 
0.000138 0.000140 0.001199 0.000262 0.001170 0.000196 0.002262 0.000936 0.000739 0.000743 0.000063 0.000630 0.000907 0.003921 0.000153 0.003814 0.003246 0.001420 0.001807 0.000266 0.000501 0.000302 0.005864 0.000482 0.007749 0.000212 0.000242 0.011449 0.010422 0.002842 0.002571 0.003183 0.005202 0.006263 0.006213 0.005717 0.006770 0.010167 0.004522 0.005718 0.006111 0.002301 0.033103 0.003352 0.001029 0.036694 0.053825 0.024177 0.016148 0.019924 0.133446 0.012554 0.016750 0.004301 0.018643 0.005924 0.102762 0.019421 0.046082 0.422320 0.145019 0.032520 0.107342 0.011414 0.013592 0.004111 0.226004 0.010500 0.003461 0.036387 0.038904 
0.000138 0.000490 0.001919 0.000436 0.003639 0.000383 0.007618 0.001989 0.001035 0.001911 0.000175 0.002131 0.002334 0.006994 0.000374 0.007946 0.006423 0.003035 0.003445 0.000583 0.001223 0.000562 0.010205 0.000689 0.011070 0.000309 0.000375 0.017380 0.015920 0.002901 0.002699 0.003130 0.005521 0.006077 0.005079 0.006797 0.005160 0.007445 0.003217 0.010151 0.003722 0.003478 0.024124 0.001853 0.001309 0.048994 0.029649 0.009388 0.006351 0.022653 0.042189 0.004138 0.014577 0.000875 0.004843 0.001481 0.025170 0.035929 0.006156 0.079689 0.017014 0.006269 0.009824 0.031963 0.034884 0.000217 0.060721 0.027541 0.000499 0.068344 0.003703 
0.000414 0.000140 0.000959 0.000349 0.002469 0.000324 0.005833 0.002281 0.001626 0.001831 0.000132 0.001719 0.002204 0.006464 0.000247 0.006755 0.005042 0.002970 0.003106 0.000511 0.000862 0.000364 0.008965 0.000723 0.009741 0.000280 0.000295 0.013509 0.011189 0.002605 0.002648 0.002568 0.003853 0.005057 0.004671 0.005604 0.004706 0.006084 0.002597 0.005779 0.003592 0.002106 0.017779 0.001605 0.000868 0.033386 0.024559 0.009056 0.005555 0.014144 0.034491 0.003554 0.009074 0.001175 0.003832 0.001481 0.020107 0.016217 0.006134 0.066865 0.017263 0.006661 0.009122 0.012794 0.013954 0.000197 0.064738 0.011403 0.000499 0.039023 0.004215 
0.000276 0.000070 0.001319 0.000742 0.001949 0.000294 0.003571 0.001462 0.000739 0.001274 0.000119 0.001017 0.002074 0.003815 0.000306 0.002543 0.004351 0.001711 0.001920 0.000532 0.000662 0.000489 0.005638 0.000723 0.006568 0.000309 0.000200 0.007578 0.005563 0.003079 0.002674 0.003638 0.003779 0.003549 0.005488 0.002723 0.006481 0.009847 0.002947 0.002110 0.004092 0.000967 0.014546 0.002332 0.000328 0.014264 0.018769 0.013958 0.009094 0.004754 0.050607 0.008907 0.003203 0.004701 0.014764 0.005018 0.022082 0.004564 0.027163 0.057186 0.083579 0.037025 0.021201 0.002059 0.002186 0.000382 0.020163 0.001995 0.004743 0.004280 0.056001 
0.000414 0.000140 0.001679 0.000480 0.003249 0.000304 0.003928 0.001111 0.001183 0.001115 0.000050 0.001211 0.000519 0.002967 0.000238 0.006039 0.003868 0.001969 0.002513 0.000358 0.000421 0.000250 0.006540 0.000172 0.005756 0.000106 0.000189 0.009802 0.010869 0.001007 0.001234 0.001177 0.002748 0.002505 0.002313 0.004389 0.001775 0.002482 0.001279 0.010182 0.001500 0.002061 0.011014 0.000497 0.000904 0.040105 0.009544 0.002908 0.001992 0.012588 0.011600 0.001169 0.006153 0.000250 0.001199 0.000306 0.006140 0.100796 0.001722 0.017422 0.003482 0.001371 0.002205 0.028743 0.012868 0.000034 0.011163 0.016867 0.000087 0.007032 0.000921 
0.000414 0.000560 0.001559 0.000349 0.002469 0.000353 0.004642 0.001404 0.000296 0.001353 0.000103 0.001550 0.000389 0.005298 0.000196 0.007946 0.003315 0.002324 0.003275 0.000296 0.000541 0.000312 0.009867 0.000241 0.010258 0.000261 0.000334 0.013014 0.018478 0.002072 0.002159 0.002488 0.004196 0.004639 0.003039 0.006414 0.003468 0.003683 0.002261 0.013454 0.002537 0.003725 0.021729 0.001100 0.001439 0.067393 0.024368 0.006480 0.004102 0.027319 0.028845 0.002805 0.016285 0.000675 0.002845 0.000893 0.020753 0.069237 0.004520 0.066784 0.010199 0.003592 0.007184 0.083226 0.079075 0.000166 0.045927 0.083890 0.000306 0.043537 0.002815 
0.000138 0.000490 0.001199 0.000349 0.003898 0.000226 0.006071 0.002164 0.001626 0.001433 0.000162 0.001526 0.001167 0.006358 0.000298 0.007629 0.006285 0.003099 0.002005 0.000562 0.000822 0.000573 0.007611 0.000757 0.010627 0.000251 0.000385 0.014827 0.013363 0.003493 0.002262 0.003451 0.005129 0.005776 0.005805 0.006077 0.005325 0.007365 0.003607 0.008286 0.004629 0.003036 0.030529 0.002048 0.001082 0.049201 0.036393 0.011507 0.008555 0.021538 0.060051 0.005564 0.013872 0.001625 0.006677 0.002264 0.034685 0.025150 0.012419 0.148812 0.033630 0.010317 0.019647 0.021491 0.023767 0.000482 0.172545 0.018023 0.000777 0.067908 0.008037 
-0.000000 0.000070 0.001319 0.000305 0.003119 0.000265 0.005476 0.001462 0.000444 0.001274 0.000089 0.001284 0.000389 0.003497 0.000170 0.006834 0.003039 0.002744 0.002005 0.000286 0.000561 0.000291 0.006878 0.000516 0.007232 0.000155 0.000262 0.012850 0.015409 0.001125 0.001208 0.001979 0.004024 0.003804 0.002358 0.006077 0.003096 0.002882 0.001857 0.014096 0.001815 0.003463 0.019395 0.000887 0.001395 0.066669 0.021568 0.004860 0.003492 0.026732 0.021967 0.002127 0.014253 0.000525 0.002022 0.000636 0.016696 0.097494 0.003637 0.046781 0.009701 0.002220 0.005480 0.113590 0.053209 0.000105 0.035189 0.082512 0.000224 0.029691 0.001945 
