# Flux Network Reconstruction using RW method
# Walkers leave from emitting cells
# Probability involves emitting fluxes, then absorbing flux is shared among connections
# Seed: 1684539137
# Threshold: 0.5
# Precision: 100000.0
# Dt: 1.0
# Radius step: 6.000000
# Matrix output


0.016540 0.001580 0.000647 0.000291 0.000005 0.359184 0.079931 0.005298 0.000607 0.000439 0.004092 0.008824 0.000133 0.004740 0.000016 0.042413 0.002208 0.008944 0.002503 0.000074 0.000000 0.000047 0.016620 0.000013 0.002322 0.004418 0.000034 -0.000000 0.001726 0.010611 0.007351 0.000107 0.000342 0.000153 0.000214 0.000214 0.000508 0.000109 -0.000000 0.004515 0.000086 0.000293 0.000495 0.000017 0.005331 0.000173 0.000029 -0.000000 0.000408 0.000012 0.000204 0.000064 0.000010 -0.000000 0.000063 -0.000000 -0.000000 -0.000000 0.000025 0.000052 0.001361 0.000136 -0.000000 -0.000000 -0.000000 -0.000000 0.000041 -0.000000 
0.052997 0.347998 0.000029 0.080089 0.001601 0.009454 0.030219 0.000092 0.017347 0.099717 0.008969 0.004742 0.008531 0.085740 0.003724 0.006850 0.016846 0.003187 0.003390 0.003947 0.000005 0.001722 0.000623 0.002896 0.001515 0.002502 0.003065 0.005162 0.006310 0.002572 0.000962 0.004231 0.000577 0.001282 0.000014 0.005351 0.000186 0.002187 0.000701 0.000171 0.001290 0.000536 0.002671 0.000496 0.000612 0.000216 0.000176 0.000334 0.000300 0.000193 0.000034 0.000510 0.000095 0.000082 0.000016 0.000043 0.000289 0.000104 0.000098 0.000069 0.000143 0.000068 0.000070 0.000048 0.000027 -0.000000 -0.000000 0.000002 
0.911749 0.343457 0.000215 0.034814 0.000785 0.070823 0.185994 0.000431 0.032289 0.075337 0.036298 0.018775 0.007633 0.187596 0.002260 0.022548 0.043201 0.010658 0.011333 0.004699 0.000008 0.001855 0.002068 0.002690 0.003837 0.004731 0.002694 0.002809 0.013861 0.007395 0.002357 0.004284 0.001239 0.001728 0.000047 0.005280 0.000465 0.002515 0.000574 0.000582 0.001405 0.000853 0.003363 0.000496 0.001398 0.000230 0.000176 0.000401 0.000381 0.000156 0.000102 0.000574 0.000048 0.000061 0.000071 0.000021 0.000260 0.000052 0.000074 0.000034 0.000143 0.000136 -0.000000 0.000024 0.000054 -0.000000 0.000083 0.000002 
0.033756 0.091121 0.000034 0.042975 0.000982 0.013924 0.039497 0.000185 0.017674 0.120803 0.010833 0.007910 0.011026 0.114706 0.004122 0.012730 0.023536 0.006829 0.006918 0.005802 0.000008 0.002970 0.001744 0.005187 0.004073 0.006764 0.006703 0.010704 0.015102 0.013907 0.003660 0.011353 0.002179 0.002592 0.000072 0.014983 0.000948 0.005714 0.002464 0.001916 0.004472 0.002048 0.008704 0.001604 0.005244 0.001008 0.000941 0.001848 0.001715 0.000914 0.000408 0.003955 0.000362 0.000572 0.000291 0.000385 0.001241 0.000573 0.000478 0.000585 0.001146 0.001839 0.000175 0.000622 0.000572 0.000070 0.000953 0.000031 
0.038144 0.096650 0.000033 0.184467 0.004210 0.013408 0.037710 0.000117 0.027550 0.310573 0.012221 0.006394 0.023116 0.142093 0.009723 0.010104 0.027985 0.006079 0.006425 0.008515 0.000012 0.004445 0.001196 0.006898 0.003404 0.004731 0.011115 0.016095 0.012998 0.009485 0.002326 0.013335 0.001944 0.002439 0.000044 0.014769 0.000584 0.005222 0.002337 0.000479 0.003640 0.001682 0.008407 0.001356 0.002010 0.000634 0.000705 0.001314 0.000980 0.000722 0.000229 0.002998 0.000324 0.000388 0.000228 0.000321 0.000577 0.000417 0.000208 0.000327 0.000215 0.000885 0.000140 0.000143 0.000136 0.000040 0.000249 0.000017 
0.001013 0.001283 0.000001 0.011238 0.006876 0.000430 0.001532 0.000007 0.000981 0.050957 0.000822 0.000214 0.003309 0.007479 0.001544 0.000571 0.001325 0.000455 0.000374 0.000776 0.000001 0.000467 0.000050 0.000656 0.000374 0.000508 0.001549 0.002202 0.000755 0.000482 0.000186 0.001232 0.000075 0.000237 0.000003 0.001356 0.000051 0.000601 0.000340 0.000137 0.000459 0.000244 0.000297 0.000182 0.000175 0.000072 0.000088 0.000134 0.000109 0.000060 0.000017 0.000191 0.000067 0.000082 0.000031 0.000043 0.000115 0.000104 0.000049 0.000017 0.000143 0.000204 0.000035 0.000024 0.000027 0.000004 -0.000000 -0.000000 
0.062449 0.014315 0.000322 0.003951 0.000135 0.121447 0.240984 0.001007 0.008253 0.025918 0.027055 0.027871 0.002345 0.078367 0.001289 0.050861 0.030974 0.026565 0.018508 0.002468 0.000006 0.001588 0.008771 0.002600 0.012789 0.020643 0.004042 0.005542 0.027183 0.037058 0.012128 0.006855 0.004229 0.004348 0.000297 0.013128 0.002716 0.005577 0.002188 0.005234 0.005475 0.005411 0.021068 0.001704 0.014333 0.002636 0.000941 0.002627 0.004656 0.001203 0.001291 0.007718 0.000610 0.000961 0.000834 0.000642 0.001500 0.000885 0.001153 0.001067 0.002650 0.004495 0.000490 0.000574 0.001008 0.000202 0.001409 0.000062 
0.015190 0.021324 0.000011 0.113349 0.016746 0.003954 0.010045 0.000046 0.011428 0.488921 0.004183 0.002177 0.029418 0.058564 0.011617 0.003767 0.011412 0.001714 0.002602 0.005884 0.000006 0.003310 0.000374 0.005496 0.001318 0.002111 0.008757 0.012223 0.005717 0.003457 0.000713 0.009640 0.000801 0.001324 0.000014 0.008919 0.000355 0.003199 0.001827 0.000308 0.002150 0.000731 0.004451 0.000777 0.001224 0.000274 0.000441 0.000779 0.000436 0.000457 0.000093 0.001276 0.000229 0.000388 0.000094 0.000107 0.000404 0.000156 0.000135 0.000172 0.000143 0.000409 0.000070 0.000143 0.000136 0.000022 0.000249 0.000007 
0.004726 0.001086 0.000060 0.000453 0.000010 0.025441 0.024260 0.000170 0.000665 0.001757 0.003124 0.003479 0.000233 0.006531 0.000127 0.008391 0.003498 0.003937 0.002444 0.000319 0.000001 0.000267 0.001545 0.000270 0.002322 0.004418 0.000539 0.000607 0.005016 0.007395 0.001985 0.000910 0.000844 0.000878 0.000061 0.002212 0.000516 0.000929 0.000382 0.001231 0.000975 0.001365 0.003660 0.000364 0.002971 0.000663 0.000206 0.000757 0.001171 0.000205 0.000263 0.001850 0.000067 0.000266 0.000236 0.000214 0.000433 0.000208 0.000368 0.000207 0.001146 0.000954 0.000070 0.000263 0.000463 0.000053 0.000249 0.000017 
0.007089 0.014117 0.000008 0.078178 0.023798 0.002235 0.005788 0.000018 0.008382 0.521648 0.002101 0.001069 0.025993 0.041817 0.011363 0.001484 0.006283 0.001339 0.000966 0.003890 0.000004 0.001942 0.000100 0.003411 0.000394 0.000626 0.005221 0.008807 0.002481 0.001367 0.000248 0.005945 0.000331 0.000794 0.000005 0.005209 0.000102 0.001722 0.000786 0.000034 0.000631 0.000244 0.000890 0.000298 0.000350 0.000101 0.000412 0.000156 0.000245 0.000144 0.000042 0.000446 0.000114 0.000082 0.000016 -0.000000 0.000144 0.000078 0.000025 0.000034 -0.000000 0.000068 -0.000000 0.000024 0.000082 0.000013 -0.000000 0.000002 
0.075951 0.091911 0.000080 0.048934 0.001403 0.031544 0.080612 0.000422 0.054212 0.185158 0.027475 0.017356 0.020255 0.313994 0.008832 0.026772 0.058858 0.016095 0.015255 0.012560 0.000020 0.006620 0.002890 0.010103 0.008342 0.013214 0.014752 0.019891 0.033008 0.024437 0.006421 0.020243 0.004304 0.006021 0.000142 0.031037 0.001726 0.010990 0.004928 0.002018 0.008140 0.004656 0.020376 0.003027 0.005768 0.002074 0.001617 0.002605 0.002696 0.001492 0.000552 0.007782 0.000714 0.001227 0.000575 0.000684 0.001731 0.000989 0.000736 0.000654 0.001146 0.003678 0.000385 0.000622 0.000871 0.000092 0.001368 0.000065 
0.055022 0.049559 0.000076 0.022184 0.000806 0.031544 0.084102 0.000397 0.047301 0.133103 0.028023 0.017395 0.013121 0.272599 0.005856 0.029683 0.059401 0.017487 0.017739 0.010836 0.000019 0.006106 0.004734 0.008378 0.010389 0.018531 0.011990 0.015260 0.038401 0.030627 0.008747 0.019279 0.005447 0.006272 0.000175 0.030752 0.002217 0.012329 0.005225 0.003694 0.010090 0.006581 0.029080 0.004019 0.013022 0.002751 0.002087 0.004163 0.004602 0.002081 0.000926 0.010524 0.001010 0.001758 0.000756 0.000984 0.003260 0.001328 0.001361 0.001274 0.001432 0.004700 0.000315 0.001100 0.001253 0.000189 0.001616 0.000091 
0.003376 0.001185 0.000054 0.000583 0.000031 0.032059 0.030815 0.002003 0.001237 0.004173 0.005773 0.007697 0.000482 0.016010 0.000350 0.033736 0.006487 0.012720 0.006642 0.000580 0.000001 0.000387 0.020333 0.000618 0.007359 0.015717 0.001145 0.001518 0.015155 0.030707 0.015106 0.002517 0.002296 0.002536 0.000543 0.005993 0.002707 0.002734 0.000850 0.010741 0.002924 0.004290 0.014837 0.001158 0.024471 0.002679 0.000235 0.001269 0.004847 0.000794 0.001460 0.005294 0.000333 0.000552 0.001055 0.000299 0.001269 0.000911 0.001005 0.000826 0.005442 0.004836 0.000315 0.000765 0.001035 0.000158 0.001658 0.000084 
0.094854 0.016585 0.001092 0.003368 0.000068 0.713125 1.226540 0.013239 0.006852 0.011421 0.065892 0.173699 0.001081 0.064147 0.000334 0.540064 0.034778 0.133496 0.041292 0.001038 0.000003 0.000427 0.049786 0.000502 0.025322 0.041715 0.000404 0.000683 0.030041 0.083601 0.038897 0.001071 0.002905 0.002258 0.000843 0.002569 0.003739 0.001394 0.000297 0.012759 0.001462 0.002413 0.005836 0.000248 0.020363 0.001109 0.000059 0.000134 0.001960 0.000156 0.000713 0.000765 0.000057 0.000020 0.000386 0.000021 0.000202 0.000026 0.000135 0.000052 0.004153 0.000613 -0.000000 0.000096 0.000027 0.000009 0.000207 0.000017 
0.004726 0.008095 0.000007 0.025682 0.002853 0.002149 0.006895 0.000031 0.006642 1.123465 0.002758 0.001283 0.039895 0.038341 0.027897 0.001998 0.006181 0.001339 0.001459 0.004854 0.000005 0.003243 0.000324 0.006165 0.000826 0.001329 0.011148 0.017385 0.004153 0.002733 0.000589 0.011086 0.000566 0.000976 0.000014 0.008990 0.000152 0.003171 0.001890 0.000274 0.001519 0.000731 0.003066 0.000728 0.000874 0.000303 0.000676 0.000824 0.000490 0.000277 0.000068 0.001339 0.000133 0.000307 0.000055 0.000086 0.000289 0.000286 0.000159 0.000103 0.000143 0.000204 0.000140 0.000096 0.000272 0.000035 0.000166 0.000002 
0.004388 0.000494 0.000077 0.000065 -0.000000 0.051656 0.034220 0.004796 0.000222 0.001098 0.002758 0.007172 0.000017 0.003476 0.000016 0.056512 0.002445 0.013176 0.003962 0.000114 0.000000 0.000047 0.125213 0.000039 0.006237 0.013371 -0.000000 0.000076 0.004854 0.034968 0.036447 0.000214 0.001036 0.000655 0.002183 0.000499 0.003342 0.000137 0.000021 0.065917 0.000516 0.002413 0.006825 0.000099 0.051913 0.002017 -0.000000 0.000134 0.003921 0.000072 0.002131 0.001212 0.000029 0.000020 0.001118 0.000021 0.000144 -0.000000 0.000307 0.000224 0.022056 0.001498 -0.000000 0.000048 0.000109 0.000035 0.002196 0.000062 
0.031731 0.027939 0.000053 0.021212 0.000852 0.020284 0.061544 0.000375 0.071022 0.222936 0.025904 0.016229 0.026907 0.455033 0.011808 0.027742 0.076417 0.016389 0.018705 0.026648 0.000041 0.014048 0.004734 0.019189 0.011392 0.019157 0.027012 0.035150 0.049242 0.034646 0.009213 0.037649 0.006974 0.010020 0.000204 0.056652 0.002656 0.021406 0.010026 0.003421 0.015994 0.008166 0.038674 0.006749 0.012061 0.003500 0.003292 0.005944 0.005963 0.003345 0.000926 0.014670 0.001505 0.002617 0.001165 0.001497 0.004241 0.002343 0.001790 0.002048 0.001790 0.005858 0.000841 0.001482 0.001906 0.000220 0.001616 0.000086 
0.011477 0.015401 0.000029 0.022961 0.001091 0.009712 0.029368 0.000172 0.023674 0.430717 0.010687 0.006569 0.056126 0.166740 0.023489 0.014271 0.033114 0.007498 0.008554 0.022456 0.000021 0.013914 0.002193 0.023591 0.006001 0.009227 0.035971 0.052687 0.026751 0.018730 0.004684 0.043004 0.004048 0.006453 0.000116 0.045307 0.001641 0.017551 0.008666 0.002531 0.011523 0.005094 0.022947 0.005706 0.007953 0.002391 0.002910 0.005521 0.003050 0.002466 0.000620 0.011545 0.001210 0.002351 0.000559 0.001283 0.003087 0.001953 0.001140 0.001360 0.001146 0.004087 0.000806 0.001052 0.001471 0.000202 0.001575 0.000067 
0.027680 0.022904 0.000047 0.023641 0.000894 0.017018 0.056352 0.000271 0.048609 0.289048 0.021081 0.011778 0.035738 0.371821 0.016567 0.024489 0.067349 0.014166 0.016083 0.038661 0.000047 0.019240 0.004485 0.026242 0.009621 0.016889 0.036813 0.049726 0.046869 0.030546 0.008747 0.053447 0.006130 0.010829 0.000193 0.067212 0.002555 0.025670 0.011895 0.003215 0.017198 0.007215 0.039564 0.007857 0.011012 0.003630 0.003616 0.007013 0.004602 0.003573 0.001206 0.016201 0.001886 0.002556 0.000945 0.001540 0.004385 0.002708 0.001594 0.001980 0.002005 0.005653 0.000911 0.001506 0.002097 0.000233 0.001699 0.000079 
0.013840 0.015105 0.000028 0.021439 0.000894 0.011689 0.032772 0.000191 0.026651 0.394256 0.012294 0.008357 0.050805 0.201921 0.024317 0.016269 0.040008 0.009346 0.010505 0.035351 0.000029 0.019901 0.002591 0.032021 0.007398 0.012276 0.047120 0.063695 0.031659 0.021945 0.005707 0.059927 0.004956 0.008111 0.000171 0.058150 0.001827 0.022472 0.012702 0.002531 0.015794 0.006362 0.033629 0.006236 0.009264 0.002809 0.003674 0.006211 0.003730 0.003369 0.000934 0.013969 0.001629 0.003067 0.000661 0.001840 0.003693 0.002135 0.001471 0.001687 0.001217 0.004768 0.001016 0.001459 0.001688 0.000255 0.001409 0.000086 
0.023629 0.006812 0.000223 0.001360 0.000057 0.137176 0.228981 0.006352 0.005276 0.009884 0.035988 0.080601 0.001247 0.061092 0.000493 0.882848 0.036035 0.200258 0.062677 0.001806 0.000006 0.001101 0.077794 0.001467 0.080944 0.159550 0.002021 0.002278 0.085539 0.299435 0.115483 0.003320 0.012111 0.009379 0.002401 0.011059 0.015930 0.005194 0.001572 0.035370 0.007281 0.016137 0.044213 0.002200 0.074811 0.008297 0.000647 0.001959 0.014894 0.001215 0.003948 0.008739 0.000457 0.000532 0.002669 0.000385 0.001875 0.000469 0.001557 0.001394 0.013176 0.006675 0.000455 0.000526 0.001008 0.000088 0.004061 0.000163 
0.022954 0.009280 0.000106 0.005214 0.000244 0.046069 0.128025 0.001018 0.015864 0.048760 0.062458 0.048570 0.005937 0.208768 0.003008 0.088365 0.123557 0.059317 0.081500 0.008401 0.000021 0.005199 0.013406 0.007516 0.040984 0.065798 0.010879 0.015715 0.148858 0.117684 0.026707 0.022118 0.017323 0.019525 0.000793 0.053084 0.008122 0.020859 0.007562 0.010980 0.021727 0.019793 0.080711 0.007873 0.040290 0.008643 0.003292 0.008972 0.013941 0.004440 0.003218 0.026534 0.002038 0.003251 0.002511 0.001583 0.006838 0.003541 0.003446 0.003099 0.007018 0.011784 0.001891 0.002702 0.004085 0.000496 0.004932 0.000238 
0.022279 0.010070 0.000150 0.003757 0.000151 0.074690 0.199273 0.002086 0.010576 0.025478 0.063225 0.102252 0.003426 0.142093 0.001687 0.266007 0.082394 0.259923 0.181646 0.004805 0.000013 0.003170 0.026363 0.004054 0.118957 0.157439 0.004951 0.005770 0.182620 0.256027 0.056299 0.011032 0.020645 0.019874 0.001202 0.029182 0.013012 0.014325 0.004163 0.016727 0.016568 0.020573 0.070424 0.004582 0.045096 0.008629 0.001617 0.004564 0.014213 0.002996 0.003354 0.015181 0.000914 0.001533 0.002566 0.000749 0.003433 0.001224 0.002317 0.002048 0.009453 0.009332 0.000841 0.001172 0.001879 0.000215 0.003813 0.000118 
0.040170 0.020534 0.000094 0.011626 0.000385 0.037732 0.127940 0.000604 0.044278 0.095983 0.077437 0.041768 0.012023 0.767658 0.005745 0.060394 0.508324 0.045606 0.078287 0.023723 0.000082 0.014468 0.006977 0.015277 0.035199 0.050785 0.018929 0.025584 0.252195 0.085530 0.017215 0.042897 0.024521 0.037978 0.000355 0.110592 0.006311 0.046611 0.012405 0.003865 0.037492 0.017819 0.089019 0.010603 0.018790 0.006324 0.003292 0.009239 0.008849 0.004488 0.001698 0.023600 0.001829 0.002801 0.001220 0.001583 0.004039 0.002031 0.002354 0.001635 0.003223 0.006403 0.000665 0.001148 0.001770 0.000154 0.001948 0.000106 
0.006414 0.008095 0.000018 0.008032 0.000379 0.005759 0.012854 0.000123 0.011090 0.273893 0.006741 0.004723 0.035056 0.086688 0.030141 0.009419 0.019155 0.005356 0.005519 0.017569 0.000015 0.016784 0.001719 0.044518 0.003679 0.007545 0.089457 0.141208 0.019093 0.014952 0.003288 0.081402 0.003172 0.005198 0.000089 0.056224 0.001227 0.019055 0.014380 0.001813 0.013128 0.004339 0.024431 0.005756 0.006642 0.002002 0.004615 0.006056 0.003077 0.003068 0.000713 0.010716 0.001714 0.003128 0.000638 0.001540 0.003722 0.002968 0.001337 0.001549 0.001074 0.004019 0.000841 0.001291 0.001688 0.000224 0.000746 0.000086 
0.006076 0.007009 0.000005 0.011335 0.000629 0.001461 0.006044 0.000019 0.009070 0.464981 0.002923 0.001302 0.068516 0.061514 0.101866 0.001541 0.011921 0.001339 0.001813 0.018150 0.000012 0.018372 0.000174 0.065934 0.000925 0.001016 0.235464 0.484433 0.007497 0.002894 0.000279 0.126763 0.001004 0.002230 0.000009 0.043880 0.000186 0.013450 0.014189 0.000205 0.005733 0.000975 0.006528 0.002828 0.001224 0.000317 0.004615 0.002026 0.000517 0.000782 0.000051 0.003253 0.000752 0.001268 0.000071 0.000727 0.000692 0.000833 0.000147 0.000224 0.000143 0.000545 0.000245 0.000191 0.000054 0.000057 0.000249 0.000007 
0.023292 0.018955 0.000056 0.013181 0.000405 0.024582 0.078313 0.000468 0.040636 0.139692 0.040628 0.023459 0.018725 0.605447 0.008976 0.040872 0.195797 0.027717 0.039715 0.038898 0.000148 0.025126 0.005133 0.028520 0.022725 0.035304 0.036948 0.047297 0.155653 0.062942 0.013090 0.075565 0.019993 0.034131 0.000307 0.168172 0.005118 0.068099 0.021836 0.004002 0.051394 0.018501 0.098910 0.015350 0.015731 0.006511 0.005526 0.013870 0.009122 0.007255 0.001715 0.031510 0.002829 0.004845 0.001614 0.002417 0.006549 0.003801 0.002857 0.002995 0.003008 0.009808 0.001296 0.002008 0.002505 0.000395 0.002362 0.000144 
0.005739 0.001185 0.000126 0.000194 -0.000000 0.088442 0.087677 0.009042 0.001051 0.000659 0.007764 0.023809 0.000166 0.011165 0.000016 0.261555 0.007574 0.058888 0.016576 0.000245 0.000001 0.000147 0.676646 0.000154 0.030536 0.080107 0.000168 0.000228 0.024864 0.219854 0.227181 0.000375 0.004891 0.002913 0.008127 0.001784 0.017360 0.000847 0.000127 0.125745 0.001319 0.009506 0.020079 0.000149 0.158799 0.006569 0.000118 0.000445 0.013941 0.000217 0.006122 0.005230 0.000038 0.000041 0.002865 -0.000000 0.000490 0.000026 0.000858 0.000327 0.031079 0.004155 0.000035 0.000096 0.000545 0.000048 0.004517 0.000108 
0.013502 0.003850 0.000132 0.001166 0.000052 0.076237 0.133558 0.003350 0.005638 0.012300 0.029028 0.054382 0.001846 0.070046 0.001034 0.344611 0.039465 0.146270 0.064274 0.002492 0.000006 0.001735 0.064039 0.002021 0.120570 0.271560 0.003099 0.004251 0.123671 0.527810 0.145137 0.007016 0.020057 0.016961 0.002671 0.019693 0.024501 0.010088 0.003144 0.037046 0.012813 0.029689 0.085360 0.003440 0.102865 0.015053 0.000882 0.004052 0.025105 0.002827 0.006648 0.018242 0.000781 0.001533 0.004188 0.001048 0.003376 0.001250 0.003286 0.002324 0.019192 0.013350 0.000385 0.001267 0.002696 0.000312 0.005719 0.000271 
0.011477 0.005232 0.000065 0.002623 0.000104 0.033263 0.073121 0.000910 0.006736 0.025698 0.025082 0.029776 0.002761 0.088795 0.001639 0.080658 0.044525 0.054148 0.056607 0.004119 0.000010 0.002996 0.015050 0.004620 0.056940 0.086832 0.006972 0.008503 0.129280 0.146944 0.033097 0.014781 0.016575 0.016752 0.000839 0.034462 0.009729 0.016676 0.004737 0.014709 0.017026 0.022182 0.077447 0.006997 0.046757 0.010588 0.002587 0.008549 0.017236 0.004548 0.003889 0.026790 0.001914 0.003578 0.003417 0.002310 0.007040 0.003411 0.003826 0.003994 0.008379 0.017028 0.001681 0.002654 0.003867 0.000558 0.005760 0.000274 
0.018228 0.008293 0.000078 0.003400 0.000114 0.036013 0.101297 0.001238 0.009642 0.028553 0.039166 0.042934 0.003176 0.142830 0.001703 0.123528 0.085723 0.087087 0.101368 0.005786 0.000017 0.004204 0.021928 0.005985 0.136448 0.216630 0.008050 0.010704 0.469765 0.355946 0.061262 0.019172 0.054543 0.046019 0.001259 0.058293 0.022952 0.025534 0.008135 0.018027 0.031444 0.045899 0.158355 0.009412 0.069917 0.018410 0.003086 0.009195 0.025404 0.006702 0.005884 0.038207 0.001848 0.003189 0.004550 0.002011 0.006953 0.003333 0.005089 0.003529 0.010312 0.019412 0.001156 0.002080 0.003377 0.000518 0.005760 0.000295 
0.013165 0.009774 0.000053 0.006509 0.000239 0.025613 0.063417 0.000512 0.019588 0.085880 0.027639 0.020719 0.010909 0.269228 0.006047 0.041271 0.102772 0.026994 0.033980 0.019939 0.000051 0.014935 0.008647 0.020528 0.026424 0.045156 0.030044 0.042362 0.156786 0.089067 0.021000 0.069942 0.024148 0.042828 0.000495 0.183012 0.007690 0.077038 0.025489 0.007868 0.066012 0.028519 0.140551 0.021387 0.032249 0.011783 0.008848 0.022041 0.017562 0.011851 0.003252 0.056960 0.004924 0.008116 0.003243 0.004770 0.012146 0.007316 0.006364 0.006369 0.005586 0.020230 0.002802 0.003467 0.006291 0.000733 0.005595 0.000283 
0.005401 0.003357 0.000037 0.000939 0.000031 0.019511 0.046988 0.000832 0.004413 0.007687 0.022689 0.025383 0.000915 0.068044 0.000605 0.114109 0.053050 0.069332 0.082880 0.002721 0.000009 0.001862 0.023597 0.002188 0.193074 0.424190 0.002661 0.002657 0.474295 0.831506 0.100842 0.007872 0.100190 0.052068 0.001438 0.032892 0.049720 0.017988 0.003653 0.017788 0.026141 0.067618 0.184072 0.004466 0.079793 0.023365 0.000970 0.004965 0.031721 0.003501 0.005604 0.025450 0.000571 0.001124 0.003818 0.000492 0.003116 0.000547 0.003629 0.001859 0.008235 0.011171 0.000455 0.000741 0.001552 0.000176 0.004642 0.000190 
0.001013 0.000790 0.000000 0.001457 0.000083 0.000688 0.002128 0.000009 0.001704 0.051616 0.000822 0.000408 0.006552 0.016116 0.007607 0.000571 0.004313 0.000589 0.000808 0.004723 0.000004 0.005873 0.000174 0.018971 0.000590 0.000743 0.136476 0.581988 0.004962 0.001608 0.000434 0.202809 0.000673 0.001854 0.000008 0.051729 0.000127 0.013915 0.032563 0.000137 0.006851 0.000902 0.006726 0.005243 0.000350 0.000216 0.012904 0.003829 0.000245 0.001624 0.000093 0.006315 0.002038 0.003700 0.000087 0.002011 0.001616 0.002005 0.000368 0.000465 -0.000000 0.000613 0.000736 0.000478 0.000300 0.000053 0.000332 0.000014 
0.006076 0.002863 0.000023 0.001393 0.000068 0.012205 0.030389 0.000446 0.003782 0.016693 0.010029 0.010398 0.001846 0.042027 0.000891 0.032252 0.020751 0.017862 0.017857 0.002533 0.000006 0.002062 0.008846 0.002626 0.019774 0.040112 0.004816 0.007060 0.084568 0.079662 0.020907 0.011193 0.017686 0.015261 0.000496 0.028968 0.007022 0.012849 0.004524 0.009681 0.015822 0.019598 0.073886 0.005971 0.032861 0.009363 0.002646 0.007325 0.014404 0.004608 0.003176 0.024111 0.001514 0.003087 0.002787 0.001989 0.006405 0.003333 0.003728 0.003460 0.007018 0.015802 0.001436 0.003395 0.004902 0.000553 0.004600 0.000252 
0.004051 0.003159 0.000025 0.003303 0.000130 0.011775 0.028261 0.000229 0.008382 0.054691 0.009609 0.007366 0.006918 0.093219 0.004520 0.017924 0.029344 0.012694 0.012023 0.011114 0.000018 0.010791 0.004211 0.017375 0.009267 0.017241 0.031559 0.044260 0.046815 0.036575 0.010577 0.078457 0.008715 0.015512 0.000286 0.185296 0.003384 0.064107 0.026828 0.004584 0.040444 0.013382 0.072699 0.018476 0.018266 0.006698 0.008907 0.019124 0.009911 0.009529 0.002411 0.040121 0.004638 0.008239 0.001937 0.005262 0.010156 0.007681 0.004659 0.005422 0.004583 0.015870 0.002557 0.004973 0.005991 0.000694 0.004103 0.000238 
0.007426 0.002468 0.000047 0.001652 0.000073 0.025441 0.045711 0.001011 0.003409 0.017791 0.012696 0.016540 0.001713 0.045293 0.000923 0.074037 0.020412 0.033742 0.022371 0.002337 0.000005 0.001715 0.029254 0.002432 0.035730 0.091406 0.004210 0.005846 0.070815 0.230786 0.099353 0.009586 0.015967 0.014689 0.001912 0.023331 0.025524 0.012794 0.004567 0.031642 0.014217 0.031542 0.096339 0.005789 0.097097 0.018424 0.002146 0.008416 0.032946 0.004765 0.008788 0.030106 0.002086 0.003251 0.006211 0.002417 0.008425 0.004452 0.005456 0.004837 0.019478 0.024521 0.001226 0.003467 0.005746 0.000764 0.011148 0.000509 
0.010464 0.006516 0.000021 0.005246 0.000239 0.012291 0.031751 0.000292 0.012584 0.072482 0.016514 0.011273 0.009180 0.165582 0.005586 0.022491 0.065854 0.016336 0.020183 0.018836 0.000040 0.018606 0.005283 0.026294 0.016744 0.028227 0.043617 0.057470 0.111697 0.049678 0.012904 0.124460 0.020869 0.048904 0.000336 0.501233 0.006125 0.245795 0.053379 0.005268 0.142687 0.028251 0.178731 0.046578 0.025257 0.011207 0.016285 0.039807 0.015466 0.020346 0.002853 0.081389 0.008476 0.012982 0.002787 0.006845 0.017542 0.010128 0.007492 0.007574 0.003867 0.025338 0.004308 0.005332 0.006726 0.000975 0.004890 0.000324 
0.000338 0.000592 0.000002 0.000356 0.000016 0.000344 0.001362 0.000018 0.000572 0.009445 0.000530 0.000408 0.001081 0.007268 0.000828 0.000685 0.001766 0.000669 0.000946 0.001013 0.000002 0.001248 0.000349 0.003127 0.000826 0.001329 0.010778 0.020194 0.004369 0.002572 0.000651 0.030794 0.000758 0.001115 0.000018 0.023046 0.000313 0.006670 0.016462 0.000479 0.005704 0.001414 0.007913 0.004449 0.001748 0.000749 0.017108 0.004430 0.001089 0.002057 0.000144 0.006315 0.002429 0.004743 0.000228 0.002845 0.002250 0.003124 0.000760 0.001308 0.000358 0.002588 0.001226 0.001219 0.001144 0.000202 0.000332 0.000029 
0.002700 0.000987 0.000033 0.000356 0.000026 0.020198 0.029368 0.001381 0.001202 0.002855 0.005663 0.009990 0.000249 0.016221 0.000143 0.062734 0.009340 0.021477 0.010801 0.000768 0.000002 0.000594 0.081133 0.000566 0.021525 0.055360 0.001078 0.001746 0.038347 0.143407 0.134590 0.003374 0.010840 0.009602 0.013605 0.010988 0.028959 0.004975 0.001338 0.224945 0.009631 0.037953 0.097328 0.002531 0.773018 0.028594 0.000676 0.003896 0.070004 0.003128 0.032852 0.027108 0.000829 0.001411 0.018421 0.000941 0.006174 0.001849 0.007075 0.004217 0.104911 0.035146 0.001191 0.002534 0.006372 0.000791 0.026606 0.001099 
0.003713 0.001876 0.000006 0.000712 0.000026 0.004383 0.008938 0.000121 0.001985 0.008566 0.003014 0.002974 0.001231 0.019065 0.000828 0.010104 0.007234 0.005624 0.004652 0.001569 0.000003 0.001468 0.002791 0.002330 0.005135 0.010634 0.004311 0.007668 0.020010 0.021624 0.006328 0.010336 0.004432 0.007972 0.000183 0.035746 0.002580 0.015774 0.006245 0.002908 0.030498 0.009921 0.055686 0.009709 0.014857 0.004725 0.003322 0.011555 0.007379 0.006076 0.001698 0.029596 0.002448 0.004539 0.001685 0.003101 0.008973 0.004999 0.003850 0.004131 0.003509 0.015666 0.001541 0.003706 0.004248 0.000610 0.003440 0.000187 
0.005739 0.001382 0.000039 0.000810 0.000057 0.019511 0.030900 0.000980 0.002171 0.008566 0.008129 0.010593 0.001114 0.031600 0.000477 0.055314 0.015997 0.025521 0.017010 0.001659 0.000004 0.001161 0.043482 0.001712 0.026522 0.066580 0.002998 0.004555 0.058896 0.166478 0.106611 0.006962 0.017366 0.015414 0.004867 0.022903 0.035922 0.011209 0.004100 0.081960 0.017943 0.061890 0.170818 0.006236 0.461101 0.045362 0.001881 0.009506 0.099384 0.005739 0.032385 0.047583 0.002229 0.003476 0.020460 0.002246 0.012752 0.004218 0.010361 0.007454 0.060010 0.051562 0.001646 0.004878 0.010267 0.001190 0.028430 0.001118 
0.003376 0.001283 0.000022 0.000518 0.000026 0.013924 0.021792 0.000489 0.002078 0.005930 0.005937 0.007755 0.000798 0.023173 0.000573 0.029797 0.011378 0.012801 0.008988 0.001397 0.000003 0.000961 0.020208 0.001557 0.014678 0.031355 0.002593 0.002885 0.033115 0.076205 0.040573 0.006801 0.008469 0.009407 0.002081 0.020192 0.013088 0.007791 0.003122 0.041459 0.012354 0.030859 0.087536 0.005376 0.265771 0.022314 0.002058 0.007926 0.054375 0.004897 0.020217 0.033168 0.001886 0.002985 0.013210 0.002738 0.011137 0.004010 0.007909 0.006559 0.034660 0.038007 0.001961 0.004710 0.007952 0.001058 0.019644 0.000888 
0.004388 0.001678 0.000016 0.001069 0.000021 0.005329 0.016514 0.000269 0.002802 0.014057 0.005681 0.005831 0.001846 0.036445 0.001130 0.016840 0.012838 0.008864 0.009086 0.002680 0.000005 0.002242 0.005582 0.003681 0.009464 0.020486 0.007275 0.011540 0.036298 0.043810 0.013958 0.016870 0.009975 0.016362 0.000452 0.059220 0.005601 0.026873 0.012001 0.007286 0.045432 0.028763 0.178533 0.021172 0.037842 0.013930 0.005908 0.030768 0.022436 0.019215 0.004696 0.119915 0.006438 0.010917 0.004818 0.008000 0.025505 0.012290 0.013132 0.014529 0.008951 0.045568 0.004588 0.009994 0.014923 0.001849 0.011480 0.000629 
0.001688 0.001283 0.000005 0.001263 0.000042 0.002321 0.006895 0.000047 0.002288 0.018889 0.002667 0.002235 0.002395 0.026438 0.001735 0.004681 0.010630 0.002812 0.004297 0.003718 0.000006 0.004525 0.001670 0.008932 0.003246 0.005317 0.022263 0.037731 0.022760 0.013505 0.003412 0.079796 0.005073 0.010857 0.000078 0.207628 0.001844 0.068071 0.112429 0.002429 0.069050 0.012407 0.089019 0.092015 0.010750 0.005776 0.099177 0.095933 0.008359 0.037840 0.001494 0.110858 0.057448 0.100627 0.001732 0.042736 0.047345 0.057542 0.010140 0.018264 0.002578 0.033989 0.018038 0.016809 0.014515 0.002025 0.005097 0.000310 
0.003376 0.001777 0.000029 0.000712 0.000026 0.012119 0.025196 0.000555 0.002125 0.007029 0.006759 0.008066 0.001031 0.026544 0.000716 0.035277 0.013755 0.016443 0.012279 0.001749 0.000004 0.001401 0.022576 0.002136 0.018377 0.042067 0.004379 0.004935 0.047192 0.095819 0.051925 0.008622 0.013190 0.014843 0.002193 0.026613 0.020051 0.012439 0.005034 0.044161 0.018603 0.057721 0.155388 0.007592 0.246195 0.046039 0.002792 0.012178 0.117600 0.007809 0.030916 0.054089 0.002695 0.004661 0.022129 0.003593 0.016157 0.005442 0.013046 0.009055 0.038599 0.061643 0.002907 0.007125 0.012336 0.001665 0.029217 0.001255 
0.000675 0.000296 0.000010 0.000032 0.000005 0.006790 0.007321 0.000708 0.000152 0.000220 0.000950 0.002352 0.000100 0.002107 0.000016 0.024317 0.001868 0.006481 0.002365 0.000065 0.000000 0.000073 0.054570 0.000116 0.006434 0.018766 0.000034 0.000152 0.011164 0.067524 0.079315 0.000375 0.004614 0.003331 0.009522 0.001570 0.019678 0.000875 0.000276 0.340189 0.003239 0.026716 0.054104 0.000877 1.967197 0.024834 0.000147 0.001380 0.081576 0.001071 0.067571 0.014926 0.000248 0.000532 0.034661 0.000299 0.003433 0.000807 0.006634 0.003047 0.284799 0.045636 0.000385 0.001459 0.005283 0.000439 0.055036 0.001766 
0.001688 0.001185 0.000006 0.000939 0.000042 0.002922 0.007150 0.000086 0.001821 0.014057 0.002886 0.002293 0.002062 0.025174 0.001369 0.006222 0.008015 0.003803 0.004395 0.002787 0.000004 0.003003 0.002193 0.005843 0.003896 0.006881 0.014213 0.023611 0.020279 0.014630 0.004157 0.044664 0.004315 0.008041 0.000165 0.090614 0.002123 0.034145 0.045796 0.002600 0.035686 0.010238 0.060236 0.034652 0.012672 0.005042 0.060788 0.041365 0.008849 0.018481 0.001537 0.066974 0.030438 0.061394 0.001740 0.032790 0.030150 0.038535 0.007541 0.013324 0.003151 0.027177 0.013310 0.014729 0.011546 0.001849 0.005263 0.000319 
0.003376 0.001678 0.000011 0.000745 0.000036 0.007735 0.015237 0.000299 0.002311 0.007029 0.005919 0.005928 0.000848 0.030230 0.000843 0.021806 0.016642 0.012774 0.011708 0.002018 0.000005 0.001875 0.010565 0.002844 0.014776 0.036711 0.004951 0.005770 0.067471 0.090192 0.033128 0.015691 0.023731 0.035399 0.001187 0.059363 0.018232 0.030427 0.009367 0.021927 0.065209 0.153639 0.783963 0.024100 0.128997 0.090940 0.007084 0.037536 0.124951 0.026398 0.020438 0.244678 0.007152 0.010856 0.023113 0.007551 0.049509 0.013722 0.046116 0.028025 0.027857 0.154549 0.005989 0.016402 0.032488 0.003457 0.041194 0.002105 
0.002700 0.001678 0.000019 0.000745 0.000016 0.010228 0.016599 0.000370 0.001961 0.007248 0.004969 0.006356 0.001064 0.023173 0.000764 0.024546 0.009476 0.011488 0.008850 0.001422 0.000003 0.001141 0.013555 0.001789 0.011549 0.026624 0.003031 0.004251 0.030311 0.060771 0.028165 0.006694 0.008619 0.009365 0.001302 0.021262 0.010457 0.009295 0.003611 0.025484 0.014045 0.030762 0.098119 0.005806 0.140708 0.026477 0.002499 0.008371 0.071393 0.005426 0.021567 0.038845 0.002505 0.003762 0.014997 0.002888 0.011396 0.004270 0.008215 0.007454 0.025207 0.039982 0.002627 0.004902 0.008905 0.001300 0.019768 0.000902 
0.002363 0.000889 0.000005 0.000777 0.000026 0.003094 0.007916 0.000095 0.001961 0.011202 0.003909 0.003324 0.001347 0.026754 0.000955 0.009533 0.012770 0.005677 0.006090 0.002672 0.000006 0.002729 0.003613 0.004530 0.007555 0.012120 0.007208 0.013438 0.042500 0.031833 0.009802 0.028116 0.013532 0.028110 0.000330 0.117513 0.005947 0.057929 0.026700 0.006123 0.130935 0.044949 0.356769 0.077013 0.036007 0.020686 0.018048 0.160518 0.030632 0.133059 0.005095 0.690278 0.021391 0.033222 0.007093 0.019486 0.100489 0.037207 0.038587 0.042312 0.007376 0.099241 0.012749 0.023169 0.031072 0.003799 0.017613 0.001116 
0.000675 0.000395 0.000012 0.000389 0.000031 0.007821 0.010555 0.000336 0.001109 0.002416 0.002813 0.003829 0.000482 0.010955 0.000239 0.017125 0.004110 0.006293 0.004435 0.000621 0.000001 0.000440 0.015848 0.000618 0.007162 0.015677 0.001179 0.001442 0.014131 0.038505 0.022458 0.003374 0.003556 0.004697 0.001621 0.008633 0.006345 0.003745 0.001487 0.060957 0.006879 0.014016 0.044707 0.002200 0.169723 0.011006 0.000911 0.003941 0.024832 0.002647 0.012252 0.016648 0.001048 0.001963 0.009943 0.001733 0.005482 0.002552 0.004991 0.004011 0.152676 0.029425 0.000876 0.002989 0.006563 0.000773 0.023456 0.000866 
0.002700 0.000987 0.000015 0.000324 0.000016 0.007134 0.011832 0.000271 0.000922 0.005052 0.003087 0.003615 0.000565 0.011376 0.000302 0.016383 0.005977 0.006882 0.004711 0.000646 0.000002 0.000561 0.013829 0.000785 0.007477 0.014974 0.001549 0.002202 0.016504 0.036495 0.020286 0.003588 0.004678 0.004794 0.001329 0.010774 0.005601 0.004675 0.001975 0.041254 0.007252 0.014260 0.052818 0.003325 0.150671 0.011812 0.000970 0.004898 0.028971 0.002888 0.012915 0.021368 0.001190 0.002147 0.009872 0.001711 0.006492 0.002265 0.005505 0.004269 0.072256 0.031877 0.001611 0.003802 0.007053 0.000747 0.022586 0.000874 
0.000675 0.001481 0.000009 0.000810 0.000047 0.003868 0.008087 0.000111 0.001961 0.009445 0.003233 0.002624 0.001447 0.020856 0.000796 0.007478 0.008219 0.005008 0.004612 0.002157 0.000004 0.001942 0.002841 0.003436 0.004840 0.010048 0.006433 0.011160 0.022760 0.025241 0.008313 0.022760 0.006141 0.010480 0.000312 0.063501 0.003367 0.026791 0.019733 0.005063 0.041361 0.019842 0.117802 0.033131 0.026568 0.011164 0.019724 0.066456 0.017617 0.038068 0.003575 0.190397 0.029391 0.048944 0.004377 0.037475 0.134361 0.066447 0.022929 0.049508 0.006803 0.085686 0.023362 0.039452 0.039078 0.005780 0.014381 0.000888 
0.005063 0.000987 0.000011 0.000551 0.000052 0.007306 0.014301 0.000232 0.001658 0.007029 0.003562 0.004256 0.000831 0.020013 0.000430 0.014842 0.007676 0.007579 0.005834 0.001389 0.000003 0.001281 0.007052 0.001879 0.008165 0.015560 0.003806 0.004175 0.024162 0.035128 0.014796 0.008676 0.007113 0.008906 0.000567 0.024972 0.005381 0.010908 0.005332 0.011596 0.015622 0.026594 0.108307 0.008915 0.062838 0.019000 0.003263 0.014204 0.036731 0.009036 0.008873 0.067994 0.004067 0.006624 0.010738 0.005283 0.023023 0.008514 0.018491 0.013134 0.015611 0.076764 0.005184 0.011142 0.018355 0.002547 0.021177 0.001250 
-0.000000 0.000099 0.000000 0.000065 0.000005 0.000086 0.001277 0.000013 0.000233 0.000439 0.000384 0.000350 0.000116 0.002001 0.000143 0.001142 0.000815 0.000375 0.000473 0.000180 0.000000 0.000194 0.000299 0.000450 0.000453 0.000977 0.000876 0.000911 0.001456 0.001849 0.000403 0.002089 0.000342 0.000446 0.000016 0.004709 0.000195 0.001613 0.001551 0.000376 0.002006 0.000853 0.004649 0.001555 0.001136 0.000504 0.004644 0.002471 0.000953 0.001155 0.000161 0.005422 0.001867 0.004723 0.000205 0.006075 0.003029 0.005650 0.000638 0.001566 0.000430 0.002997 0.003397 0.002176 0.001906 0.000299 0.000705 0.000043 
0.001013 0.001185 0.000008 0.000486 0.000026 0.005329 0.010045 0.000164 0.001669 0.008346 0.003179 0.003421 0.000965 0.018749 0.000637 0.011759 0.008457 0.006240 0.004967 0.001675 0.000004 0.001528 0.005856 0.002432 0.006827 0.014817 0.005018 0.006605 0.026913 0.033681 0.013834 0.014834 0.008181 0.011930 0.000473 0.044522 0.005516 0.020257 0.011428 0.009886 0.035199 0.031469 0.169730 0.020477 0.054273 0.019476 0.008789 0.038916 0.034199 0.025339 0.008143 0.242127 0.011991 0.020547 0.009691 0.018673 0.103057 0.030776 0.075017 0.070234 0.014680 0.200730 0.014080 0.038687 0.063941 0.007840 0.032864 0.002242 
0.000338 0.000099 0.000001 0.000065 0.000005 0.001375 0.001362 0.000075 0.000105 0.000439 0.000420 0.000544 0.000050 0.003265 0.000016 0.003254 0.001834 0.001285 0.001577 0.000212 0.000001 0.000180 0.006105 0.000232 0.002440 0.006021 0.000337 0.000228 0.011272 0.022669 0.015137 0.001285 0.005586 0.008000 0.000994 0.009347 0.007893 0.005304 0.001805 0.030615 0.016166 0.057478 0.242429 0.004813 0.203633 0.059047 0.000970 0.011466 0.157462 0.009529 0.049154 0.155316 0.001933 0.002453 0.107865 0.002567 0.035256 0.005702 0.091460 0.032569 0.092808 0.624599 0.003713 0.014800 0.063478 0.005868 0.244718 0.011520 
0.001013 -0.000000 0.000002 0.000097 0.000005 0.003008 0.003575 0.000275 0.000093 -0.000000 0.000457 0.000661 -0.000000 0.001159 0.000032 0.006507 0.000543 0.002008 0.000867 0.000057 0.000000 0.000033 0.020607 0.000051 0.002184 0.006451 0.000034 0.000228 0.004153 0.019453 0.019356 0.000107 0.001709 0.001631 0.002336 0.001284 0.004839 0.000519 0.000127 0.130910 0.001662 0.009775 0.027794 0.000662 0.312965 0.010156 0.000088 0.001024 0.032075 0.000902 0.026356 0.011992 0.000276 0.000348 0.022688 0.000299 0.002510 0.000729 0.005714 0.002875 1.478489 0.048360 0.000630 0.002128 0.006454 0.000681 0.086366 0.002458 
0.001350 0.000395 0.000006 0.000162 -0.000000 0.001805 0.004341 0.000074 0.000735 0.004173 0.001516 0.001652 0.000698 0.007689 0.000239 0.004395 0.003702 0.002624 0.002227 0.000850 0.000002 0.000727 0.001794 0.001441 0.002479 0.005434 0.003166 0.004403 0.009438 0.013183 0.003784 0.007712 0.002777 0.004418 0.000141 0.023545 0.001785 0.008420 0.005735 0.003900 0.011752 0.008288 0.042630 0.009726 0.016430 0.004840 0.006790 0.015874 0.008305 0.009914 0.002377 0.059320 0.008210 0.016049 0.002598 0.020812 0.049278 0.035176 0.011636 0.031089 0.004870 0.053741 0.023467 0.062429 0.039051 0.006720 0.011604 0.000727 
-0.000000 -0.000000 0.000000 -0.000000 -0.000000 -0.000000 0.000340 0.000010 0.000023 0.000439 0.000055 0.000117 0.000017 0.000316 -0.000000 0.000628 0.000849 0.000027 0.000177 0.000065 0.000000 0.000067 0.000748 0.000090 0.000334 0.001056 0.000101 -0.000000 0.002751 0.002894 0.001830 0.000482 0.001132 0.002397 0.000106 0.003924 0.001024 0.002652 0.000977 0.003421 0.007682 0.012602 0.079227 0.003738 0.025345 0.009666 0.001734 0.011198 0.022001 0.009012 0.004950 0.144026 0.004429 0.005908 0.010982 0.008855 0.103720 0.020856 0.118963 0.153137 0.011959 1.294288 0.016287 0.082538 0.518447 0.032804 0.074058 0.007306 
-0.000000 -0.000000 0.000000 0.000130 -0.000000 0.000172 0.001192 0.000004 0.000140 0.001098 0.000365 0.000408 0.000100 0.002528 0.000048 0.001199 0.001121 0.000428 0.000749 0.000237 0.000001 0.000340 0.000822 0.000489 0.000610 0.001916 0.000842 0.001518 0.004153 0.005707 0.002668 0.004499 0.001442 0.003359 0.000089 0.012415 0.001117 0.005714 0.004864 0.002292 0.012870 0.009068 0.059049 0.010404 0.015120 0.006309 0.007907 0.023243 0.012852 0.014438 0.003210 0.122722 0.013838 0.024738 0.004652 0.038501 0.162346 0.073243 0.039458 0.152534 0.006015 0.228248 0.056251 0.290316 0.258053 0.050310 0.029921 0.002438 
0.001350 0.000494 0.000008 0.000065 0.000005 0.004212 0.007831 0.000219 0.000490 0.001318 0.001571 0.002449 0.000333 0.006847 0.000111 0.010332 0.002989 0.005035 0.002700 0.000360 0.000001 0.000280 0.010690 0.000335 0.004565 0.010712 0.000505 0.000683 0.010679 0.026366 0.016874 0.001982 0.003567 0.003373 0.001150 0.007064 0.005093 0.003417 0.001274 0.038107 0.005475 0.012870 0.043323 0.002746 0.138261 0.011106 0.000882 0.004119 0.026493 0.002659 0.013900 0.022261 0.000876 0.001431 0.013115 0.001497 0.006578 0.002760 0.006719 0.004734 0.221494 0.048633 0.001226 0.003634 0.009068 0.001094 0.061542 0.002136 
0.000338 0.000197 0.000003 -0.000000 -0.000000 0.003180 0.003320 0.000197 0.000093 0.000220 0.000639 0.000933 0.000033 0.001580 0.000016 0.006507 0.001257 0.002624 0.001380 0.000114 0.000000 0.000080 0.012982 0.000090 0.002164 0.006373 0.000067 -0.000000 0.004207 0.016318 0.015354 0.000589 0.001570 0.002091 0.001506 0.002212 0.004196 0.001340 0.000510 0.068688 0.003010 0.010262 0.028684 0.000827 0.197690 0.009435 0.000206 0.001380 0.026575 0.001215 0.018510 0.013969 0.000419 0.000654 0.017563 0.000449 0.004472 0.001015 0.006020 0.003684 0.759654 0.046930 0.000525 0.002104 0.006808 0.000848 0.085662 0.002789 
0.001013 0.000395 0.000003 0.000130 0.000010 0.001203 0.003916 0.000052 0.000549 0.003295 0.001534 0.001322 0.000499 0.007057 0.000302 0.004053 0.003396 0.001794 0.001892 0.000727 0.000002 0.000667 0.001869 0.000952 0.002440 0.004652 0.002122 0.003492 0.010625 0.010530 0.004250 0.007337 0.002627 0.003972 0.000201 0.020620 0.001971 0.008775 0.005501 0.004413 0.014074 0.009799 0.052818 0.009792 0.021150 0.006713 0.007760 0.019347 0.010946 0.011274 0.003286 0.077052 0.010210 0.020608 0.003936 0.026844 0.070657 0.043899 0.019962 0.053846 0.006230 0.113817 0.037512 0.176887 0.101086 0.022939 0.020473 0.001670 
0.000338 -0.000000 0.000001 0.000065 -0.000000 0.001719 0.002298 0.000080 0.000385 0.001757 0.000786 0.001088 0.000083 0.004635 0.000111 0.003939 0.002717 0.002008 0.002070 0.000409 0.000001 0.000360 0.002392 0.000682 0.002007 0.004965 0.001145 0.002050 0.010733 0.011495 0.006266 0.004981 0.003097 0.005338 0.000337 0.015269 0.002750 0.007545 0.004185 0.008449 0.013959 0.017550 0.089415 0.008750 0.045009 0.014016 0.004233 0.017966 0.026793 0.011538 0.007481 0.113409 0.006819 0.011490 0.011210 0.014802 0.077668 0.027417 0.055815 0.075209 0.019908 0.607707 0.020280 0.074552 0.271288 0.025895 0.082388 0.006912 
0.000338 0.000099 -0.000000 0.000162 -0.000000 0.000430 0.000851 0.000007 0.000175 -0.000000 0.000146 0.000292 0.000067 0.002107 0.000095 0.001142 0.000577 0.000295 0.000473 0.000163 0.000000 0.000107 0.000224 0.000257 0.000433 0.000547 0.000438 0.000683 0.001079 0.001768 0.000403 0.001018 0.000235 0.000557 0.000014 0.002426 0.000245 0.001695 0.000871 0.000616 0.001519 0.001048 0.004649 0.001207 0.002098 0.000663 0.001382 0.001803 0.000926 0.001083 0.000289 0.005230 0.001429 0.003189 0.000323 0.005818 0.004760 0.007108 0.001214 0.002083 0.000215 0.006471 0.031278 0.006384 0.003704 0.000786 0.001658 0.000062 
-0.000000 0.000197 0.000002 0.000130 -0.000000 0.001117 0.002469 0.000058 0.000304 0.000659 0.000859 0.000758 0.000150 0.003792 0.000127 0.003425 0.001936 0.001473 0.001774 0.000319 0.000001 0.000354 0.002841 0.000425 0.001968 0.005552 0.000876 0.001670 0.008522 0.011093 0.006731 0.003267 0.003129 0.004864 0.000379 0.012272 0.002978 0.005878 0.003611 0.009407 0.013042 0.017355 0.089316 0.006534 0.054186 0.013699 0.003792 0.013558 0.028181 0.009168 0.008899 0.099568 0.004962 0.009159 0.013273 0.011401 0.061136 0.020908 0.050212 0.057392 0.024276 0.660222 0.016322 0.062214 0.207864 0.022004 0.109740 0.010404 
0.000675 0.000197 0.000002 0.000065 -0.000000 0.001891 0.002894 0.000206 0.000093 -0.000000 0.000493 0.000719 0.000050 0.001475 0.000016 0.005594 0.000713 0.001660 0.000985 0.000090 0.000000 0.000080 0.012858 0.000064 0.001771 0.004144 0.000135 0.000607 0.003398 0.014711 0.014455 0.000268 0.001399 0.001422 0.001421 0.001712 0.003765 0.000957 0.000191 0.063009 0.002264 0.010116 0.029277 0.000844 0.207478 0.009868 0.000206 0.001647 0.028481 0.000830 0.020149 0.015053 0.000362 0.000491 0.020121 0.000535 0.004212 0.001172 0.007210 0.004304 0.606047 0.061779 0.000560 0.002630 0.008388 0.001010 0.122255 0.003480 
0.001013 0.000592 0.000006 0.000194 0.000026 0.002578 0.003916 0.000084 0.000642 0.002636 0.001041 0.001497 0.000349 0.006741 0.000302 0.005423 0.002309 0.002651 0.001715 0.000580 0.000001 0.000514 0.002517 0.000798 0.002774 0.005395 0.001482 0.002809 0.008953 0.013022 0.004808 0.003588 0.002264 0.002955 0.000202 0.013271 0.001743 0.005304 0.002613 0.004447 0.007596 0.008702 0.038377 0.004615 0.019839 0.005402 0.002646 0.007881 0.010020 0.004716 0.002768 0.035464 0.002781 0.005786 0.003361 0.005754 0.021090 0.010467 0.011600 0.016818 0.006015 0.089365 0.007881 0.020563 0.051224 0.006584 0.020721 0.001649 
0.001013 0.000296 0.000003 0.000097 0.000005 0.001547 0.003575 0.000058 0.000595 0.003295 0.001334 0.001205 0.000432 0.006425 0.000334 0.004281 0.002887 0.002169 0.001734 0.000654 0.000001 0.000467 0.001595 0.000695 0.002282 0.004066 0.001987 0.003037 0.007605 0.010932 0.003319 0.005730 0.002221 0.002843 0.000141 0.015340 0.001675 0.006424 0.003908 0.002873 0.009459 0.007751 0.036795 0.006021 0.014158 0.004682 0.004762 0.011065 0.009122 0.006076 0.002148 0.041332 0.005505 0.010304 0.002944 0.013518 0.035170 0.022730 0.012041 0.025391 0.004941 0.076832 0.018704 0.070152 0.057514 0.015614 0.015168 0.001183 
0.001013 0.000099 0.000007 0.000065 0.000010 0.002493 0.003831 0.000175 0.000350 0.000659 0.001096 0.001535 0.000083 0.003897 0.000159 0.007877 0.002072 0.003508 0.002168 0.000253 0.000001 0.000207 0.008622 0.000296 0.002971 0.007076 0.000573 0.000683 0.008414 0.023151 0.014610 0.001607 0.002755 0.003192 0.001006 0.005851 0.004670 0.003117 0.000977 0.036773 0.005073 0.013626 0.048961 0.002465 0.140008 0.012662 0.000676 0.003963 0.032974 0.002767 0.017975 0.026853 0.001162 0.001922 0.020515 0.001497 0.009002 0.003411 0.010815 0.007557 0.167356 0.085414 0.001891 0.006145 0.016258 0.001941 0.160299 0.005006 
-0.000000 0.000197 0.000003 0.000065 0.000005 0.001375 0.002128 0.000101 0.000268 0.000879 0.000749 0.000797 0.000100 0.001791 -0.000000 0.004567 0.001223 0.001794 0.001301 0.000139 0.000000 0.000100 0.005382 0.000232 0.002184 0.004340 0.000269 0.000759 0.004530 0.011817 0.006576 0.000375 0.001228 0.001449 0.000477 0.002283 0.002022 0.001066 0.000574 0.019498 0.001748 0.005899 0.014441 0.000810 0.051389 0.004091 0.000265 0.001536 0.009285 0.000746 0.005519 0.007782 0.000248 0.000736 0.004771 0.000449 0.002972 0.001120 0.002403 0.001825 0.210681 0.016143 0.000560 0.001554 0.003213 0.000395 0.022420 0.000821 
0.000338 0.000099 0.000003 0.000194 -0.000000 0.001461 0.002809 0.000046 0.000479 0.002855 0.000895 0.001011 0.000249 0.005899 0.000175 0.002797 0.002174 0.001580 0.001340 0.000311 0.000001 0.000320 0.001595 0.000502 0.001535 0.003910 0.000842 0.001518 0.005933 0.008360 0.004001 0.001660 0.001399 0.001672 0.000125 0.006493 0.001294 0.002870 0.001487 0.003660 0.004214 0.005533 0.020079 0.002299 0.012410 0.003039 0.001235 0.003184 0.006399 0.001877 0.002225 0.014415 0.001133 0.002188 0.002338 0.001925 0.007097 0.003359 0.004758 0.004975 0.006015 0.041890 0.001891 0.004615 0.011465 0.001542 0.022586 0.001992 
-0.000000 0.000099 0.000001 0.000065 0.000005 0.000774 0.002043 0.000016 0.000339 0.000220 0.000420 0.000486 0.000233 0.003265 0.000111 0.001598 0.001223 0.000964 0.000788 0.000253 0.000000 0.000240 0.000548 0.000528 0.000787 0.001720 0.000573 0.001518 0.003344 0.004823 0.001427 0.002785 0.000769 0.001073 0.000044 0.005423 0.000516 0.003007 0.002018 0.000992 0.003612 0.002706 0.012067 0.002349 0.006817 0.001412 0.001675 0.004698 0.002913 0.002575 0.000815 0.014479 0.002362 0.004416 0.000921 0.007208 0.011223 0.009790 0.003164 0.007660 0.001790 0.016007 0.017303 0.019535 0.011165 0.002429 0.003978 0.000295 
0.000675 0.000494 0.000007 0.000162 0.000005 0.003782 0.005788 0.000133 0.000362 0.002416 0.001425 0.001924 0.000249 0.006636 0.000111 0.008734 0.002819 0.003776 0.002148 0.000417 0.000001 0.000294 0.006180 0.000553 0.003955 0.008249 0.000943 0.001291 0.010463 0.020820 0.012749 0.002624 0.002958 0.003554 0.000688 0.007420 0.004035 0.004155 0.001742 0.020524 0.006736 0.014284 0.052422 0.003077 0.087221 0.010660 0.001323 0.005321 0.027256 0.003525 0.012558 0.030872 0.001552 0.002801 0.014902 0.002567 0.012002 0.004010 0.010655 0.008951 0.069821 0.088411 0.003012 0.007340 0.017973 0.002275 0.189392 0.005767 
0.000675 0.000197 0.000003 0.000130 0.000005 0.001289 0.002724 0.000061 0.000374 0.002196 0.000603 0.000894 0.000183 0.005267 0.000143 0.002569 0.001732 0.001767 0.001478 0.000319 0.000001 0.000407 0.001844 0.000759 0.001909 0.003167 0.001549 0.002961 0.006472 0.009164 0.004188 0.003374 0.002179 0.003205 0.000167 0.011630 0.001768 0.006206 0.003144 0.004652 0.009545 0.008921 0.045993 0.006517 0.023597 0.007131 0.004556 0.011955 0.013287 0.007002 0.004254 0.056322 0.005305 0.009936 0.005038 0.014459 0.044835 0.024189 0.020318 0.038869 0.008880 0.174847 0.022557 0.074384 0.134200 0.025908 0.038417 0.003600 
-0.000000 0.000296 0.000002 -0.000000 0.000005 0.001547 0.002469 0.000090 0.000093 0.000659 0.000639 0.000661 0.000067 0.001791 0.000048 0.004053 0.001155 0.001553 0.001143 0.000172 0.000000 0.000113 0.004909 0.000232 0.001987 0.004418 0.000370 0.000607 0.006580 0.012621 0.008189 0.001178 0.001944 0.002578 0.000597 0.004923 0.003283 0.002515 0.000913 0.020182 0.005245 0.012505 0.050345 0.002134 0.083551 0.011798 0.000970 0.004386 0.030605 0.003044 0.014384 0.033040 0.001276 0.002126 0.018799 0.002182 0.014397 0.003255 0.017755 0.011430 0.076839 0.174234 0.003117 0.011357 0.032216 0.003496 0.899177 0.017820 
0.000338 0.000099 0.000003 0.000162 0.000005 0.001461 0.002469 0.000038 0.000385 0.002416 0.000913 0.001069 0.000249 0.005477 0.000175 0.002169 0.001766 0.001500 0.001301 0.000474 0.000001 0.000334 0.001146 0.000463 0.001102 0.003753 0.000842 0.002126 0.004854 0.006913 0.002699 0.002517 0.001282 0.002077 0.000101 0.008277 0.001049 0.003745 0.002294 0.001745 0.005331 0.003534 0.018496 0.003341 0.007166 0.002694 0.002822 0.006367 0.005228 0.003381 0.001189 0.024940 0.002790 0.005868 0.001622 0.007593 0.017282 0.012368 0.005505 0.012015 0.003223 0.035146 0.011453 0.032518 0.026769 0.005951 0.008786 0.000581 
0.000338 -0.000000 0.000004 0.000032 -0.000000 0.002063 0.002469 0.000113 0.000233 0.000659 0.000621 0.000816 0.000067 0.002423 0.000048 0.004966 0.001053 0.001767 0.001321 0.000098 0.000000 0.000113 0.006354 0.000103 0.001909 0.005200 0.000202 0.000380 0.003829 0.013746 0.008809 0.000482 0.001452 0.001422 0.000785 0.003139 0.002741 0.001148 0.000531 0.029281 0.002150 0.007337 0.023640 0.000877 0.098146 0.006742 0.000382 0.001803 0.017045 0.001239 0.009943 0.011736 0.000381 0.000961 0.010210 0.000770 0.003635 0.001172 0.004708 0.003185 0.245126 0.037599 0.000771 0.002319 0.006209 0.000791 0.065976 0.002090 
