# Flux Network Reconstruction using RW method
# Walkers leave from emitting cells
# Probability involves emitting fluxes, then absorbing flux is shared among connections
# Seed: 1684539137
# Threshold: 0.5
# Precision: 100000.0
# Dt: 1.0
# Radius step: 6.000000
# Matrix output


0.002728 0.011655 0.000452 0.030085 0.000754 0.012904 0.010883 0.001216 0.001899 0.000652 0.013813 0.038048 0.001129 0.009441 0.001113 0.003283 0.008661 0.000891 0.001687 0.000043 0.001255 0.000005 0.000351 0.000030 0.000691 0.004175 0.000765 0.001048 0.000972 0.000095 0.000283 0.000670 0.000106 0.006088 0.000818 0.000072 0.000026 0.000142 0.000007 0.000148 0.000041 0.000021 0.000174 0.000119 0.000070 0.000197 -0.000000 0.000104 0.000596 0.000050 0.000108 0.000216 0.000196 0.000064 0.000160 0.000035 0.000012 0.000002 0.000093 -0.000000 0.000046 0.000293 0.000014 0.000035 0.000027 -0.000000 -0.000000 -0.000000 -0.000000 -0.000000 
0.006877 0.000850 0.001356 0.000289 0.001753 0.004681 0.000374 0.001702 0.000469 0.000841 0.003399 0.002594 0.000097 0.000477 0.001255 0.000657 0.002665 0.001004 0.003689 0.000013 0.001102 0.000012 0.000262 0.000071 0.000996 0.001285 0.000156 0.002190 0.001773 0.000062 0.000660 0.000202 0.000236 0.003166 0.000904 0.001013 0.000037 0.000199 0.000003 0.000590 0.000104 0.000027 0.000217 0.000358 0.000304 0.000247 0.000190 0.000242 0.000851 0.000149 0.000188 0.000345 0.000196 0.000255 0.000186 0.000023 0.000096 0.000012 0.000186 0.000221 0.000185 0.000293 0.000058 0.000017 0.000054 0.000086 0.000019 -0.000000 0.000045 0.000081 
0.088837 0.001384 0.123120 0.000733 0.027592 0.015940 0.000467 0.097146 0.001124 0.012464 0.005713 0.001441 0.000101 0.000424 0.009120 0.000915 0.006959 0.002770 0.051757 0.000013 0.005082 0.000373 0.000393 0.000305 0.002683 0.000642 0.000184 0.021712 0.006178 0.000194 0.010035 0.000234 0.000357 0.004383 0.000387 0.005935 0.000257 0.000584 0.000002 0.000827 0.000445 0.000045 0.001258 0.002268 0.000678 0.000321 0.000379 0.000104 0.000681 0.001244 0.000404 0.000432 -0.000000 0.000383 0.000160 0.000012 0.000084 0.000044 0.000512 0.000166 0.000046 -0.000000 0.000014 -0.000000 0.000135 0.000346 0.000010 0.000121 0.000045 0.000041 
0.002501 0.003268 0.000512 0.001511 0.000614 0.006262 0.001028 0.001702 0.000982 0.000584 0.004339 0.004612 0.000230 0.001485 0.001137 0.000975 0.003850 0.000826 0.003162 0.000022 0.001531 0.000016 0.000289 0.000049 0.000747 0.000964 0.000354 0.002476 0.001945 0.000097 0.000565 0.000343 0.000213 0.005357 0.000774 0.000579 0.000062 0.000242 0.000008 0.000443 0.000114 0.000045 0.000521 0.000537 0.000351 0.000296 0.000190 0.000311 0.001276 0.000348 0.000081 0.000432 0.000313 0.000287 0.000106 0.000047 0.000072 0.000012 0.000093 0.000221 0.000185 -0.000000 0.000058 0.000035 0.000108 0.000173 0.000010 0.000081 0.000030 0.000163 
0.046664 0.000484 0.207037 0.000044 0.023104 0.005630 -0.000000 0.564149 0.000164 0.015966 0.000723 -0.000000 0.000005 -0.000000 0.005661 0.000080 0.000888 0.000939 0.089494 0.000001 0.001806 0.001223 0.000048 0.000219 0.000443 -0.000000 -0.000000 0.024474 0.002460 0.000016 0.015923 0.000016 0.000144 -0.000000 0.000043 0.010278 0.000220 0.000328 0.000001 0.000207 0.000238 0.000010 0.000781 0.001970 0.000070 -0.000000 0.000038 -0.000000 -0.000000 0.001642 0.000565 0.000086 -0.000000 0.000128 -0.000000 -0.000000 0.000024 0.000022 0.000977 0.000028 -0.000000 -0.000000 -0.000000 -0.000000 -0.000000 0.000173 -0.000000 -0.000000 -0.000000 0.000041 
0.007218 0.018007 0.001778 0.011821 0.002104 0.024859 0.004204 0.004255 0.003297 0.002095 0.021262 0.033436 0.001170 0.006683 0.003198 0.005173 0.017545 0.002754 0.008538 0.000076 0.003460 0.000028 0.000937 0.000152 0.002959 0.004818 0.001218 0.005999 0.004862 0.000259 0.002450 0.001323 0.000471 0.014367 0.002496 0.002099 0.000147 0.000513 0.000015 0.000974 0.000238 0.000134 0.001432 0.001194 0.000749 0.000814 0.000398 0.000898 0.002808 0.000597 0.000296 0.000906 0.000978 0.000543 0.000559 0.000058 0.000204 0.000010 0.000140 0.000110 0.000417 0.000293 0.000144 0.000017 0.000298 0.000951 0.000019 0.000242 0.000089 0.000041 
0.108276 0.044901 0.019104 0.018220 0.025331 0.163642 0.008688 0.022979 0.013066 0.014129 0.069354 0.045254 0.002263 0.014692 0.022243 0.012276 0.063813 0.013606 0.045432 0.000163 0.014635 0.000147 0.002887 0.000589 0.007744 0.010278 0.002083 0.022188 0.013785 0.000753 0.006124 0.002569 0.001223 0.022403 0.003829 0.003692 0.000264 0.001225 0.000022 0.002214 0.000507 0.000209 0.002126 0.001850 0.001029 0.000592 0.000436 0.000760 0.002298 0.000946 0.000484 0.000949 0.000626 0.000575 0.000559 0.000070 0.000204 0.000034 0.000465 0.000221 0.000278 0.000293 0.000072 0.000087 0.000217 0.000432 0.000067 0.000443 -0.000000 0.000122 
0.027453 0.001017 0.023051 0.000822 0.008011 0.009172 0.000934 0.017873 0.001332 0.004618 0.007087 0.005477 0.000267 0.001326 0.005211 0.001393 0.007625 0.002138 0.022031 0.000023 0.004348 0.000132 0.000544 0.000208 0.002849 0.002248 0.000397 0.011713 0.006692 0.000235 0.005559 0.000810 0.000714 0.009253 0.001506 0.005284 0.000283 0.000997 0.000015 0.001771 0.000652 0.000158 0.002690 0.002805 0.001310 0.000913 0.000854 0.001209 0.003574 0.001692 0.000834 0.002115 0.001056 0.001022 0.000665 0.000128 0.000336 0.000054 0.000837 0.000717 0.000881 0.000587 0.000230 0.000087 0.000244 0.000692 0.000057 0.000645 0.000089 0.000163 
0.001535 0.006019 0.000392 0.026352 0.000561 0.009552 0.034612 0.000851 0.001867 0.000446 0.015115 0.084744 0.001723 0.019943 0.001090 0.003900 0.009402 0.001118 0.002741 0.000083 0.001500 0.000005 0.000593 0.000053 0.000664 0.008030 0.001233 0.001428 0.001487 0.000116 0.000424 0.000670 0.000144 0.009497 0.001291 0.000362 0.000004 0.000242 0.000009 0.000118 0.000021 0.000031 0.000174 0.000179 0.000094 0.000247 0.000152 0.000311 0.000511 -0.000000 0.000135 0.000129 0.000274 0.000287 0.000106 0.000070 0.000036 -0.000000 0.000047 0.000028 0.000185 -0.000000 0.000014 0.000035 0.000027 -0.000000 0.000029 -0.000000 -0.000000 0.000041 
0.083608 0.059006 0.016000 0.025774 0.021702 0.221268 0.011958 0.023709 0.019518 0.015537 0.097704 0.076961 0.003659 0.022224 0.025702 0.019439 0.089723 0.018595 0.054497 0.000268 0.019840 0.000184 0.004451 0.000811 0.012667 0.017183 0.004066 0.030187 0.021736 0.001261 0.008763 0.004266 0.001824 0.044806 0.008132 0.005863 0.000382 0.001894 0.000046 0.003070 0.000683 0.000360 0.003862 0.003522 0.001404 0.001678 0.001271 0.002176 0.004851 0.001493 0.001130 0.001769 0.001447 0.001117 0.001038 0.000233 0.000312 0.000071 0.000930 0.000855 0.000974 0.000880 0.000317 0.000087 0.000379 0.000865 0.000038 0.000645 0.000060 0.000407 
0.018700 0.072095 0.004188 0.108763 0.005452 0.093428 0.036854 0.006079 0.012957 0.004893 0.094594 0.178135 0.006046 0.044819 0.009617 0.022384 0.055744 0.008520 0.017604 0.000318 0.009399 0.000071 0.003197 0.000321 0.006168 0.024410 0.005030 0.013142 0.011097 0.000910 0.003533 0.003737 0.001056 0.039205 0.006454 0.002606 0.000173 0.001111 0.000042 0.001860 0.000487 0.000233 0.002430 0.002030 0.000632 0.001308 0.000569 0.001416 0.003829 0.000398 0.000484 0.001381 0.001291 0.001277 0.000719 0.000209 0.000348 0.000027 0.000326 0.000607 0.001113 0.000734 0.000245 0.000052 0.000271 0.000865 0.000057 0.000443 0.000104 0.000081 
0.004831 0.024109 0.000693 0.138093 0.001227 0.033019 0.230137 0.000486 0.005392 0.000755 0.049611 0.435249 0.007304 0.084228 0.002298 0.011321 0.019544 0.002300 0.002635 0.000239 0.001837 0.000002 0.001206 0.000036 0.000830 0.022965 0.003400 0.001238 0.001258 0.000208 0.000283 0.001635 0.000144 0.015585 0.001936 0.000217 0.000011 0.000071 0.000011 0.000207 0.000021 0.000038 0.000174 0.000119 0.000047 0.000148 0.000019 0.000207 0.000255 0.000050 0.000027 0.000086 0.000235 -0.000000 0.000053 0.000012 -0.000000 0.000005 -0.000000 -0.000000 0.000093 -0.000000 0.000014 -0.000000 -0.000000 0.000086 -0.000000 -0.000000 0.000045 0.000041 
0.311243 0.006853 0.350165 0.003577 0.140975 0.065153 0.002055 0.207057 0.006299 0.060312 0.027843 0.014124 0.000728 0.004031 0.046855 0.004298 0.041160 0.015388 0.207343 0.000078 0.029178 0.001059 0.002122 0.001638 0.014299 0.005300 0.001346 0.085134 0.033462 0.000853 0.035239 0.001728 0.001968 0.017776 0.004260 0.022583 0.000965 0.003076 0.000018 0.003690 0.002030 0.000323 0.006509 0.007939 0.002948 0.001037 0.002125 0.001105 0.004595 0.004927 0.002233 0.003021 0.001291 0.001373 0.000825 0.000163 0.000312 0.000157 0.001861 0.000800 0.000556 0.001174 0.000202 0.000052 0.000541 0.002941 0.000057 0.000846 0.000104 0.000530 
0.032227 0.047902 0.008437 0.023530 0.009869 0.144665 0.014854 0.017386 0.017575 0.009958 0.096185 0.083879 0.004124 0.023815 0.018856 0.019997 0.082838 0.014643 0.036683 0.000327 0.016931 0.000142 0.004403 0.000676 0.011450 0.020877 0.005228 0.024569 0.021908 0.001453 0.008386 0.004905 0.002113 0.065261 0.010628 0.006370 0.000400 0.002264 0.000055 0.004487 0.001046 0.000436 0.005207 0.005253 0.002222 0.002567 0.001366 0.004109 0.007319 0.002389 0.001910 0.002546 0.003090 0.002618 0.001730 0.000361 0.000744 0.000083 0.000651 0.001325 0.001576 0.001320 0.000619 0.000140 0.000785 0.001816 0.000210 0.000927 0.000209 0.000285 
0.003297 0.009387 0.000783 0.041728 0.001157 0.017332 0.126162 0.000973 0.003504 0.001116 0.029217 0.242990 0.003788 0.047895 0.001919 0.007859 0.016879 0.002300 0.004427 0.000154 0.001959 0.000008 0.001109 0.000061 0.001853 0.017986 0.002295 0.002000 0.002059 0.000267 0.001084 0.001355 0.000304 0.020698 0.002453 0.000362 0.000070 0.000256 0.000020 0.000620 0.000072 0.000079 0.000391 0.000418 0.000094 0.000543 0.000152 0.000449 0.001191 0.000299 0.000054 0.000388 0.000391 0.000287 0.000240 0.000116 0.000060 -0.000000 0.000140 0.000138 0.000232 0.000440 0.000029 -0.000000 0.000108 0.000086 0.000010 0.000121 -0.000000 -0.000000 
0.086962 0.001434 0.191610 0.000711 0.046524 0.018724 0.000234 2.125773 0.001332 0.049942 0.006003 0.001729 0.000065 0.000318 0.025370 0.000736 0.011400 0.005540 0.363139 0.000016 0.015798 0.005179 0.000441 0.001433 0.007191 0.000482 0.000113 0.146937 0.020363 0.000286 0.085035 0.000529 0.001125 0.003896 0.001119 0.057110 0.001751 0.003033 0.000006 0.002273 0.002827 0.000100 0.007854 0.019161 0.003462 0.000247 0.002258 0.000242 0.001191 0.014832 0.005353 0.003107 0.000235 0.000415 0.000452 -0.000000 0.000192 0.000221 0.005070 0.000331 0.000139 -0.000000 0.000029 -0.000000 0.000217 0.002335 0.000019 0.000443 0.000015 0.001426 
0.023360 0.053888 0.006328 0.083744 0.007555 0.153142 0.071372 0.011915 0.032715 0.008447 0.288917 0.491168 0.023723 0.133715 0.017292 0.071012 0.150575 0.018352 0.029304 0.001116 0.017574 0.000091 0.008874 0.000614 0.013552 0.076121 0.014735 0.022760 0.021736 0.002047 0.005512 0.010416 0.002333 0.120050 0.016566 0.004198 0.000283 0.001851 0.000102 0.004783 0.000652 0.000573 0.003211 0.002746 0.001450 0.003085 0.001176 0.003281 0.008255 0.000896 0.000619 0.001467 0.003325 0.002330 0.001464 0.000500 0.000588 0.000051 0.000326 0.001407 0.001391 0.001174 0.000317 0.000087 0.000650 0.000692 0.000134 0.000645 0.000164 0.000122 
0.146641 0.006553 0.127609 0.003533 0.081654 0.067367 0.002429 0.292652 0.008514 0.101687 0.036304 0.019601 0.001005 0.006312 0.070780 0.008118 0.059149 0.021867 0.430708 0.000133 0.052998 0.002034 0.003776 0.003206 0.031088 0.008351 0.002409 0.191028 0.068126 0.001720 0.069865 0.004095 0.004400 0.050650 0.009509 0.049292 0.002382 0.007420 0.000052 0.009447 0.004432 0.000783 0.017270 0.021549 0.007556 0.003431 0.005180 0.003626 0.009361 0.010999 0.005568 0.008458 0.003090 0.004182 0.003034 0.000430 0.001188 0.000289 0.004605 0.002401 0.001901 0.001761 0.000504 0.000105 0.001056 0.007179 0.000229 0.002256 0.000179 0.001589 
0.014494 0.015973 0.004429 0.025019 0.004821 0.070087 0.031108 0.008754 0.017957 0.005940 0.155704 0.274408 0.015428 0.074363 0.011512 0.046997 0.094091 0.013153 0.028566 0.000814 0.014819 0.000122 0.006848 0.000553 0.013221 0.054120 0.011419 0.024474 0.022709 0.001747 0.007302 0.010587 0.002918 0.103735 0.018201 0.006804 0.000382 0.002891 0.000110 0.005668 0.000901 0.000663 0.004730 0.004298 0.002761 0.004147 0.001878 0.004973 0.010893 0.001841 0.001426 0.004100 0.005320 0.003192 0.002608 0.000652 0.000960 0.000108 0.000884 0.002152 0.002967 0.002787 0.000705 0.000140 0.001056 0.002681 0.000305 0.001249 0.000268 0.000489 
0.009606 0.000400 0.010546 0.000333 0.004172 0.005440 0.000187 0.239156 0.000830 0.006867 0.003688 0.002018 0.000111 0.000371 0.005946 0.000657 0.004442 0.002025 0.061665 0.000018 0.006185 0.001780 0.000565 0.000479 0.005089 0.000803 0.000383 0.044757 0.013614 0.000257 0.037359 0.000919 0.001102 0.007792 0.002367 0.056024 0.001725 0.003090 0.000016 0.004044 0.004153 0.000306 0.009893 0.026384 0.005872 0.001086 0.004781 0.001036 0.003829 0.017967 0.008796 0.007423 0.001252 0.001660 0.001464 0.000081 0.000984 0.000615 0.009955 0.001518 0.001113 0.000880 0.000432 0.000052 0.000920 0.006314 0.000067 0.002055 0.000089 0.002078 
0.002330 0.005636 0.000542 0.012109 0.000736 0.019103 0.067121 0.001459 0.005065 0.001030 0.050262 1.600908 0.010769 0.262709 0.002558 0.020136 0.028871 0.003726 0.003479 0.000840 0.003245 0.000005 0.003321 0.000097 0.003485 0.389116 0.026933 0.003809 0.004862 0.000842 0.001178 0.008501 0.000851 0.121268 0.013683 0.000796 0.000051 0.000612 0.000140 0.001801 0.000124 0.000333 0.001085 0.000537 0.000398 0.001752 0.000285 0.002486 0.004851 0.000100 0.000081 0.000432 0.002308 0.000830 0.001065 0.000477 0.000192 0.000005 0.000186 0.000276 0.001762 0.001027 0.000072 0.000052 0.000135 0.000519 0.000057 0.000322 0.000134 0.000041 
0.022735 0.003218 0.011812 0.002422 0.010360 0.031501 0.002756 0.046567 0.005316 0.023589 0.032038 0.022771 0.001078 0.007001 0.031695 0.007143 0.042345 0.013574 0.177828 0.000170 0.042221 0.000556 0.003583 0.002824 0.028599 0.011081 0.002989 0.110179 0.063493 0.001777 0.033826 0.004967 0.004818 0.070861 0.015490 0.027795 0.001773 0.007876 0.000085 0.012547 0.004287 0.001081 0.017400 0.016594 0.008071 0.005331 0.005559 0.006803 0.021360 0.007665 0.005219 0.011911 0.007002 0.006512 0.005164 0.000954 0.002063 0.000333 0.003396 0.004526 0.004219 0.004401 0.001440 0.000332 0.002409 0.006487 0.000458 0.004231 0.000432 0.001222 
0.060703 0.004468 0.043752 0.002600 0.029625 0.044279 0.001635 0.260311 0.006571 0.060930 0.031821 0.017295 0.000968 0.005675 0.057681 0.007939 0.053745 0.019826 0.959658 0.000152 0.064755 0.003031 0.004589 0.005301 0.047351 0.008030 0.002989 0.417576 0.118119 0.002452 0.142086 0.005574 0.008177 0.075245 0.015189 0.085266 0.004669 0.015495 0.000091 0.020016 0.009361 0.001572 0.037404 0.044530 0.016259 0.006294 0.010929 0.006251 0.020679 0.019162 0.010652 0.019463 0.005359 0.008109 0.004844 0.000745 0.002939 0.000792 0.008513 0.005216 0.003895 0.003668 0.001512 0.000122 0.003249 0.011676 0.000553 0.003868 0.000418 0.002933 
0.036888 0.010938 0.014524 0.008688 0.015461 0.112468 0.009529 0.042554 0.026340 0.026765 0.151148 0.094256 0.004862 0.028271 0.061589 0.038421 0.299743 0.094192 0.131763 0.000811 0.111078 0.000481 0.029047 0.003005 0.083555 0.044484 0.014026 0.113512 0.128473 0.009694 0.030622 0.025675 0.012212 0.262747 0.048277 0.021859 0.001505 0.011650 0.000257 0.022378 0.004080 0.002503 0.022000 0.015639 0.008001 0.012563 0.005483 0.012916 0.032423 0.006321 0.003309 0.011307 0.011110 0.010407 0.007745 0.001641 0.003167 0.000265 0.002605 0.005712 0.007140 0.007042 0.001569 0.000558 0.002572 0.007265 0.000668 0.003385 0.000626 0.001141 
0.003069 0.003268 0.001085 0.005333 0.001210 0.014992 0.015274 0.004620 0.004235 0.002404 0.033990 0.282767 0.003931 0.063118 0.003790 0.011600 0.026132 0.004082 0.009803 0.000457 0.006674 0.000055 0.002963 0.000234 0.005310 0.202828 0.015783 0.008380 0.010353 0.000864 0.004004 0.006991 0.001505 0.100813 0.015619 0.002895 0.000195 0.001695 0.000123 0.003749 0.000528 0.000515 0.003254 0.002089 0.001731 0.003307 0.000816 0.004351 0.011574 0.001194 0.000538 0.001769 0.003560 0.002330 0.002262 0.000582 0.000720 0.000029 0.000326 0.001407 0.002875 0.003081 0.000547 0.000140 0.000920 0.001211 0.000267 0.000403 0.000194 0.000163 
0.052006 0.006436 0.026818 0.004622 0.022947 0.072744 0.004064 0.100185 0.012466 0.059642 0.059881 0.040642 0.001866 0.010714 0.108279 0.015042 0.118372 0.048610 0.425437 0.000304 0.213308 0.001198 0.011382 0.014898 0.117464 0.024731 0.006404 0.311777 0.268557 0.005435 0.077309 0.012160 0.013701 0.146106 0.029388 0.048496 0.002940 0.017759 0.000144 0.025359 0.006224 0.002324 0.031806 0.025309 0.012539 0.008441 0.008310 0.009290 0.025785 0.010402 0.006537 0.014889 0.007472 0.009641 0.005669 0.000861 0.002831 0.000439 0.004140 0.005216 0.004961 0.004401 0.001425 0.000262 0.002545 0.009255 0.000410 0.003022 0.000447 0.002200 
0.018870 0.009370 0.006057 0.011865 0.006854 0.068063 0.015134 0.018602 0.019681 0.010387 0.158525 0.164011 0.007391 0.048956 0.020490 0.057363 0.168194 0.026889 0.054392 0.001746 0.034567 0.000241 0.025850 0.001235 0.031254 0.095231 0.026395 0.050090 0.052281 0.005727 0.015405 0.030844 0.007759 0.330930 0.054903 0.013463 0.001072 0.006836 0.000309 0.015735 0.002216 0.002142 0.014102 0.008596 0.005381 0.010366 0.003738 0.013917 0.032423 0.004230 0.003013 0.008631 0.011579 0.009386 0.007320 0.001955 0.002807 0.000172 0.001349 0.005657 0.008346 0.008216 0.001699 0.000506 0.002680 0.004584 0.000639 0.003626 0.000701 0.001018 
0.021428 0.001334 0.021846 0.000889 0.010816 0.016004 0.000654 0.371439 0.002303 0.017099 0.013162 0.007783 0.000290 0.002970 0.016748 0.002726 0.020876 0.006479 0.180674 0.000062 0.019687 0.007204 0.001764 0.001455 0.015986 0.006905 0.001558 0.159031 0.042042 0.000972 0.120415 0.003114 0.003860 0.035552 0.007874 0.133111 0.004852 0.010439 0.000052 0.013787 0.011122 0.000893 0.032761 0.063511 0.016938 0.004541 0.013111 0.004835 0.014978 0.038622 0.019476 0.023045 0.004499 0.005938 0.004658 0.000710 0.002603 0.001160 0.016374 0.004746 0.003338 0.002054 0.001555 0.000175 0.002897 0.016520 0.000343 0.005036 0.000462 0.005418 
0.037456 0.004385 0.023774 0.003311 0.019108 0.045164 0.003643 0.121098 0.006964 0.043195 0.037751 0.030266 0.001286 0.008009 0.050811 0.010147 0.063665 0.021948 0.526842 0.000198 0.074032 0.001525 0.005966 0.006434 0.058939 0.015899 0.004803 0.407958 0.147006 0.003076 0.101712 0.008423 0.010403 0.115911 0.021428 0.067171 0.004169 0.017389 0.000132 0.024503 0.008999 0.002043 0.039920 0.040053 0.016353 0.008565 0.012276 0.010049 0.031146 0.016325 0.010948 0.022398 0.008958 0.011493 0.007533 0.001594 0.003923 0.000716 0.007489 0.007202 0.006955 0.004255 0.002375 0.000384 0.003709 0.013925 0.000716 0.005359 0.000552 0.003055 
0.004547 0.002601 0.001175 0.003711 0.001683 0.016067 0.007847 0.004255 0.003897 0.002610 0.031676 0.154211 0.003364 0.039197 0.003719 0.011600 0.028353 0.004811 0.011701 0.000460 0.006215 0.000049 0.003149 0.000272 0.006942 0.161074 0.018050 0.010761 0.010868 0.001004 0.005088 0.008423 0.001657 0.115667 0.017986 0.004198 0.000242 0.002279 0.000161 0.004605 0.000683 0.000697 0.003168 0.002985 0.001918 0.004048 0.001100 0.005767 0.009106 0.001394 0.000834 0.002762 0.005438 0.003512 0.002369 0.000954 0.000960 0.000069 0.000465 0.001904 0.003570 0.003374 0.000662 0.000157 0.001056 0.002076 0.000277 0.000886 0.000313 0.000285 
0.007389 0.005052 0.002802 0.006532 0.003190 0.028338 0.011958 0.009848 0.008209 0.004584 0.073983 0.145275 0.005110 0.042591 0.008623 0.025826 0.064257 0.010561 0.026142 0.001250 0.014788 0.000135 0.008157 0.000541 0.015018 0.115627 0.031311 0.025997 0.025626 0.002279 0.008433 0.019120 0.003891 0.222812 0.033820 0.008252 0.000624 0.003931 0.000246 0.009949 0.001574 0.001414 0.008201 0.006208 0.003673 0.008565 0.002903 0.009980 0.022381 0.002638 0.002044 0.005826 0.008645 0.006640 0.005004 0.001792 0.001823 0.000167 0.001675 0.003698 0.005749 0.005575 0.001137 0.000541 0.002409 0.004930 0.000744 0.002176 0.000656 0.000693 
0.042912 0.003235 0.034652 0.002200 0.023069 0.034158 0.001308 0.253502 0.005076 0.050749 0.024878 0.015565 0.000751 0.004137 0.050361 0.005790 0.048563 0.018482 0.815667 0.000143 0.068704 0.003764 0.004540 0.006856 0.057999 0.008833 0.002848 0.883814 0.160962 0.002600 0.268908 0.006399 0.011794 0.078167 0.017641 0.121385 0.007491 0.023698 0.000087 0.028548 0.013721 0.002046 0.057103 0.063631 0.023301 0.007010 0.015653 0.006458 0.024168 0.025034 0.014741 0.026497 0.005438 0.010471 0.006175 0.000966 0.003587 0.000784 0.011350 0.006099 0.004173 0.003081 0.001641 0.000227 0.002951 0.014704 0.000420 0.005077 0.000462 0.003137 
0.005570 0.004118 0.001567 0.006044 0.001700 0.021507 0.014527 0.005714 0.006233 0.002318 0.049033 0.258555 0.005534 0.066407 0.005922 0.021767 0.044862 0.006819 0.015285 0.000966 0.009583 0.000062 0.006132 0.000314 0.008159 0.777429 0.054645 0.013427 0.015673 0.001850 0.005229 0.021050 0.002949 0.311206 0.041823 0.004705 0.000279 0.002535 0.000404 0.007262 0.000632 0.001147 0.005641 0.003044 0.001778 0.007972 0.001461 0.010982 0.019998 0.000995 0.000968 0.002676 0.008919 0.004469 0.003859 0.002059 0.001068 0.000039 0.000419 0.002346 0.005147 0.008069 0.000950 0.000384 0.001137 0.001903 0.000429 0.001531 0.000611 0.000244 
0.011538 0.003801 0.005243 0.003933 0.005662 0.032450 0.004157 0.022007 0.007521 0.008807 0.055975 0.057649 0.002170 0.013737 0.015682 0.014545 0.073363 0.016749 0.054076 0.000428 0.032760 0.000238 0.012181 0.001161 0.032194 0.038703 0.010456 0.053994 0.058059 0.007696 0.017761 0.020241 0.008177 0.237909 0.042382 0.015562 0.001215 0.007876 0.000214 0.017625 0.002993 0.002207 0.018138 0.013192 0.007229 0.012341 0.005123 0.012950 0.034976 0.006321 0.004546 0.011220 0.012088 0.011173 0.007772 0.002141 0.003383 0.000299 0.002605 0.007285 0.008485 0.007482 0.002087 0.000803 0.003709 0.007871 0.000840 0.004271 0.001029 0.001304 
0.022962 0.003451 0.011571 0.003444 0.009939 0.034411 0.003550 0.061765 0.006975 0.020602 0.038329 0.041507 0.001438 0.010555 0.031553 0.010625 0.063665 0.020021 0.174982 0.000265 0.068429 0.000847 0.007834 0.004205 0.087427 0.020074 0.006361 0.238832 0.247164 0.004515 0.073634 0.013764 0.019446 0.177275 0.040532 0.058123 0.004092 0.025493 0.000230 0.040799 0.009299 0.003512 0.050508 0.039396 0.020634 0.016068 0.014002 0.016749 0.059400 0.014483 0.010437 0.027404 0.015765 0.018580 0.014613 0.002280 0.006106 0.000821 0.008094 0.012087 0.010710 0.009389 0.003829 0.000681 0.005983 0.015569 0.001259 0.008179 0.001044 0.002363 
0.000227 0.000650 -0.000000 0.001178 0.000070 0.002530 0.004064 0.000122 0.000895 0.000086 0.008823 0.110109 0.001742 0.027422 0.000592 0.004934 0.007033 0.000761 0.000843 0.000372 0.000643 0.000001 0.001674 0.000023 0.001328 1.540243 0.035519 0.000762 0.001544 0.000559 0.000283 0.010292 0.000608 0.216724 0.021428 -0.000000 0.000018 0.000370 0.000488 0.001447 0.000021 0.000357 0.000521 0.000060 0.000117 0.003061 0.000095 0.005111 0.005106 0.000050 -0.000000 0.000129 0.003912 0.000383 0.000532 0.001396 0.000132 -0.000000 -0.000000 0.000386 0.002411 0.003668 0.000173 0.000157 0.000108 0.000086 0.000134 -0.000000 0.000104 -0.000000 
0.021939 0.002318 0.014795 0.001733 0.011429 0.030299 0.001775 0.097875 0.005152 0.029306 0.025746 0.017583 0.000839 0.004561 0.041194 0.007441 0.058483 0.022969 0.364510 0.000198 0.099873 0.001691 0.007675 0.008564 0.146035 0.016862 0.004690 0.768873 0.456747 0.006156 0.187218 0.013188 0.040360 0.163639 0.041823 0.102276 0.008706 0.065910 0.000206 0.072624 0.014808 0.004992 0.110128 0.055513 0.034647 0.015920 0.019618 0.014262 0.054804 0.017270 0.013316 0.035905 0.012127 0.018771 0.013282 0.001513 0.006466 0.000701 0.007164 0.011066 0.007187 0.005135 0.002318 0.000332 0.005495 0.017039 0.000696 0.008502 0.000418 0.003137 
0.019893 0.001284 0.019495 0.000533 0.011254 0.014612 0.000607 0.197209 0.002150 0.026525 0.011210 0.006053 0.000258 0.001856 0.028213 0.002686 0.024356 0.011517 0.443462 0.000072 0.049201 0.003995 0.002721 0.005257 0.058718 0.004818 0.001502 1.091411 0.186760 0.002187 0.688100 0.005294 0.017866 0.061121 0.015318 0.243205 0.017801 0.051128 0.000084 0.046143 0.027742 0.002685 0.120238 0.104221 0.045175 0.007158 0.023546 0.006078 0.025275 0.032002 0.019960 0.039573 0.005359 0.011141 0.007879 0.000733 0.004498 0.001113 0.013025 0.007616 0.004544 0.001467 0.001555 0.000244 0.003276 0.017644 0.000324 0.007454 0.000239 0.003544 
0.021939 0.003451 0.010064 0.003066 0.009396 0.034791 0.003316 0.057509 0.007248 0.018044 0.039125 0.031707 0.001627 0.011298 0.029065 0.011321 0.065071 0.020474 0.163070 0.000301 0.062826 0.000835 0.008874 0.003645 0.096499 0.027461 0.007849 0.223215 0.228574 0.005913 0.073634 0.017952 0.031940 0.241562 0.053784 0.065361 0.004830 0.035462 0.000299 0.058689 0.010583 0.005012 0.064653 0.043992 0.024050 0.021720 0.016108 0.022171 0.072930 0.016524 0.012051 0.030597 0.019090 0.023815 0.018312 0.002885 0.008181 0.000809 0.006792 0.014239 0.014512 0.011297 0.004549 0.000593 0.007769 0.017731 0.001221 0.009509 0.001312 0.003137 
0.001137 0.001934 0.000362 0.002822 0.000508 0.009172 0.008361 0.001702 0.003449 0.000876 0.036377 0.192259 0.004972 0.060837 0.002629 0.020832 0.035682 0.004746 0.003479 0.001591 0.006460 0.000022 0.010713 0.000147 0.007827 1.128163 0.189211 0.005999 0.011726 0.003346 0.001508 0.087970 0.004689 1.880140 0.165699 0.000941 0.000117 0.002820 0.003003 0.009713 0.000259 0.002674 0.002864 0.000597 0.000678 0.018116 0.000285 0.030148 0.033614 0.000348 0.000135 0.001554 0.022767 0.003671 0.004445 0.007912 0.000696 0.000002 -0.000000 0.001821 0.011360 0.019806 0.000705 0.000593 0.000541 0.000778 0.000677 0.000766 0.001044 -0.000000 
0.009492 0.003351 0.004068 0.004133 0.003541 0.029477 0.005885 0.015806 0.009027 0.007228 0.061906 0.079555 0.003521 0.026838 0.016203 0.023876 0.096238 0.020960 0.055762 0.000994 0.041210 0.000192 0.022860 0.001372 0.060101 0.126065 0.036851 0.071897 0.093123 0.014208 0.021011 0.153021 0.027684 1.770804 0.413839 0.013753 0.001369 0.019639 0.001358 0.059280 0.002848 0.009146 0.027814 0.010148 0.008562 0.046451 0.004459 0.046862 0.112672 0.003882 0.002851 0.013680 0.035677 0.020655 0.018685 0.005957 0.005158 0.000223 0.001302 0.010293 0.019010 0.019072 0.003398 0.001239 0.004710 0.007698 0.001412 0.004432 0.001387 0.001059 
0.012447 0.000984 0.011932 0.000733 0.006048 0.010817 0.000607 0.164746 0.001463 0.012121 0.010776 0.005188 0.000304 0.001803 0.011915 0.002587 0.013769 0.005815 0.149367 0.000053 0.018340 0.003523 0.001633 0.001469 0.016761 0.004175 0.001431 0.190837 0.050966 0.001056 0.199137 0.003052 0.005844 0.040423 0.009122 0.561905 0.013921 0.018571 0.000050 0.021344 0.032703 0.001514 0.072507 0.206472 0.045736 0.006393 0.036030 0.005560 0.022977 0.098495 0.054661 0.054721 0.006611 0.013408 0.007932 0.000977 0.004738 0.003253 0.043261 0.009907 0.004915 0.002054 0.002735 0.000314 0.006226 0.047484 0.000591 0.012893 0.000477 0.011203 
0.013584 0.002168 0.008738 0.001578 0.006574 0.017712 0.001401 0.067722 0.003318 0.011485 0.020394 0.019024 0.000802 0.005092 0.016297 0.004954 0.029982 0.009071 0.123120 0.000138 0.028198 0.001101 0.003341 0.001863 0.030645 0.013169 0.003273 0.197218 0.074876 0.001968 0.107695 0.007069 0.009529 0.102518 0.022159 0.110238 0.008306 0.029295 0.000144 0.035249 0.018329 0.002973 0.083833 0.075330 0.036753 0.013526 0.025159 0.014090 0.047741 0.026577 0.020632 0.047212 0.014278 0.020240 0.014400 0.001920 0.007353 0.001353 0.012699 0.014515 0.012890 0.007629 0.004247 0.000646 0.007932 0.027764 0.001097 0.012208 0.001029 0.005826 
0.006764 0.000634 0.004128 0.000689 0.003068 0.007274 0.000887 0.038177 0.001517 0.005288 0.008172 0.007783 0.000387 0.001909 0.006704 0.002189 0.010438 0.003709 0.049965 0.000064 0.010747 0.000715 0.001481 0.000638 0.009376 0.007066 0.001332 0.062851 0.025969 0.000716 0.050503 0.002600 0.003078 0.039692 0.009638 0.112917 0.004775 0.008104 0.000056 0.012724 0.010946 0.000958 0.028812 0.053125 0.018154 0.005035 0.013926 0.006251 0.017616 0.023691 0.015494 0.022268 0.006181 0.008747 0.005856 0.000814 0.003251 0.000963 0.010466 0.005823 0.005332 0.005135 0.002102 0.000384 0.004737 0.017039 0.000534 0.007051 0.000522 0.003829 
0.000171 0.000217 0.000030 0.000333 0.000140 0.001328 0.001214 0.000243 0.000415 0.000223 0.004267 0.025077 0.000751 0.007585 0.000213 0.002248 0.003924 0.000680 0.000632 0.000170 0.001010 0.000005 0.001102 0.000027 0.001411 0.190463 0.016676 0.000952 0.001945 0.000467 0.000283 0.009342 0.000988 0.232065 0.028699 0.000217 0.000026 0.000655 0.000930 0.001860 0.000052 0.000590 0.000911 0.000060 0.000211 0.005751 0.000095 0.009704 0.011063 0.000100 -0.000000 0.000388 0.008958 0.001596 0.001624 0.003456 0.000240 0.000010 0.000047 0.000717 0.006862 0.010416 0.000374 0.000524 0.000298 0.000259 0.000353 0.000242 0.000716 -0.000000 
0.007844 0.000250 0.012565 -0.000000 0.004382 0.002467 0.000047 0.297759 0.000360 0.008241 0.001374 0.000865 0.000041 0.000159 0.005259 0.000279 0.002961 0.001409 0.131025 0.000003 0.006460 0.006563 0.000276 0.000798 0.005891 0.000321 0.000113 0.162650 0.021393 0.000275 0.229948 0.000529 0.002295 0.005844 0.002022 0.911656 0.013892 0.009756 0.000006 0.008620 0.031419 0.000374 0.042784 0.324541 0.029547 0.000913 0.029200 0.000483 0.003915 0.274682 0.108865 0.040782 0.000665 0.003671 0.001597 0.000105 0.001871 0.005072 0.103223 0.002925 0.000742 -0.000000 0.000619 0.000017 0.002734 0.034424 0.000114 0.008220 0.000089 0.020288 
0.010117 0.001784 0.005454 0.002044 0.004260 0.020115 0.002102 0.029302 0.003831 0.008876 0.026541 0.027671 0.001014 0.007107 0.013005 0.006327 0.034275 0.009217 0.065355 0.000182 0.025167 0.000401 0.004568 0.001424 0.033107 0.020877 0.004860 0.092752 0.068183 0.002768 0.037217 0.011895 0.018428 0.160230 0.039456 0.039231 0.002900 0.027714 0.000242 0.053582 0.007218 0.004539 0.046603 0.031636 0.018154 0.020930 0.012276 0.022550 0.066973 0.012243 0.009173 0.026411 0.020968 0.024007 0.018286 0.002536 0.007377 0.000767 0.006280 0.015288 0.014559 0.013497 0.004996 0.000960 0.007390 0.016780 0.001421 0.009348 0.001685 0.003341 
0.004263 0.002318 0.002109 0.002666 0.001911 0.014232 0.005185 0.009240 0.004224 0.003056 0.035437 0.074655 0.002272 0.019572 0.006467 0.012456 0.038717 0.007386 0.021293 0.000534 0.012094 0.000120 0.006738 0.000503 0.016595 0.142124 0.028931 0.025045 0.027971 0.002816 0.008668 0.038862 0.006870 0.945549 0.128825 0.008324 0.000705 0.007847 0.002482 0.023086 0.001792 0.003855 0.013278 0.007282 0.005217 0.031543 0.003548 0.047864 0.082462 0.003235 0.002744 0.008329 0.042288 0.015898 0.016023 0.009273 0.004354 0.000191 0.001349 0.009576 0.024898 0.033450 0.003542 0.002025 0.004981 0.006054 0.001794 0.004352 0.002774 0.000937 
0.008639 0.003268 0.005092 0.002822 0.004680 0.025302 0.002896 0.024317 0.006015 0.009099 0.039703 0.049290 0.001834 0.014215 0.015492 0.013749 0.063813 0.015647 0.071468 0.000464 0.035608 0.000366 0.011168 0.001653 0.051804 0.056207 0.016591 0.093324 0.094781 0.007164 0.034579 0.043907 0.034075 0.710562 0.184803 0.034237 0.002712 0.030961 0.001014 0.103385 0.006576 0.016067 0.053458 0.025011 0.018809 0.067134 0.012048 0.070310 0.194963 0.008560 0.007263 0.029777 0.055862 0.044917 0.036438 0.007854 0.011720 0.000530 0.004652 0.022573 0.033801 0.030222 0.007731 0.002007 0.011668 0.016261 0.002748 0.011523 0.003131 0.002648 
0.010515 0.001801 0.007443 0.001866 0.005610 0.016889 0.002102 0.048755 0.004323 0.012859 0.026180 0.024501 0.001009 0.005569 0.017908 0.007621 0.042715 0.013072 0.126493 0.000218 0.040751 0.000883 0.006373 0.002563 0.063199 0.019271 0.006602 0.216549 0.150781 0.004769 0.088144 0.016504 0.038612 0.239370 0.060583 0.079910 0.007759 0.140551 0.000382 0.165322 0.017439 0.010732 0.153910 0.061124 0.050018 0.036554 0.028384 0.035570 0.128245 0.021899 0.016786 0.062618 0.032273 0.050440 0.033910 0.004026 0.015018 0.001231 0.010048 0.026933 0.021838 0.014964 0.007328 0.001204 0.013103 0.032089 0.001841 0.015835 0.001998 0.004481 
0.009662 0.001901 0.004972 0.001733 0.003944 0.016257 0.002055 0.030882 0.002947 0.007485 0.018586 0.018448 0.000793 0.005994 0.010873 0.005412 0.027687 0.007759 0.065776 0.000161 0.022810 0.000477 0.003810 0.001194 0.026911 0.020074 0.004619 0.089895 0.058802 0.002260 0.039856 0.010401 0.012850 0.151463 0.036229 0.048786 0.003868 0.047111 0.000235 0.077377 0.010034 0.004978 0.070338 0.041366 0.026880 0.022682 0.016184 0.024657 0.084504 0.016325 0.011836 0.037977 0.023667 0.032754 0.023662 0.003083 0.010700 0.000863 0.006931 0.019703 0.020076 0.016725 0.006234 0.001361 0.010747 0.024564 0.001908 0.013578 0.001968 0.003544 
0.004718 0.001351 0.002320 0.001355 0.001963 0.011829 0.002335 0.010943 0.002827 0.003537 0.019020 0.025654 0.000986 0.007585 0.006396 0.006228 0.023615 0.005669 0.028145 0.000197 0.012186 0.000145 0.003555 0.000567 0.012833 0.027783 0.006871 0.029521 0.028143 0.001833 0.012013 0.014916 0.005745 0.289046 0.066305 0.014621 0.001075 0.008545 0.000692 0.023677 0.002672 0.004161 0.019873 0.014207 0.008165 0.032679 0.004876 0.040163 0.090716 0.005425 0.003927 0.012213 0.033134 0.018675 0.018392 0.005399 0.006034 0.000358 0.003024 0.013135 0.021282 0.021860 0.004319 0.001606 0.006416 0.012282 0.002032 0.006205 0.002281 0.001467 
0.000909 0.000400 0.000331 0.000867 0.000333 0.003795 0.001588 0.001824 0.001190 0.000567 0.009908 0.031130 0.000811 0.007107 0.001753 0.003820 0.011252 0.001976 0.007168 0.000205 0.003674 0.000029 0.002177 0.000126 0.004702 0.095071 0.014380 0.007333 0.008752 0.001064 0.002544 0.016193 0.003040 0.401304 0.062046 0.001882 0.000176 0.002720 0.002391 0.010746 0.000373 0.002479 0.004990 0.001373 0.001170 0.026681 0.000892 0.050039 0.062633 0.000697 0.000807 0.002330 0.049251 0.009705 0.010993 0.021955 0.002891 0.000044 0.000372 0.006788 0.036165 0.067193 0.003196 0.004084 0.003682 0.001989 0.002585 0.002498 0.003668 0.000244 
0.008980 0.001000 0.006629 0.000822 0.004032 0.009172 0.000794 0.054105 0.001921 0.007932 0.010703 0.006630 0.000461 0.003448 0.010115 0.002965 0.017397 0.005961 0.084855 0.000080 0.017452 0.001024 0.002280 0.001310 0.021850 0.008993 0.002423 0.137986 0.056171 0.001499 0.092243 0.006026 0.009575 0.091560 0.019448 0.169809 0.016208 0.040475 0.000144 0.050837 0.051664 0.003783 0.251454 0.173582 0.172746 0.016586 0.086746 0.016162 0.060080 0.052906 0.038898 0.134213 0.017017 0.034797 0.022970 0.002397 0.013147 0.002682 0.023119 0.024312 0.014188 0.010270 0.007126 0.000908 0.014916 0.065302 0.001479 0.026472 0.001521 0.011570 
0.009208 0.001534 0.005695 0.001178 0.004575 0.014169 0.001028 0.041946 0.002762 0.008155 0.015404 0.015277 0.000696 0.004774 0.011797 0.004556 0.025540 0.007386 0.082326 0.000130 0.021646 0.000724 0.003073 0.001414 0.027686 0.011563 0.003896 0.133796 0.067497 0.002090 0.070054 0.008750 0.013466 0.131495 0.030980 0.102349 0.008967 0.065768 0.000250 0.094204 0.023269 0.006094 0.295583 0.095148 0.080080 0.026187 0.046238 0.026936 0.104332 0.034292 0.027169 0.101199 0.027540 0.052706 0.033750 0.003735 0.018605 0.001998 0.015769 0.033749 0.021699 0.015698 0.009530 0.001449 0.018517 0.058642 0.002471 0.027439 0.002222 0.008148 
0.002444 0.000784 0.001205 0.000889 0.001034 0.007274 0.001355 0.005714 0.001659 0.001751 0.011933 0.016430 0.000617 0.004827 0.003861 0.003323 0.013325 0.003045 0.012544 0.000125 0.006797 0.000064 0.001936 0.000298 0.006998 0.028264 0.004803 0.015808 0.013957 0.001013 0.005700 0.008423 0.002774 0.185068 0.032873 0.007962 0.000569 0.004515 0.000935 0.012872 0.001626 0.001984 0.009806 0.007402 0.004468 0.019770 0.002713 0.033981 0.057187 0.002986 0.001533 0.008243 0.032547 0.012195 0.011791 0.008040 0.003611 0.000203 0.001768 0.008527 0.023507 0.029782 0.003326 0.001867 0.003952 0.005881 0.002147 0.004956 0.002505 0.000570 
0.002558 0.000167 0.003164 -0.000000 0.001122 0.001328 -0.000000 0.081096 0.000131 0.002764 0.000289 0.000288 0.000009 0.000053 0.001706 0.000020 0.001333 0.000632 0.045327 0.000005 0.002572 0.001850 0.000158 0.000369 0.003955 0.000803 0.000113 0.075706 0.012584 0.000143 0.099498 0.000405 0.001710 0.006088 0.001506 0.858238 0.015268 0.009442 0.000006 0.010008 0.065561 0.000546 0.057711 1.201345 0.057317 0.001209 0.083483 0.001243 0.006382 0.300712 0.244065 0.111988 0.001134 0.007566 0.003300 0.000116 0.003587 0.009109 0.084197 0.006430 0.001623 0.000587 0.001915 0.000052 0.006389 0.082860 0.000248 0.018413 0.000060 0.023751 
0.004604 0.000867 0.002923 0.000578 0.002191 0.008286 0.000747 0.016900 0.001321 0.003451 0.010269 0.010953 0.000401 0.004084 0.005922 0.003024 0.014732 0.004309 0.031096 0.000086 0.009706 0.000218 0.001798 0.000521 0.011312 0.008672 0.002309 0.038853 0.025569 0.000975 0.018703 0.005076 0.005540 0.088881 0.016953 0.023597 0.001945 0.015367 0.000145 0.044283 0.005095 0.003268 0.035494 0.022981 0.015043 0.015056 0.009961 0.016611 0.058634 0.009655 0.006725 0.021923 0.016821 0.026082 0.018232 0.002176 0.007689 0.000542 0.004512 0.014598 0.012287 0.011297 0.004636 0.000768 0.008176 0.016607 0.001450 0.009348 0.001581 0.002648 
0.002956 0.000817 0.001718 0.001067 0.001192 0.007464 0.000654 0.008511 0.001812 0.002507 0.013090 0.015565 0.000691 0.003607 0.004359 0.003820 0.017545 0.003645 0.019396 0.000111 0.008205 0.000116 0.002012 0.000380 0.009459 0.017023 0.004250 0.024378 0.018419 0.001129 0.009469 0.008813 0.004347 0.160473 0.034852 0.011292 0.000837 0.006836 0.000451 0.019927 0.002755 0.003327 0.014753 0.011640 0.005919 0.035986 0.004686 0.046897 0.091652 0.004678 0.003443 0.011609 0.037985 0.017750 0.016103 0.006248 0.005734 0.000252 0.002000 0.011838 0.021838 0.019952 0.004607 0.001379 0.006497 0.009601 0.002042 0.006084 0.002341 0.001630 
0.000341 0.000117 0.000211 0.000089 0.000088 0.000569 0.000234 0.000730 0.000393 0.000240 0.001374 0.002882 0.000101 0.000530 0.000616 0.000358 0.001851 0.000421 0.002003 0.000009 0.000980 0.000016 0.000241 0.000033 0.000968 0.001445 0.000397 0.002571 0.001544 0.000100 0.001178 0.000981 0.000380 0.015098 0.002065 0.000941 0.000099 0.000541 0.000052 0.001683 0.000228 0.000257 0.001822 0.001254 0.000678 0.002369 0.000398 0.005318 0.008425 0.000846 0.000323 0.001381 0.006103 0.002011 0.002156 0.001326 0.000480 0.000027 0.000605 0.001794 0.004405 0.005135 0.000821 0.000314 0.000812 0.001470 0.000343 0.001088 0.000537 0.000081 
0.001648 0.000450 0.000512 0.000511 0.000736 0.003922 0.000887 0.003161 0.000764 0.001253 0.005569 0.008359 0.000304 0.002387 0.001753 0.001651 0.006663 0.001863 0.008854 0.000053 0.003000 0.000054 0.001123 0.000170 0.004398 0.008351 0.002564 0.010856 0.008351 0.000540 0.004146 0.003690 0.001816 0.088151 0.017469 0.006804 0.000459 0.002962 0.000315 0.008768 0.001232 0.001421 0.009112 0.006864 0.003556 0.015155 0.002315 0.026798 0.049102 0.002240 0.001910 0.005222 0.033251 0.012865 0.011472 0.014090 0.003611 0.000191 0.001116 0.008141 0.029257 0.046800 0.004132 0.003351 0.004683 0.005795 0.002709 0.004190 0.003743 0.000530 
0.000739 0.000183 0.000211 0.000333 0.000263 0.002151 0.000420 0.001581 0.000437 0.000395 0.002242 0.004900 0.000217 0.001485 0.000924 0.001154 0.004220 0.000988 0.004006 0.000050 0.001868 0.000024 0.000613 0.000094 0.002406 0.010278 0.001785 0.005523 0.005377 0.000305 0.002073 0.003503 0.001117 0.080602 0.014758 0.003185 0.000224 0.001951 0.000388 0.005816 0.000611 0.001095 0.004556 0.002686 0.001614 0.011897 0.001309 0.022378 0.036678 0.001294 0.000834 0.003668 0.026797 0.008236 0.008437 0.019640 0.002531 0.000086 0.000698 0.005933 0.029210 0.109592 0.003167 0.005742 0.003303 0.001903 0.003024 0.002055 0.005264 0.000326 
0.005172 0.000667 0.002953 0.001000 0.002402 0.007211 0.001214 0.024317 0.001550 0.004241 0.010342 0.012106 0.000465 0.003235 0.007059 0.003323 0.016582 0.004487 0.042480 0.000101 0.012094 0.000414 0.002301 0.000734 0.016235 0.011402 0.002933 0.065803 0.035350 0.001350 0.035569 0.007006 0.008336 0.107388 0.028054 0.057544 0.004408 0.027543 0.000268 0.067635 0.013711 0.005884 0.102361 0.063332 0.045011 0.032530 0.035139 0.037538 0.131734 0.030907 0.023134 0.104954 0.039823 0.106530 0.068831 0.005573 0.045499 0.002103 0.015444 0.078647 0.039828 0.029489 0.020472 0.001902 0.038198 0.084676 0.005037 0.054716 0.004473 0.009574 
0.001478 0.000383 0.000753 0.000644 0.000526 0.003606 0.000794 0.003040 0.000961 0.001047 0.004918 0.005765 0.000318 0.002652 0.001895 0.001890 0.007921 0.001539 0.009803 0.000068 0.003154 0.000057 0.001006 0.000166 0.003651 0.012687 0.002423 0.010666 0.008008 0.000567 0.004193 0.004110 0.001907 0.089612 0.017727 0.005935 0.000396 0.002777 0.000365 0.009004 0.001036 0.001511 0.008418 0.005074 0.003182 0.016784 0.002144 0.028559 0.052421 0.002688 0.002018 0.005999 0.040606 0.013951 0.013282 0.029529 0.004222 0.000132 0.001582 0.010155 0.041405 0.100789 0.004938 0.005777 0.005902 0.007092 0.004150 0.004996 0.006084 0.000774 
0.001705 0.000600 0.001507 0.000578 0.001157 0.005820 0.000934 0.008997 0.001288 0.002232 0.008534 0.011242 0.000465 0.003448 0.004027 0.002925 0.012363 0.002980 0.021398 0.000106 0.007440 0.000151 0.001950 0.000395 0.009072 0.016220 0.003684 0.028568 0.020020 0.001137 0.011212 0.007645 0.004810 0.154142 0.036100 0.017734 0.001318 0.010396 0.000493 0.032385 0.003728 0.005345 0.029376 0.018922 0.011767 0.056743 0.008709 0.097557 0.248321 0.007814 0.007182 0.025850 0.154325 0.072180 0.082112 0.020675 0.021544 0.000532 0.004466 0.055577 0.159776 0.094921 0.025798 0.006894 0.029427 0.025429 0.011353 0.023571 0.012138 0.002526 
0.002217 0.000367 0.002139 0.000289 0.001157 0.003163 0.000467 0.020548 0.000862 0.002575 0.004990 0.007494 0.000157 0.000849 0.003932 0.001333 0.007403 0.002349 0.028988 0.000042 0.007501 0.000430 0.001137 0.000495 0.011119 0.006424 0.001403 0.054661 0.026369 0.000934 0.034768 0.003799 0.006475 0.062826 0.018158 0.079186 0.005447 0.028142 0.000149 0.062586 0.018215 0.004769 0.135295 0.101356 0.074816 0.023423 0.062612 0.027247 0.109183 0.052209 0.045999 0.283487 0.031569 0.106562 0.063747 0.004561 0.058022 0.004479 0.026422 0.103842 0.039179 0.020393 0.030276 0.001902 0.076016 0.214847 0.005142 0.135501 0.003549 0.018496 
0.000853 0.000017 0.001085 -0.000000 0.000280 0.000380 -0.000000 0.028329 0.000011 0.000567 0.000217 0.000288 0.000009 0.000053 0.000450 0.000060 0.000222 0.000130 0.009803 0.000001 0.000612 0.000502 0.000090 0.000091 0.000774 0.000161 0.000028 0.013713 0.002460 0.000059 0.018986 0.000047 0.000395 0.001218 0.000516 0.106764 0.002092 0.002037 0.000005 0.003277 0.007601 0.000158 0.015447 0.107146 0.013405 0.000444 0.020662 0.000656 0.003744 0.567381 0.157419 0.059080 0.001056 0.004246 0.002449 0.000081 0.002867 0.024843 0.807361 0.004746 0.001391 0.000734 0.001699 0.000052 0.007174 0.222458 0.000248 0.029050 0.000268 0.199500 
0.000114 0.000050 -0.000000 0.000111 0.000105 0.000506 0.000140 0.000730 0.000175 0.000120 0.000579 0.001729 0.000097 0.000690 0.000261 0.000298 0.001703 0.000275 0.001897 0.000015 0.000612 0.000011 0.000220 0.000030 0.000526 0.001606 0.000666 0.001809 0.002059 0.000103 0.000942 0.001028 0.000448 0.018994 0.003614 0.001231 0.000059 0.000555 0.000102 0.002362 0.000249 0.000336 0.001519 0.001074 0.000725 0.003875 0.000664 0.008392 0.011914 0.000348 0.000404 0.001597 0.011618 0.003735 0.004072 0.009064 0.001308 0.000056 0.000372 0.002484 0.016784 0.173410 0.002087 0.008430 0.002382 0.001816 0.001860 0.001692 0.004116 0.000081 
0.000057 0.000033 0.000060 0.000089 0.000070 0.000696 0.000047 0.001459 0.000120 0.000240 0.001229 0.002882 0.000051 0.000690 0.000355 0.000458 0.001258 0.000308 0.003795 0.000021 0.001347 0.000028 0.000406 0.000085 0.002489 0.004978 0.001459 0.007523 0.005606 0.000319 0.003345 0.003130 0.002736 0.080358 0.021686 0.005429 0.000459 0.007149 0.000464 0.030762 0.001201 0.005074 0.021739 0.006626 0.006995 0.068788 0.004990 0.129639 0.398777 0.004081 0.003309 0.025203 0.291672 0.152596 0.239257 0.036615 0.048498 0.000412 0.002652 0.174321 0.528291 0.167689 0.104373 0.012025 0.079996 0.035375 0.035708 0.042185 0.028183 0.002200 
0.001876 0.000150 0.001537 0.000089 0.000754 0.002340 0.000327 0.021277 0.000262 0.001545 0.001953 0.000288 0.000065 0.000371 0.001421 0.000657 0.002813 0.001118 0.017077 0.000017 0.003337 0.000292 0.000358 0.000193 0.002489 0.001767 0.000524 0.020569 0.008122 0.000200 0.017195 0.000934 0.001201 0.013150 0.003098 0.054359 0.002169 0.004173 0.000035 0.007528 0.007073 0.000663 0.022173 0.061482 0.015394 0.002863 0.016336 0.004109 0.012169 0.115019 0.054715 0.040178 0.004342 0.008492 0.005084 0.000570 0.004042 0.007501 0.147322 0.008361 0.005981 0.004108 0.002994 0.000262 0.007797 0.121089 0.000744 0.022443 0.000522 0.100300 
0.000512 0.000133 0.000121 0.000089 0.000105 0.000443 0.000234 0.000851 0.000164 0.000223 0.001012 0.001729 0.000046 0.000053 0.000237 0.000239 0.001703 0.000324 0.002635 0.000007 0.000827 0.000018 0.000165 0.000049 0.001051 0.001124 0.000241 0.003333 0.002402 0.000070 0.001225 0.000420 0.000342 0.005844 0.001334 0.001665 0.000180 0.000755 0.000025 0.001919 0.000414 0.000244 0.002734 0.003283 0.000983 0.002024 0.000835 0.002694 0.007489 0.001543 0.001076 0.002891 0.003130 0.004278 0.003700 0.000524 0.001799 0.000069 0.000419 0.005133 0.004915 0.002787 0.003599 0.000279 0.003303 0.002595 0.000725 0.002619 0.000596 0.000326 
0.000568 0.000133 0.000573 0.000111 0.000351 0.002277 0.000467 0.004255 0.000480 0.001082 0.002748 0.003747 0.000166 0.001061 0.001587 0.001015 0.004516 0.001069 0.009382 0.000048 0.003062 0.000061 0.000916 0.000170 0.004508 0.008030 0.001884 0.013332 0.009724 0.000535 0.005700 0.003550 0.002857 0.088151 0.018158 0.011509 0.000877 0.007107 0.000355 0.020459 0.002641 0.003210 0.019830 0.012237 0.008750 0.034999 0.006868 0.059743 0.154030 0.007266 0.004412 0.024296 0.103900 0.061900 0.068990 0.025027 0.025323 0.000507 0.003768 0.077461 0.303417 0.167102 0.069174 0.015289 0.067408 0.034943 0.044056 0.040171 0.035803 0.003137 
0.001762 0.000250 0.001145 0.000067 0.000947 0.001898 0.000047 0.017508 0.000360 0.001425 0.001085 0.001729 0.000088 0.000690 0.001729 0.000557 0.003405 0.000923 0.018025 0.000008 0.003368 0.000295 0.000351 0.000220 0.004342 0.001445 0.000383 0.023331 0.008694 0.000278 0.018138 0.001246 0.001809 0.016802 0.004733 0.061308 0.002518 0.005939 0.000039 0.010480 0.009392 0.000899 0.030070 0.077837 0.021663 0.003900 0.023091 0.005353 0.019913 0.118602 0.070989 0.062618 0.005633 0.012897 0.008890 0.000884 0.006154 0.010808 0.102711 0.013549 0.008253 0.004255 0.004679 0.000436 0.014781 0.265012 0.000906 0.044200 0.001253 0.101359 
0.000853 0.000150 0.000331 0.000178 0.000316 0.001518 0.000374 0.003648 0.000404 0.000807 0.002748 0.005188 0.000138 0.001167 0.001587 0.001074 0.004368 0.001150 0.007379 0.000044 0.002694 0.000056 0.000730 0.000129 0.003734 0.010278 0.001927 0.009904 0.008637 0.000456 0.005606 0.003986 0.002211 0.077923 0.018330 0.008975 0.000547 0.005042 0.000341 0.016178 0.001957 0.002753 0.015491 0.008416 0.006808 0.029347 0.004686 0.056980 0.126032 0.004828 0.003470 0.016615 0.097837 0.043959 0.047777 0.030379 0.015810 0.000348 0.002558 0.046278 0.326832 0.243244 0.042253 0.022514 0.043991 0.025429 0.053749 0.025344 0.049760 0.002037 
0.000057 0.000050 0.000181 0.000044 0.000123 0.000569 0.000047 0.000730 0.000065 0.000292 0.000868 -0.000000 0.000041 0.000265 0.000332 0.000199 0.001110 0.000194 0.001476 0.000005 0.000704 0.000012 0.000117 0.000033 0.000277 0.001606 0.000213 0.001143 0.001258 0.000062 0.001366 0.000358 0.000258 0.005601 0.001162 0.001592 0.000121 0.000612 0.000014 0.001299 0.000394 0.000220 0.002343 0.001313 0.000842 0.001481 0.000797 0.001830 0.005361 0.000747 0.000646 0.001554 0.002543 0.002809 0.002502 0.000663 0.001308 0.000047 0.000326 0.003173 0.003941 0.003814 0.002879 0.000314 0.002328 0.002508 0.000572 0.001692 0.000835 0.000285 
0.000853 0.000100 0.001115 0.000022 0.000473 0.000696 0.000140 0.014347 0.000153 0.000704 0.000868 -0.000000 0.000041 0.000106 0.001019 0.000259 0.001851 0.000826 0.010330 0.000010 0.001684 0.000291 0.000207 0.000141 0.002296 0.000964 0.000312 0.015522 0.005834 0.000159 0.014746 0.000483 0.000958 0.010714 0.002840 0.055807 0.002103 0.004372 0.000027 0.007321 0.007704 0.000611 0.020915 0.069361 0.017148 0.002542 0.019372 0.002763 0.010808 0.132887 0.068326 0.060978 0.003912 0.010216 0.006042 0.000396 0.005014 0.011752 0.160998 0.011149 0.004312 0.002934 0.004333 0.000262 0.012724 0.310161 0.000706 0.046658 0.000626 0.222477 
0.001932 0.000417 0.000904 0.000311 0.000614 0.003163 0.000374 0.004742 0.000611 0.001099 0.004195 0.005477 0.000180 0.001326 0.002132 0.001293 0.005922 0.001490 0.011068 0.000045 0.003950 0.000087 0.000792 0.000231 0.004370 0.006905 0.001431 0.014284 0.008637 0.000497 0.006925 0.002912 0.002280 0.059173 0.011617 0.012305 0.000925 0.005241 0.000162 0.015410 0.002413 0.002046 0.016923 0.013550 0.008001 0.017919 0.004971 0.026936 0.071313 0.006868 0.005380 0.017780 0.039667 0.034031 0.033297 0.009378 0.013831 0.000556 0.003163 0.038275 0.090320 0.061765 0.037848 0.006754 0.040607 0.023785 0.020807 0.025908 0.015359 0.002322 
0.000682 0.000133 0.000542 0.000289 0.000403 0.002340 0.000374 0.003648 0.000568 0.000893 0.002748 0.004900 0.000138 0.001326 0.001232 0.000995 0.004220 0.001182 0.005903 0.000032 0.002541 0.000056 0.000579 0.000155 0.003015 0.008351 0.001445 0.009713 0.007951 0.000319 0.004334 0.002491 0.001763 0.055764 0.013166 0.008179 0.000573 0.004002 0.000218 0.011986 0.001419 0.001723 0.012584 0.008237 0.005872 0.017870 0.004003 0.032047 0.076845 0.004430 0.003389 0.013162 0.052381 0.027295 0.028347 0.018848 0.011252 0.000275 0.002233 0.030603 0.147165 0.172677 0.026057 0.017942 0.028452 0.017990 0.055886 0.017527 0.045629 0.001304 
0.000966 0.000300 0.000603 0.000133 0.000561 0.002151 0.000467 0.003891 0.000338 0.000773 0.002748 0.002882 0.000092 0.000955 0.000971 0.000836 0.003701 0.000988 0.008538 0.000028 0.002572 0.000089 0.000710 0.000140 0.003817 0.004818 0.000992 0.015522 0.010067 0.000359 0.009139 0.002382 0.002546 0.049189 0.012177 0.019109 0.001303 0.007634 0.000139 0.020518 0.004142 0.002420 0.027163 0.022265 0.013850 0.019548 0.010948 0.029181 0.089525 0.013587 0.010814 0.042292 0.044009 0.059474 0.052382 0.008005 0.030877 0.001096 0.006885 0.099592 0.088790 0.053989 0.121476 0.005533 0.247297 0.075421 0.018565 0.102462 0.013003 0.005133 
0.000739 0.000300 0.000814 0.000244 0.000456 0.001645 0.000467 0.004742 0.000382 0.000773 0.004484 0.004035 0.000212 0.001856 0.001374 0.000856 0.004294 0.001312 0.008433 0.000033 0.003705 0.000082 0.000703 0.000152 0.003679 0.006424 0.001473 0.013332 0.009266 0.000446 0.005653 0.002989 0.001938 0.064287 0.011187 0.011002 0.000730 0.005113 0.000188 0.012665 0.001999 0.001861 0.013842 0.010804 0.006855 0.019745 0.004516 0.030251 0.070292 0.005375 0.004815 0.016572 0.045456 0.031254 0.030290 0.011321 0.012811 0.000434 0.003163 0.035681 0.118418 0.103283 0.033846 0.009425 0.037196 0.021450 0.035747 0.022443 0.025230 0.002485 
0.000114 -0.000000 0.000271 -0.000000 0.000175 0.000190 0.000047 0.008876 0.000011 0.000326 -0.000000 0.000288 -0.000000 -0.000000 0.000213 0.000040 0.000148 0.000113 0.004111 -0.000000 0.000245 0.000136 0.000021 0.000026 0.000443 -0.000000 -0.000000 0.004571 0.001316 0.000016 0.006266 0.000016 0.000220 0.001705 0.000430 0.028663 0.000694 0.001310 0.000003 0.002155 0.002547 0.000082 0.007637 0.031039 0.006036 0.000395 0.008045 0.000553 0.002042 0.112282 0.044089 0.025375 0.000469 0.003256 0.001411 0.000093 0.001979 0.007268 0.260313 0.003394 0.001298 0.000587 0.001382 0.000087 0.005414 0.159751 0.000315 0.020670 0.000089 0.632680 
0.000853 0.000283 0.000783 0.000200 0.000649 0.001771 0.000327 0.007173 0.000240 0.000944 0.002314 0.002018 0.000097 0.000743 0.001587 0.000776 0.002887 0.001134 0.008749 0.000033 0.002633 0.000127 0.000482 0.000229 0.004149 0.002569 0.000850 0.017808 0.010067 0.000405 0.010741 0.002273 0.002432 0.034335 0.009337 0.024393 0.001600 0.008146 0.000103 0.019012 0.005582 0.001991 0.035451 0.030443 0.017756 0.014365 0.016127 0.019063 0.060165 0.021650 0.017055 0.062403 0.027970 0.047279 0.038727 0.004130 0.027110 0.001785 0.011583 0.073156 0.044789 0.028168 0.049164 0.002688 0.195861 0.154302 0.008977 0.249809 0.006308 0.011692 
0.001364 0.000217 0.001145 0.000156 0.000789 0.002657 0.000280 0.009605 0.000426 0.001047 0.002387 0.000576 0.000129 0.000424 0.001279 0.000716 0.003775 0.001037 0.012755 0.000020 0.002909 0.000179 0.000462 0.000201 0.003485 0.002891 0.000723 0.019903 0.007436 0.000273 0.012579 0.001417 0.001391 0.020455 0.005163 0.035250 0.001747 0.004928 0.000043 0.009624 0.006348 0.000944 0.024343 0.043933 0.016259 0.005109 0.015919 0.006527 0.020084 0.039766 0.029913 0.049499 0.007824 0.014047 0.009609 0.001152 0.007401 0.003778 0.033028 0.015371 0.007743 0.006015 0.007126 0.000436 0.018923 0.528122 0.001364 0.061888 0.001118 0.039884 
0.001194 0.000083 0.000783 0.000178 0.000473 0.000759 0.000093 0.011064 0.000229 0.000996 0.001229 0.001441 0.000046 0.000477 0.001090 0.000338 0.002443 0.000794 0.011595 0.000008 0.002113 0.000190 0.000338 0.000152 0.003098 0.000964 0.000354 0.018284 0.006635 0.000221 0.014981 0.000763 0.001330 0.012419 0.003485 0.040534 0.001934 0.005113 0.000033 0.009181 0.007187 0.000683 0.025905 0.052767 0.017429 0.003949 0.018841 0.004800 0.018382 0.066543 0.043255 0.060331 0.007159 0.013057 0.010913 0.000861 0.007665 0.006496 0.056845 0.016364 0.007558 0.003521 0.006478 0.000384 0.021197 0.553551 0.001393 0.072646 0.000895 0.079930 
0.001762 0.000300 0.000874 0.000267 0.000438 0.001708 0.000327 0.004742 0.000448 0.000979 0.003327 0.002882 0.000129 0.001114 0.001445 0.000955 0.003850 0.001053 0.007168 0.000028 0.002817 0.000063 0.000765 0.000152 0.002959 0.006584 0.001190 0.010475 0.007836 0.000351 0.005936 0.002040 0.001596 0.035065 0.009036 0.011075 0.000730 0.004344 0.000106 0.010362 0.002071 0.001411 0.013148 0.010625 0.006270 0.011946 0.004667 0.018959 0.051315 0.005972 0.004492 0.015752 0.025232 0.024326 0.022997 0.005829 0.010784 0.000404 0.003070 0.028892 0.055036 0.044893 0.031427 0.004643 0.041446 0.022229 0.015483 0.023410 0.011989 0.001996 
0.000512 0.000133 0.000723 0.000044 0.000351 0.000380 0.000093 0.006201 0.000120 0.000721 0.000506 0.000576 0.000023 0.000265 0.000876 0.000139 0.000888 0.000259 0.008433 0.000006 0.001225 0.000194 0.000186 0.000081 0.001659 0.000642 0.000213 0.012380 0.004061 0.000119 0.009705 0.000467 0.000570 0.007549 0.001721 0.036119 0.001384 0.002905 0.000015 0.005255 0.004743 0.000429 0.014970 0.043694 0.010855 0.002443 0.011953 0.002728 0.008935 0.078687 0.041453 0.037157 0.002817 0.006768 0.004179 0.000372 0.003827 0.006381 0.097780 0.007948 0.003570 0.002347 0.003153 0.000209 0.009123 0.228686 0.000544 0.032757 0.000432 0.269612 
0.000114 -0.000000 0.000030 -0.000000 0.000088 0.000063 -0.000000 0.002553 -0.000000 0.000155 0.000072 -0.000000 -0.000000 -0.000000 0.000095 0.000020 -0.000000 0.000016 0.001370 0.000001 0.000214 0.000056 0.000021 0.000021 0.000249 0.000161 0.000028 0.003523 0.001487 0.000011 0.002968 0.000062 0.000220 0.001218 0.000731 0.015707 0.000628 0.002435 0.000004 0.006761 0.002962 0.000367 0.018789 0.036233 0.012890 0.001308 0.017759 0.001416 0.009021 0.042653 0.037902 0.101329 0.002465 0.013600 0.007266 0.000303 0.012127 0.007165 0.043168 0.025829 0.005888 0.001614 0.012381 0.000140 0.061398 2.302251 0.001670 0.396471 0.001297 0.076142 
0.000966 0.000067 0.000512 0.000067 0.000140 0.000759 0.000140 0.005350 0.000065 0.000584 0.000506 0.000288 0.000032 0.000318 0.000687 0.000159 0.001110 0.000502 0.007273 0.000007 0.001194 0.000146 0.000234 0.000096 0.001742 0.000803 0.000269 0.011713 0.004519 0.000167 0.008244 0.000887 0.001429 0.014611 0.003959 0.027867 0.001475 0.005540 0.000044 0.011868 0.005406 0.000989 0.027727 0.040650 0.018926 0.005751 0.018897 0.007805 0.029870 0.035188 0.028756 0.079924 0.010836 0.025571 0.017008 0.001838 0.016854 0.003856 0.026608 0.038578 0.018222 0.009536 0.021350 0.001204 0.077397 0.561335 0.003387 0.392079 0.003057 0.033691 
