# Flux Network Reconstruction using RW method
# Walkers leave from emitting cells
# Probability involves emitting fluxes, then absorbing flux is shared among connections
# Seed: 1684539137
# Threshold: 0.5
# Precision: 100000.0
# Dt: 1.0
# Radius step: 6.000000
# Matrix output


0.002938 0.012184 0.013510 0.000940 0.013746 0.018949 0.003093 0.015108 0.009677 0.006091 0.029761 0.003080 0.006591 0.001179 0.001333 0.002473 0.000008 0.002187 0.001483 0.003594 0.001713 0.001362 0.002440 0.002070 0.001216 0.001779 0.000774 0.000726 0.002265 0.000104 0.003842 0.000096 0.000147 0.000809 0.000477 0.000321 0.000444 0.000101 0.002594 0.000041 0.000249 0.000220 0.000139 0.000019 0.000030 0.000130 -0.000000 0.000266 0.001239 0.000008 0.000066 0.000014 0.000024 0.000040 0.000117 0.000080 0.000207 0.000207 0.000046 0.000280 0.000040 0.000029 0.000002 0.000010 -0.000000 -0.000000 -0.000000 
0.006166 0.027791 0.021180 0.001149 0.024816 0.025395 0.007807 0.015947 0.020772 0.012872 0.063806 0.007248 0.010588 0.002875 0.004823 0.003546 0.000015 0.004016 0.003764 0.006012 0.006423 0.002724 0.006536 0.003352 0.003121 0.005337 0.002674 0.001681 0.003688 0.000429 0.010458 0.000740 0.000321 0.002630 0.001733 0.001205 0.001155 0.000315 0.005189 0.000427 0.000581 0.001762 0.000523 0.000123 0.000126 0.000278 0.000339 0.000532 0.001239 0.000084 0.000181 0.000050 0.000109 0.000277 0.000431 0.000134 0.000466 0.000414 0.000092 0.000840 0.000119 0.000116 0.000012 0.000057 0.000004 0.000086 0.000172 
0.007908 0.438772 0.003902 0.294646 0.002990 0.000391 0.055289 0.000629 0.034787 0.000761 0.011048 0.182641 0.000363 0.001010 0.013484 0.000044 0.000009 0.000143 0.130482 -0.000000 0.021067 -0.000000 0.002789 -0.000000 0.002026 0.021452 0.028073 0.000038 0.000194 0.000145 0.000213 0.007623 0.000897 0.000152 0.000173 0.000054 0.006933 0.000101 0.000556 0.000014 0.000871 0.003525 0.000244 -0.000000 0.000089 -0.000000 0.000113 -0.000000 -0.000000 -0.000000 -0.000000 0.000288 0.000254 0.000158 0.000078 -0.000000 -0.000000 -0.000000 0.000252 -0.000000 -0.000000 0.000029 -0.000000 -0.000000 0.000007 0.000029 0.000034 
0.105156 0.211103 0.086763 0.009193 0.077228 0.046298 0.046794 0.034832 0.109951 0.033394 0.251391 0.041130 0.029687 0.010922 0.014976 0.008077 0.000053 0.009071 0.014143 0.009345 0.018669 0.004371 0.026669 0.006112 0.009970 0.017161 0.008021 0.002713 0.012359 0.001141 0.021770 0.001544 0.001058 0.005159 0.004507 0.002705 0.003733 0.000833 0.012045 0.000593 0.001410 0.001873 0.000906 0.000132 0.000222 0.000779 0.000320 0.001141 0.002064 0.000134 0.000164 0.000086 0.000169 0.000515 0.000431 0.000080 0.000931 0.000622 0.000092 0.001120 0.000238 0.000087 0.000021 0.000029 0.000007 0.000144 0.000172 
0.015489 0.540217 0.015716 0.049935 0.020304 0.007033 0.076550 0.005246 0.084674 0.008702 0.083196 0.122848 0.010484 0.006351 0.027826 0.002430 0.000052 0.002833 0.065811 0.003398 0.040164 0.001589 0.027366 0.001873 0.013455 0.044159 0.025681 0.001337 0.005953 0.001286 0.011312 0.007494 0.002370 0.003540 0.004897 0.002249 0.012266 0.001211 0.013528 0.000579 0.004312 0.011015 0.002439 0.000085 0.000526 0.001335 0.001185 0.000837 0.005368 0.000117 0.000164 0.000518 0.000629 0.001861 0.000391 0.000187 0.001035 0.000207 0.000620 0.002661 0.000238 0.000146 0.000021 0.000105 0.000012 0.000288 0.000516 
0.082304 0.210008 0.142040 0.008618 0.111750 0.075991 0.045076 0.057913 0.118126 0.050219 0.315423 0.041674 0.041832 0.013689 0.017546 0.010813 0.000061 0.010506 0.010493 0.013005 0.018412 0.005790 0.025274 0.006506 0.009686 0.016533 0.007669 0.003592 0.011324 0.001044 0.023051 0.001801 0.000897 0.005513 0.003553 0.002544 0.002489 0.000744 0.008154 0.000496 0.000912 0.001983 0.000941 0.000108 0.000259 0.000575 0.000339 0.001065 0.003028 0.000084 0.000115 0.000043 0.000169 0.000515 0.000509 0.000107 0.000776 0.000518 0.000184 0.001120 0.000119 0.000029 0.000009 0.000057 0.000003 0.000086 0.000034 
0.002068 0.102677 0.004037 0.014260 0.006978 0.006056 0.022145 0.002728 0.025194 0.004134 0.033819 0.040587 0.005138 0.002141 0.008345 0.001642 0.000029 0.002546 0.021215 0.004313 0.021666 0.001703 0.016036 0.001774 0.007052 0.022917 0.012735 0.001070 0.006018 0.000989 0.012379 0.004213 0.001995 0.002681 0.004593 0.002276 0.011022 0.001224 0.015196 0.000813 0.003317 0.009363 0.002822 0.000212 0.000570 0.001131 0.001618 0.001293 0.006881 0.000210 0.000558 0.000374 0.000762 0.002415 0.001370 0.000401 0.001759 0.001761 0.000551 0.003501 0.000635 0.000757 0.000066 0.000125 0.000014 0.000288 0.000585 
0.019769 0.094326 0.139214 0.003865 0.151151 0.215860 0.026073 0.152127 0.075080 0.070161 0.331205 0.021471 0.072661 0.011692 0.010978 0.020794 0.000054 0.021980 0.007300 0.028886 0.014558 0.013963 0.021788 0.013998 0.008794 0.012766 0.004855 0.006878 0.017665 0.001078 0.033509 0.001061 0.000736 0.008143 0.004767 0.004017 0.002400 0.000719 0.010563 0.000937 0.000746 0.002533 0.000732 0.000184 0.000104 0.000630 0.000188 0.000951 0.004267 0.000193 0.000279 0.000043 0.000121 0.000950 0.000626 0.000187 0.000880 0.000414 0.000092 0.001681 0.000317 0.000146 0.000009 0.000067 0.000001 0.000115 0.000103 
0.010338 0.057088 0.096290 0.002194 0.126440 0.304353 0.018021 0.224728 0.051805 0.069653 0.284760 0.017032 0.076865 0.008288 0.007805 0.023837 0.000041 0.025099 0.005019 0.032415 0.009249 0.016404 0.020307 0.018532 0.006728 0.007220 0.004222 0.009018 0.019412 0.000726 0.035857 0.000547 0.000562 0.007485 0.003337 0.003321 0.001333 0.000707 0.009822 0.000772 0.000829 0.001542 0.000558 0.000217 0.000081 0.000556 0.000169 0.001065 0.004267 0.000143 0.000295 0.000050 0.000073 0.000317 0.000744 0.000187 0.000931 0.000725 0.000092 0.000840 0.000317 0.000175 0.000007 0.000029 -0.000000 0.000086 0.000138 
0.001016 0.007667 0.011599 0.000470 0.018310 0.161553 0.002259 0.121282 0.006924 0.012763 0.043965 0.003171 0.014377 0.001155 0.001301 0.006632 0.000006 0.006777 0.000228 0.009280 0.001627 0.005108 0.004183 0.007985 0.001094 0.000837 0.000422 0.002407 0.004594 0.000138 0.008964 0.000032 0.000054 0.001113 0.000910 0.000536 0.000089 0.000063 0.000741 0.000083 0.000041 0.000330 0.000244 0.000024 0.000007 0.000093 0.000019 0.000494 0.001376 0.000042 0.000049 0.000007 0.000012 0.000079 0.000274 0.000054 0.000052 0.000414 -0.000000 -0.000000 -0.000000 -0.000000 -0.000000 -0.000000 0.000001 -0.000000 -0.000000 
0.001197 0.025190 0.001103 0.001410 0.002361 0.002930 0.004026 0.002518 0.007675 0.001632 0.011048 0.006613 0.001557 0.000842 0.001999 0.000416 0.000007 0.000861 0.003080 0.001307 0.005395 0.000511 0.004009 0.000591 0.002107 0.004500 0.002603 0.000573 0.001229 0.000277 0.004055 0.000708 0.000442 0.000910 0.001647 0.000884 0.001689 0.000278 0.006301 0.000276 0.000622 0.002203 0.000592 0.000085 0.000156 0.000463 0.000282 0.000532 0.002064 0.000109 0.000131 0.000108 0.000133 0.000554 0.000196 0.000134 0.000517 0.000311 0.000115 0.000980 0.000317 0.000204 0.000023 0.000038 -0.000000 0.000230 0.000034 
0.007182 0.042440 0.082592 0.001306 0.117836 0.504585 0.011686 0.367412 0.037707 0.070850 0.256802 0.008697 0.075775 0.007530 0.004601 0.026704 0.000031 0.027250 0.001597 0.038100 0.005395 0.021285 0.011853 0.020799 0.003850 0.005232 0.001759 0.007451 0.016824 0.000505 0.026679 0.000289 0.000308 0.005209 0.002557 0.002303 0.000978 0.000328 0.005745 0.000551 0.000290 0.000661 0.000174 0.000123 0.000030 0.000167 0.000019 0.000684 0.003028 0.000084 0.000148 0.000043 0.000024 0.000040 0.000548 0.000241 0.000362 0.000518 -0.000000 0.000140 0.000238 0.000087 0.000005 0.000019 -0.000000 -0.000000 -0.000000 
0.002176 0.015333 0.020722 0.001097 0.037565 0.318418 0.005303 0.237318 0.014933 0.025599 0.096047 0.005436 0.037421 0.003260 0.003331 0.012958 0.000017 0.018000 0.002395 0.021566 0.004710 0.014814 0.008890 0.014392 0.003080 0.003662 0.002111 0.005311 0.010741 0.000518 0.024332 0.000547 0.000348 0.004501 0.001820 0.002008 0.001244 0.000353 0.007969 0.000675 0.000373 0.001212 0.000592 0.000156 0.000089 0.000389 0.000207 0.001255 0.002753 0.000159 0.000295 0.000036 0.000024 0.000198 0.000587 0.000187 0.000466 0.000932 0.000046 0.000420 0.000397 0.000146 0.000016 0.000029 -0.000000 0.000029 0.000034 
0.000435 0.001917 0.003795 -0.000000 0.007450 0.066418 0.001228 0.055815 0.003504 0.005004 0.017586 0.001087 0.006591 0.000601 0.000412 0.002605 0.000004 0.003084 0.000228 0.005097 0.000942 0.002611 0.002353 0.003746 0.000811 0.001151 0.000281 0.001528 0.001618 0.000104 0.005122 0.000064 0.000120 0.001113 0.000477 0.000375 -0.000000 0.000114 0.000741 0.000165 0.000083 0.000330 -0.000000 0.000038 0.000059 0.000056 0.000056 0.000076 0.000551 0.000050 0.000016 -0.000000 0.000012 0.000040 0.000078 0.000027 0.000155 0.000104 -0.000000 0.000280 0.000040 -0.000000 0.000002 -0.000000 -0.000000 0.000029 -0.000000 
0.006819 0.403588 0.013617 0.028206 0.021196 0.012307 0.068350 0.011121 0.084424 0.012147 0.097175 0.098387 0.014532 0.006628 0.027540 0.004794 0.000068 0.006060 0.045851 0.007319 0.048642 0.003008 0.039480 0.004042 0.018683 0.053368 0.027932 0.002751 0.013071 0.002178 0.027960 0.008234 0.003936 0.007485 0.010963 0.006213 0.019110 0.002789 0.031318 0.001282 0.007547 0.018505 0.006167 0.000368 0.001185 0.002577 0.002859 0.003727 0.012249 0.000336 0.000673 0.000669 0.001161 0.003841 0.001801 0.000642 0.004243 0.003936 0.001010 0.007703 0.001071 0.001193 0.000094 0.000182 0.000026 0.001208 0.001272 
0.001415 0.007803 0.015636 0.000470 0.028541 0.451841 0.002701 0.333420 0.007675 0.020994 0.066286 0.002718 0.026210 0.001588 0.001174 0.010441 0.000006 0.012514 0.000570 0.017057 0.001370 0.010671 0.003486 0.012618 0.000851 0.000628 0.000141 0.003668 0.005565 0.000166 0.010672 0.000096 0.000080 0.001669 0.000737 0.000669 0.000267 0.000025 0.002038 0.000207 0.000124 -0.000000 0.000105 0.000038 0.000015 0.000056 -0.000000 0.000152 0.001101 0.000042 0.000033 -0.000000 -0.000000 0.000079 0.000157 0.000054 0.000052 0.000311 -0.000000 -0.000000 0.000040 -0.000000 -0.000000 -0.000000 -0.000000 -0.000000 -0.000000 
0.024376 0.142515 0.293876 0.006529 0.276384 0.238716 0.046598 0.190736 0.138732 0.127704 0.635129 0.038141 0.114753 0.021291 0.017863 0.031958 0.000093 0.032270 0.011862 0.040453 0.021153 0.021796 0.042008 0.026024 0.014833 0.020510 0.009358 0.010775 0.030930 0.001756 0.061896 0.001447 0.001165 0.011683 0.006847 0.005704 0.004089 0.001489 0.019087 0.001530 0.001493 0.003084 0.001707 0.000358 0.000207 0.001149 0.000508 0.001939 0.004955 0.000252 0.000607 0.000093 0.000133 0.000871 0.001018 0.000428 0.001138 0.001140 0.000115 0.002101 0.000516 0.000146 0.000014 0.000038 0.000004 0.000201 0.000309 
0.024085 1.950858 0.030303 0.225855 0.032843 0.010158 0.494214 0.005875 0.334941 0.011893 0.149707 0.984139 0.011055 0.014423 0.139953 0.002670 0.000148 0.002223 0.267236 0.002875 0.174273 0.001135 0.062837 0.001281 0.033962 0.150999 0.103216 0.000917 0.006665 0.002620 0.012379 0.025281 0.006359 0.003743 0.007020 0.002972 0.033954 0.002069 0.014455 0.000317 0.007796 0.022140 0.003659 0.000080 0.000711 0.000927 0.000997 0.000190 0.003441 0.000042 0.000016 0.000798 0.001257 0.001663 0.000196 0.000054 0.000621 0.000104 0.001010 0.001260 0.000159 -0.000000 0.000019 0.000019 0.000021 0.000201 0.000275 
0.001451 0.010815 0.011061 0.001515 0.023662 0.480948 0.004223 0.395530 0.011012 0.018855 0.081843 0.005164 0.026469 0.002670 0.002760 0.011798 0.000014 0.016745 0.002509 0.026206 0.004196 0.016460 0.009674 0.020208 0.003445 0.005441 0.002111 0.005693 0.012812 0.000615 0.032442 0.000611 0.000428 0.005513 0.002643 0.002437 0.000978 0.000505 0.009636 0.001061 0.000788 0.002313 0.000976 0.000250 0.000178 0.000779 0.000207 0.001445 0.004955 0.000210 0.000492 0.000050 0.000060 0.000594 0.001018 0.000482 0.001397 0.000725 0.000115 0.001821 0.000436 0.000407 0.000023 0.000086 0.000001 0.000173 0.000138 
0.008016 0.548020 0.011518 0.558579 0.014008 0.006642 0.161399 0.003567 0.126385 0.007433 0.086578 0.616593 0.007059 0.007217 0.073736 0.002276 0.000094 0.001864 0.525120 0.002679 0.159372 0.001022 0.058654 0.000887 0.035137 0.179462 0.154437 0.000917 0.005565 0.002938 0.010885 0.047956 0.010764 0.003793 0.009707 0.003695 0.076618 0.003230 0.027982 0.000317 0.017706 0.048687 0.007248 0.000146 0.001815 0.002651 0.003724 0.000989 0.004679 0.000076 0.000098 0.002359 0.003445 0.005622 0.000548 0.000214 0.002639 0.000311 0.003007 0.006022 0.000516 0.000378 0.000035 0.000134 0.000052 0.000863 0.001203 
0.000798 0.015881 0.011034 0.001515 0.027544 0.408864 0.007022 0.320410 0.016601 0.022879 0.108222 0.008878 0.038718 0.004294 0.005235 0.018474 0.000027 0.026820 0.004790 0.043394 0.010876 0.028153 0.017605 0.032727 0.007214 0.010360 0.004433 0.012648 0.023100 0.001175 0.051865 0.001705 0.001125 0.012594 0.005677 0.004820 0.003644 0.001085 0.019087 0.002081 0.001783 0.004626 0.002021 0.000509 0.000504 0.001372 0.000940 0.003955 0.011561 0.000671 0.000936 0.000216 0.000338 0.001742 0.002310 0.000776 0.002536 0.003729 0.000252 0.004902 0.001468 0.000989 0.000054 0.000316 0.000008 0.000374 0.000378 
0.003519 0.052160 0.040394 0.004858 0.128276 0.168195 0.024944 0.136180 0.063234 0.124223 0.420263 0.028900 0.166031 0.014350 0.015928 0.050651 0.000093 0.053031 0.014713 0.073521 0.032371 0.037348 0.051246 0.043767 0.018764 0.032021 0.015549 0.022392 0.051830 0.003159 0.132330 0.003731 0.003066 0.024934 0.016250 0.011970 0.010488 0.002713 0.052629 0.004010 0.005473 0.011566 0.005505 0.001225 0.001015 0.003967 0.001975 0.007301 0.025186 0.001435 0.001838 0.000324 0.000834 0.004157 0.005402 0.001953 0.007503 0.009841 0.000620 0.012744 0.002659 0.002066 0.000143 0.000565 0.000015 0.001323 0.000619 
0.001052 0.059689 0.001399 0.211752 0.001626 0.000391 0.021409 0.000420 0.016768 0.001305 0.012851 0.095941 0.001609 0.000962 0.014087 0.000219 0.000016 0.000394 0.505844 0.000261 0.047186 0.000227 0.012027 0.000197 0.008957 0.058390 0.078731 0.000382 0.001100 0.000975 0.003415 0.054421 0.005985 0.000860 0.003943 0.001125 0.095284 0.001792 0.013157 0.000179 0.016835 0.063668 0.005784 0.000038 0.001600 0.001224 0.004589 0.000608 0.003441 0.000076 0.000049 0.004689 0.005634 0.006335 0.000274 0.000027 0.001966 0.000311 0.006886 0.005742 0.000436 0.000378 0.000052 0.000057 0.000152 0.001036 0.001925 
0.002249 0.029845 0.023548 0.003917 0.066473 0.205116 0.016646 0.172480 0.040543 0.063199 0.255675 0.019297 0.105774 0.010140 0.010756 0.049162 0.000060 0.058588 0.013573 0.081494 0.021752 0.040129 0.036604 0.047809 0.015522 0.024382 0.010694 0.022927 0.045424 0.002364 0.127207 0.003056 0.002490 0.023265 0.014213 0.009614 0.007644 0.002675 0.042066 0.004093 0.003732 0.006940 0.004669 0.001258 0.000956 0.003189 0.001523 0.006845 0.023259 0.001183 0.002199 0.000331 0.000786 0.003524 0.005833 0.001980 0.006986 0.007666 0.000390 0.010644 0.002857 0.001513 0.000103 0.000402 0.000015 0.001093 0.001066 
0.005260 0.305977 0.014909 0.118203 0.026075 0.014456 0.198177 0.009442 0.180943 0.013670 0.155795 1.048009 0.020138 0.015132 0.162702 0.005822 0.000255 0.006633 0.314570 0.010130 0.433242 0.004881 0.161494 0.005422 0.099454 0.424953 0.246677 0.003898 0.020577 0.009630 0.048663 0.055675 0.023309 0.014870 0.034234 0.013363 0.102128 0.009514 0.093584 0.002205 0.033794 0.074022 0.021743 0.000669 0.004526 0.006896 0.009310 0.005286 0.023259 0.000495 0.000903 0.002761 0.004836 0.013937 0.003210 0.000776 0.008745 0.003936 0.003787 0.019046 0.001984 0.002386 0.000188 0.000460 0.000090 0.002157 0.003232 
0.001088 0.006434 0.013241 0.000313 0.034784 1.075589 0.002504 1.364944 0.008509 0.032923 0.091538 0.002265 0.069599 0.003067 0.001237 0.053233 0.000015 0.105882 0.000570 0.252325 0.002055 0.300884 0.008192 0.452950 0.002351 0.001256 0.000493 0.058386 0.042771 0.000463 0.091350 0.000064 0.000107 0.011734 0.002643 0.002865 0.000267 0.000265 0.005189 0.002040 0.000207 0.000220 0.000174 0.000330 0.000015 0.000371 -0.000000 0.001217 0.002753 0.000336 0.000853 0.000007 0.000012 0.000119 0.000979 0.000615 0.000828 0.002175 -0.000000 0.000140 0.000317 0.000146 0.000009 0.000057 -0.000000 -0.000000 0.000103 
0.005006 0.208092 0.025028 0.034213 0.055927 0.036139 0.172791 0.028327 0.300655 0.035643 0.360290 0.243611 0.046555 0.032755 0.197444 0.015738 0.000622 0.020760 0.089421 0.027383 0.266848 0.014701 0.327346 0.014195 0.149992 0.260036 0.094491 0.011234 0.053706 0.014103 0.116962 0.021099 0.014955 0.035100 0.053950 0.024797 0.050219 0.011634 0.141024 0.005623 0.022143 0.053864 0.020872 0.001692 0.003837 0.010437 0.008069 0.012359 0.046381 0.001317 0.001789 0.001431 0.002865 0.014531 0.008651 0.002060 0.015058 0.010566 0.001790 0.026749 0.004127 0.003463 0.000300 0.000767 0.000063 0.002905 0.002613 
0.005913 0.130742 0.039076 0.015148 0.113219 0.070716 0.080773 0.062320 0.229579 0.085063 0.805129 0.099474 0.117763 0.078765 0.063869 0.037824 0.000513 0.047867 0.043114 0.065156 0.113385 0.028664 0.244987 0.033318 0.079880 0.121071 0.050869 0.026175 0.107800 0.011877 0.242462 0.011482 0.009640 0.059428 0.053127 0.036285 0.029065 0.010473 0.156776 0.009178 0.014140 0.031283 0.014983 0.002305 0.002911 0.010511 0.005135 0.015895 0.059869 0.002458 0.002889 0.000992 0.001995 0.010334 0.011274 0.003157 0.016507 0.015642 0.001331 0.026469 0.005397 0.003929 0.000298 0.001073 0.000030 0.002272 0.002269 
0.001088 0.045315 0.004602 0.011439 0.011227 0.007619 0.033831 0.005665 0.044548 0.006998 0.061551 0.077006 0.010588 0.004487 0.031157 0.004028 0.000072 0.005020 0.037297 0.007908 0.080500 0.005222 0.051159 0.004732 0.028045 0.075761 0.036516 0.003898 0.013977 0.003609 0.033723 0.010260 0.005610 0.010166 0.016207 0.006989 0.026310 0.003886 0.057262 0.002370 0.011071 0.025886 0.008955 0.000801 0.001696 0.004190 0.003555 0.005210 0.026563 0.000696 0.001182 0.000705 0.001801 0.007721 0.003914 0.001097 0.007658 0.005180 0.001698 0.016806 0.002698 0.001833 0.000160 0.000489 0.000034 0.002042 0.001685 
0.001378 0.011226 0.010953 0.000888 0.031689 0.476260 0.005843 0.528142 0.015517 0.029805 0.123328 0.006342 0.065188 0.004836 0.003554 0.045507 0.000026 0.095053 0.001939 0.227033 0.005566 0.279088 0.014032 0.434516 0.004661 0.005965 0.002392 0.068703 0.057394 0.000961 0.149831 0.000450 0.000669 0.022203 0.005850 0.006721 0.000889 0.000820 0.016122 0.003376 0.000954 0.001322 0.001150 0.000815 0.000163 0.000983 0.000451 0.004031 0.011423 0.000864 0.001526 0.000022 0.000157 0.000950 0.002701 0.001418 0.002794 0.005283 0.000069 0.003081 0.001865 0.000640 0.000038 0.000134 0.000003 0.000144 0.000069 
0.002358 0.140599 0.005705 0.199739 0.010440 0.005470 0.071591 0.005246 0.065820 0.005511 0.066286 0.299599 0.008045 0.006038 0.053145 0.002714 0.000096 0.003299 1.368117 0.003660 0.186348 0.001930 0.067631 0.002070 0.045958 0.251874 0.297476 0.001987 0.009835 0.005302 0.026466 0.115403 0.021341 0.007485 0.022143 0.007927 0.195456 0.008555 0.080241 0.001475 0.049468 0.143528 0.023729 0.000594 0.005726 0.007100 0.013636 0.003384 0.022709 0.000344 0.000443 0.006134 0.010094 0.019362 0.002936 0.000615 0.009055 0.002175 0.008929 0.021147 0.002143 0.001833 0.000246 0.000364 0.000229 0.003826 0.004745 
0.000399 0.013006 0.004790 0.002455 0.016317 0.021684 0.008053 0.015947 0.016685 0.014576 0.086578 0.010237 0.027456 0.003765 0.005552 0.008427 0.000033 0.012406 0.007756 0.016665 0.012846 0.009138 0.019086 0.010252 0.008592 0.016324 0.006614 0.006381 0.019541 0.001431 0.047809 0.002702 0.001647 0.010823 0.007063 0.005624 0.005511 0.001779 0.028909 0.002026 0.002737 0.006719 0.003415 0.000561 0.000667 0.002188 0.001166 0.004069 0.015002 0.000654 0.000919 0.000259 0.000617 0.002811 0.003053 0.000803 0.004347 0.004247 0.000436 0.009103 0.001984 0.001513 0.000099 0.000278 0.000022 0.000805 0.000825 
0.005042 0.099528 0.042843 0.010760 0.133838 0.108028 0.054896 0.099459 0.162007 0.122954 0.967462 0.068218 0.220683 0.052722 0.042833 0.076654 0.000364 0.093834 0.029883 0.121163 0.082212 0.050630 0.206552 0.060032 0.062493 0.085284 0.033983 0.045356 0.204471 0.011656 0.419826 0.007494 0.007685 0.090634 0.058327 0.047532 0.019466 0.009035 0.167153 0.012899 0.010698 0.023132 0.013833 0.003360 0.001904 0.010382 0.004175 0.020839 0.068264 0.002718 0.003972 0.000698 0.001499 0.008671 0.011509 0.004441 0.017645 0.014917 0.001171 0.024508 0.005635 0.004220 0.000329 0.000786 0.000026 0.002388 0.001100 
0.004280 0.196592 0.014479 0.071193 0.027334 0.019926 0.143329 0.013219 0.166261 0.016752 0.172479 0.472999 0.024601 0.015529 0.146901 0.008033 0.000275 0.011295 0.223324 0.012286 0.576086 0.006414 0.197837 0.007196 0.130904 0.553977 0.234575 0.005808 0.031253 0.013149 0.078117 0.048149 0.027942 0.021799 0.052477 0.018906 0.106394 0.014107 0.159370 0.003652 0.040221 0.086249 0.028886 0.000976 0.005734 0.011253 0.013053 0.009469 0.037573 0.001074 0.001855 0.002675 0.005356 0.017937 0.005793 0.001712 0.014644 0.007355 0.003833 0.026889 0.003571 0.003026 0.000256 0.000709 0.000093 0.004056 0.004160 
0.000979 0.011911 0.006324 0.001410 0.017313 0.086149 0.005647 0.084771 0.017018 0.016389 0.093342 0.009422 0.032801 0.003416 0.005077 0.019984 0.000031 0.043708 0.005133 0.093846 0.010619 0.068282 0.018651 0.075409 0.007498 0.013185 0.004995 0.027359 0.033194 0.001314 0.089643 0.001383 0.001607 0.014920 0.007800 0.006855 0.005244 0.001691 0.031133 0.003294 0.003027 0.005177 0.003066 0.000768 0.000570 0.002632 0.001523 0.006350 0.018167 0.000940 0.001526 0.000252 0.000387 0.003009 0.004815 0.001712 0.003984 0.008287 0.000275 0.008543 0.002262 0.001426 0.000096 0.000508 0.000008 0.000920 0.000585 
0.002575 0.082552 0.011680 0.018647 0.027177 0.026763 0.063047 0.020563 0.104111 0.019362 0.170225 0.111523 0.026833 0.013448 0.067740 0.009106 0.000251 0.012514 0.063644 0.019736 0.161856 0.009365 0.193392 0.010745 0.101643 0.161777 0.063252 0.008597 0.032418 0.009305 0.083453 0.017240 0.011675 0.026502 0.043810 0.018451 0.043286 0.009602 0.119157 0.004589 0.018784 0.045603 0.019687 0.001541 0.003563 0.009751 0.007862 0.012663 0.048859 0.001619 0.002216 0.001539 0.003010 0.013343 0.008025 0.002381 0.014540 0.010463 0.001882 0.029270 0.005476 0.004889 0.000319 0.001112 0.000085 0.003596 0.003163 
0.003591 0.072558 0.023117 0.011335 0.070198 0.072084 0.047335 0.062110 0.112787 0.062510 0.466032 0.070755 0.108473 0.030084 0.039026 0.041041 0.000309 0.064576 0.037069 0.088944 0.089320 0.045067 0.206465 0.050372 0.070315 0.096899 0.042497 0.041535 0.204924 0.014324 0.466782 0.011289 0.010135 0.118350 0.075097 0.065046 0.027910 0.013060 0.236090 0.017336 0.018079 0.033486 0.021150 0.004458 0.002971 0.015276 0.006207 0.028444 0.107626 0.004128 0.006089 0.000877 0.002079 0.013581 0.020238 0.006099 0.024682 0.028798 0.001905 0.039913 0.010278 0.006198 0.000502 0.001600 0.000064 0.003366 0.003026 
0.000218 0.002190 0.001453 0.000104 0.005089 0.042977 0.000933 0.043015 0.002920 0.005076 0.023899 0.000544 0.012197 0.001095 0.000635 0.008340 0.000006 0.026211 0.000228 0.077834 0.001113 0.166874 0.004881 0.528359 0.001297 0.001151 0.000070 0.100151 0.032418 0.000290 0.115895 0.000064 0.000161 0.016741 0.002340 0.003669 0.000178 0.000303 0.007598 0.003514 0.000249 0.000330 0.000314 0.000820 0.000052 0.000538 -0.000000 0.003879 0.008946 0.001284 0.002150 0.000022 0.000024 0.000396 0.003132 0.002729 0.001087 0.006008 0.000023 0.001260 0.000913 0.000437 0.000026 0.000096 0.000001 0.000029 -0.000000 
0.002829 0.099117 0.010307 0.031967 0.024554 0.015628 0.078711 0.013009 0.118293 0.018202 0.178792 0.194327 0.026677 0.017526 0.097152 0.009543 0.000399 0.013338 0.128771 0.016730 0.556047 0.007549 0.461997 0.009759 0.355588 0.742856 0.210372 0.008903 0.053124 0.045212 0.122725 0.041041 0.051505 0.040209 0.143391 0.043275 0.091017 0.034498 0.351170 0.007455 0.047312 0.090104 0.051291 0.002111 0.008163 0.022636 0.013974 0.015363 0.076935 0.001510 0.002117 0.002114 0.005331 0.025103 0.010217 0.001739 0.024010 0.011188 0.002984 0.042574 0.005674 0.004132 0.000420 0.001169 0.000096 0.004545 0.004092 
0.001233 0.047642 0.007132 0.014051 0.018940 0.017581 0.030640 0.014478 0.054475 0.013742 0.117692 0.060246 0.021798 0.008432 0.030142 0.008624 0.000156 0.011761 0.044939 0.019410 0.111843 0.008968 0.154696 0.012618 0.082109 0.133524 0.055020 0.007948 0.035718 0.016239 0.106291 0.015149 0.013402 0.028525 0.054037 0.023565 0.045597 0.012757 0.171972 0.006325 0.021603 0.047806 0.023764 0.001904 0.004630 0.012569 0.008464 0.014108 0.059594 0.002047 0.002987 0.001280 0.003433 0.016432 0.011822 0.003825 0.021888 0.014814 0.002387 0.036132 0.005674 0.005733 0.000467 0.001380 0.000058 0.003567 0.003576 
0.001669 0.085290 0.005840 0.056098 0.011542 0.006837 0.060739 0.004826 0.073245 0.007796 0.083421 0.228573 0.011678 0.007999 0.067930 0.004159 0.000181 0.004876 0.292101 0.007646 0.489078 0.003008 0.170122 0.003253 0.130134 0.913214 0.732925 0.003630 0.019347 0.019862 0.055920 0.104210 0.106023 0.019826 0.087404 0.022467 0.227632 0.033136 0.262590 0.003487 0.106400 0.204331 0.070595 0.001023 0.013541 0.020559 0.026595 0.009050 0.050372 0.000847 0.001067 0.004538 0.010022 0.037457 0.005167 0.001043 0.019922 0.005387 0.006496 0.039073 0.002698 0.002968 0.000408 0.000853 0.000175 0.004516 0.005708 
0.001596 0.035047 0.010684 0.006477 0.031059 0.049814 0.022587 0.047002 0.052640 0.028898 0.191644 0.036510 0.051953 0.011740 0.018656 0.025303 0.000130 0.043385 0.024522 0.070515 0.053181 0.034964 0.093079 0.041993 0.036232 0.061739 0.031450 0.041421 0.216442 0.007853 0.596337 0.007494 0.007551 0.156080 0.051177 0.055298 0.024799 0.009804 0.180311 0.020079 0.013932 0.029961 0.017457 0.005382 0.002808 0.013199 0.005680 0.033464 0.112719 0.005160 0.008354 0.000992 0.002200 0.012670 0.023017 0.007410 0.028822 0.036878 0.001354 0.052657 0.013214 0.008323 0.000540 0.002118 0.000052 0.003452 0.002923 
0.000907 0.030666 0.005840 0.007574 0.018468 0.017972 0.023324 0.013849 0.047551 0.013488 0.105742 0.041402 0.023252 0.007338 0.020560 0.009237 0.000115 0.015024 0.033875 0.020913 0.063458 0.011749 0.103276 0.015279 0.041176 0.079528 0.036235 0.012228 0.051894 0.011635 0.144709 0.012287 0.010068 0.044508 0.076744 0.037544 0.031732 0.012656 0.200510 0.009082 0.019862 0.042519 0.021360 0.002762 0.003452 0.014738 0.007937 0.021599 0.084917 0.002861 0.003955 0.001237 0.002635 0.015165 0.014836 0.004655 0.023285 0.021340 0.001767 0.043975 0.008016 0.007712 0.000519 0.001639 0.000082 0.003998 0.003817 
0.000979 0.058868 0.002664 0.060329 0.006348 0.003907 0.034175 0.003357 0.038708 0.003336 0.039005 0.133266 0.005138 0.003573 0.032141 0.001948 0.000075 0.002366 0.403763 0.004640 0.168621 0.001816 0.063360 0.002169 0.045553 0.286406 0.482096 0.001872 0.009447 0.007812 0.024972 0.340003 0.059444 0.009559 0.039174 0.010069 0.756313 0.019899 0.155293 0.001902 0.183070 0.480592 0.068260 0.000787 0.017408 0.015739 0.041077 0.006465 0.038949 0.000604 0.000689 0.011139 0.023211 0.053493 0.004658 0.001043 0.018266 0.005180 0.016067 0.048316 0.003532 0.004191 0.000472 0.000939 0.000391 0.008687 0.010625 
0.000109 0.002601 0.001130 0.000104 0.003358 0.008595 0.001031 0.009652 0.002169 0.002864 0.013302 0.001359 0.004879 0.000770 0.000730 0.003809 0.000008 0.009717 0.000228 0.026337 0.002398 0.025372 0.004881 0.047513 0.002310 0.002825 0.000633 0.037905 0.025818 0.000650 0.107785 0.000129 0.000335 0.019320 0.003423 0.004177 0.000533 0.000707 0.011675 0.005402 0.000622 0.000991 0.001324 0.001301 0.000133 0.001001 0.000320 0.007605 0.015002 0.002416 0.005433 0.000029 0.000085 0.000831 0.006341 0.006902 0.003777 0.017921 0.000069 0.007002 0.003095 0.001455 0.000073 0.000374 0.000001 0.000345 0.000344 
0.000435 0.013827 0.006055 0.002455 0.017313 0.040437 0.009329 0.032733 0.021356 0.016099 0.096273 0.016126 0.029376 0.004920 0.007837 0.017839 0.000057 0.038724 0.010493 0.082474 0.021923 0.054262 0.036604 0.077578 0.014347 0.024172 0.012102 0.093044 0.129412 0.003512 0.595270 0.003281 0.003575 0.105604 0.024873 0.028680 0.009511 0.005300 0.107482 0.026928 0.007008 0.013108 0.009687 0.006523 0.001370 0.008009 0.003216 0.042248 0.100470 0.010438 0.017840 0.000431 0.001064 0.007167 0.032921 0.019287 0.022095 0.065573 0.000689 0.038233 0.015119 0.007712 0.000448 0.002329 0.000025 0.003164 0.001788 
0.000834 0.036005 0.002503 0.041368 0.005299 0.005079 0.020083 0.001888 0.026862 0.003336 0.030212 0.068853 0.004879 0.002406 0.015959 0.001817 0.000042 0.001829 0.287196 0.003137 0.070137 0.001476 0.040090 0.002366 0.021682 0.099201 0.136495 0.001834 0.009577 0.003477 0.026252 0.145830 0.016695 0.007941 0.020453 0.007123 0.368602 0.008934 0.090063 0.001888 0.087036 0.297630 0.033416 0.000599 0.009430 0.009436 0.028476 0.006274 0.031930 0.000713 0.001100 0.017123 0.027068 0.041258 0.004619 0.001097 0.015989 0.006837 0.024490 0.044955 0.003809 0.004423 0.000497 0.001207 0.000639 0.008687 0.012137 
0.000834 0.031077 0.007078 0.005693 0.022193 0.026372 0.016695 0.025809 0.036289 0.016969 0.124005 0.029534 0.026937 0.007843 0.015705 0.013286 0.000092 0.024167 0.024066 0.037577 0.046416 0.019696 0.076172 0.031938 0.030396 0.057344 0.031028 0.026709 0.102300 0.007681 0.417692 0.008073 0.007511 0.147280 0.062054 0.077177 0.024710 0.012732 0.242020 0.031558 0.017042 0.032054 0.021813 0.008526 0.003571 0.020170 0.007674 0.056128 0.186763 0.008021 0.010012 0.001036 0.002539 0.017897 0.036757 0.010700 0.044139 0.048895 0.001813 0.071144 0.017420 0.011029 0.000803 0.003718 0.000045 0.005178 0.003954 
0.000943 0.033267 0.004091 0.016976 0.009181 0.006642 0.020034 0.004616 0.030199 0.006454 0.050053 0.046747 0.010173 0.004006 0.018022 0.003218 0.000063 0.005342 0.087482 0.007515 0.078359 0.004938 0.057434 0.004140 0.029747 0.115421 0.104201 0.003859 0.016241 0.005717 0.055066 0.047377 0.026683 0.016640 0.033237 0.013202 0.156791 0.014410 0.152699 0.004424 0.101798 0.187809 0.054322 0.001447 0.012734 0.015480 0.029059 0.012397 0.060832 0.001376 0.002757 0.004545 0.011122 0.043792 0.010569 0.003103 0.025045 0.012017 0.006794 0.056159 0.007540 0.006955 0.000716 0.001888 0.000197 0.008227 0.008493 
0.000435 0.010405 0.003821 0.002507 0.012959 0.020121 0.008200 0.020773 0.017185 0.010152 0.074628 0.014314 0.022162 0.004198 0.007012 0.010047 0.000044 0.021227 0.009125 0.043067 0.019525 0.030480 0.037999 0.038444 0.015076 0.026893 0.013016 0.042300 0.085930 0.003505 0.425802 0.003602 0.004017 0.095691 0.028817 0.031278 0.012533 0.006435 0.115821 0.040157 0.007878 0.016523 0.013241 0.011278 0.001689 0.012087 0.004288 0.070996 0.168046 0.020414 0.034401 0.000539 0.001318 0.010136 0.063219 0.034080 0.036273 0.123999 0.001125 0.061340 0.025952 0.012135 0.000786 0.003574 0.000034 0.003826 0.002544 
0.000145 0.002875 0.000404 0.000992 0.001312 0.002149 0.001571 0.001469 0.003170 0.000906 0.008793 0.002355 0.001453 0.000613 0.001618 0.000657 0.000008 0.001255 0.003764 0.002091 0.006252 0.001192 0.006275 0.002464 0.002796 0.004814 0.003025 0.001146 0.006535 0.000560 0.015581 0.001222 0.000843 0.005412 0.005417 0.004392 0.004178 0.001009 0.026129 0.001406 0.002073 0.005177 0.002683 0.000509 0.000511 0.002243 0.001147 0.003955 0.019131 0.000537 0.000870 0.000165 0.000508 0.002178 0.003562 0.001097 0.003519 0.004454 0.000390 0.009103 0.002698 0.001484 0.000082 0.000393 0.000014 0.000805 0.000447 
0.000834 0.028065 0.003202 0.017446 0.009286 0.006837 0.020476 0.008183 0.029532 0.006599 0.048249 0.059521 0.010432 0.003729 0.017895 0.003787 0.000070 0.005665 0.093983 0.008496 0.086666 0.004484 0.070158 0.005323 0.035543 0.131640 0.114192 0.005923 0.020641 0.008241 0.071928 0.053134 0.037287 0.021697 0.056767 0.022066 0.179723 0.029413 0.295205 0.005636 0.175482 0.292563 0.160214 0.002493 0.044995 0.034853 0.072017 0.021143 0.106801 0.002182 0.003414 0.006652 0.019004 0.105085 0.017615 0.003799 0.050452 0.021236 0.010466 0.121280 0.011587 0.012339 0.001366 0.003814 0.000375 0.014383 0.017364 
0.000218 0.005750 0.001884 0.001358 0.004460 0.010744 0.003781 0.009442 0.006841 0.004895 0.032016 0.005798 0.008875 0.001612 0.001967 0.004553 0.000016 0.010577 0.003878 0.022089 0.008478 0.014701 0.012463 0.021292 0.004782 0.010150 0.005980 0.022086 0.033259 0.001217 0.150685 0.001512 0.001526 0.033431 0.010053 0.010578 0.004978 0.002347 0.046699 0.011962 0.003898 0.005397 0.004913 0.003582 0.000748 0.004820 0.001580 0.024717 0.057116 0.008650 0.021156 0.000209 0.000629 0.003366 0.025992 0.029532 0.014747 0.077072 0.000459 0.023808 0.013968 0.006722 0.000361 0.002003 0.000025 0.002042 0.001203 
0.000725 0.029023 0.004144 0.012745 0.011647 0.010158 0.020181 0.008813 0.029615 0.007506 0.074403 0.049375 0.014896 0.004715 0.019798 0.004947 0.000085 0.008103 0.062161 0.013005 0.088464 0.007379 0.076259 0.007886 0.039717 0.115944 0.078731 0.008712 0.032871 0.009672 0.103089 0.032485 0.029147 0.037326 0.079647 0.032108 0.099550 0.043684 0.459950 0.009261 0.082184 0.150908 0.175546 0.003539 0.021616 0.055727 0.037240 0.031258 0.171074 0.003474 0.004809 0.004473 0.010276 0.080259 0.024583 0.005430 0.068200 0.026209 0.007758 0.146208 0.017103 0.016500 0.001518 0.003891 0.000262 0.015850 0.013891 
0.000435 0.007667 0.002637 0.001358 0.008867 0.017386 0.005008 0.018255 0.012513 0.008630 0.055238 0.007338 0.016089 0.003428 0.003712 0.009456 0.000034 0.023378 0.005589 0.051497 0.009934 0.037518 0.026233 0.053427 0.009443 0.014022 0.006262 0.065341 0.104630 0.002745 0.581823 0.001769 0.002196 0.121131 0.025307 0.033607 0.004889 0.004530 0.111930 0.061821 0.004064 0.007270 0.008641 0.017019 0.001341 0.010882 0.002389 0.099098 0.199288 0.044159 0.083228 0.000252 0.000774 0.007483 0.102246 0.086725 0.041344 0.234841 0.000482 0.056579 0.042063 0.015307 0.000709 0.004514 0.000021 0.003135 0.001822 
0.000218 0.012869 0.000108 0.025437 0.000262 0.000391 0.005205 0.000210 0.004505 0.000218 0.005186 0.033792 0.000675 0.000433 0.004854 0.000109 0.000013 -0.000000 0.208269 0.000131 0.033998 0.000114 0.010720 0.000099 0.008713 0.066239 0.133822 0.000191 0.001488 0.001714 0.004909 0.177898 0.022238 0.001618 0.010530 0.002490 0.963680 0.007129 0.056706 0.000469 0.269898 1.941754 0.052789 0.000132 0.020134 0.009121 0.092743 0.001901 0.020507 0.000185 0.000131 0.044608 0.119429 0.108173 0.002427 0.000161 0.017386 0.001968 0.045675 0.062041 0.001706 0.003172 0.000556 0.000719 0.001211 0.016482 0.028298 
0.000725 0.017934 0.004171 0.005693 0.012224 0.016800 0.013307 0.012170 0.022441 0.009971 0.076432 0.023102 0.019100 0.005052 0.011105 0.008515 0.000072 0.016207 0.023952 0.025749 0.042562 0.017141 0.063099 0.017941 0.027640 0.056402 0.031802 0.021513 0.073571 0.008711 0.316951 0.010711 0.011340 0.102823 0.085540 0.076721 0.033509 0.020606 0.478296 0.041976 0.022516 0.051331 0.040210 0.018489 0.006289 0.049183 0.012282 0.183137 0.903263 0.014499 0.021156 0.001740 0.004243 0.036586 0.109957 0.021802 0.150578 0.105145 0.002525 0.200826 0.051745 0.032389 0.002276 0.008404 0.000097 0.013491 0.008733 
0.000036 0.002190 0.000511 0.000418 0.001259 0.001758 0.000982 0.001469 0.001668 0.000943 0.005862 0.001540 0.001505 0.000457 0.000793 0.000525 0.000003 0.001076 0.001369 0.002026 0.002227 0.002100 0.002789 0.001676 0.001500 0.003662 0.002181 0.002025 0.004465 0.000242 0.015794 0.000836 0.000402 0.005412 0.002297 0.001741 0.002400 0.000732 0.013528 0.001833 0.001285 0.001322 0.001463 0.000561 0.000341 0.000927 0.000376 0.004829 0.012524 0.001888 0.005367 0.000036 0.000230 0.001227 0.008142 0.013054 0.004605 0.032113 0.000138 0.007282 0.005317 0.001862 0.000145 0.000709 0.000005 0.000604 0.000447 
0.000399 0.014375 0.002180 0.007313 0.005299 0.004493 0.009035 0.003987 0.015517 0.004387 0.038103 0.022468 0.008460 0.002574 0.010153 0.003371 0.000051 0.004697 0.041289 0.007973 0.044360 0.004371 0.048283 0.005520 0.022290 0.071680 0.052487 0.005655 0.025818 0.006409 0.110132 0.021196 0.019333 0.034443 0.069334 0.034036 0.076440 0.032833 0.509799 0.012127 0.065971 0.143307 0.128436 0.005066 0.020275 0.095010 0.044331 0.058333 0.372839 0.005865 0.008042 0.005372 0.014253 0.156162 0.052728 0.009871 0.247342 0.059358 0.009571 0.579792 0.044642 0.051858 0.005512 0.012180 0.000371 0.049045 0.038647 
0.000254 0.009446 0.001857 0.003291 0.005142 0.003516 0.006580 0.006295 0.011679 0.004605 0.026605 0.013861 0.006695 0.002093 0.006663 0.003152 0.000031 0.005271 0.013915 0.008823 0.021067 0.004541 0.026669 0.006604 0.011023 0.028567 0.018293 0.005693 0.020318 0.002558 0.070433 0.007012 0.004994 0.021293 0.021797 0.014541 0.021688 0.006662 0.125643 0.007910 0.014015 0.031063 0.017945 0.003535 0.003348 0.014775 0.007241 0.037685 0.190617 0.004934 0.006696 0.001345 0.002877 0.019045 0.036718 0.007838 0.106802 0.041229 0.001859 0.129543 0.027499 0.021564 0.001481 0.005539 0.000081 0.008716 0.006808 
0.000363 0.011089 0.002045 0.003395 0.006138 0.007619 0.005352 0.009023 0.012096 0.005040 0.037652 0.010871 0.007474 0.002105 0.005489 0.003940 0.000030 0.006884 0.014713 0.010783 0.019354 0.006300 0.027017 0.008379 0.012523 0.028044 0.016464 0.009132 0.024977 0.002758 0.099034 0.006304 0.004780 0.032875 0.022923 0.016415 0.018488 0.006902 0.133056 0.013271 0.012523 0.027097 0.017980 0.005401 0.003141 0.015276 0.005981 0.060615 0.224336 0.010303 0.016560 0.001072 0.002732 0.018372 0.092420 0.018779 0.082896 0.117162 0.002043 0.144668 0.069403 0.039141 0.002140 0.010819 0.000082 0.010442 0.007461 
0.000145 0.004381 0.000377 0.003656 0.000735 0.000586 0.002652 0.000210 0.002753 0.000979 0.006538 0.009513 0.001401 0.000638 0.002887 0.000700 0.000014 0.001147 0.025777 0.002091 0.017470 0.001305 0.017779 0.000887 0.010010 0.031497 0.032435 0.001758 0.009771 0.003636 0.035003 0.018751 0.015075 0.014111 0.041774 0.018718 0.068707 0.027293 0.391384 0.005857 0.074057 0.185606 0.161643 0.002644 0.029950 0.094602 0.073879 0.034757 0.317649 0.002920 0.003266 0.008119 0.026862 0.417647 0.037657 0.003745 0.283460 0.031077 0.016342 1.064352 0.037737 0.060792 0.009164 0.012458 0.000793 0.130910 0.097753 
0.000036 0.003559 0.000161 0.008932 0.000367 0.000195 0.002701 -0.000000 0.002336 0.000218 0.000902 0.010600 0.000311 0.000204 0.002126 0.000131 0.000003 0.000036 0.070373 0.000131 0.009163 0.000114 0.006275 0.000099 0.002148 0.016324 0.029762 0.000267 0.001294 0.000643 0.002561 0.036988 0.005074 0.001669 0.004853 0.001928 0.133326 0.002927 0.032986 0.000345 0.044036 0.224049 0.019373 0.000160 0.006393 0.005784 0.028739 0.002053 0.018580 0.000193 0.000230 0.073244 0.078205 0.070162 0.002897 0.000375 0.014023 0.003108 0.334142 0.069603 0.002817 0.005384 0.000845 0.000968 0.007924 0.028650 0.067255 
0.000109 0.001643 0.000431 0.000470 0.001521 0.002344 0.001129 0.001679 0.001835 0.001595 0.008568 0.003533 0.002751 0.000662 0.001396 0.001445 0.000012 0.002582 0.004334 0.004967 0.005995 0.003746 0.010371 0.004732 0.004661 0.009522 0.006543 0.006267 0.015918 0.001867 0.078971 0.002766 0.003789 0.029335 0.024830 0.021503 0.010133 0.007748 0.202734 0.016785 0.009537 0.020158 0.023834 0.009346 0.003519 0.032331 0.007918 0.137505 0.703425 0.021312 0.029772 0.000856 0.002901 0.032705 0.263052 0.035631 0.385708 0.315539 0.002112 0.686927 0.362850 0.237637 0.009037 0.054622 0.000112 0.029225 0.014923 
-0.000000 0.000137 0.000054 -0.000000 0.000262 0.000391 0.000098 0.000420 0.000083 0.000073 0.000676 0.000181 0.000311 0.000072 0.000095 0.000088 0.000000 -0.000000 -0.000000 -0.000000 0.000171 0.000114 0.000261 0.000099 0.000081 0.000209 0.000070 0.000115 0.000453 0.000028 0.002561 0.000129 0.000027 0.000405 0.000260 0.000107 0.000267 0.000050 0.001112 0.000179 0.000124 0.000330 0.000070 0.000052 0.000037 0.000056 0.000056 0.000723 0.001652 0.000134 0.000377 -0.000000 0.000012 0.000238 0.000509 0.000776 0.000466 0.003315 0.000023 0.000700 0.000714 0.000233 0.000023 0.000105 -0.000000 0.000144 -0.000000 
-0.000000 0.002054 0.000404 0.000313 0.001154 0.001563 0.000933 0.001259 0.001585 0.001015 0.006989 0.001903 0.001609 0.000313 0.000761 0.000635 0.000005 0.001076 0.001711 0.002157 0.003511 0.001078 0.003138 0.001281 0.002026 0.004186 0.002533 0.001643 0.004982 0.000491 0.019849 0.001126 0.000549 0.004754 0.002990 0.002678 0.002844 0.000845 0.019087 0.002177 0.001576 0.004516 0.002021 0.000853 0.000459 0.002150 0.001147 0.007605 0.022296 0.002500 0.004989 0.000115 0.000375 0.002217 0.011313 0.011289 0.007710 0.054903 0.000275 0.019747 0.016785 0.006344 0.000345 0.002099 0.000004 0.001352 0.000791 
0.000036 0.000411 0.000135 0.000418 0.000262 0.000391 0.000491 0.000629 0.001251 0.000363 0.002931 0.001540 0.001090 0.000337 0.000698 0.000482 0.000004 0.000574 0.003308 0.001111 0.004025 0.000965 0.005491 0.000887 0.002472 0.005860 0.005418 0.002178 0.005824 0.000996 0.027533 0.002959 0.002450 0.011329 0.013910 0.009399 0.010399 0.006271 0.141765 0.007166 0.009620 0.025886 0.024705 0.003459 0.003911 0.028197 0.009348 0.056850 0.360039 0.007316 0.010274 0.001366 0.004304 0.045970 0.094025 0.013910 0.335360 0.126588 0.002915 1.514461 0.185473 0.509119 0.027435 0.073970 0.000152 0.060551 0.028298 
0.000181 0.003286 0.001076 0.001880 0.003620 0.004102 0.003339 0.004406 0.006841 0.002429 0.017812 0.005708 0.003944 0.001179 0.002982 0.001401 0.000017 0.003765 0.007300 0.006012 0.012417 0.003406 0.012027 0.004436 0.006647 0.014650 0.009780 0.004241 0.010935 0.001355 0.056560 0.003409 0.002611 0.015274 0.014387 0.007605 0.010222 0.004025 0.069493 0.005912 0.007754 0.015642 0.011464 0.002587 0.001719 0.008750 0.004495 0.026543 0.098680 0.005924 0.010241 0.000762 0.002007 0.012116 0.040162 0.012064 0.045018 0.088260 0.001331 0.120160 0.107260 0.046037 0.002225 0.017287 0.000049 0.008658 0.005914 
0.000073 0.002190 0.000108 0.005119 0.000262 0.000391 0.001817 -0.000000 0.001251 0.000181 0.000451 0.007248 0.000311 0.000168 0.001142 0.000088 0.000003 0.000072 0.039578 0.000065 0.006594 -0.000000 0.003835 0.000197 0.001824 0.013290 0.019700 0.000191 0.000971 0.000449 0.002134 0.023061 0.003655 0.001922 0.004073 0.001500 0.082218 0.002801 0.032615 0.000413 0.037609 0.152230 0.017422 0.000170 0.005637 0.005543 0.025015 0.001901 0.022158 0.000227 0.000312 0.039890 0.054897 0.063273 0.002231 0.000321 0.016558 0.002797 0.218737 0.079126 0.003611 0.006344 0.001014 0.001332 0.013802 0.035841 0.096859 
0.000109 0.006982 0.000484 0.007156 0.001889 0.001172 0.004763 0.000839 0.006590 0.001197 0.006538 0.013318 0.001505 0.000686 0.003903 0.000744 0.000011 0.001076 0.040034 0.001961 0.017898 0.000965 0.012637 0.000887 0.005714 0.025637 0.029621 0.001490 0.004206 0.001438 0.015154 0.021260 0.006520 0.005563 0.010877 0.004204 0.080262 0.005388 0.063748 0.001419 0.038107 0.132623 0.025750 0.000660 0.006919 0.008806 0.023830 0.006503 0.038399 0.000772 0.001149 0.018324 0.032520 0.056660 0.006067 0.001257 0.019301 0.007769 0.061329 0.082767 0.006468 0.007479 0.001002 0.002166 0.003452 0.030031 0.060068 
0.000073 0.003696 0.000242 0.005798 0.000315 0.000781 0.002062 -0.000000 0.002586 0.000326 0.003382 0.008516 0.000623 0.000349 0.002380 0.000350 0.000006 0.000215 0.040148 0.000065 0.010790 0.000114 0.005839 0.000493 0.003972 0.020301 0.022374 0.000267 0.001941 0.000816 0.005763 0.021968 0.004525 0.002276 0.006457 0.002972 0.078751 0.003634 0.043919 0.000772 0.036821 0.145070 0.023590 0.000401 0.006385 0.007508 0.026520 0.004183 0.026700 0.000369 0.000443 0.026982 0.043473 0.066757 0.004932 0.000508 0.021836 0.004454 0.111664 0.092291 0.005198 0.006344 0.001185 0.001849 0.008130 0.042831 0.101742 
0.000145 0.003012 0.000700 0.000783 0.001731 0.002149 0.001522 0.002308 0.003754 0.001414 0.008793 0.003533 0.002284 0.000553 0.001967 0.001029 0.000009 0.001829 0.004790 0.003333 0.006594 0.001816 0.007147 0.002169 0.003364 0.007639 0.004222 0.002216 0.007829 0.000747 0.025612 0.002284 0.001352 0.006626 0.005590 0.004070 0.005777 0.002019 0.031503 0.002811 0.004022 0.010905 0.005749 0.001159 0.000882 0.003912 0.002088 0.011636 0.044317 0.002576 0.004185 0.000280 0.000774 0.005227 0.016832 0.006153 0.018318 0.044959 0.000574 0.047616 0.040356 0.019847 0.001009 0.008232 0.000025 0.004602 0.003163 
-0.000000 -0.000000 0.000027 -0.000000 -0.000000 -0.000000 0.000049 -0.000000 0.000083 0.000145 0.000225 0.000091 0.000104 0.000036 -0.000000 0.000044 -0.000000 0.000072 0.000342 0.000065 0.000257 -0.000000 0.000261 0.000296 -0.000000 -0.000000 0.000070 -0.000000 0.000194 0.000007 0.000854 -0.000000 0.000040 0.000051 0.000130 0.000134 -0.000000 0.000013 -0.000000 0.000028 0.000166 0.000110 0.000209 0.000019 -0.000000 0.000056 0.000019 0.000228 0.000275 0.000084 0.000066 -0.000000 0.000024 -0.000000 0.000313 0.000134 0.000207 0.001036 -0.000000 0.001120 0.000595 0.000378 0.000009 0.000077 -0.000000 0.000086 -0.000000 
0.000181 0.005613 0.001050 0.001724 0.002833 0.002735 0.002897 0.002098 0.005506 0.001559 0.012851 0.007066 0.003477 0.000794 0.002411 0.001423 0.000012 0.002331 0.006615 0.004771 0.008307 0.003122 0.011068 0.003943 0.005471 0.011615 0.006754 0.003477 0.009706 0.001251 0.041620 0.003442 0.002638 0.012897 0.011050 0.006936 0.011199 0.003066 0.060042 0.004865 0.007796 0.016082 0.009791 0.002055 0.001911 0.007935 0.003856 0.021980 0.090836 0.004699 0.008026 0.000575 0.001705 0.011166 0.032255 0.011075 0.041758 0.076554 0.001285 0.128843 0.073689 0.052265 0.002415 0.025883 0.000045 0.010470 0.006086 
0.000363 0.005613 0.000511 0.006216 0.001364 0.001953 0.003241 0.001259 0.006757 0.001052 0.010597 0.011234 0.001194 0.000794 0.003490 0.000919 0.000012 0.001327 0.031708 0.001961 0.017042 0.000795 0.013770 0.001380 0.006768 0.023545 0.024344 0.001567 0.005435 0.001632 0.021130 0.017079 0.005422 0.005766 0.012913 0.005436 0.063996 0.005729 0.062451 0.001833 0.032841 0.121938 0.027318 0.000792 0.007378 0.011309 0.022777 0.008556 0.045968 0.000990 0.001362 0.011017 0.023598 0.063669 0.008260 0.001953 0.029960 0.011291 0.031422 0.117499 0.008492 0.010767 0.001729 0.003201 0.001921 0.050195 0.120687 
-0.000000 0.000274 -0.000000 0.000052 0.000052 -0.000000 0.000246 0.000420 0.000083 -0.000000 0.000225 0.000725 0.000052 0.000012 0.000127 0.000109 0.000001 0.000108 0.001939 0.000261 0.000771 0.000057 0.001307 0.000394 0.000567 0.001988 0.001759 0.000688 0.001100 0.000283 0.006830 0.000868 0.001098 0.001770 0.003857 0.002999 0.004444 0.002107 0.039843 0.001571 0.004810 0.010795 0.011115 0.000980 0.001948 0.011420 0.005812 0.017302 0.120288 0.002718 0.003873 0.001000 0.002841 0.035596 0.036404 0.006527 0.125172 0.068163 0.002249 0.885373 0.125474 0.388496 0.049207 0.124328 0.000116 0.098866 0.034453 
0.000181 0.005613 0.000915 0.002089 0.002938 0.002735 0.003535 0.002308 0.005923 0.002030 0.017135 0.009060 0.002958 0.001083 0.003458 0.001313 0.000014 0.002008 0.011748 0.004117 0.013702 0.002100 0.012724 0.001971 0.006809 0.018731 0.013087 0.002331 0.009641 0.001452 0.035003 0.005661 0.003829 0.009862 0.013520 0.007016 0.022310 0.004240 0.073570 0.003073 0.015176 0.032825 0.018084 0.001174 0.003371 0.009436 0.008652 0.013918 0.064548 0.002190 0.003447 0.001611 0.003832 0.024668 0.015736 0.004307 0.040620 0.025380 0.003443 0.186122 0.018968 0.027558 0.003907 0.007714 0.000125 0.047376 0.022315 
0.000036 0.001369 0.000081 0.002037 0.000210 -0.000000 0.000835 0.000420 0.001001 0.000109 0.002480 0.003624 0.000467 0.000168 0.001047 0.000219 0.000005 0.000179 0.017223 0.000523 0.006166 0.000170 0.003922 0.000591 0.001986 0.009941 0.013579 0.000191 0.002653 0.000698 0.008111 0.012447 0.004244 0.002478 0.007800 0.003267 0.052797 0.004808 0.069863 0.001185 0.032136 0.128437 0.032161 0.000490 0.008512 0.015535 0.033780 0.007377 0.055465 0.000688 0.000886 0.013203 0.032459 0.130742 0.007633 0.001204 0.056971 0.010152 0.034038 0.322807 0.011825 0.022786 0.004506 0.006114 0.002210 0.234263 0.647997 
0.000109 0.002190 0.000673 0.000731 0.001469 0.002149 0.001620 0.001469 0.002753 0.001305 0.007666 0.002537 0.002439 0.000613 0.001364 0.000963 0.000006 0.001685 0.003422 0.003072 0.004881 0.002157 0.005752 0.002957 0.003485 0.006174 0.003729 0.002484 0.007182 0.000733 0.030521 0.001640 0.001071 0.007384 0.006283 0.004740 0.005422 0.001893 0.037248 0.003583 0.004147 0.009253 0.005052 0.001659 0.000793 0.004134 0.001806 0.014678 0.056703 0.003826 0.007829 0.000302 0.000798 0.005662 0.023056 0.012198 0.022354 0.085981 0.000689 0.056579 0.049483 0.024066 0.001169 0.009736 0.000030 0.004315 0.003163 
0.000073 0.003559 0.000807 0.001463 0.002466 0.002540 0.002504 0.002308 0.005673 0.001668 0.012851 0.006432 0.002336 0.000926 0.002443 0.001488 0.000015 0.002080 0.007756 0.003137 0.010619 0.002043 0.009064 0.004140 0.005350 0.011301 0.008162 0.003019 0.009641 0.001341 0.040126 0.004213 0.002932 0.011886 0.012307 0.007605 0.014933 0.004240 0.077647 0.005292 0.009039 0.024674 0.012788 0.002248 0.002415 0.010029 0.005360 0.024641 0.105287 0.004724 0.007993 0.000935 0.002527 0.017937 0.033038 0.010780 0.056816 0.068267 0.001882 0.220293 0.070753 0.090329 0.005644 0.043037 0.000092 0.023501 0.010865 
0.000145 0.003559 0.000619 0.000940 0.001364 0.002149 0.001964 0.002308 0.003253 0.001595 0.009920 0.004892 0.002024 0.000638 0.001491 0.001051 0.000012 0.001578 0.005703 0.003856 0.005995 0.003065 0.010545 0.002563 0.004012 0.009732 0.005980 0.003477 0.009965 0.001161 0.037351 0.002573 0.001995 0.012037 0.011093 0.006962 0.008533 0.003243 0.058374 0.005347 0.007215 0.014760 0.008676 0.002361 0.001770 0.007619 0.004044 0.023006 0.091524 0.005017 0.009782 0.000633 0.001620 0.012037 0.033429 0.014499 0.045432 0.099655 0.000987 0.142287 0.097022 0.064080 0.003328 0.031662 0.000055 0.013318 0.007427 
-0.000000 0.003559 0.000269 0.003970 0.001102 0.001563 0.002848 0.001049 0.003837 0.000653 0.006313 0.008063 0.001038 0.000445 0.002760 0.000503 0.000008 0.000932 0.025321 0.001503 0.010448 0.000341 0.008192 0.001380 0.004458 0.017475 0.018856 0.001032 0.003947 0.001113 0.014087 0.014313 0.005101 0.004805 0.010053 0.004847 0.050486 0.004959 0.068752 0.001667 0.030601 0.101119 0.026551 0.000759 0.006474 0.010159 0.021385 0.007415 0.042940 0.000873 0.001592 0.010003 0.021773 0.068380 0.008064 0.001926 0.034048 0.009530 0.027589 0.149569 0.009246 0.014725 0.002318 0.003824 0.001633 0.079507 0.258841 
0.000145 0.004928 0.000269 0.003813 0.000577 0.001563 0.002995 0.000839 0.003587 0.000616 0.002931 0.006795 0.001090 0.000397 0.002062 0.000394 0.000007 0.000610 0.021329 0.000719 0.008050 0.000227 0.007321 0.000591 0.003526 0.014441 0.014494 0.000573 0.002524 0.000871 0.008751 0.010807 0.003213 0.002579 0.006543 0.002544 0.039464 0.002738 0.031689 0.000992 0.019945 0.071819 0.012544 0.000283 0.003541 0.004894 0.012338 0.004297 0.020507 0.000436 0.000722 0.009464 0.017034 0.030646 0.003445 0.000803 0.012212 0.004765 0.043059 0.054618 0.004008 0.004423 0.000704 0.001188 0.004401 0.019186 0.049031 
0.000073 0.000548 -0.000000 0.002194 0.000210 -0.000000 0.000344 0.000210 0.000834 0.000109 0.000451 0.003080 0.000208 0.000072 0.000920 0.000241 0.000003 0.000287 0.010950 0.000523 0.003340 0.000227 0.003399 0.000296 0.002229 0.006906 0.009076 0.000497 0.001488 0.000601 0.007470 0.007494 0.003160 0.002731 0.007150 0.003428 0.031909 0.003886 0.059671 0.001075 0.022308 0.077437 0.026377 0.000551 0.006060 0.013700 0.021855 0.007187 0.056290 0.000822 0.001018 0.006925 0.018001 0.095107 0.009904 0.001364 0.056920 0.011706 0.016801 0.378685 0.015912 0.031894 0.006716 0.008088 0.001109 0.497090 0.435711 
-0.000000 0.001506 0.000215 0.000313 0.000367 0.000977 0.000442 0.001049 0.001668 0.000798 0.004058 0.001087 0.000519 0.000253 0.000825 0.000350 0.000003 0.001183 0.001027 0.001765 0.002312 0.000624 0.003050 0.001183 0.001783 0.002930 0.001829 0.001834 0.003494 0.000346 0.014727 0.000997 0.000696 0.003945 0.003033 0.002303 0.002667 0.000984 0.022979 0.002122 0.001742 0.003855 0.002997 0.000872 0.000496 0.002447 0.001072 0.008328 0.029866 0.002534 0.004891 0.000201 0.000447 0.002494 0.015071 0.008266 0.012264 0.062880 0.000344 0.036272 0.033372 0.015278 0.000648 0.006114 0.000007 0.003135 0.001341 
0.000254 0.003833 0.000484 0.002821 0.001364 0.001172 0.002701 0.001049 0.004421 0.001124 0.006764 0.006976 0.002128 0.000541 0.002507 0.000657 0.000009 0.001004 0.015284 0.001372 0.009506 0.000795 0.009151 0.001084 0.003769 0.013499 0.012946 0.001032 0.003041 0.000857 0.013020 0.007333 0.003093 0.003389 0.006413 0.003080 0.027821 0.002801 0.043549 0.001337 0.015715 0.044722 0.011603 0.000457 0.002845 0.004764 0.008953 0.004411 0.025461 0.000596 0.000936 0.004171 0.008450 0.023044 0.005519 0.001097 0.014799 0.006112 0.010902 0.055738 0.005040 0.007188 0.000826 0.001591 0.000747 0.022581 0.066911 
