# Flux Network Reconstruction using RW method
# Walkers leave from emitting cells
# Probability involves emitting fluxes, then absorbing flux is shared among connections
# Seed: 1684539137
# Threshold: 0.5
# Precision: 100000.0
# Dt: 1.0
# Radius step: 6.000000
# Matrix output


0.001564 0.000780 0.002398 0.021538 0.019255 0.003121 0.007849 0.017690 0.016407 0.000233 0.001177 0.008886 0.015758 0.006319 0.020827 0.001126 0.009672 0.002118 0.002448 0.000314 0.002399 0.000170 0.001473 0.000166 0.000914 0.002258 0.001038 0.003548 0.001227 0.000353 0.000492 0.005306 0.000480 0.000009 0.000285 0.000201 0.000067 0.000195 0.000029 0.000393 0.000108 0.000031 0.000108 0.000059 0.000143 0.000011 0.000068 0.000241 0.000017 0.000190 -0.000000 -0.000000 0.000009 0.000040 0.000217 0.000156 0.000041 0.000111 0.000005 -0.000000 0.000049 0.000054 0.000187 0.000015 0.000014 -0.000000 -0.000000 -0.000000 
0.021831 0.006601 0.032449 0.085664 0.011104 0.020760 0.035675 0.090156 0.010500 0.002385 0.006429 0.011669 0.043055 0.006776 0.019207 0.007706 0.030295 0.005305 0.010694 0.001733 0.008344 0.000244 0.005008 0.000614 0.001829 0.002878 0.003935 0.005854 0.007360 0.002120 0.001835 0.007844 0.001774 0.000033 0.000456 0.000637 0.000282 0.000520 0.000132 0.000449 0.000540 0.000281 0.000504 0.000130 0.000571 0.000046 0.000317 0.001326 0.000052 0.000267 0.000158 0.000258 0.000019 0.000320 0.000217 0.000208 0.000244 0.000056 0.000026 0.000105 0.000049 0.000054 -0.000000 0.000015 0.000014 0.000011 0.000244 0.000017 
0.012073 0.366398 0.148979 0.002169 0.000290 0.146267 0.002087 0.017421 0.000219 0.050793 0.021555 0.000704 0.005253 0.000266 -0.000000 0.008506 0.008304 0.000453 0.004933 0.004272 0.050062 0.000032 0.005229 0.000158 0.000179 0.000221 0.005275 0.000887 0.017787 0.017527 0.000492 0.001154 0.000432 0.000068 0.005758 0.000939 0.000269 0.000617 0.000029 0.000168 0.001331 0.000187 0.000900 0.000083 0.002214 0.000042 0.000521 0.000482 0.000365 0.000076 0.001187 0.000567 0.000005 0.000040 0.000597 0.000104 0.000122 0.000056 0.000037 0.001360 0.000049 0.000081 -0.000000 0.000015 -0.000000 0.000011 0.000122 0.000011 
0.004316 0.493731 0.074190 0.000489 0.000026 0.158099 0.000751 0.007094 -0.000000 0.346824 0.030166 0.000034 0.001119 0.000038 -0.000000 0.007172 0.002920 0.000163 0.001980 0.006496 0.138402 0.000007 0.003204 0.000040 0.000018 0.000044 0.003589 -0.000000 0.037926 0.043887 0.000164 0.000231 0.000144 0.000048 0.015963 0.000704 0.000108 0.000162 0.000012 0.000336 0.003023 0.000031 0.000864 -0.000000 0.005428 0.000019 0.000476 0.000121 0.000487 0.000038 0.003087 0.001366 -0.000000 0.000040 0.000760 -0.000000 0.000163 -0.000000 0.000074 0.004498 -0.000000 0.000027 -0.000000 -0.000000 -0.000000 0.000004 0.000244 0.000006 
0.023333 0.007741 0.034397 0.309907 0.060850 0.022938 0.087464 0.160646 0.042804 0.002095 0.008266 0.040876 0.097391 0.023601 0.068266 0.009099 0.056392 0.012729 0.014906 0.001829 0.010012 0.000672 0.006040 0.000974 0.003766 0.005491 0.003891 0.012595 0.005316 0.002332 0.002556 0.010382 0.002062 0.000054 0.000399 0.000369 0.000188 0.000357 0.000086 0.000897 0.000432 0.000218 0.000180 0.000094 0.000214 0.000027 0.000136 0.000723 0.000122 0.000228 0.000079 0.000103 0.000028 0.000120 -0.000000 0.000313 0.000163 0.000056 0.000005 -0.000000 0.000049 0.000081 0.000093 0.000015 -0.000000 0.000004 -0.000000 0.000011 
0.118603 0.029583 0.122151 0.060918 0.007438 0.076654 0.049514 0.183814 0.010136 0.009076 0.023650 0.015458 0.073108 0.010202 0.029158 0.025577 0.075280 0.009361 0.028624 0.006264 0.038798 0.000520 0.017198 0.001528 0.004088 0.006377 0.015220 0.010112 0.023205 0.009541 0.005506 0.021457 0.006330 0.000148 0.005017 0.002213 0.000954 0.002535 0.000340 0.003757 0.001583 0.001170 0.002015 0.000626 0.002643 0.000156 0.001132 0.004219 0.000556 0.000800 0.000673 0.000541 0.000076 0.000800 0.001519 0.001303 0.000896 0.000389 0.000042 0.000837 0.000388 0.000516 0.000280 0.000046 0.000027 0.000023 0.000671 0.000028 
0.007381 0.141735 0.091276 0.004155 0.000593 0.092769 0.004530 0.028555 0.002333 0.022982 0.018628 0.002850 0.014553 0.001408 0.005554 0.012981 0.023451 0.002155 0.010586 0.006237 0.043492 0.000183 0.011048 0.000723 0.001417 0.002657 0.011285 0.003193 0.027294 0.016891 0.003081 0.015227 0.003693 0.000175 0.007753 0.003386 0.001492 0.003217 0.000276 0.004822 0.003887 0.001248 0.003095 0.000520 0.006857 0.000285 0.002083 0.005906 0.001408 0.001599 0.002097 0.001753 0.000104 0.001321 0.002767 0.001981 0.001588 0.001112 0.000242 0.001778 0.000874 0.001141 0.000747 0.000352 0.000116 0.000092 0.001464 0.000139 
0.041223 0.021962 0.076513 0.070633 0.009073 0.056184 0.054983 0.183903 0.012688 0.007971 0.020177 0.019918 0.090416 0.011572 0.034712 0.022969 0.076740 0.011678 0.030640 0.006482 0.039528 0.000674 0.018892 0.002021 0.005720 0.010495 0.015565 0.015434 0.025659 0.011449 0.007144 0.034377 0.007481 0.000245 0.005872 0.003989 0.001600 0.003445 0.000564 0.006000 0.003059 0.001420 0.002915 0.000874 0.004071 0.000334 0.001653 0.006268 0.000887 0.002284 0.001385 0.000954 0.000199 0.001441 0.002659 0.002345 0.001548 0.000778 0.000168 0.001778 0.001310 0.000951 0.000374 0.000275 0.000088 0.000092 0.000793 0.000083 
0.010009 0.008881 0.021582 0.144658 0.063910 0.019526 0.052708 0.134515 0.054763 0.003724 0.008811 0.049494 0.104968 0.034298 0.105292 0.012418 0.071448 0.016712 0.018723 0.003344 0.017313 0.001081 0.011416 0.001839 0.007908 0.014879 0.008647 0.027142 0.013596 0.004947 0.007702 0.032762 0.006378 0.000138 0.001710 0.001911 0.000847 0.001690 0.000524 0.002916 0.001044 0.001139 0.001404 0.000815 0.001928 0.000167 0.000498 0.005665 0.000556 0.001523 0.000791 0.000438 0.000133 0.001201 0.001248 0.001147 0.000855 0.001056 0.000063 0.001046 0.000340 0.000407 0.000467 0.000122 0.000048 0.000019 0.000366 0.000033 
0.000500 0.000780 0.002398 0.013503 0.021905 0.001524 0.006095 0.019216 0.065190 0.000291 0.001292 0.017001 0.020236 0.018196 0.065489 0.001838 0.010494 0.003712 0.003348 0.000409 0.002086 0.000328 0.001547 0.000380 0.002367 0.003675 0.001427 0.011531 0.001533 0.000424 0.001344 0.006691 0.001103 0.000014 0.000342 0.000201 0.000040 0.000260 0.000086 0.000393 0.000108 0.000203 0.000144 0.000094 0.000071 0.000019 0.000068 0.000723 0.000017 0.000305 -0.000000 0.000026 0.000024 0.000160 0.000109 0.000208 0.000204 0.000222 0.000005 -0.000000 0.000097 0.000054 0.000187 -0.000000 0.000007 -0.000000 0.000061 0.000006 
0.002690 0.001080 0.005021 0.039044 0.077230 0.003629 0.017555 0.040229 0.285699 0.000524 0.001636 0.056033 0.052700 0.064332 0.229560 0.002223 0.024546 0.010502 0.005437 0.000450 0.002190 0.000782 0.001952 0.000748 0.005057 0.010052 0.001254 0.021998 0.001431 0.000283 0.002425 0.012228 0.001439 0.000027 0.000057 0.000201 0.000108 0.000162 0.000109 0.000673 0.000180 0.000140 -0.000000 0.000236 0.000143 0.000023 0.000023 0.000241 -0.000000 0.000305 0.000079 0.000026 0.000038 0.000160 0.000054 0.000104 0.000081 0.000111 0.000005 0.000105 0.000049 0.000054 -0.000000 0.000015 0.000007 0.000004 -0.000000 -0.000000 
0.023020 0.349716 0.287991 0.011243 0.001728 0.469724 0.011251 0.078572 0.003646 0.066560 0.072673 0.006606 0.035994 0.003883 0.009719 0.040544 0.054293 0.005794 0.030028 0.018833 0.151752 0.000394 0.031413 0.001604 0.003389 0.005757 0.033812 0.006564 0.086176 0.049612 0.007013 0.032762 0.006330 0.000432 0.019611 0.007308 0.002782 0.006727 0.000616 0.010542 0.007269 0.001982 0.006982 0.001051 0.013928 0.000513 0.003827 0.008317 0.002556 0.002437 0.004472 0.003093 0.000057 0.001601 0.006131 0.003492 0.002647 0.001389 0.000468 0.006171 0.001310 0.001331 0.001308 0.000550 0.000224 0.000119 0.001952 0.000211 
0.001376 0.001080 0.002998 0.017842 0.031533 0.002758 0.008976 0.022898 0.241145 0.000349 0.001722 0.035813 0.033411 0.044956 0.182584 0.002252 0.018341 0.006935 0.004357 0.000464 0.001877 0.000543 0.002062 0.000598 0.004017 0.007705 0.001254 0.019869 0.001124 0.000424 0.002556 0.013382 0.001966 0.000017 0.000342 0.000268 0.000121 0.000357 0.000150 0.000561 0.000144 0.000250 0.000144 0.000142 0.000286 0.000030 0.000068 0.000844 -0.000000 0.000228 0.000079 0.000052 0.000033 0.000440 0.000109 0.000261 0.000041 0.000111 -0.000000 -0.000000 0.000146 0.000081 0.000187 0.000061 0.000007 -0.000000 0.000061 0.000006 
0.007506 0.363818 0.112334 0.001986 0.000369 0.247093 0.003173 0.029363 0.000583 1.038493 0.085446 0.001073 0.009472 0.000723 0.000926 0.029015 0.018797 0.001032 0.014402 0.024606 0.424905 0.000057 0.019481 0.000546 0.000556 0.000531 0.030309 0.000710 0.173272 0.174984 0.001671 0.003691 0.001678 0.000406 0.068070 0.005565 0.001667 0.003607 0.000081 0.005495 0.015222 0.000733 0.008746 0.000154 0.033570 0.000285 0.004959 0.002531 0.002765 0.000343 0.013494 0.006779 0.000009 0.000200 0.005480 0.000886 0.001140 0.000056 0.000805 0.016317 0.000243 0.000407 -0.000000 0.000107 0.000041 0.000050 0.002074 0.000078 
0.020330 0.250046 0.219497 0.012556 0.002044 0.443084 0.014445 0.103535 0.003646 0.148073 0.182458 0.007444 0.053733 0.004454 0.014810 0.090040 0.082762 0.006880 0.050695 0.051068 0.472777 0.000502 0.062642 0.002570 0.003981 0.007395 0.067234 0.010467 0.210380 0.118800 0.008914 0.045221 0.011078 0.000906 0.041845 0.014449 0.004839 0.011504 0.000725 0.016486 0.018317 0.003433 0.013352 0.001653 0.027356 0.000915 0.007269 0.013259 0.004869 0.003274 0.009893 0.006986 0.000166 0.003081 0.010147 0.004795 0.004643 0.001501 0.000868 0.012656 0.001602 0.001765 0.001308 0.000428 0.000258 0.000172 0.003661 0.000249 
0.010447 0.010081 0.033423 0.090950 0.047121 0.026422 0.073791 0.242451 0.120317 0.005236 0.015011 0.215915 0.366227 0.112828 0.323282 0.022940 0.194998 0.065345 0.050407 0.006469 0.028056 0.004234 0.023606 0.005856 0.027722 0.049153 0.017468 0.089942 0.025659 0.010883 0.022154 0.104284 0.019614 0.000282 0.003193 0.004894 0.001788 0.004322 0.001313 0.008187 0.002411 0.002403 0.003347 0.001830 0.003928 0.000448 0.001155 0.014344 0.000782 0.003503 0.001029 0.000644 0.000298 0.003081 0.002062 0.002867 0.001629 0.001945 0.000110 0.000732 0.001407 0.000923 0.001027 0.000443 0.000143 0.000084 0.000732 0.000094 
0.006130 0.008341 0.017985 0.053128 0.030741 0.021849 0.039766 0.142507 0.114557 0.004015 0.012313 0.216887 0.223887 0.119718 0.344803 0.016656 0.132949 0.047384 0.033413 0.004708 0.024927 0.003614 0.018524 0.004344 0.025606 0.050215 0.016430 0.088700 0.022387 0.010318 0.021040 0.098516 0.017936 0.000313 0.003649 0.004861 0.001909 0.004355 0.001203 0.010318 0.002339 0.002497 0.003167 0.001807 0.003214 0.000402 0.001653 0.013862 0.001078 0.004188 0.000910 0.000851 0.000312 0.003482 0.002442 0.004118 0.002240 0.002779 0.000158 0.001255 0.001699 0.000923 0.001774 0.000596 0.000218 0.000107 0.001403 0.000111 
0.001126 0.002220 0.004197 0.002963 0.000844 0.004791 0.003632 0.021731 0.002552 0.001571 0.002554 0.005466 0.030052 0.003388 0.008562 0.004535 0.027375 0.003802 0.008101 0.001365 0.008552 0.000265 0.004935 0.000679 0.001811 0.004162 0.004410 0.005322 0.007769 0.004240 0.003179 0.014997 0.003453 0.000088 0.001710 0.001777 0.000793 0.001690 0.000248 0.002635 0.001260 0.000780 0.001764 0.000496 0.002286 0.000175 0.000906 0.003857 0.000469 0.001180 0.000317 0.000644 0.000104 0.001401 0.001356 0.001616 0.000937 0.000445 0.000032 0.000628 0.000922 0.000679 0.000187 0.000199 0.000163 0.000054 0.000366 0.000089 
0.003378 0.007621 0.015887 0.021997 0.009126 0.016478 0.019058 0.086474 0.038283 0.004480 0.009472 0.101871 0.146904 0.052341 0.150417 0.015056 0.106943 0.037117 0.027400 0.005118 0.024927 0.002974 0.018229 0.003960 0.021930 0.039588 0.017295 0.066703 0.028725 0.010954 0.019795 0.104976 0.019710 0.000366 0.006100 0.006738 0.002971 0.006207 0.001480 0.011551 0.003743 0.003511 0.004427 0.002409 0.005500 0.000691 0.002400 0.020130 0.001547 0.005711 0.001464 0.001804 0.000421 0.004522 0.004558 0.005577 0.003584 0.003112 0.000179 0.002510 0.003834 0.002200 0.002802 0.000688 0.000320 0.000161 0.002013 0.000233 
0.001877 0.030603 0.017236 0.001130 0.000119 0.031359 0.001085 0.007004 0.000292 0.193456 0.015269 0.000604 0.005253 0.000343 0.001388 0.008299 0.009581 0.000688 0.005257 0.006837 0.097622 0.000054 0.008986 0.000400 0.000412 0.000886 0.014441 0.001419 0.078918 0.090389 0.002130 0.008998 0.002110 0.000306 0.065162 0.008146 0.002070 0.004647 0.000196 0.006561 0.019145 0.001280 0.010653 0.000402 0.043927 0.000497 0.006838 0.007112 0.005442 0.001333 0.022912 0.012579 0.000066 0.000880 0.010798 0.002085 0.003055 0.000667 0.001620 0.030647 0.000679 0.001358 0.000374 0.000321 0.000143 0.000122 0.005918 0.000272 
0.000938 0.000660 0.003073 0.008096 0.007675 0.001597 0.006033 0.023796 0.126515 0.000349 0.001320 0.068909 0.048480 0.183859 2.275005 0.002490 0.033032 0.017563 0.006517 0.000628 0.002712 0.002899 0.003867 0.001730 0.030232 0.089139 0.003502 0.503463 0.003782 0.001201 0.015960 0.100362 0.012181 0.000048 0.000171 0.001039 0.000336 0.001072 0.000898 0.002467 0.000360 0.000999 0.000288 0.001287 0.000071 0.000118 0.000226 0.004701 0.000087 0.002399 0.000119 -0.000000 0.000265 0.001521 0.000380 0.001042 0.000529 0.002001 0.000011 -0.000000 0.000679 0.000299 0.001121 0.000092 0.000061 0.000015 0.000061 -0.000000 
0.007444 0.072308 0.070368 0.007332 0.001662 0.117957 0.008976 0.055315 0.003354 0.117121 0.082288 0.007679 0.041677 0.004911 0.014348 0.059661 0.073455 0.008093 0.040938 0.050017 0.828846 0.000556 0.070707 0.002865 0.004841 0.010760 0.098408 0.014369 0.379972 0.209260 0.014420 0.076367 0.020142 0.001518 0.071548 0.030004 0.009812 0.025803 0.001716 0.033701 0.034979 0.006835 0.029692 0.002751 0.060140 0.002096 0.017368 0.029773 0.010276 0.007957 0.015551 0.011729 0.000511 0.005803 0.025610 0.011988 0.011811 0.004335 0.001730 0.019037 0.004513 0.004861 0.002615 0.001896 0.000687 0.000452 0.009762 0.000637 
0.009508 0.026943 0.050809 0.019889 0.004761 0.063733 0.022398 0.174026 0.015021 0.022226 0.048018 0.033499 0.195901 0.021051 0.080300 0.090158 0.398117 0.039019 0.211710 0.026203 0.129954 0.002911 0.144545 0.017300 0.024494 0.044724 0.114060 0.054639 0.138209 0.055053 0.052272 0.268093 0.055054 0.001661 0.021892 0.025947 0.010552 0.024861 0.003978 0.045308 0.013675 0.011907 0.019111 0.006991 0.022928 0.002145 0.009216 0.055328 0.004782 0.014848 0.005936 0.004305 0.000985 0.011685 0.014759 0.016627 0.012014 0.008337 0.000600 0.006694 0.008541 0.006084 0.005510 0.001865 0.000816 0.000455 0.005125 0.000527 
0.008695 0.046745 0.066696 0.012006 0.002624 0.100463 0.015092 0.108744 0.008094 0.043869 0.096324 0.015492 0.095669 0.010049 0.037026 0.147033 0.170726 0.016495 0.108411 0.089499 0.362118 0.001291 0.244530 0.007133 0.011494 0.020635 0.238281 0.026255 0.333051 0.119718 0.029495 0.143506 0.037070 0.002074 0.041560 0.035434 0.012528 0.029963 0.002878 0.046373 0.024183 0.010471 0.026920 0.004783 0.037284 0.002479 0.012907 0.041466 0.008572 0.012526 0.009101 0.007707 0.000715 0.008324 0.021053 0.013291 0.012544 0.006058 0.001162 0.012447 0.005872 0.005703 0.004390 0.001727 0.000653 0.000471 0.007748 0.000599 
0.001251 0.002280 0.005695 0.010296 0.005117 0.007259 0.008141 0.032686 0.053742 0.001455 0.004219 0.052411 0.059502 0.088199 0.587322 0.005898 0.050187 0.020496 0.014078 0.001829 0.009074 0.003229 0.009501 0.002938 0.036634 0.109597 0.008561 0.573714 0.012472 0.005018 0.026022 0.157580 0.024602 0.000201 0.002337 0.003755 0.001707 0.003575 0.001871 0.008187 0.001547 0.002856 0.002411 0.002881 0.002214 0.000292 0.000928 0.015911 0.000487 0.005482 0.000633 0.000335 0.000625 0.005362 0.001574 0.003753 0.002607 0.003557 0.000084 0.000523 0.003349 0.001114 0.002708 0.000596 0.000170 0.000107 0.000671 0.000100 
0.002690 0.031563 0.022707 0.002872 0.000607 0.037093 0.003236 0.020294 0.002042 0.117993 0.021727 0.003722 0.017308 0.001789 0.007868 0.018553 0.028196 0.002788 0.014438 0.012446 0.145494 0.000229 0.022464 0.001253 0.002367 0.005314 0.033725 0.006564 0.129111 0.137740 0.007308 0.035069 0.010454 0.000897 0.083805 0.018740 0.005672 0.015111 0.000910 0.022710 0.033539 0.004214 0.022674 0.001783 0.064212 0.001488 0.014945 0.023505 0.011180 0.005330 0.023505 0.016188 0.000275 0.005082 0.028323 0.009278 0.009367 0.003946 0.002141 0.030020 0.004028 0.004861 0.001961 0.001468 0.000789 0.000459 0.011897 0.000721 
0.003878 0.010981 0.017536 0.012892 0.004524 0.019744 0.013339 0.073992 0.017209 0.007971 0.014810 0.034672 0.136829 0.025695 0.095573 0.022495 0.148461 0.037987 0.047419 0.007779 0.044743 0.003772 0.034507 0.010818 0.033424 0.060002 0.032947 0.073266 0.049988 0.021838 0.045947 0.219412 0.043448 0.000763 0.011459 0.013711 0.006049 0.012576 0.003621 0.026579 0.008097 0.007444 0.010725 0.004865 0.011428 0.001538 0.005163 0.042912 0.003564 0.013173 0.003482 0.002990 0.000980 0.010405 0.009712 0.012301 0.007657 0.007836 0.000458 0.004498 0.006794 0.005133 0.004763 0.001987 0.000701 0.000348 0.003783 0.000382 
0.005004 0.042544 0.049610 0.007913 0.001556 0.079921 0.008308 0.062858 0.006490 0.057949 0.067392 0.009557 0.053044 0.005938 0.018976 0.066033 0.086960 0.009488 0.048895 0.057755 0.525655 0.000778 0.089636 0.003766 0.006904 0.013993 0.129496 0.018450 0.429347 0.156892 0.019074 0.105668 0.026760 0.001957 0.054445 0.033523 0.012622 0.027948 0.002320 0.044467 0.034331 0.008443 0.028252 0.004357 0.052141 0.002483 0.017662 0.042551 0.011145 0.009823 0.013889 0.010595 0.000767 0.008964 0.026424 0.017513 0.012910 0.005335 0.001425 0.017049 0.006455 0.006980 0.003829 0.002385 0.000952 0.000608 0.009091 0.000848 
0.002940 0.038884 0.030800 0.003605 0.000448 0.054224 0.003674 0.026759 0.002042 0.128932 0.029333 0.004695 0.018772 0.002588 0.010645 0.023414 0.034401 0.004092 0.019983 0.016568 0.209741 0.000289 0.030087 0.001443 0.003264 0.005624 0.043410 0.007628 0.186766 0.191592 0.009078 0.039683 0.012469 0.001078 0.101706 0.022293 0.008347 0.019238 0.001290 0.026579 0.040413 0.004931 0.028756 0.002350 0.079997 0.001830 0.018070 0.024229 0.013232 0.006815 0.026631 0.018637 0.000393 0.004842 0.031525 0.011102 0.009815 0.003501 0.002640 0.029706 0.004902 0.005703 0.001961 0.001697 0.000816 0.000563 0.012507 0.000809 
0.006130 0.041224 0.053057 0.010173 0.002097 0.080066 0.011627 0.081805 0.007657 0.046313 0.073620 0.013178 0.071385 0.008222 0.030546 0.094426 0.121634 0.013290 0.074711 0.071007 0.347099 0.001081 0.163253 0.005637 0.009755 0.018997 0.223104 0.024836 0.367398 0.123959 0.026841 0.149735 0.033569 0.002267 0.048287 0.037010 0.014127 0.033245 0.002867 0.047383 0.028681 0.010581 0.029368 0.004853 0.041641 0.002631 0.016009 0.050627 0.009980 0.014658 0.011001 0.008739 0.000682 0.010565 0.026099 0.017200 0.013358 0.007948 0.001336 0.014121 0.007231 0.006382 0.004109 0.002354 0.000782 0.000635 0.008664 0.000715 
0.001314 0.002580 0.006595 0.007149 0.003719 0.007694 0.006221 0.030531 0.025449 0.003142 0.005023 0.033029 0.053733 0.041606 0.208039 0.007706 0.048818 0.016766 0.013646 0.002388 0.014393 0.002506 0.011527 0.002780 0.030932 0.094630 0.011155 0.291115 0.016254 0.007703 0.024612 0.152042 0.025081 0.000272 0.003991 0.005733 0.002419 0.005850 0.002072 0.011607 0.003023 0.003870 0.004967 0.003389 0.003571 0.000596 0.002151 0.022420 0.001148 0.006967 0.001306 0.001108 0.000611 0.006363 0.004341 0.007349 0.003991 0.004613 0.000121 0.000837 0.003882 0.002526 0.003082 0.000688 0.000374 0.000130 0.001586 0.000166 
0.006568 0.050825 0.052233 0.005988 0.001358 0.086163 0.007431 0.056841 0.002917 0.089135 0.062685 0.006975 0.043658 0.004758 0.015505 0.058327 0.071539 0.008637 0.043530 0.046960 0.612117 0.000640 0.081019 0.003261 0.005917 0.011646 0.124394 0.014902 0.636865 0.275762 0.018451 0.091133 0.022875 0.002287 0.086883 0.043011 0.014624 0.034512 0.001963 0.048616 0.044911 0.008958 0.041712 0.003566 0.073568 0.002847 0.022123 0.043515 0.014623 0.010508 0.019232 0.015931 0.000554 0.008324 0.033207 0.017513 0.014580 0.004113 0.002251 0.022593 0.004999 0.006219 0.002989 0.002507 0.000959 0.000696 0.012446 0.000931 
0.001126 0.002280 0.005920 0.005316 0.002242 0.007041 0.005198 0.023437 0.016188 0.002851 0.004678 0.025015 0.045036 0.027598 0.146946 0.007143 0.040788 0.013217 0.013178 0.002347 0.014706 0.002160 0.011416 0.002821 0.028224 0.103840 0.011112 0.586664 0.019627 0.006855 0.031921 0.206722 0.032850 0.000330 0.003307 0.006202 0.002648 0.006499 0.002763 0.011888 0.002843 0.004791 0.003491 0.004393 0.003857 0.000630 0.002038 0.027363 0.000887 0.010356 0.001187 0.001186 0.001018 0.008244 0.004178 0.010112 0.005457 0.007114 0.000126 0.001569 0.005144 0.002281 0.005884 0.001040 0.000360 0.000203 0.001830 0.000211 
0.002940 0.016802 0.023381 0.004705 0.001187 0.031794 0.005720 0.035200 0.003208 0.018909 0.025401 0.008987 0.036855 0.005596 0.016893 0.030142 0.056848 0.006790 0.028120 0.019270 0.118898 0.000649 0.054246 0.002679 0.005720 0.012886 0.112460 0.015079 0.183801 0.063181 0.016878 0.100131 0.024745 0.001631 0.030671 0.028461 0.011103 0.025738 0.002343 0.039476 0.022383 0.008614 0.023753 0.004688 0.031570 0.002380 0.012047 0.043033 0.008450 0.011307 0.009220 0.007192 0.000705 0.010124 0.020673 0.017200 0.014906 0.006558 0.001225 0.010251 0.008736 0.006953 0.004296 0.002752 0.001156 0.000635 0.008725 0.000859 
0.004566 0.018182 0.027653 0.011487 0.004101 0.032375 0.014424 0.090156 0.014657 0.016582 0.026549 0.029643 0.130974 0.020061 0.090250 0.043597 0.199561 0.033641 0.081156 0.016595 0.093033 0.003243 0.085549 0.019676 0.032850 0.068282 0.085610 0.091716 0.118070 0.048128 0.108052 0.504578 0.116965 0.002091 0.021664 0.034730 0.015095 0.033927 0.007772 0.063420 0.016410 0.018789 0.021342 0.012423 0.022570 0.003201 0.010371 0.096914 0.006381 0.028440 0.006015 0.004769 0.001894 0.021249 0.019045 0.026634 0.018205 0.013283 0.000789 0.007426 0.014899 0.008148 0.010087 0.003638 0.001279 0.000628 0.008481 0.000748 
0.004504 0.025863 0.035146 0.007943 0.001860 0.047618 0.008579 0.061241 0.005615 0.034095 0.041101 0.012608 0.059847 0.007727 0.028464 0.052489 0.106122 0.012873 0.055952 0.032631 0.212452 0.001063 0.115084 0.005985 0.011171 0.022097 0.225915 0.032110 0.357687 0.128906 0.034280 0.203492 0.053999 0.004231 0.052620 0.066745 0.025190 0.056188 0.004531 0.085513 0.037462 0.018306 0.048478 0.008502 0.054926 0.004602 0.022236 0.083534 0.013806 0.020711 0.013929 0.012115 0.001236 0.017648 0.038958 0.030022 0.024395 0.010560 0.001799 0.019351 0.013152 0.010864 0.006444 0.004189 0.001462 0.001006 0.012751 0.001236 
-0.000000 -0.000000 0.000300 0.000855 0.000712 0.000290 0.001002 0.004041 0.007073 0.000058 0.000402 0.008551 0.010678 0.014465 0.099970 0.000533 0.009764 0.004020 0.002556 0.000218 0.001147 0.000973 0.002025 0.000934 0.016228 0.082408 0.002292 1.207034 0.002453 0.000636 0.021040 0.181574 0.020957 0.000066 0.000171 0.000503 0.000349 0.000552 0.002015 0.002748 0.000180 0.001483 0.000180 0.002633 -0.000000 0.000057 0.000113 0.009643 0.000017 0.004112 0.000040 0.000026 0.000952 0.004322 0.000217 0.001303 0.000815 0.006002 -0.000000 -0.000000 0.002281 0.000244 0.002522 0.000245 0.000027 0.000019 0.000061 0.000028 
0.004566 0.035344 0.035746 0.005224 0.001095 0.057491 0.006930 0.051004 0.003865 0.058822 0.055452 0.007880 0.048825 0.005482 0.017356 0.068819 0.095902 0.008908 0.060669 0.055763 0.422089 0.000834 0.162774 0.006636 0.007818 0.015853 0.391384 0.020756 1.059772 0.304102 0.034903 0.176729 0.050786 0.007359 0.093268 0.097486 0.031413 0.077019 0.003903 0.101831 0.060637 0.017806 0.071440 0.006365 0.074497 0.004913 0.031520 0.063163 0.015510 0.014734 0.016422 0.014435 0.000672 0.010244 0.039284 0.021787 0.017350 0.005947 0.001630 0.020920 0.006163 0.007822 0.002522 0.001911 0.000775 0.000689 0.011226 0.000909 
0.003878 0.038224 0.036870 0.004002 0.000739 0.057345 0.004300 0.035110 0.001896 0.089775 0.043656 0.004560 0.027555 0.003045 0.010645 0.040396 0.054932 0.005884 0.032585 0.035756 0.404880 0.000414 0.072991 0.003087 0.004304 0.007971 0.141127 0.010644 0.767407 0.692374 0.015501 0.090441 0.028438 0.004425 0.188190 0.083239 0.023913 0.058398 0.002326 0.069364 0.108283 0.012219 0.087635 0.004228 0.145208 0.004628 0.048164 0.052314 0.026081 0.011498 0.032963 0.028098 0.000563 0.009324 0.064569 0.023403 0.021056 0.004724 0.003492 0.041316 0.005678 0.009261 0.004109 0.002415 0.001156 0.000872 0.018304 0.001413 
0.001564 0.002220 0.006145 0.005713 0.002928 0.006678 0.005511 0.029184 0.015678 0.002211 0.005425 0.031118 0.066391 0.034336 0.162914 0.010433 0.071721 0.024027 0.022071 0.003412 0.019399 0.004265 0.020255 0.007161 0.066436 0.274413 0.022397 0.620902 0.027601 0.009470 0.148985 1.222108 0.155234 0.000666 0.003991 0.009889 0.004342 0.009782 0.012619 0.024673 0.002879 0.012391 0.005650 0.016237 0.003928 0.001040 0.002491 0.075217 0.001530 0.031524 0.000989 0.000644 0.004355 0.026251 0.004286 0.016210 0.008634 0.028900 0.000131 0.001046 0.014317 0.003829 0.014476 0.002155 0.000653 0.000298 0.001403 0.000200 
0.004504 0.022202 0.026828 0.006966 0.002123 0.041085 0.007828 0.057111 0.006563 0.028044 0.033926 0.011938 0.065616 0.009288 0.032629 0.044308 0.103567 0.013598 0.056924 0.027308 0.165623 0.001172 0.098107 0.006337 0.012409 0.024709 0.162226 0.034948 0.272942 0.115549 0.042670 0.239484 0.065796 0.005323 0.050340 0.078680 0.031615 0.071949 0.005699 0.112653 0.038793 0.023830 0.050998 0.010793 0.054998 0.005843 0.025180 0.106316 0.014223 0.027412 0.013454 0.012528 0.001520 0.020129 0.041346 0.036068 0.027898 0.014172 0.001772 0.013493 0.013492 0.012575 0.008872 0.004617 0.001972 0.001060 0.013789 0.001352 
0.002565 0.007921 0.015063 0.007088 0.002585 0.021196 0.008538 0.056751 0.011375 0.009135 0.016331 0.023305 0.092741 0.019338 0.068729 0.028719 0.141983 0.026996 0.057356 0.012037 0.066124 0.003447 0.066730 0.015959 0.042623 0.104416 0.078346 0.129857 0.094456 0.038022 0.307932 1.490893 0.399715 0.002494 0.016704 0.036004 0.017958 0.039549 0.019286 0.091345 0.011732 0.037922 0.020982 0.026700 0.015714 0.003949 0.009035 0.160560 0.004869 0.049875 0.003759 0.002990 0.003465 0.032974 0.014487 0.033931 0.020445 0.025288 0.000552 0.005335 0.020431 0.009397 0.011954 0.003699 0.001292 0.000723 0.005064 0.000643 
0.003253 0.016262 0.021957 0.007149 0.001807 0.032084 0.008245 0.054596 0.008313 0.021062 0.026090 0.013312 0.064669 0.009707 0.034712 0.038203 0.102198 0.014503 0.053684 0.019093 0.126825 0.001439 0.087390 0.007282 0.015062 0.031086 0.130663 0.044882 0.191366 0.089612 0.061449 0.355535 0.103537 0.005860 0.041389 0.085451 0.038940 0.084298 0.008837 0.156222 0.031884 0.036127 0.051142 0.016155 0.046070 0.007160 0.023708 0.159836 0.012310 0.038225 0.011040 0.010569 0.002102 0.029053 0.039555 0.047379 0.035391 0.018230 0.001636 0.016004 0.018490 0.015915 0.012235 0.005855 0.002108 0.001267 0.013545 0.001497 
0.001626 0.027003 0.020084 0.002047 0.000488 0.033391 0.002171 0.016074 0.000583 0.095477 0.021871 0.002113 0.013950 0.001599 0.005554 0.018494 0.022082 0.002281 0.012638 0.015435 0.182206 0.000186 0.026442 0.001192 0.002044 0.004162 0.046264 0.006209 0.216514 0.348413 0.007702 0.037145 0.011030 0.001584 0.495531 0.038250 0.011681 0.027785 0.001209 0.034149 0.129335 0.006367 0.060859 0.002078 0.281203 0.002927 0.046171 0.029894 0.034584 0.006015 0.082743 0.059933 0.000365 0.005442 0.074498 0.017826 0.017757 0.002946 0.007074 0.104494 0.006309 0.009071 0.002241 0.002614 0.001258 0.000918 0.031299 0.001779 
0.001939 0.025863 0.020533 0.001344 0.000475 0.037456 0.002192 0.017510 0.000802 0.090706 0.024626 0.002180 0.013519 0.001599 0.005554 0.020124 0.024911 0.002788 0.015338 0.017974 0.222569 0.000208 0.033512 0.001362 0.002403 0.003897 0.058889 0.005677 0.305245 0.494280 0.007800 0.047989 0.012900 0.002378 0.597921 0.052498 0.014907 0.037047 0.001330 0.045196 0.189755 0.007194 0.089291 0.002444 0.318772 0.003630 0.064920 0.033390 0.042374 0.007881 0.075581 0.059752 0.000341 0.005522 0.088280 0.017148 0.019997 0.003946 0.006479 0.082214 0.006066 0.010375 0.002802 0.002538 0.001251 0.001014 0.034167 0.002112 
0.002690 0.023222 0.023531 0.002963 0.000739 0.038545 0.003757 0.027119 0.002406 0.056320 0.028444 0.004896 0.025747 0.002588 0.011571 0.031594 0.047175 0.005215 0.026068 0.023514 0.224864 0.000445 0.056934 0.002813 0.004931 0.010893 0.104807 0.012418 0.426996 0.367141 0.018517 0.106130 0.029829 0.005469 0.184484 0.120785 0.036454 0.086898 0.003080 0.102952 0.141246 0.016963 0.145723 0.005952 0.173136 0.007293 0.074272 0.069070 0.038792 0.015686 0.034941 0.032944 0.000819 0.012325 0.096148 0.036694 0.035677 0.008670 0.004129 0.043199 0.012084 0.015426 0.006164 0.004051 0.001816 0.001339 0.029774 0.002334 
0.002002 0.028383 0.013564 0.000703 0.000119 0.029979 0.000918 0.006016 0.000146 0.175535 0.017680 0.000369 0.002756 0.000076 0.001388 0.008802 0.007391 0.000525 0.005401 0.010699 0.187421 0.000059 0.013663 0.000412 0.000197 0.000753 0.029445 0.001064 0.192286 0.400074 0.002392 0.010382 0.003261 0.000852 0.677108 0.020282 0.004597 0.011992 0.000282 0.011103 0.128219 0.001826 0.040057 0.000402 0.403626 0.001314 0.032154 0.009523 0.026047 0.000800 0.204187 0.106255 0.000066 0.001361 0.054205 0.004743 0.006761 0.000056 0.010592 0.234195 0.001165 0.003232 0.000187 0.000810 0.000360 0.000478 0.031421 0.001303 
0.000063 0.000360 0.000450 0.000489 0.000211 0.000436 0.000564 0.002694 0.002042 0.000175 0.000373 0.004259 0.006544 0.004263 0.027769 0.000889 0.007756 0.002571 0.002628 0.000300 0.001147 0.000502 0.002062 0.000845 0.008822 0.040783 0.002551 0.184674 0.002658 0.001060 0.021794 0.232563 0.030644 0.000073 0.000570 0.000771 0.000712 0.001137 0.003748 0.004374 0.000252 0.002497 0.000432 0.005916 0.000214 0.000148 0.000272 0.019407 0.000070 0.010774 -0.000000 0.000052 0.002774 0.010525 0.000543 0.002762 0.001548 0.016006 0.000016 0.000105 0.005630 0.000896 0.008592 0.000459 0.000184 0.000065 0.000061 0.000044 
0.001752 0.011521 0.016711 0.004980 0.001213 0.023664 0.005093 0.031429 0.004813 0.017804 0.018226 0.008115 0.035908 0.006852 0.024992 0.023295 0.058217 0.008709 0.025384 0.012569 0.084063 0.000864 0.045481 0.003589 0.008213 0.018554 0.064164 0.025191 0.129622 0.066997 0.030151 0.195879 0.051361 0.004738 0.038824 0.074288 0.033564 0.076759 0.005377 0.123363 0.028465 0.024095 0.044447 0.010569 0.043641 0.006515 0.020493 0.110776 0.012832 0.031105 0.011238 0.011419 0.001761 0.022250 0.035269 0.040811 0.030301 0.016062 0.001620 0.014853 0.018248 0.014802 0.011114 0.005121 0.002333 0.001347 0.013423 0.001330 
0.000938 0.003960 0.006670 0.004063 0.001596 0.008130 0.003966 0.020384 0.007511 0.004538 0.005453 0.014553 0.041333 0.012752 0.064795 0.009692 0.047632 0.011479 0.016598 0.004162 0.024197 0.001572 0.017051 0.004005 0.020890 0.069744 0.020840 0.145291 0.031997 0.015689 0.077180 0.802895 0.126413 0.000792 0.007981 0.014717 0.006291 0.016379 0.013914 0.034934 0.006046 0.016136 0.010833 0.020854 0.009714 0.001834 0.004484 0.121625 0.003008 0.047971 0.002493 0.002732 0.005936 0.039057 0.010147 0.029449 0.018612 0.040627 0.000452 0.004498 0.027565 0.008745 0.022788 0.004372 0.001523 0.000712 0.004393 0.000621 
0.001189 0.008881 0.014089 0.004644 0.001569 0.015679 0.004488 0.032776 0.006198 0.009484 0.013203 0.009825 0.041161 0.008451 0.029158 0.018079 0.054658 0.010393 0.025528 0.008243 0.048498 0.001038 0.031745 0.004001 0.011028 0.026525 0.041897 0.042221 0.072171 0.036820 0.048536 0.355304 0.103681 0.001951 0.023773 0.039491 0.019127 0.040882 0.010656 0.092466 0.016158 0.034208 0.027712 0.018682 0.028785 0.004602 0.012794 0.166828 0.008068 0.046144 0.006213 0.006496 0.002684 0.034895 0.025231 0.043470 0.031400 0.021008 0.001062 0.009728 0.023586 0.015806 0.015597 0.006329 0.002374 0.001293 0.011104 0.001269 
0.001314 0.009661 0.010267 0.002169 0.000528 0.014953 0.002401 0.015265 0.001823 0.019026 0.010935 0.003420 0.015672 0.002094 0.005785 0.010847 0.022265 0.002951 0.011054 0.007206 0.064873 0.000255 0.018377 0.001160 0.003030 0.005402 0.027542 0.009757 0.092412 0.093852 0.008193 0.056064 0.014818 0.001266 0.096404 0.032853 0.010995 0.027298 0.001767 0.039925 0.076075 0.007850 0.048190 0.003673 0.104353 0.002954 0.034894 0.040019 0.022899 0.012107 0.022753 0.023097 0.000653 0.009244 0.053229 0.021943 0.018612 0.006836 0.002756 0.032844 0.007765 0.010782 0.004857 0.003363 0.001476 0.000983 0.018487 0.001497 
0.000438 0.001500 0.001649 0.001466 0.000659 0.001815 0.001461 0.008620 0.004302 0.000756 0.002153 0.005533 0.014553 0.005329 0.028464 0.003853 0.017702 0.004798 0.006301 0.001296 0.008657 0.000735 0.007513 0.001774 0.011028 0.038746 0.007826 0.104134 0.011654 0.004240 0.034837 0.400525 0.063974 0.000357 0.003079 0.006537 0.003105 0.007637 0.010207 0.018841 0.002339 0.009722 0.003887 0.017064 0.003643 0.000976 0.001812 0.096914 0.001321 0.043402 0.000791 0.000851 0.010651 0.041898 0.004504 0.022881 0.012910 0.072362 0.000137 0.001464 0.031788 0.005948 0.039693 0.004280 0.001340 0.000490 0.002257 0.000333 
0.000438 0.002340 0.004047 0.001711 0.000567 0.004210 0.001461 0.011404 0.003281 0.003549 0.003588 0.004493 0.013950 0.003198 0.016430 0.004890 0.018615 0.003712 0.006769 0.002170 0.013246 0.000419 0.008544 0.001354 0.004895 0.015233 0.009728 0.024126 0.017174 0.010106 0.017206 0.172346 0.036111 0.000402 0.006784 0.008817 0.004006 0.009782 0.006321 0.021532 0.005326 0.008708 0.007378 0.010758 0.008071 0.001223 0.003804 0.071962 0.002469 0.029620 0.001741 0.002191 0.003262 0.026371 0.008302 0.021057 0.012218 0.024954 0.000373 0.002510 0.018830 0.007387 0.014850 0.003745 0.001258 0.000589 0.003417 0.000532 
0.001314 0.011641 0.010267 0.001497 0.000382 0.015099 0.001795 0.014547 0.001167 0.032058 0.012571 0.002481 0.015155 0.002056 0.005554 0.013041 0.022630 0.002643 0.012782 0.009253 0.095119 0.000253 0.025963 0.001560 0.002672 0.005270 0.045529 0.008870 0.160392 0.163959 0.010782 0.071753 0.019854 0.003013 0.165842 0.088502 0.025673 0.070259 0.002216 0.085962 0.220164 0.014669 0.240808 0.005007 0.238347 0.008425 0.201894 0.080400 0.083182 0.017475 0.044359 0.047688 0.000852 0.014446 0.186815 0.046180 0.049687 0.007670 0.006879 0.053554 0.014608 0.024823 0.006538 0.006008 0.003142 0.002342 0.047955 0.003797 
0.001314 0.010561 0.012440 0.001741 0.000659 0.015316 0.002421 0.021192 0.001531 0.021760 0.013232 0.004292 0.019461 0.002550 0.010645 0.016004 0.030477 0.003947 0.017462 0.010235 0.081351 0.000359 0.028799 0.001988 0.004321 0.008635 0.047604 0.015789 0.137596 0.109966 0.016845 0.123434 0.033042 0.003884 0.082779 0.141771 0.044021 0.111369 0.004036 0.143269 0.088562 0.024002 0.255240 0.008668 0.119995 0.013527 0.083987 0.131750 0.041556 0.027831 0.026038 0.026938 0.001520 0.024451 0.135594 0.063693 0.067606 0.014395 0.004265 0.036296 0.022179 0.030472 0.012608 0.008515 0.003815 0.002682 0.036607 0.003531 
0.000375 0.010081 0.005246 0.000214 0.000040 0.009509 0.000397 0.003771 0.000146 0.047302 0.006171 0.000168 0.001550 0.000190 0.000231 0.003853 0.003741 0.000398 0.003024 0.004708 0.070505 0.000027 0.006813 0.000299 0.000215 0.000753 0.014484 0.000887 0.098443 0.187210 0.001475 0.008306 0.003836 0.000860 0.623917 0.022293 0.005390 0.013616 0.000305 0.015757 0.246326 0.002450 0.060859 0.000626 1.389299 0.001686 0.070310 0.013862 0.073967 0.001637 0.222469 0.232952 0.000076 0.001801 0.140315 0.010841 0.014091 0.001389 0.019444 0.200515 0.002427 0.007930 0.001214 0.001437 0.000864 0.000987 0.061988 0.002860 
0.000500 0.002520 0.004272 0.001619 0.000673 0.005226 0.001753 0.009698 0.002771 0.002909 0.003272 0.004091 0.013950 0.004340 0.016893 0.004890 0.016972 0.004345 0.006805 0.002197 0.013871 0.000477 0.008986 0.001342 0.006061 0.017270 0.010161 0.032997 0.018298 0.008905 0.020516 0.192418 0.039900 0.000496 0.006556 0.010962 0.004799 0.010497 0.007329 0.023327 0.005830 0.009426 0.007918 0.013486 0.007428 0.001507 0.003917 0.090767 0.002799 0.035636 0.002691 0.002165 0.006135 0.038817 0.009278 0.025905 0.016291 0.043906 0.000400 0.003661 0.026643 0.008664 0.025777 0.004617 0.001755 0.000938 0.004881 0.000654 
0.000188 0.001200 0.001124 0.000489 0.000158 0.002323 0.000668 0.003502 0.000875 0.001396 0.001378 0.001274 0.003875 0.001332 0.005554 0.001778 0.007026 0.001340 0.002664 0.000846 0.006675 0.000136 0.003720 0.000388 0.001650 0.004207 0.004843 0.009225 0.008485 0.004382 0.005670 0.054218 0.011174 0.000202 0.002736 0.004827 0.002030 0.005655 0.002003 0.010710 0.003131 0.004604 0.004499 0.005255 0.005643 0.000714 0.002129 0.043033 0.001687 0.018313 0.001504 0.001340 0.003319 0.021689 0.004829 0.015167 0.008471 0.022287 0.000273 0.001987 0.015627 0.004590 0.015503 0.002889 0.000939 0.000540 0.003112 0.000377 
0.000375 0.001200 0.000674 0.000367 0.000145 0.001452 0.000417 0.003053 0.000292 0.000873 0.000832 0.000838 0.004047 0.000761 0.003240 0.001363 0.003741 0.000942 0.001656 0.000655 0.002607 0.000095 0.002357 0.000339 0.001237 0.003277 0.003502 0.008870 0.004805 0.002968 0.004162 0.047528 0.010119 0.000154 0.001653 0.003118 0.001465 0.003120 0.001704 0.007570 0.001619 0.003262 0.002879 0.004015 0.003571 0.000524 0.001449 0.036283 0.000956 0.012754 0.000633 0.000516 0.004535 0.016527 0.003961 0.010476 0.007005 0.049186 0.000121 0.001360 0.018393 0.004590 0.042308 0.002981 0.000952 0.000429 0.001403 0.000288 
0.000626 0.004140 0.006520 0.001405 0.000514 0.008275 0.001649 0.010506 0.001167 0.010531 0.006630 0.002917 0.013692 0.001675 0.009488 0.008150 0.019983 0.002625 0.009901 0.005418 0.043700 0.000339 0.016277 0.001439 0.002869 0.008768 0.025813 0.010112 0.069104 0.051237 0.014813 0.102669 0.029301 0.001970 0.049827 0.059638 0.023402 0.060575 0.004485 0.116522 0.047214 0.025765 0.090227 0.011277 0.085068 0.011796 0.047349 0.190333 0.034358 0.042146 0.024297 0.023226 0.002116 0.043339 0.149919 0.143283 0.168201 0.025121 0.004597 0.035040 0.045862 0.078570 0.022882 0.021157 0.008773 0.006769 0.062171 0.007516 
0.000125 0.000480 0.000600 0.000244 0.000106 0.000798 0.000376 0.001886 0.000656 0.000931 0.000976 0.000604 0.002325 0.000685 0.001620 0.001008 0.003011 0.000561 0.001620 0.000464 0.003650 0.000068 0.002099 0.000238 0.000789 0.001948 0.002119 0.005499 0.004396 0.003110 0.003507 0.025148 0.005515 0.000100 0.002052 0.002548 0.001371 0.002600 0.001100 0.006392 0.001799 0.001982 0.002195 0.002279 0.002571 0.000387 0.001223 0.022179 0.000800 0.008871 0.000633 0.000825 0.002926 0.010605 0.002876 0.007766 0.004439 0.033847 0.000163 0.001151 0.011065 0.002607 0.019052 0.001834 0.000619 0.000298 0.001098 0.000272 
0.000250 0.003060 0.002548 0.001375 0.000356 0.005662 0.001273 0.008531 0.001021 0.004305 0.003645 0.003018 0.011711 0.002132 0.007868 0.005305 0.016790 0.002825 0.006553 0.002620 0.018252 0.000351 0.008728 0.001111 0.003999 0.010185 0.011761 0.014015 0.029339 0.017244 0.014879 0.135200 0.030788 0.000785 0.014481 0.021321 0.009033 0.022976 0.006223 0.052037 0.013891 0.020210 0.019255 0.017477 0.020928 0.003501 0.011096 0.261211 0.007494 0.080028 0.006331 0.006702 0.006168 0.116571 0.029409 0.122278 0.069520 0.075141 0.001131 0.010041 0.127976 0.043454 0.063041 0.025789 0.008869 0.003563 0.018609 0.002666 
0.000313 0.005101 0.005021 0.001253 0.000317 0.007767 0.001440 0.008171 0.001385 0.011055 0.006171 0.002247 0.010247 0.001370 0.006017 0.006580 0.014417 0.002281 0.007813 0.004558 0.037651 0.000212 0.013405 0.001051 0.002313 0.005624 0.020149 0.009402 0.057348 0.044947 0.011044 0.072907 0.020813 0.001381 0.051309 0.043178 0.016600 0.041207 0.002971 0.069364 0.050417 0.015871 0.072160 0.007239 0.093782 0.006921 0.045899 0.118129 0.039574 0.029125 0.028452 0.030598 0.001681 0.027892 0.189637 0.088138 0.100269 0.018896 0.006059 0.050416 0.034263 0.061487 0.016251 0.016968 0.007685 0.006245 0.085599 0.009046 
0.000250 0.002820 0.002323 0.000061 0.000066 0.004065 0.000313 0.001257 0.000073 0.015476 0.002239 0.000201 0.001119 0.000038 0.000231 0.001512 0.001642 0.000253 0.000900 0.001501 0.022528 0.000018 0.003204 0.000101 0.000161 0.000354 0.005059 0.000355 0.027294 0.040142 0.000918 0.004614 0.001966 0.000258 0.081980 0.007141 0.002460 0.005362 0.000213 0.008075 0.038253 0.001295 0.021270 0.000425 0.140208 0.000915 0.019474 0.009643 0.023891 0.002208 0.314393 0.118499 0.000118 0.002041 0.071622 0.009434 0.013399 0.001334 0.039360 1.225472 0.003446 0.009343 0.002148 0.002018 0.001204 0.001370 0.136727 0.004268 
-0.000000 0.000120 0.000300 0.000031 0.000066 0.000363 0.000188 0.000449 0.000146 0.000175 0.000258 0.000469 0.001033 0.000381 0.000926 0.000385 0.001095 0.000416 0.000576 0.000409 0.001877 0.000032 0.000994 0.000093 0.000520 0.001107 0.001038 0.002484 0.002453 0.000565 0.001573 0.012920 0.003645 0.000030 0.000912 0.001341 0.000605 0.001105 0.000587 0.002411 0.000648 0.001061 0.001080 0.001334 0.000786 0.000182 0.000521 0.017840 0.000365 0.005939 0.000317 0.000387 0.001411 0.006803 0.001628 0.005473 0.003421 0.024399 0.000063 0.000209 0.011696 0.002254 0.054729 0.001376 0.000653 0.000210 0.001159 0.000183 
0.000063 0.000360 0.000450 0.000122 0.000040 0.000508 0.000083 0.000629 0.000219 0.000582 0.000545 0.000469 0.001033 0.000190 0.001157 0.001156 0.002464 0.000507 0.001404 0.000437 0.003233 0.000073 0.002688 0.000396 0.001058 0.003100 0.004886 0.006386 0.008791 0.006148 0.007013 0.072445 0.019135 0.000396 0.004618 0.011867 0.005565 0.013421 0.005728 0.045308 0.005542 0.024985 0.016735 0.020240 0.008785 0.004469 0.007812 0.489514 0.006068 0.142162 0.003443 0.003248 0.011210 0.282403 0.034129 0.430578 0.185469 0.169735 0.000763 0.004916 0.562715 0.160753 0.163720 0.141158 0.034692 0.010642 0.025198 0.005488 
0.000375 0.002340 0.002398 0.000428 0.000277 0.004355 0.000793 0.005478 0.000729 0.004596 0.003358 0.001710 0.006372 0.001294 0.004397 0.003734 0.011589 0.001521 0.004177 0.001856 0.016375 0.000192 0.006555 0.000715 0.002008 0.005801 0.010507 0.009934 0.029236 0.018445 0.008488 0.082597 0.019470 0.000778 0.017673 0.020248 0.007971 0.021318 0.003592 0.045308 0.017165 0.014935 0.025481 0.009294 0.026785 0.003861 0.015013 0.170082 0.011076 0.048618 0.009378 0.009821 0.003688 0.061347 0.045469 0.141406 0.109718 0.046852 0.001704 0.011087 0.102546 0.123980 0.054822 0.082487 0.033026 0.012211 0.035570 0.007134 
0.000313 0.001560 0.002773 0.000886 0.000224 0.002831 0.000898 0.005118 0.000875 0.002327 0.001751 0.001576 0.007233 0.001561 0.005554 0.003142 0.008395 0.001666 0.003673 0.001283 0.011890 0.000161 0.005045 0.000744 0.002008 0.005579 0.007999 0.007806 0.015947 0.011590 0.007439 0.070599 0.018415 0.000476 0.008494 0.012068 0.004839 0.012576 0.003224 0.025289 0.007665 0.009442 0.012668 0.009093 0.013071 0.001822 0.006386 0.121263 0.005286 0.036968 0.004076 0.004047 0.004639 0.055984 0.018502 0.060565 0.040645 0.071251 0.000752 0.007217 0.166412 0.031694 0.089845 0.032729 0.010378 0.003746 0.012934 0.002400 
0.000375 0.001620 0.002398 0.000947 0.000303 0.003049 0.000898 0.006376 0.000802 0.002095 0.002296 0.002012 0.006717 0.001294 0.003703 0.002993 0.009216 0.001521 0.003420 0.001761 0.010117 0.000133 0.004751 0.000614 0.001829 0.004207 0.007221 0.009580 0.015845 0.011025 0.006948 0.061371 0.012996 0.000429 0.008666 0.011599 0.005148 0.011667 0.002717 0.023495 0.006765 0.008708 0.012021 0.006979 0.013357 0.001872 0.006974 0.091852 0.004642 0.033009 0.004511 0.004176 0.002978 0.043659 0.016820 0.055197 0.036247 0.048853 0.000710 0.006590 0.103128 0.030010 0.054449 0.030742 0.009902 0.003291 0.012568 0.002189 
0.000313 0.000780 0.000899 0.000122 -0.000000 0.001452 0.000188 0.001886 0.000073 0.001920 0.001033 0.000335 0.001292 0.000266 0.000694 0.000919 0.001186 0.000181 0.000828 0.000478 0.003233 0.000027 0.001068 0.000154 0.000287 0.000709 0.002032 0.001064 0.007258 0.004806 0.001081 0.003922 0.001439 0.000110 0.008095 0.002112 0.000941 0.003120 0.000196 0.004262 0.005866 0.001092 0.004787 0.000390 0.012642 0.000319 0.003125 0.005063 0.002608 0.001333 0.012465 0.007372 0.000137 0.001241 0.009604 0.003075 0.003380 0.001278 0.002198 0.038492 0.001650 0.002146 0.001214 0.000703 0.000292 0.000260 0.012568 0.000560 
0.000250 0.003000 0.002698 0.000214 0.000132 0.003702 0.000438 0.002425 0.000219 0.008087 0.003071 0.000805 0.003531 0.000457 0.001851 0.002667 0.004380 0.000598 0.002088 0.001856 0.019295 0.000079 0.004493 0.000315 0.000699 0.000753 0.007350 0.002306 0.025659 0.027774 0.002360 0.018688 0.004364 0.000393 0.047831 0.010795 0.003952 0.010529 0.000622 0.017103 0.031092 0.003059 0.021774 0.001712 0.083068 0.001557 0.019361 0.025193 0.019683 0.005559 0.081794 0.052045 0.000398 0.005763 0.067879 0.016627 0.018327 0.003946 0.018954 0.214426 0.007280 0.011868 0.002895 0.003929 0.002040 0.001779 0.134714 0.004678 
-0.000000 0.000480 0.000150 0.000092 0.000040 0.000508 0.000167 0.000718 0.000219 0.000640 0.000316 0.000369 0.001464 0.000114 0.001157 0.000652 0.001186 0.000398 0.000576 0.000259 0.002295 0.000036 0.000847 0.000137 0.000359 0.000797 0.001729 0.001774 0.003578 0.001837 0.001475 0.012689 0.003405 0.000071 0.000855 0.001542 0.000766 0.001982 0.000622 0.004598 0.001511 0.001420 0.002051 0.001216 0.002286 0.000338 0.000793 0.014344 0.000626 0.006358 0.000435 0.000335 0.001146 0.009084 0.002170 0.008287 0.004236 0.020953 0.000131 0.000418 0.016937 0.003178 0.108804 0.002813 0.001129 0.000490 0.001464 0.000272 
0.000188 0.002040 0.001499 0.000092 0.000066 0.003121 0.000146 0.001347 0.000219 0.006458 0.001464 0.000201 0.001378 0.000152 0.000463 0.001571 0.002555 0.000362 0.001512 0.001024 0.012411 0.000014 0.002357 0.000125 0.000233 0.000664 0.004108 0.001774 0.018912 0.023392 0.001114 0.006460 0.002734 0.000300 0.047603 0.008146 0.002540 0.006564 0.000288 0.010149 0.030156 0.002107 0.020586 0.000957 0.090711 0.001185 0.018636 0.017960 0.021474 0.004036 0.117408 0.066506 0.000161 0.004442 0.073304 0.013291 0.017227 0.002668 0.027027 0.420380 0.004368 0.011896 0.002522 0.003516 0.001877 0.001955 0.229404 0.006657 
0.000125 0.001440 0.001499 0.000519 0.000092 0.003412 0.000605 0.003502 0.000583 0.002327 0.002296 0.001576 0.004994 0.001028 0.004165 0.002252 0.006661 0.001231 0.003204 0.001474 0.010743 0.000120 0.004309 0.000586 0.001560 0.004074 0.007221 0.007983 0.015334 0.009187 0.006161 0.050066 0.012948 0.000459 0.009065 0.011800 0.004476 0.011829 0.002648 0.024785 0.007917 0.008614 0.013316 0.005963 0.015142 0.001955 0.007359 0.091972 0.005564 0.028783 0.004867 0.005336 0.003262 0.041458 0.023766 0.063797 0.044922 0.044184 0.000910 0.007949 0.095363 0.039597 0.065656 0.053305 0.018832 0.005927 0.016534 0.003182 
0.000063 0.001500 0.001649 0.000519 0.000185 0.002178 0.000584 0.003412 0.001021 0.001338 0.001837 0.001174 0.004478 0.000799 0.003934 0.001778 0.007026 0.001249 0.002736 0.001447 0.008448 0.000151 0.004530 0.000331 0.001345 0.004295 0.004929 0.006032 0.012676 0.008622 0.006391 0.047528 0.010550 0.000282 0.006442 0.009219 0.003670 0.009164 0.002199 0.019738 0.006549 0.007132 0.009177 0.005751 0.011571 0.001447 0.005933 0.076422 0.003999 0.024024 0.003680 0.003377 0.002812 0.033575 0.016441 0.043470 0.032907 0.043629 0.000768 0.005125 0.083619 0.025584 0.057624 0.028770 0.010542 0.003482 0.010982 0.002112 
-0.000000 0.000540 0.000525 0.000092 0.000013 0.000798 0.000021 0.000629 0.000073 0.001164 0.000574 0.000134 0.001119 0.000190 0.000231 0.000771 0.001551 0.000326 0.000828 0.000382 0.003129 0.000045 0.001694 0.000162 0.000412 0.000797 0.002335 0.002661 0.007565 0.007491 0.002097 0.018688 0.006522 0.000256 0.008723 0.009722 0.003602 0.009879 0.001514 0.021532 0.009824 0.007116 0.019255 0.004794 0.018285 0.002688 0.010484 0.101495 0.009285 0.024404 0.007242 0.008249 0.002201 0.041258 0.055345 0.108413 0.106012 0.038071 0.002125 0.014853 0.105797 0.148993 0.059025 0.110065 0.091005 0.058528 0.067479 0.019439 
0.000063 0.000840 0.000674 -0.000000 0.000013 0.001597 0.000042 0.000090 -0.000000 0.005062 0.000574 -0.000000 0.000172 -0.000000 -0.000000 0.000622 0.000912 0.000091 0.000576 0.000546 0.006675 0.000007 0.001215 0.000032 0.000018 0.000133 0.001902 0.000177 0.008280 0.015336 0.000262 0.002076 0.000671 0.000105 0.029417 0.002615 0.000753 0.002145 0.000098 0.004206 0.013999 0.000593 0.008638 0.000177 0.052998 0.000440 0.008220 0.004701 0.009807 0.000609 0.104389 0.042456 0.000047 0.000960 0.038307 0.005264 0.006516 0.000945 0.017981 0.647881 0.002038 0.004155 0.000654 0.001452 0.000741 0.000850 0.125379 0.003309 
0.000063 0.001680 0.001424 0.000183 0.000119 0.002976 0.000292 0.002784 0.000438 0.004073 0.001894 0.000771 0.004822 0.000571 0.001388 0.002252 0.005201 0.000561 0.002232 0.001433 0.012933 0.000068 0.004898 0.000323 0.001094 0.002568 0.005924 0.004080 0.019218 0.018092 0.004555 0.027686 0.009399 0.000440 0.020581 0.015454 0.006371 0.015046 0.001410 0.028654 0.019325 0.008365 0.029260 0.004476 0.037213 0.002999 0.018228 0.081124 0.015857 0.019531 0.016185 0.016755 0.001453 0.025851 0.072436 0.076098 0.077869 0.019675 0.003897 0.028346 0.043338 0.084084 0.027458 0.035129 0.021403 0.024154 0.108418 0.032160 
0.000125 0.002520 0.001574 0.000183 0.000053 0.002178 0.000292 0.002694 0.000073 0.005585 0.002067 0.000402 0.001808 0.000228 0.001157 0.001808 0.004380 0.000543 0.001512 0.001256 0.015645 0.000048 0.003535 0.000202 0.000430 0.001461 0.005059 0.001242 0.021672 0.024170 0.001770 0.013151 0.004124 0.000347 0.035688 0.011499 0.003912 0.008839 0.000679 0.015084 0.025550 0.003324 0.022026 0.001795 0.062855 0.001466 0.017436 0.025675 0.019144 0.005901 0.049820 0.039337 0.000398 0.006243 0.073304 0.021578 0.024680 0.004113 0.013206 0.122066 0.007716 0.017219 0.003642 0.005029 0.003006 0.003046 0.349475 0.009490 
-0.000000 0.000300 0.000600 0.000183 0.000026 0.000653 0.000334 0.001976 0.000802 0.000989 0.000890 0.000738 0.002756 0.000685 0.002314 0.000859 0.003011 0.000453 0.001512 0.000464 0.003025 0.000050 0.001805 0.000275 0.000843 0.002170 0.002983 0.007273 0.004702 0.003463 0.004424 0.034608 0.009591 0.000172 0.003421 0.004291 0.002164 0.005590 0.001813 0.010149 0.002843 0.004432 0.005003 0.004818 0.004928 0.000778 0.002536 0.062078 0.002243 0.021930 0.001504 0.001701 0.003910 0.033615 0.009170 0.032420 0.018979 0.070862 0.000326 0.003243 0.094392 0.017409 0.230497 0.019858 0.006760 0.002277 0.006589 0.001535 
0.000375 0.002400 0.001724 0.000306 0.000066 0.003121 0.000417 0.002065 0.000146 0.005702 0.002153 0.000436 0.002411 0.000266 0.000694 0.002164 0.004562 0.000652 0.001872 0.001351 0.014706 0.000052 0.003793 0.000242 0.000538 0.000930 0.006269 0.001774 0.022694 0.023816 0.001999 0.012459 0.005131 0.000352 0.031641 0.011096 0.004073 0.009522 0.000599 0.016542 0.027170 0.004042 0.022494 0.001523 0.066283 0.001633 0.018025 0.029050 0.019613 0.005749 0.045546 0.037455 0.000398 0.006763 0.083722 0.024654 0.027124 0.005836 0.011907 0.111920 0.010483 0.021130 0.004950 0.007139 0.003659 0.003827 0.549593 0.012882 
0.000313 0.000840 0.001349 0.000458 0.000119 0.002178 0.000459 0.003143 0.000292 0.000931 0.001148 0.000972 0.003014 0.000571 0.001851 0.001482 0.003467 0.000887 0.001404 0.000764 0.005006 0.000088 0.002725 0.000291 0.001040 0.002170 0.003805 0.003548 0.007974 0.006431 0.003900 0.033685 0.006378 0.000175 0.003706 0.004526 0.002204 0.005850 0.001370 0.010542 0.003563 0.004136 0.006514 0.003543 0.007500 0.000850 0.003872 0.044359 0.002295 0.016638 0.002453 0.002732 0.001695 0.019248 0.009116 0.025175 0.017024 0.028900 0.000405 0.002824 0.048482 0.014639 0.051087 0.013514 0.005543 0.001929 0.006589 0.001147 
0.000063 0.001140 0.000899 0.000183 0.000040 0.002541 0.000125 0.000988 -0.000000 0.004771 0.001550 0.000067 0.000689 0.000076 0.000463 0.001156 0.002464 0.000145 0.000792 0.000778 0.009908 0.000014 0.002173 0.000133 0.000143 0.000443 0.002724 0.000355 0.014720 0.015689 0.000721 0.006691 0.001487 0.000192 0.027935 0.006269 0.001828 0.004257 0.000265 0.007234 0.017381 0.001639 0.014144 0.000520 0.052141 0.000725 0.010869 0.010366 0.012867 0.002551 0.067350 0.041425 0.000099 0.002041 0.046934 0.008809 0.011526 0.001945 0.014978 0.275825 0.003300 0.008419 0.002335 0.002553 0.001367 0.001466 0.167416 0.005183 
-0.000000 0.000240 0.000075 0.000061 -0.000000 0.000218 -0.000000 -0.000000 -0.000000 0.001862 0.000057 -0.000000 -0.000000 -0.000000 -0.000000 0.000089 0.000182 -0.000000 0.000216 0.000123 0.003025 0.000004 0.000442 0.000020 0.000018 -0.000000 0.000994 -0.000000 0.004293 0.007350 0.000262 0.000692 0.000528 0.000115 0.015393 0.004526 0.000968 0.003802 0.000109 0.007850 0.014502 0.001326 0.018211 0.000402 0.046141 0.001534 0.013111 0.014585 0.018935 0.002360 0.037909 0.037068 0.000095 0.003562 0.124254 0.020171 0.036165 0.002390 0.015441 0.115058 0.006600 0.033813 0.002989 0.007674 0.005318 0.008797 1.450065 0.056993 
0.000188 0.001200 0.001274 0.000153 0.000171 0.001815 0.000647 0.002873 0.000219 0.001455 0.001406 0.001341 0.002669 0.000685 0.002083 0.002075 0.004745 0.001159 0.002016 0.000778 0.007405 0.000093 0.002909 0.000339 0.000861 0.002126 0.005145 0.003548 0.011143 0.007633 0.003802 0.029993 0.007481 0.000255 0.007069 0.008213 0.003347 0.008969 0.001600 0.017159 0.007161 0.005556 0.010545 0.003578 0.012071 0.001405 0.005661 0.060873 0.004138 0.018846 0.003641 0.003944 0.001865 0.023890 0.018340 0.041228 0.032663 0.028845 0.000736 0.006590 0.054743 0.030988 0.042868 0.030925 0.013935 0.005591 0.016290 0.003398 
-0.000000 0.000300 -0.000000 -0.000000 -0.000000 0.000218 0.000042 0.000180 -0.000000 0.001687 0.000115 -0.000000 0.000086 -0.000000 -0.000000 0.000059 0.000365 0.000018 0.000180 0.000205 0.002295 0.000002 0.000295 0.000040 0.000018 0.000044 0.000951 -0.000000 0.003578 0.005795 0.000229 0.001846 0.000959 0.000093 0.013226 0.004257 0.001344 0.003932 0.000121 0.007906 0.012667 0.001717 0.019363 0.000520 0.032713 0.001830 0.013858 0.016152 0.017874 0.002627 0.025246 0.027556 0.000166 0.005362 0.129897 0.029397 0.047976 0.002946 0.011071 0.067989 0.011453 0.048668 0.006257 0.011572 0.009814 0.015111 0.791261 0.113349 
