# Flux Network Reconstruction using RW method
# Walkers leave from emitting cells
# Probability involves emitting fluxes, then absorbing flux is shared among connections
# Seed: 1684539137
# Threshold: 0.5
# Precision: 100000.0
# Dt: 1.0
# Radius step: 6.000000
# Matrix output


0.000563 0.000914 0.004434 0.000106 0.004461 0.020619 0.000085 0.030741 0.013272 0.001177 0.010733 0.036652 0.015853 0.004726 0.001288 0.001321 0.013164 0.003201 0.000985 0.000240 0.001056 0.000898 0.000417 0.002566 0.002178 0.003066 0.000452 0.000345 0.001325 0.004427 0.000431 0.000045 0.000231 0.000055 0.000053 0.000072 0.000146 0.000245 0.000010 -0.000000 0.000055 -0.000000 0.000010 0.000048 0.000006 0.000529 0.000014 0.000162 0.000030 0.000022 0.000098 -0.000000 0.000118 -0.000000 0.000057 -0.000000 0.000075 0.000127 -0.000000 -0.000000 -0.000000 -0.000000 0.000060 -0.000000 -0.000000 -0.000000 
0.333200 0.301780 0.077589 0.004457 0.112297 0.006327 0.011634 0.000494 0.003149 0.009125 0.000576 0.001128 0.001899 0.000195 0.003373 0.000028 0.005196 0.002994 0.022554 0.002459 0.001571 0.002783 0.010331 -0.000000 0.003344 0.000416 0.006556 0.009058 0.000414 0.001417 0.000123 0.000033 0.000054 0.002050 0.000768 0.000481 0.000201 0.000409 0.000004 0.001028 0.000220 0.001515 0.000010 0.000079 0.000045 0.000265 0.000137 -0.000000 0.000089 0.000199 0.000065 0.000200 -0.000000 0.000002 0.000115 0.000170 -0.000000 -0.000000 0.000192 0.000475 -0.000000 -0.000000 0.000060 -0.000000 -0.000000 -0.000000 
0.003662 0.004570 0.025441 0.000294 0.023382 0.104512 0.000171 0.043704 0.036048 0.003434 0.024815 0.047929 0.048143 0.007235 0.004403 0.001335 0.033140 0.008315 0.003447 0.000705 0.001409 0.000718 0.001357 0.002756 0.001711 0.004470 0.000754 0.000690 0.001615 0.003896 0.000646 0.000066 0.000095 0.000055 -0.000000 0.000120 0.000092 0.000572 0.000007 0.000051 0.000082 -0.000000 0.000010 0.000063 0.000006 0.000132 -0.000000 0.000108 0.000059 -0.000000 0.000098 0.000067 0.000176 -0.000000 -0.000000 -0.000000 -0.000000 0.000254 -0.000000 0.000158 -0.000000 0.000030 -0.000000 -0.000000 -0.000000 -0.000000 
0.004131 0.004832 0.010873 0.000216 0.009538 0.005360 0.000455 0.000617 0.002981 0.001341 0.000900 0.001974 0.002776 0.000244 0.000979 0.000071 0.004734 0.001954 0.004136 0.000555 0.001002 0.000898 0.001670 0.000475 0.002411 0.000832 0.001507 0.001553 0.000580 0.002479 0.000493 0.000111 0.000163 0.000720 0.000265 0.000505 0.000275 0.000817 0.000012 0.000463 0.000549 0.000379 0.000016 0.000158 0.000026 0.000529 0.000164 0.000378 0.000208 -0.000000 0.000033 0.000400 0.000764 0.000005 0.000143 0.000340 0.000448 0.000634 0.000043 0.000317 -0.000000 0.000212 0.000181 0.000312 0.000094 0.000004 
0.008544 0.012275 0.048770 0.000641 0.048457 0.135850 0.001081 0.030247 0.046115 0.007392 0.019305 0.042855 0.048362 0.006967 0.007905 0.001789 0.048497 0.014302 0.007485 0.001814 0.003386 0.002828 0.004905 0.004656 0.006066 0.005093 0.002261 0.002674 0.003147 0.007083 0.000616 0.000135 0.000367 0.000554 0.000291 0.000409 0.000275 0.000981 0.000016 0.000257 0.000110 0.000189 0.000031 0.000048 0.000013 0.000794 0.000055 0.000270 0.000119 0.000044 0.000131 0.000133 0.000118 0.000005 0.000029 0.000127 0.000298 0.000127 0.000043 0.000079 -0.000000 0.000030 0.000060 0.000104 0.000047 0.000004 
0.270109 0.632550 0.044336 0.008123 0.162292 0.003424 0.153095 0.000123 0.001125 0.025707 0.000036 -0.000000 0.000584 0.000049 0.004275 -0.000000 0.002078 0.001913 0.098980 0.004513 0.001463 0.003681 0.035481 -0.000000 0.003188 0.000104 0.014995 0.045635 0.000041 0.000354 0.000062 0.000033 0.000068 0.012189 0.002994 0.000505 0.000201 0.000490 0.000001 0.002467 0.000522 0.004039 -0.000000 0.000063 0.000058 0.000132 0.000219 0.000108 -0.000000 0.001655 -0.000000 0.000667 -0.000000 -0.000000 -0.000000 0.000042 -0.000000 -0.000000 0.000385 0.002295 -0.000000 0.000030 0.000060 -0.000000 -0.000000 -0.000000 
0.043281 0.064117 0.214292 0.003425 0.201980 0.251974 0.003641 0.027284 0.085706 0.030711 0.024095 0.053568 0.080068 0.007966 0.025339 0.001988 0.109234 0.040080 0.038213 0.007137 0.013057 0.012121 0.019932 0.008457 0.023641 0.011798 0.011830 0.010956 0.007703 0.018770 0.003232 0.000434 0.001155 0.002549 0.001033 0.001901 0.001044 0.004577 0.000080 0.001953 0.001125 0.001452 0.000068 0.000602 0.000090 0.003705 0.000274 0.001295 0.000386 0.000199 0.000653 0.001468 0.000647 0.000004 0.000430 0.000850 0.000224 0.000761 0.000257 0.000158 -0.000000 0.000212 0.000242 0.000208 0.000283 0.000019 
0.034644 0.050797 0.157605 0.002723 0.157830 0.280112 0.004807 0.038272 0.107639 0.026689 0.032451 0.076405 0.097821 0.010987 0.026369 0.002357 0.137640 0.045277 0.037130 0.007872 0.012949 0.014320 0.025568 0.011688 0.026908 0.016580 0.014995 0.011646 0.011347 0.029218 0.004094 0.000553 0.001876 0.003269 0.001908 0.002238 0.001721 0.007110 0.000102 0.002364 0.001647 0.002020 0.000143 0.000840 0.000144 0.006087 0.000452 0.002159 0.000891 0.000441 0.000588 0.001735 0.001587 0.000016 0.000832 0.000892 0.000671 0.001015 0.000342 0.000633 0.000064 0.000515 0.001331 0.000416 0.000613 0.000045 
0.001408 0.001175 0.003167 0.000098 0.006615 0.014664 0.000142 0.095433 0.011473 0.001308 0.015919 0.087401 0.019725 0.009257 0.001700 0.002528 0.016743 0.003326 0.002856 0.000615 0.001138 0.001526 0.002400 0.005321 0.002644 0.006029 0.002035 0.001208 0.002816 0.007614 0.001293 0.000090 0.000544 0.000277 0.000318 0.000241 0.000366 0.000981 0.000032 0.000463 0.000165 0.000379 0.000057 0.000222 0.000029 0.001191 0.000027 0.000324 0.000178 0.000088 0.000163 -0.000000 0.000353 0.000002 0.000172 0.000170 0.000149 0.000888 0.000043 0.000079 -0.000000 0.000121 0.000242 0.000104 -0.000000 0.000008 
0.009952 0.017498 0.045181 0.000947 0.055994 0.187808 0.001565 0.149631 0.104771 0.012592 0.083558 0.237956 0.142019 0.034032 0.013596 0.008662 0.131635 0.031390 0.018023 0.004273 0.009671 0.009203 0.012419 0.021570 0.021775 0.026195 0.007912 0.007246 0.016440 0.033645 0.005879 0.000586 0.001917 0.001995 0.001351 0.001684 0.001172 0.007355 0.000122 0.001388 0.001016 0.001704 0.000138 0.001014 0.000116 0.006087 0.000315 0.001781 0.000772 0.000331 0.000947 0.001201 0.001469 0.000012 0.000832 0.001147 0.000970 0.002791 0.000214 0.000791 0.000193 0.000182 0.000484 0.000208 0.000425 0.000026 
0.008168 0.014887 0.026918 0.000739 0.043688 0.089549 0.001280 0.033581 0.052526 0.010597 0.024743 0.077815 0.062097 0.009695 0.011202 0.002797 0.076094 0.020414 0.021470 0.003689 0.008371 0.011492 0.016906 0.009977 0.018431 0.012526 0.010022 0.007764 0.008986 0.027270 0.005079 0.000680 0.001917 0.003324 0.002173 0.002815 0.001886 0.009562 0.000112 0.004575 0.002361 0.003787 0.000270 0.001251 0.000183 0.009924 0.000631 0.003994 0.001247 0.000684 0.001698 0.003070 0.002997 0.000028 0.001462 0.001784 0.002164 0.003298 0.000513 0.000871 0.000450 0.000787 0.002177 0.000833 0.001132 0.000079 
0.005915 0.008488 0.017418 0.000498 0.025228 0.055159 0.001337 0.097038 0.039591 0.006901 0.034324 0.147172 0.061001 0.018928 0.007262 0.005566 0.056465 0.015550 0.013000 0.002399 0.006339 0.007766 0.012419 0.015108 0.014465 0.014553 0.006330 0.004658 0.008365 0.029572 0.003602 0.000566 0.001604 0.002050 0.001351 0.001588 0.001154 0.007437 0.000117 0.001953 0.001592 0.001957 0.000226 0.000840 0.000141 0.007674 0.000384 0.002807 0.001188 0.000309 0.000816 0.001535 0.002704 0.000026 0.000946 0.001274 0.001641 0.002030 0.000299 0.000633 0.000386 0.000757 0.001633 0.000937 0.000896 0.000053 
0.001972 0.003787 0.008445 0.000176 0.010153 0.031934 0.000398 0.213953 0.024576 0.002845 0.032559 0.200458 0.036601 0.021876 0.002961 0.006944 0.033833 0.008523 0.004727 0.000825 0.003142 0.003053 0.003757 0.011878 0.007232 0.011434 0.003466 0.002588 0.005466 0.016999 0.002155 0.000270 0.000979 0.000776 0.000424 0.000698 0.000678 0.003351 0.000049 0.000617 0.000439 0.000568 0.000078 0.000333 0.000026 0.002117 0.000151 0.000972 0.000505 0.000132 0.000555 0.000601 0.000705 0.000007 0.000373 0.000340 0.000522 0.000507 0.000021 0.000475 0.000129 0.000333 0.000484 0.000416 0.000047 0.000015 
0.001221 0.003134 0.005700 0.000106 0.005692 0.018758 0.000313 0.216175 0.015915 0.002126 0.022366 0.166061 0.023378 0.015445 0.001931 0.005268 0.021939 0.005904 0.004038 0.000735 0.002032 0.002245 0.002296 0.008932 0.003966 0.007900 0.002487 0.001984 0.004431 0.011510 0.002032 0.000168 0.000775 0.000499 0.000212 0.000529 0.000348 0.001634 0.000031 0.000668 0.000274 0.000505 0.000044 0.000190 0.000019 0.002779 0.000123 0.001241 0.000475 0.000066 0.000424 0.000534 0.000705 0.000004 0.000373 0.000425 0.000522 0.000507 0.000064 0.000079 -0.000000 0.000151 0.000484 0.000208 0.000236 0.000011 
0.025725 0.041918 0.094162 0.002212 0.125372 0.498291 0.004438 0.079013 0.219271 0.033132 0.077831 0.182978 0.227785 0.026699 0.034738 0.006901 0.266388 0.074297 0.054464 0.009986 0.024841 0.023299 0.036838 0.026606 0.047438 0.034667 0.026223 0.017771 0.026586 0.070654 0.010835 0.001397 0.003996 0.006205 0.003550 0.005005 0.003388 0.017407 0.000246 0.005346 0.003266 0.004544 0.000411 0.001869 0.000311 0.014687 0.001014 0.004912 0.002376 0.000971 0.002025 0.003604 0.003409 0.000033 0.001950 0.002251 0.003283 0.003933 0.000877 0.001662 0.000450 0.001363 0.002964 0.000521 0.001698 0.000091 
0.218002 0.597815 0.117175 0.014544 0.405344 0.019652 0.529402 0.001975 0.008998 0.085299 0.001513 0.000564 0.005991 0.000390 0.023176 0.000114 0.019283 0.013055 0.392769 0.024336 0.012488 0.028820 0.177407 0.000760 0.027685 0.001559 0.093513 0.210578 0.001822 0.003896 0.000923 0.000258 0.000584 0.060836 0.016958 0.005294 0.002271 0.007110 0.000017 0.018144 0.004447 0.027076 0.000031 0.000966 0.000558 0.002117 0.001988 0.000486 0.000178 0.008605 0.000131 0.006406 0.000353 -0.000000 0.000602 0.000934 -0.000000 0.000381 0.003743 0.012742 -0.000000 0.000151 0.001754 -0.000000 0.000189 0.000049 
0.220068 0.506145 0.301276 0.024197 0.926215 0.080021 0.072821 0.008025 0.043472 0.204122 0.009400 0.015225 0.040253 0.003264 0.071638 0.000738 0.103807 0.056960 0.472544 0.050607 0.040119 0.061457 0.212576 0.005321 0.083445 0.009355 0.111221 0.131730 0.009649 0.030457 0.005633 0.001229 0.002718 0.035681 0.016030 0.009433 0.005512 0.022801 0.000124 0.017784 0.008921 0.024046 0.000182 0.003659 0.000995 0.012041 0.002988 0.003940 0.001188 0.004942 0.001012 0.010544 0.003056 0.000018 0.001921 0.004078 0.001044 0.002410 0.002994 0.009497 0.000257 0.000727 0.003811 0.000416 0.001227 0.000098 
0.013144 0.025986 0.050248 0.001212 0.065686 0.226144 0.002475 0.196421 0.207686 0.018610 0.248620 0.502977 0.375868 0.074080 0.024231 0.019610 0.286826 0.066024 0.035850 0.008022 0.021969 0.020875 0.027550 0.065185 0.048916 0.075726 0.019290 0.014579 0.041577 0.107840 0.015453 0.001729 0.005464 0.004931 0.002491 0.004596 0.003937 0.018388 0.000330 0.003598 0.002937 0.004481 0.000510 0.002424 0.000225 0.018657 0.000740 0.006747 0.002969 0.000530 0.002874 0.004538 0.006347 0.000044 0.002409 0.003186 0.003059 0.005074 0.000706 0.000633 0.000708 0.001181 0.002661 0.001353 0.001368 0.000132 
0.010985 0.016845 0.030930 0.000943 0.054918 0.104363 0.002788 0.114569 0.121924 0.015634 0.216350 0.359471 0.248387 0.058952 0.019004 0.016088 0.216274 0.052179 0.038213 0.007347 0.020344 0.024197 0.034542 0.076588 0.048527 0.080560 0.023058 0.017512 0.045926 0.137412 0.020101 0.002274 0.007571 0.004876 0.004425 0.006569 0.005475 0.025171 0.000435 0.006065 0.005133 0.005238 0.000746 0.003263 0.000395 0.027919 0.001494 0.010093 0.004929 0.000993 0.004147 0.006006 0.007699 0.000091 0.004645 0.005819 0.006267 0.010149 0.000898 0.001504 0.000901 0.002150 0.004960 0.002394 0.003066 0.000242 
0.011172 0.020502 0.032408 0.000980 0.058763 0.099673 0.003499 0.053334 0.129797 0.019689 0.076823 0.181850 0.269792 0.027698 0.023304 0.008364 0.270314 0.063737 0.041956 0.009552 0.024787 0.031065 0.044874 0.055113 0.062214 0.072452 0.029991 0.027174 0.048576 0.134048 0.022317 0.002664 0.008183 0.009087 0.005273 0.008422 0.006721 0.034815 0.000482 0.009201 0.005462 0.008142 0.000913 0.004625 0.000581 0.039827 0.002289 0.014843 0.006622 0.001434 0.004865 0.009276 0.011696 0.000072 0.005592 0.007518 0.007162 0.012051 0.001454 0.002691 0.000708 0.003695 0.006835 0.003644 0.004670 0.000359 
0.000751 0.001567 0.004011 0.000057 0.007230 0.025086 0.000199 0.159754 0.030200 0.001962 0.079956 1.366271 0.065530 0.112180 0.003142 0.149239 0.058658 0.011558 0.003841 0.000975 0.004172 0.002918 0.003026 0.340179 0.010343 0.107275 0.002788 0.001639 0.031059 0.093497 0.010404 0.000647 0.002678 0.000499 0.000397 0.000866 0.000861 0.004086 0.000221 0.000308 0.000274 0.000252 0.000255 0.000539 0.000029 0.006219 0.000014 0.002591 0.002287 0.000066 0.001894 0.000400 0.001763 0.000040 0.000430 0.000467 0.001791 0.002791 0.000064 0.000158 0.000579 0.000454 0.000363 0.000521 0.000236 0.000026 
0.040183 0.086708 0.060276 0.003510 0.147524 0.032009 0.027507 0.007901 0.028962 0.059853 0.008680 0.020863 0.032656 0.003581 0.034094 0.000951 0.076787 0.036296 0.399171 0.035462 0.036408 0.070839 0.263502 0.009027 0.100399 0.013305 0.149350 0.138804 0.016855 0.057019 0.010404 0.002069 0.005546 0.041167 0.022257 0.017638 0.011738 0.046502 0.000326 0.033256 0.017513 0.036164 0.000621 0.007318 0.001788 0.034005 0.006141 0.011766 0.003534 0.006796 0.002384 0.026893 0.009286 0.000069 0.007656 0.010492 0.004775 0.009514 0.005989 0.010764 0.000772 0.003029 0.010827 0.003748 0.004953 0.000468 
0.025631 0.053670 0.077166 0.002645 0.142294 0.166221 0.008761 0.035926 0.200713 0.065577 0.056474 0.115595 0.238890 0.017808 0.109389 0.006049 0.852165 0.445576 0.132565 0.036032 0.165245 0.134316 0.141404 0.054543 0.323982 0.090175 0.089444 0.060991 0.102370 0.249856 0.047344 0.006905 0.018132 0.013796 0.011526 0.022812 0.016957 0.070283 0.000870 0.013415 0.011776 0.013317 0.001368 0.008602 0.000960 0.057954 0.002687 0.017434 0.005731 0.001897 0.005225 0.012412 0.013929 0.000093 0.007111 0.010534 0.006043 0.010402 0.001797 0.004036 0.001479 0.003392 0.007379 0.002707 0.003963 0.000344 
0.007511 0.012667 0.016784 0.000600 0.031997 0.036698 0.002219 0.026543 0.044934 0.009648 0.039654 0.121515 0.077000 0.017954 0.010146 0.005893 0.100689 0.025944 0.027478 0.004873 0.012840 0.018226 0.028072 0.044090 0.032974 0.062369 0.017783 0.013889 0.034869 0.111027 0.016653 0.001840 0.006089 0.006095 0.003948 0.006714 0.005549 0.023537 0.000440 0.006682 0.004337 0.007447 0.000744 0.003501 0.000395 0.029771 0.001700 0.013710 0.005583 0.001346 0.004572 0.006139 0.009227 0.000084 0.004789 0.007136 0.006640 0.012813 0.001198 0.002533 0.001287 0.002665 0.005867 0.002498 0.003585 0.000302 
0.046380 0.088797 0.093845 0.004364 0.219978 0.087688 0.023013 0.013951 0.079689 0.134816 0.020097 0.038344 0.082479 0.007333 0.148298 0.002286 0.248375 0.154249 0.418868 0.128549 0.229582 0.299158 0.374642 0.016344 0.399728 0.030561 0.223723 0.142427 0.038264 0.104299 0.019762 0.004102 0.010194 0.033576 0.020243 0.026253 0.015968 0.067341 0.000409 0.027036 0.015948 0.024993 0.000822 0.009156 0.001358 0.044326 0.004619 0.011389 0.003623 0.004104 0.003233 0.019619 0.006994 0.000039 0.005420 0.009090 0.003506 0.005962 0.003829 0.006886 0.000643 0.002696 0.007621 0.002186 0.003161 0.000272 
0.012862 0.029773 0.015307 0.001033 0.039227 0.009603 0.022614 0.001358 0.007423 0.012494 0.002197 0.003947 0.008620 0.001169 0.008420 0.000185 0.018937 0.009438 0.061062 0.006808 0.008073 0.018675 0.062614 0.003136 0.026674 0.004418 0.045212 0.067202 0.004307 0.019833 0.004463 0.000750 0.002052 0.034075 0.013593 0.007604 0.005292 0.018797 0.000123 0.022307 0.009497 0.024867 0.000257 0.003406 0.001098 0.017863 0.004578 0.005290 0.001752 0.006134 0.002057 0.017951 0.005701 0.000025 0.003670 0.005437 0.002462 0.004694 0.005005 0.011001 0.000322 0.002181 0.006049 0.001770 0.003208 0.000261 
0.051543 0.108385 0.084028 0.004715 0.217363 0.055159 0.034789 0.008395 0.041841 0.102568 0.011345 0.023401 0.045805 0.003922 0.066282 0.001179 0.124014 0.066606 0.678088 0.094016 0.077963 0.170229 0.601515 0.008267 0.212696 0.017671 0.313770 0.225761 0.024681 0.070123 0.013514 0.002930 0.008332 0.056791 0.032537 0.028635 0.015877 0.067913 0.000403 0.044923 0.022618 0.045946 0.000666 0.009964 0.002266 0.043664 0.007649 0.013602 0.003890 0.008141 0.002710 0.032165 0.010344 0.000051 0.008058 0.011384 0.005297 0.007358 0.005882 0.013059 0.000772 0.002847 0.010766 0.002082 0.005614 0.000434 
0.002910 0.005615 0.008867 0.000216 0.013845 0.036103 0.000740 0.099754 0.044203 0.004808 0.084818 0.671012 0.087447 0.077004 0.006489 0.054470 0.084293 0.021079 0.008962 0.001919 0.008343 0.009966 0.011792 0.472639 0.022553 0.163095 0.006706 0.005090 0.051599 0.153172 0.019424 0.001483 0.005491 0.001607 0.001113 0.002406 0.002399 0.011196 0.000427 0.001593 0.001565 0.001388 0.000530 0.001220 0.000112 0.018260 0.000343 0.008204 0.004811 0.000154 0.005029 0.001335 0.005701 0.000105 0.002265 0.002549 0.005148 0.007992 0.000107 0.000712 0.000515 0.001514 0.001996 0.001353 0.001038 0.000091 
0.014083 0.022722 0.031352 0.001057 0.055841 0.069228 0.004523 0.035062 0.088237 0.020540 0.049847 0.131383 0.144064 0.019415 0.024025 0.006376 0.246527 0.065566 0.052395 0.010331 0.030150 0.039460 0.055935 0.061669 0.080334 0.091319 0.039711 0.030452 0.078682 0.215680 0.037278 0.004114 0.013293 0.012300 0.008055 0.012489 0.009999 0.046256 0.000844 0.012439 0.010788 0.013632 0.001404 0.006732 0.000790 0.060204 0.002906 0.020996 0.009413 0.002074 0.007184 0.015749 0.015751 0.000151 0.009577 0.011426 0.011713 0.021566 0.001775 0.003403 0.001544 0.005300 0.010403 0.005309 0.006463 0.000567 
0.030794 0.071821 0.038003 0.002600 0.100298 0.018237 0.058456 0.002840 0.014959 0.032543 0.004466 0.012405 0.014319 0.001827 0.017639 0.000625 0.040530 0.020331 0.160929 0.017934 0.019179 0.041974 0.179703 0.005701 0.062137 0.007588 0.126593 0.218773 0.009483 0.034176 0.006988 0.001647 0.003548 0.088317 0.035293 0.017229 0.010676 0.040045 0.000228 0.053044 0.019132 0.063807 0.000452 0.007287 0.002548 0.030565 0.009609 0.008744 0.002376 0.015003 0.002090 0.035635 0.007464 0.000044 0.006165 0.011554 0.002910 0.007865 0.010694 0.024455 0.000772 0.002908 0.011855 0.002707 0.005897 0.000517 
0.004600 0.006660 0.008973 0.000306 0.017537 0.026277 0.001337 0.043951 0.029131 0.005266 0.038141 0.224423 0.055887 0.029915 0.007056 0.014441 0.062238 0.019125 0.016644 0.002774 0.008425 0.010550 0.017010 0.172465 0.024808 0.086433 0.012584 0.009317 0.033668 0.125371 0.016530 0.001529 0.004608 0.003768 0.002464 0.003970 0.002857 0.016182 0.000416 0.005037 0.003184 0.003029 0.000681 0.002725 0.000292 0.022758 0.001055 0.009068 0.005998 0.000574 0.004310 0.003604 0.007876 0.000088 0.003470 0.004970 0.006565 0.011037 0.000492 0.001108 0.001608 0.002635 0.004415 0.002811 0.003066 0.000208 
0.031170 0.064378 0.063021 0.002886 0.136756 0.055903 0.017096 0.013333 0.050726 0.068815 0.016387 0.043700 0.060197 0.005311 0.062265 0.001889 0.149187 0.075420 0.264440 0.058644 0.099093 0.233841 0.305871 0.018434 0.268922 0.025207 0.201645 0.131385 0.030852 0.103944 0.021024 0.003725 0.010643 0.037288 0.024456 0.028972 0.019155 0.073961 0.000535 0.033975 0.023524 0.035848 0.001136 0.011643 0.002045 0.059542 0.007155 0.017542 0.006295 0.005737 0.005029 0.033366 0.016927 0.000081 0.009635 0.014527 0.006565 0.017506 0.005155 0.010684 0.001415 0.003937 0.014819 0.004476 0.008161 0.000525 
0.014365 0.024289 0.034097 0.001339 0.063686 0.069823 0.005945 0.026420 0.088799 0.024955 0.040987 0.112775 0.132522 0.015664 0.030618 0.005751 0.275279 0.083070 0.069532 0.013915 0.040878 0.051132 0.070232 0.047131 0.106231 0.076350 0.049808 0.040891 0.082078 0.233919 0.040294 0.004537 0.014381 0.014627 0.010122 0.015425 0.012306 0.059005 0.000896 0.017065 0.011693 0.015905 0.001563 0.008665 0.000992 0.064438 0.003482 0.024882 0.009473 0.002493 0.008163 0.019686 0.020982 0.000114 0.009635 0.012870 0.011415 0.023722 0.002374 0.004353 0.002573 0.006784 0.012460 0.006663 0.007831 0.000638 
0.050135 0.105904 0.067666 0.004527 0.187674 0.038261 0.051145 0.006543 0.031606 0.089976 0.008716 0.015789 0.033459 0.002923 0.052377 0.000710 0.086948 0.050100 0.631602 0.072244 0.065421 0.166279 1.071017 0.010262 0.205385 0.013929 0.513682 0.406749 0.020002 0.058967 0.012098 0.002979 0.006388 0.085824 0.048064 0.033352 0.018276 0.069221 0.000306 0.059469 0.029151 0.058443 0.000655 0.010534 0.002911 0.042473 0.009485 0.010849 0.003296 0.011054 0.002678 0.034434 0.008816 0.000033 0.007197 0.009217 0.002835 0.007485 0.007379 0.018915 0.000772 0.002544 0.014335 0.003123 0.004576 0.000461 
0.002910 0.006007 0.007284 0.000233 0.012460 0.017791 0.001252 0.023580 0.021989 0.004710 0.023158 0.121797 0.037769 0.015274 0.006026 0.007767 0.050345 0.014011 0.013197 0.002534 0.007341 0.010146 0.015236 0.278224 0.019598 0.099167 0.012283 0.009921 0.035117 0.126079 0.017423 0.001414 0.005573 0.003324 0.002358 0.004620 0.003534 0.017326 0.000482 0.003958 0.002855 0.003850 0.000874 0.002725 0.000295 0.027919 0.000877 0.012198 0.006800 0.000706 0.005714 0.005272 0.011108 0.000116 0.003957 0.006329 0.007684 0.013320 0.000663 0.000950 0.001287 0.002665 0.004657 0.003956 0.003585 0.000257 
0.015397 0.029904 0.043492 0.001523 0.078454 0.070195 0.006599 0.028519 0.084019 0.030646 0.040446 0.100370 0.124924 0.016395 0.036669 0.005510 0.275395 0.101530 0.091298 0.017649 0.062874 0.082735 0.113749 0.060434 0.186099 0.095061 0.078066 0.054089 0.126430 0.371331 0.069014 0.009307 0.027198 0.021830 0.013858 0.026806 0.020638 0.094229 0.001425 0.021999 0.016826 0.022405 0.002522 0.014209 0.001518 0.107705 0.004962 0.038106 0.014729 0.003398 0.012376 0.023890 0.029034 0.000195 0.014538 0.021578 0.015369 0.027401 0.003422 0.006411 0.002380 0.008783 0.019416 0.008953 0.011086 0.000816 
0.000094 0.000653 0.001372 0.000037 0.002154 0.005434 0.000114 0.010494 0.006299 0.000654 0.013002 0.075277 0.016510 0.009890 0.001416 0.005581 0.019052 0.004906 0.000886 0.000300 0.001788 0.002065 0.001461 0.484137 0.005133 0.081703 0.001206 0.000690 0.023895 0.117225 0.009943 0.000590 0.002433 0.000388 0.000212 0.000626 0.000586 0.003759 0.000301 0.000206 0.000110 0.000189 0.000486 0.000364 0.000022 0.007542 0.000096 0.004912 0.005137 0.000022 0.004669 0.000334 0.003585 0.000121 0.000688 0.000765 0.004999 0.008246 0.000086 0.000079 0.000515 0.000727 0.000605 0.001666 0.000377 0.000015 
0.023565 0.050275 0.035364 0.002139 0.102759 0.038410 0.022415 0.007161 0.034586 0.051774 0.010625 0.023119 0.041568 0.003508 0.046840 0.001519 0.124938 0.066439 0.281084 0.049767 0.105621 0.385350 0.688757 0.014633 0.520579 0.024896 0.624903 0.299606 0.039093 0.126433 0.029336 0.007553 0.016651 0.072582 0.057894 0.083812 0.045232 0.179958 0.000732 0.067128 0.051275 0.057496 0.001323 0.023856 0.004047 0.079654 0.011857 0.021050 0.005494 0.009134 0.003984 0.046512 0.014752 0.000067 0.014338 0.019752 0.004476 0.012939 0.007550 0.014879 0.001158 0.004392 0.020988 0.002707 0.005991 0.000601 
0.018495 0.031471 0.029663 0.001559 0.069532 0.030743 0.011634 0.009259 0.032730 0.026361 0.010661 0.028476 0.038427 0.004604 0.026214 0.001505 0.094108 0.041078 0.110405 0.018968 0.049546 0.115102 0.179077 0.013018 0.210051 0.021881 0.138348 0.089373 0.030065 0.111027 0.022964 0.004561 0.011621 0.035515 0.024880 0.033400 0.023458 0.101666 0.000684 0.038036 0.025226 0.036353 0.001417 0.014922 0.002317 0.074229 0.007978 0.025638 0.008463 0.006045 0.007249 0.039439 0.021628 0.000114 0.012961 0.020559 0.010669 0.023088 0.006010 0.010447 0.001544 0.006451 0.018690 0.007079 0.011841 0.000857 
0.003755 0.007835 0.011612 0.000404 0.017229 0.030445 0.001707 0.029136 0.033518 0.007686 0.036737 0.128282 0.065311 0.018660 0.009399 0.008662 0.096186 0.027981 0.020485 0.004154 0.014195 0.020111 0.026402 0.235940 0.045028 0.244487 0.018009 0.012940 0.112847 0.491744 0.057194 0.004073 0.016909 0.006150 0.003895 0.009457 0.007160 0.037185 0.001572 0.006168 0.006341 0.007510 0.002277 0.005402 0.000494 0.066422 0.001576 0.034868 0.018470 0.001302 0.016751 0.009409 0.029974 0.000364 0.009119 0.011809 0.023202 0.039453 0.001283 0.001662 0.003409 0.007935 0.009617 0.009994 0.007784 0.000536 
0.022720 0.051189 0.028924 0.002139 0.080915 0.018610 0.043323 0.002346 0.015353 0.040262 0.004358 0.008458 0.016949 0.001364 0.024746 0.000426 0.051499 0.029603 0.297138 0.034368 0.043289 0.150971 0.780800 0.004561 0.192009 0.008680 0.810197 1.064708 0.015240 0.046217 0.011082 0.004065 0.008305 0.185887 0.138496 0.078302 0.034940 0.119645 0.000306 0.145050 0.067690 0.121240 0.000525 0.019959 0.006220 0.050677 0.018724 0.013278 0.001990 0.018401 0.001665 0.061928 0.008111 0.000025 0.009434 0.015462 0.002089 0.006470 0.012469 0.024455 0.000386 0.002665 0.018025 0.001145 0.005661 0.000499 
0.010609 0.022852 0.017523 0.000943 0.043073 0.022704 0.006742 0.004815 0.022664 0.019493 0.008716 0.021991 0.029368 0.004214 0.017922 0.001406 0.063624 0.029353 0.070419 0.012431 0.028958 0.059930 0.101435 0.011213 0.130028 0.018919 0.079724 0.059179 0.024226 0.098632 0.019178 0.004008 0.010588 0.023880 0.016799 0.028106 0.018789 0.083768 0.000575 0.027910 0.020560 0.026444 0.001196 0.012768 0.001878 0.067878 0.006209 0.022399 0.007364 0.004677 0.007510 0.028762 0.019689 0.000114 0.012187 0.017033 0.009102 0.019917 0.004877 0.007835 0.001608 0.006027 0.014698 0.006871 0.011039 0.000714 
0.007793 0.017629 0.023857 0.000906 0.042611 0.044365 0.004864 0.024445 0.056125 0.018643 0.033207 0.085709 0.085620 0.013496 0.022480 0.004956 0.172396 0.058332 0.056827 0.011096 0.039307 0.054723 0.069606 0.071266 0.126762 0.115383 0.053275 0.043479 0.249298 0.780911 0.158745 0.014458 0.052901 0.015791 0.011340 0.025627 0.022048 0.122751 0.002795 0.018658 0.016881 0.016473 0.004490 0.015223 0.001441 0.154148 0.004290 0.056511 0.024142 0.002493 0.018482 0.023290 0.048076 0.000353 0.021248 0.024467 0.026709 0.045922 0.003337 0.004907 0.003924 0.010903 0.021230 0.012388 0.013681 0.000937 
0.015679 0.031863 0.035469 0.001441 0.069993 0.045407 0.009785 0.011852 0.045159 0.028226 0.018945 0.045956 0.058955 0.007893 0.030489 0.002556 0.151034 0.064693 0.112473 0.021352 0.065746 0.126146 0.173233 0.034873 0.283853 0.051195 0.144829 0.107748 0.082782 0.285803 0.065290 0.016335 0.038086 0.038895 0.030948 0.072864 0.055908 0.263890 0.001709 0.045848 0.041174 0.040645 0.003341 0.033519 0.003213 0.183522 0.011240 0.058455 0.018648 0.006553 0.014368 0.051517 0.039495 0.000237 0.027069 0.039249 0.019770 0.036789 0.007037 0.012900 0.002959 0.012115 0.033327 0.013013 0.018398 0.001435 
0.022157 0.045966 0.023540 0.001727 0.067378 0.012878 0.039767 0.001235 0.009335 0.022077 0.003386 0.008176 0.012712 0.001169 0.013107 0.000412 0.028175 0.014843 0.133254 0.014485 0.017933 0.045385 0.194730 0.004561 0.065558 0.006757 0.159070 0.383112 0.008489 0.024260 0.006864 0.001664 0.004295 0.435712 0.105296 0.027504 0.015309 0.059823 0.000201 0.160727 0.042519 0.218750 0.000530 0.011944 0.006268 0.034402 0.025235 0.009985 0.003207 0.045584 0.002416 0.091290 0.008522 0.000039 0.009750 0.016184 0.003879 0.007104 0.029388 0.074000 0.001287 0.003180 0.020625 0.002915 0.010001 0.000653 
0.019153 0.044399 0.020585 0.001625 0.050764 0.008486 0.060106 0.000741 0.004387 0.019330 0.000900 0.001692 0.004529 0.000365 0.010378 0.000071 0.014087 0.007775 0.126458 0.013120 0.010240 0.033489 0.178033 0.001330 0.043550 0.002027 0.136841 0.398899 0.003810 0.012750 0.003171 0.000926 0.001808 0.570515 0.104051 0.021079 0.009687 0.034243 0.000085 0.171007 0.035272 0.305152 0.000190 0.007825 0.005501 0.016936 0.026249 0.004588 0.001099 0.090152 0.000555 0.085284 0.003644 0.000018 0.005850 0.010492 0.001641 0.002664 0.045643 0.146416 0.000322 0.001726 0.017117 0.001145 0.005378 0.000544 
0.018871 0.035911 0.026074 0.001502 0.075069 0.021141 0.022273 0.004938 0.020358 0.029272 0.006519 0.015225 0.023816 0.002680 0.022171 0.000866 0.061661 0.030268 0.145860 0.020273 0.035595 0.094542 0.308688 0.008742 0.150403 0.015436 0.292370 0.352142 0.023853 0.080216 0.020255 0.004668 0.011390 0.144055 0.129010 0.089563 0.047594 0.163613 0.000639 0.160418 0.094234 0.124522 0.001409 0.031539 0.009231 0.096458 0.026565 0.027095 0.006830 0.018754 0.005584 0.111443 0.022451 0.000123 0.020990 0.031518 0.009027 0.019790 0.018202 0.033082 0.001415 0.007420 0.040586 0.005622 0.014860 0.001243 
0.016806 0.040089 0.022907 0.001559 0.057533 0.012952 0.038402 0.002346 0.009448 0.023058 0.002917 0.009022 0.010958 0.001194 0.013133 0.000312 0.031870 0.015799 0.145565 0.015924 0.019911 0.053197 0.236265 0.003516 0.076368 0.005925 0.203981 0.485770 0.009276 0.033822 0.007542 0.001897 0.005369 0.499983 0.196469 0.043049 0.021645 0.076331 0.000233 0.250059 0.064039 0.277824 0.000538 0.015999 0.008496 0.045384 0.032842 0.013602 0.002851 0.042517 0.002188 0.112711 0.010403 0.000023 0.011126 0.019030 0.003954 0.010402 0.029794 0.063394 0.000322 0.003483 0.026251 0.002603 0.010520 0.000850 
0.000188 0.000392 0.000528 0.000024 0.001692 0.004243 0.000057 0.003580 0.005905 0.000589 0.006087 0.027630 0.010593 0.003484 0.001133 0.001434 0.014665 0.003576 0.002364 0.000330 0.002086 0.002110 0.002087 0.087610 0.005988 0.046725 0.002637 0.001208 0.026503 0.149453 0.015791 0.000885 0.003860 0.000222 0.000371 0.001372 0.000934 0.006783 0.000675 0.000308 0.000549 0.000379 0.001022 0.001077 0.000055 0.022494 0.000110 0.011173 0.014491 0.000066 0.014335 0.001001 0.011578 0.000415 0.001950 0.002803 0.016040 0.024230 0.000064 0.000079 0.002509 0.002696 0.001815 0.004268 0.001038 0.000117 
0.004976 0.011361 0.010451 0.000608 0.022921 0.011985 0.004324 0.003951 0.013385 0.008831 0.005222 0.014097 0.016876 0.002168 0.008343 0.000795 0.033717 0.014094 0.039888 0.005968 0.013978 0.028057 0.051970 0.008837 0.054826 0.012890 0.042273 0.036577 0.018387 0.070654 0.014468 0.003233 0.008713 0.017231 0.012851 0.023919 0.019008 0.088181 0.000514 0.020303 0.015921 0.018997 0.001191 0.012308 0.001435 0.063776 0.005318 0.022399 0.006503 0.003552 0.005878 0.025292 0.018690 0.000111 0.012216 0.016184 0.009624 0.016872 0.004278 0.005382 0.001351 0.005633 0.016815 0.004372 0.008256 0.000680 
0.003568 0.006660 0.007812 0.000253 0.013383 0.022257 0.001337 0.018148 0.026600 0.005985 0.024023 0.089656 0.046025 0.012132 0.008086 0.005027 0.082676 0.021745 0.017925 0.003989 0.013057 0.018316 0.020767 0.148899 0.043317 0.153844 0.018914 0.012854 0.138481 0.889282 0.095764 0.006254 0.027212 0.004876 0.003656 0.010131 0.009138 0.054102 0.003499 0.005860 0.006341 0.005806 0.005418 0.007176 0.000440 0.125965 0.001713 0.067846 0.052441 0.000728 0.046760 0.009409 0.061477 0.001021 0.015972 0.018095 0.058341 0.094636 0.001326 0.002137 0.007912 0.013084 0.016210 0.024568 0.012360 0.000835 
0.004788 0.009010 0.009395 0.000433 0.020152 0.012431 0.002901 0.004938 0.012654 0.008602 0.004934 0.016634 0.015268 0.002412 0.007828 0.001093 0.034756 0.014884 0.026099 0.005563 0.012244 0.023254 0.046022 0.011498 0.047361 0.016112 0.032326 0.031401 0.024806 0.124131 0.026504 0.005586 0.018241 0.016622 0.011632 0.022523 0.020528 0.119073 0.001234 0.022153 0.018748 0.021711 0.003008 0.018359 0.001688 0.194239 0.005510 0.061045 0.017639 0.004170 0.014988 0.032565 0.045255 0.000225 0.027671 0.037125 0.022307 0.044654 0.004000 0.007677 0.004374 0.014659 0.029880 0.014991 0.020993 0.001647 
0.003662 0.005485 0.005384 0.000282 0.013383 0.010794 0.001678 0.005679 0.011697 0.005233 0.006051 0.022555 0.018775 0.003240 0.005639 0.001519 0.035218 0.011932 0.015857 0.003014 0.007748 0.013153 0.019932 0.025941 0.030485 0.031081 0.017407 0.014838 0.036484 0.222586 0.038632 0.003635 0.014843 0.008477 0.005299 0.009890 0.009010 0.047809 0.002239 0.009355 0.008235 0.009972 0.004464 0.007809 0.000774 0.132448 0.002769 0.068440 0.052620 0.001633 0.047087 0.016349 0.064944 0.000826 0.018266 0.022513 0.059759 0.108336 0.002053 0.003720 0.010099 0.018203 0.021593 0.027795 0.015898 0.001175 
0.008919 0.019065 0.014357 0.000739 0.032612 0.011240 0.010269 0.003457 0.011697 0.012821 0.004646 0.009868 0.013588 0.001681 0.010275 0.000540 0.033255 0.015924 0.061358 0.009432 0.017581 0.039190 0.113123 0.006747 0.066414 0.010291 0.096226 0.139235 0.014080 0.058967 0.013667 0.003160 0.007992 0.112640 0.093532 0.051399 0.033493 0.111391 0.000534 0.196706 0.120036 0.155890 0.001201 0.028418 0.017711 0.093944 0.045535 0.028121 0.007929 0.022240 0.006204 0.166831 0.022393 0.000081 0.025349 0.039461 0.011340 0.025879 0.023035 0.034823 0.000901 0.008995 0.048207 0.009057 0.021040 0.001726 
0.008168 0.019326 0.013301 0.000776 0.032151 0.014739 0.009899 0.003951 0.014397 0.013704 0.004898 0.014379 0.015122 0.001778 0.011897 0.000667 0.045495 0.019084 0.068449 0.010046 0.021617 0.053646 0.128777 0.008077 0.092622 0.013877 0.115667 0.132075 0.022197 0.090132 0.021486 0.005483 0.014462 0.080117 0.069632 0.118656 0.070924 0.240762 0.000843 0.133228 0.220446 0.110133 0.002062 0.066594 0.012139 0.167512 0.035392 0.043827 0.012323 0.016923 0.011102 0.178709 0.037380 0.000170 0.042984 0.067538 0.016712 0.032729 0.019314 0.028254 0.002766 0.014386 0.071675 0.011868 0.029814 0.002485 
0.006760 0.014234 0.004011 0.000482 0.015383 0.001787 0.022984 0.000123 0.000956 0.006574 0.000180 0.000564 0.001899 0.000146 0.002627 0.000014 0.004734 0.002619 0.049441 0.003914 0.003711 0.012300 0.076181 0.000475 0.018664 0.000728 0.068496 0.214719 0.000994 0.005489 0.001231 0.000516 0.001128 0.649136 0.118782 0.017205 0.007325 0.023128 0.000037 0.333738 0.044633 1.178639 0.000133 0.007857 0.009366 0.016275 0.063368 0.003508 0.000327 0.162234 0.000424 0.197394 0.002468 0.000004 0.006624 0.014187 0.000970 0.001395 0.110258 0.197543 0.000064 0.001787 0.027702 0.001666 0.006982 0.000816 
0.002347 0.006007 0.004961 0.000229 0.009845 0.008858 0.001166 0.006914 0.011585 0.004219 0.007023 0.024811 0.016218 0.003289 0.005124 0.001377 0.030830 0.009895 0.012212 0.003029 0.007260 0.013782 0.021706 0.026701 0.026286 0.030925 0.015372 0.014234 0.037146 0.221701 0.036939 0.003459 0.014340 0.006427 0.004849 0.009264 0.008918 0.042334 0.002112 0.008738 0.008098 0.007826 0.004552 0.007730 0.000684 0.128214 0.002412 0.068656 0.067378 0.001567 0.062859 0.015082 0.076640 0.001293 0.019270 0.023617 0.074978 0.144871 0.002032 0.003878 0.012093 0.020777 0.023892 0.033833 0.020096 0.001337 
0.000751 0.002612 0.002217 0.000090 0.005076 0.005806 0.000569 0.005556 0.006130 0.002191 0.005294 0.017480 0.011324 0.002704 0.002601 0.000966 0.018706 0.006112 0.005121 0.001335 0.004686 0.006554 0.010540 0.029932 0.014620 0.027598 0.007686 0.005780 0.028408 0.171057 0.026257 0.002438 0.010194 0.002272 0.002597 0.004981 0.004560 0.023537 0.001531 0.003855 0.004090 0.002651 0.003226 0.004435 0.000305 0.087064 0.001014 0.051600 0.067586 0.000905 0.087088 0.006873 0.065297 0.003395 0.011212 0.016991 0.129963 0.191047 0.000856 0.000950 0.022064 0.019626 0.016089 0.050906 0.015143 0.001027 
0.005351 0.011230 0.007178 0.000457 0.019998 0.005657 0.006315 0.001235 0.004780 0.006116 0.001981 0.007048 0.006721 0.000901 0.004970 0.000341 0.015126 0.006735 0.032599 0.004648 0.007124 0.016789 0.044143 0.003136 0.027374 0.005093 0.039108 0.064528 0.006377 0.023905 0.006157 0.001184 0.003126 0.078676 0.030895 0.015328 0.009596 0.038492 0.000213 0.075712 0.027751 0.134242 0.000582 0.009346 0.004076 0.040489 0.022439 0.012738 0.004365 0.056395 0.003690 0.097696 0.010814 0.000054 0.010380 0.018987 0.005073 0.012686 0.056423 0.085555 0.001287 0.005240 0.028247 0.003331 0.013350 0.001141 
0.003849 0.006660 0.006123 0.000367 0.015998 0.006253 0.005206 0.002716 0.007761 0.005854 0.002305 0.007612 0.009351 0.001121 0.005279 0.000454 0.022632 0.010768 0.030728 0.004573 0.010538 0.024062 0.055101 0.007887 0.048994 0.009719 0.053425 0.070653 0.016523 0.075081 0.017977 0.004844 0.013619 0.052802 0.037969 0.059268 0.048070 0.210033 0.000969 0.086403 0.095716 0.085897 0.002647 0.072630 0.009045 0.287654 0.035803 0.078371 0.019628 0.017077 0.017568 0.266996 0.070234 0.000234 0.104549 0.199217 0.028275 0.058862 0.026714 0.033320 0.004889 0.034043 0.238674 0.025297 0.089207 0.007388 
0.002065 0.006399 0.005067 0.000208 0.010153 0.006030 0.001906 0.003580 0.006299 0.004219 0.003602 0.009304 0.009862 0.001583 0.003502 0.000483 0.019976 0.007609 0.015167 0.002549 0.006501 0.013243 0.026089 0.008552 0.023719 0.013825 0.017783 0.019151 0.016896 0.084289 0.018654 0.002799 0.010181 0.012078 0.008240 0.013812 0.011976 0.066279 0.001104 0.016756 0.014823 0.015968 0.003224 0.014431 0.001387 0.229568 0.005784 0.104765 0.038010 0.003552 0.033731 0.033366 0.145757 0.000603 0.055974 0.073400 0.068115 0.146774 0.004599 0.005223 0.011386 0.066056 0.078812 0.054862 0.069205 0.004680 
0.003192 0.007313 0.006545 0.000278 0.013845 0.006923 0.003129 0.002593 0.006017 0.004873 0.002737 0.006203 0.007817 0.001413 0.004532 0.000440 0.017551 0.007193 0.018910 0.003269 0.006610 0.014186 0.028594 0.004751 0.028541 0.007952 0.025093 0.026398 0.011720 0.059675 0.012590 0.002336 0.006647 0.017896 0.011632 0.016387 0.015346 0.069630 0.000638 0.023592 0.021301 0.024803 0.001602 0.017948 0.002199 0.138799 0.008937 0.045285 0.013719 0.005295 0.012898 0.049515 0.046078 0.000225 0.053651 0.106702 0.023128 0.050362 0.007101 0.010526 0.003988 0.020292 0.103006 0.019988 0.049015 0.003773 
0.005915 0.009271 0.006545 0.000461 0.019075 0.006997 0.004381 0.002099 0.007311 0.006378 0.002845 0.013815 0.009643 0.001048 0.004687 0.000327 0.020207 0.009521 0.029152 0.004768 0.008939 0.019707 0.052179 0.005416 0.034062 0.009044 0.044383 0.055470 0.011802 0.052592 0.013206 0.002631 0.007761 0.044823 0.029066 0.029237 0.022982 0.096354 0.000659 0.065843 0.049354 0.077945 0.001495 0.028529 0.006102 0.128479 0.027702 0.042802 0.012175 0.018335 0.010417 0.205803 0.038790 0.000167 0.042869 0.076756 0.018502 0.043005 0.023228 0.033557 0.004374 0.019626 0.120970 0.017906 0.050383 0.004449 
0.001972 0.006660 0.004539 0.000237 0.009076 0.001712 0.007083 0.000247 0.001575 0.003271 0.000396 0.000282 0.001315 0.000171 0.001828 0.000071 0.004619 0.002120 0.018023 0.002069 0.002601 0.006644 0.032351 0.000665 0.010032 0.001091 0.025620 0.052450 0.002029 0.008323 0.001847 0.000561 0.001346 0.079563 0.023688 0.008206 0.005182 0.021984 0.000071 0.061628 0.018583 0.130013 0.000211 0.006099 0.003056 0.020112 0.021479 0.005883 0.001366 0.148466 0.001665 0.103302 0.004643 0.000016 0.007513 0.014145 0.001940 0.004567 0.140244 0.683408 0.000515 0.003574 0.029517 0.001353 0.010614 0.001103 
0.000469 0.000261 0.000739 0.000020 0.001077 0.001489 0.000569 -0.000000 0.001293 0.000752 0.000720 0.001692 0.002265 0.000317 0.000773 0.000085 0.005543 0.001746 0.005614 0.000615 0.002275 0.004938 0.007201 0.005796 0.013454 0.006913 0.007686 0.008454 0.008572 0.060383 0.012221 0.002660 0.008128 0.007369 0.005246 0.012946 0.013643 0.077884 0.001208 0.011616 0.017924 0.014074 0.004326 0.023017 0.001432 0.503991 0.006168 0.207856 0.067764 0.002537 0.057275 0.051250 0.371504 0.000805 0.211278 0.260128 0.123173 0.314987 0.006053 0.006965 0.024251 0.292755 0.328918 0.150323 0.369567 0.021475 
0.002347 0.005093 0.002639 0.000208 0.008922 0.004243 0.002162 0.001235 0.005174 0.003761 0.001945 0.009022 0.006356 0.000853 0.002987 0.000369 0.013856 0.006153 0.015660 0.002489 0.006041 0.010505 0.026298 0.006366 0.019831 0.008108 0.021099 0.020359 0.012134 0.055248 0.010959 0.002139 0.006660 0.017342 0.010519 0.014053 0.013057 0.058597 0.000730 0.021639 0.017870 0.023352 0.001874 0.014368 0.001993 0.149649 0.008101 0.055054 0.021202 0.005053 0.017796 0.055321 0.070645 0.000327 0.058296 0.091283 0.038049 0.082584 0.007144 0.011872 0.008877 0.047096 0.213271 0.040704 0.177896 0.014371 
0.003004 0.003656 0.002850 0.000159 0.007845 0.001935 0.003982 0.000741 0.001125 0.002715 0.000720 0.001410 0.001899 0.000268 0.002215 0.000043 0.005427 0.002578 0.011622 0.001784 0.002465 0.007048 0.021393 0.001045 0.010499 0.001715 0.017407 0.029762 0.002402 0.009739 0.002401 0.000553 0.001563 0.039892 0.015739 0.007171 0.005457 0.018143 0.000082 0.035826 0.014219 0.062924 0.000270 0.004990 0.002231 0.020377 0.012707 0.006801 0.001960 0.048981 0.001796 0.060326 0.006054 0.000035 0.006710 0.010364 0.003133 0.006089 0.060679 0.245663 0.000515 0.003271 0.021049 0.003019 0.008774 0.000820 
0.001221 0.002612 0.004223 0.000139 0.006461 0.003350 0.001052 0.001235 0.004049 0.002061 0.002341 0.005639 0.005333 0.000512 0.002472 0.000256 0.010970 0.004282 0.010243 0.001394 0.003792 0.007901 0.016697 0.004656 0.013609 0.009355 0.012735 0.013371 0.009815 0.059675 0.011020 0.001881 0.006918 0.009530 0.005617 0.009264 0.008680 0.039637 0.000700 0.012336 0.010101 0.013759 0.002036 0.010312 0.001024 0.137476 0.004578 0.060128 0.031239 0.003155 0.029976 0.029696 0.092039 0.000606 0.040747 0.055687 0.079753 0.167959 0.003444 0.006094 0.016596 0.115121 0.085889 0.093900 0.118220 0.007633 
0.001972 0.004962 0.003272 0.000184 0.009384 0.003573 0.003926 0.000741 0.002474 0.003271 0.000828 0.001692 0.002776 0.000317 0.002215 0.000170 0.005427 0.003160 0.016743 0.001994 0.002980 0.007946 0.028385 0.001710 0.013532 0.001923 0.022455 0.037095 0.003023 0.009739 0.002986 0.000660 0.001781 0.049865 0.020429 0.009866 0.006263 0.024027 0.000123 0.049858 0.019873 0.081037 0.000346 0.007540 0.003049 0.030962 0.018765 0.009122 0.002554 0.058888 0.001861 0.097429 0.009345 0.000051 0.010122 0.019837 0.004178 0.010529 0.096697 0.204983 0.000579 0.004785 0.035263 0.005622 0.014624 0.001367 
0.000657 0.000522 0.001056 0.000029 0.000769 0.000968 0.000142 -0.000000 0.000394 0.000491 0.000468 0.001410 0.000804 0.000195 0.000438 0.000099 0.002309 0.000499 0.001280 0.000135 0.000731 0.001437 0.002505 0.000950 0.002100 0.001143 0.001356 0.001812 0.001325 0.009208 0.002062 0.000275 0.000897 0.001441 0.000874 0.001083 0.001080 0.004413 0.000118 0.001234 0.001208 0.001199 0.000250 0.000935 0.000141 0.014952 0.000535 0.007125 0.005731 0.000309 0.007021 0.002803 0.010344 0.000186 0.003814 0.004970 0.022382 0.036408 0.000342 0.000475 0.013959 0.008783 0.006956 0.100354 0.007265 0.000499 
0.001314 0.003265 0.001267 0.000167 0.005230 0.000596 0.003527 0.000247 0.000956 0.001864 0.000144 0.001128 0.000804 0.000146 0.001391 0.000028 0.003002 0.001663 0.009356 0.001140 0.001652 0.005746 0.017949 0.000950 0.007621 0.001247 0.015071 0.033127 0.002153 0.004604 0.001293 0.000447 0.001060 0.056292 0.018786 0.007917 0.004651 0.019941 0.000091 0.047082 0.017540 0.089242 0.000205 0.006368 0.003133 0.023420 0.019053 0.006801 0.001811 0.075524 0.001241 0.109041 0.006641 0.000018 0.009348 0.018350 0.002537 0.005074 0.124652 0.347442 0.000579 0.004695 0.042763 0.003435 0.015002 0.001499 
0.001221 0.002612 0.001900 0.000073 0.004000 0.003052 0.001451 0.000370 0.003149 0.002289 0.001801 0.005075 0.003434 0.000877 0.001880 0.000327 0.008545 0.003700 0.008667 0.001275 0.003142 0.005656 0.014819 0.003896 0.011276 0.005405 0.009947 0.010956 0.007744 0.040728 0.009758 0.001455 0.004961 0.009364 0.006147 0.007941 0.007124 0.036695 0.000589 0.012130 0.010294 0.010919 0.001573 0.008126 0.000966 0.115909 0.004140 0.049387 0.023311 0.002758 0.024654 0.026426 0.069881 0.000557 0.034037 0.049061 0.065503 0.148677 0.003850 0.005065 0.014473 0.085834 0.093933 0.095253 0.143647 0.009261 
0.000188 0.000131 0.000106 0.000012 0.000154 0.000447 0.000284 -0.000000 0.000169 0.000229 0.000108 0.000282 0.000438 0.000097 0.000180 0.000014 0.000693 0.000291 0.001083 0.000090 0.000569 0.001706 0.004696 0.000665 0.003422 0.001143 0.003692 0.005780 0.000994 0.008146 0.001970 0.000525 0.001685 0.008754 0.004398 0.007147 0.006666 0.029094 0.000163 0.013107 0.015509 0.020196 0.000715 0.014130 0.001515 0.107176 0.009828 0.034976 0.010364 0.006487 0.009012 0.097429 0.056834 0.000192 0.067817 0.132655 0.029618 0.077129 0.014223 0.017095 0.009199 0.090134 0.660679 0.071102 0.572088 0.083507 
0.000939 0.002089 0.001900 0.000078 0.005076 0.001638 0.000910 0.000123 0.002587 0.001668 0.001080 0.002256 0.002630 0.000536 0.001571 0.000199 0.005658 0.002702 0.005614 0.000960 0.001680 0.003457 0.008453 0.002946 0.007310 0.002339 0.006104 0.006729 0.004100 0.019479 0.004894 0.000701 0.002528 0.004377 0.003497 0.004115 0.003608 0.015691 0.000234 0.005705 0.005408 0.009025 0.000629 0.004055 0.000555 0.045649 0.002275 0.018459 0.007691 0.001302 0.007870 0.013080 0.024979 0.000125 0.013133 0.019327 0.018428 0.036789 0.001818 0.002533 0.003281 0.019626 0.037138 0.023943 0.054440 0.003580 
0.001690 0.003787 0.004328 0.000176 0.007538 0.003499 0.001621 0.001728 0.004105 0.003074 0.001225 0.005639 0.004310 0.000585 0.002498 0.000256 0.010277 0.004615 0.013493 0.001679 0.003955 0.008395 0.019515 0.003516 0.013998 0.005353 0.012659 0.019755 0.007206 0.032228 0.007942 0.001332 0.004295 0.015624 0.009698 0.011141 0.008863 0.041026 0.000436 0.021793 0.016140 0.024614 0.001126 0.010692 0.001797 0.092886 0.007854 0.033626 0.012709 0.006707 0.011919 0.054253 0.038849 0.000179 0.031457 0.056324 0.023426 0.052265 0.008919 0.012821 0.004760 0.025895 0.150366 0.021757 0.099633 0.009484 
0.000376 0.001306 0.000211 0.000020 0.000308 0.000298 0.000683 0.000123 0.000675 0.000262 0.000432 0.001692 0.000804 0.000122 0.000361 0.000071 0.001963 0.000956 0.002561 0.000330 0.000840 0.002379 0.006053 0.001900 0.005833 0.001611 0.005275 0.007505 0.003064 0.014874 0.003509 0.000844 0.002229 0.008810 0.004663 0.008927 0.006281 0.034324 0.000306 0.013364 0.014466 0.016473 0.001157 0.012467 0.001419 0.116835 0.007827 0.045501 0.017312 0.005781 0.015870 0.071003 0.071762 0.000297 0.063085 0.108019 0.043570 0.110112 0.010095 0.012663 0.013058 0.101068 0.395875 0.091714 0.567701 0.065533 
0.000657 0.003134 0.000950 0.000065 0.002461 0.000223 0.002702 -0.000000 0.000112 0.000720 0.000072 -0.000000 0.000219 -0.000000 0.000386 -0.000000 0.000346 0.000499 0.005614 0.000405 0.000515 0.001751 0.006888 0.000095 0.002178 0.000156 0.006932 0.017167 0.000621 0.001062 0.000339 0.000115 0.000245 0.034296 0.007869 0.003032 0.002216 0.006293 0.000017 0.025134 0.006890 0.054972 0.000052 0.002566 0.001268 0.009924 0.009664 0.002267 0.000238 0.064470 0.000555 0.055855 0.002704 0.000005 0.003756 0.008495 0.000671 0.001522 0.079522 0.522666 0.000322 0.001666 0.021170 0.001770 0.006463 0.000718 
0.001784 0.003395 0.003167 0.000155 0.008307 0.002605 0.002560 0.000370 0.002981 0.002224 0.000936 0.003101 0.003507 0.000487 0.002421 0.000156 0.008429 0.003825 0.014872 0.001874 0.003495 0.008260 0.019724 0.002376 0.011821 0.003482 0.017407 0.024759 0.004224 0.020364 0.003602 0.000840 0.002338 0.025320 0.011950 0.008254 0.006849 0.028849 0.000151 0.029863 0.015152 0.039951 0.000494 0.006431 0.002179 0.036916 0.011459 0.011497 0.003207 0.014827 0.002841 0.069001 0.011167 0.000053 0.011814 0.020431 0.005745 0.013701 0.025089 0.039414 0.000965 0.006330 0.038529 0.004580 0.017407 0.001692 
0.001784 0.003787 0.002639 0.000167 0.006153 0.003499 0.001735 0.001235 0.001968 0.001995 0.001225 0.003947 0.004018 0.000487 0.001931 0.000199 0.008545 0.004573 0.012705 0.002129 0.003738 0.008395 0.020037 0.003136 0.014776 0.004782 0.018537 0.024931 0.006584 0.032405 0.006064 0.001315 0.004064 0.022938 0.013010 0.013788 0.010273 0.046420 0.000410 0.030172 0.022591 0.035407 0.001066 0.013797 0.002703 0.099104 0.013652 0.036055 0.010453 0.011098 0.009894 0.090623 0.037674 0.000158 0.039055 0.065712 0.022978 0.046303 0.015549 0.025405 0.004374 0.026138 0.186355 0.023839 0.099775 0.010224 
0.001878 0.002873 0.002639 0.000159 0.005076 0.001861 0.003527 0.000741 0.001575 0.002093 0.000468 0.000846 0.001680 0.000365 0.001648 0.000043 0.006466 0.002453 0.013197 0.001484 0.002465 0.006464 0.020454 0.001615 0.010810 0.001975 0.016502 0.031574 0.003023 0.014166 0.002493 0.000701 0.002012 0.041998 0.017408 0.010636 0.007307 0.029911 0.000167 0.045746 0.021081 0.078765 0.000382 0.009378 0.003280 0.039695 0.019423 0.011820 0.003445 0.038964 0.003200 0.120385 0.012636 0.000054 0.014022 0.027440 0.005148 0.011417 0.073063 0.119824 0.001222 0.007511 0.058731 0.006663 0.025097 0.002379 
0.002253 0.003395 0.002534 0.000098 0.006615 0.001787 0.003129 0.000370 0.001181 0.002289 0.000540 0.001410 0.001169 0.000244 0.001622 0.000071 0.004041 0.002120 0.012016 0.001499 0.002113 0.005656 0.019619 0.001425 0.010421 0.001507 0.016427 0.030193 0.001864 0.013812 0.002647 0.000684 0.001984 0.044103 0.017938 0.011406 0.007417 0.031137 0.000142 0.046208 0.024677 0.083499 0.000447 0.010439 0.003527 0.043664 0.021575 0.012900 0.003177 0.040178 0.002939 0.146611 0.014987 0.000046 0.018725 0.034746 0.006714 0.012939 0.076934 0.123069 0.001608 0.008420 0.080687 0.007079 0.032692 0.003218 
0.000845 0.001436 0.000633 0.000041 0.001384 0.001265 0.000228 0.000617 0.001012 0.000687 0.000936 0.001974 0.001461 0.000341 0.000592 0.000185 0.004272 0.001538 0.003349 0.000525 0.001571 0.003187 0.005427 0.002566 0.004822 0.003742 0.003994 0.005349 0.003727 0.024083 0.005233 0.000725 0.002365 0.002992 0.002305 0.003513 0.003388 0.017162 0.000317 0.004318 0.004282 0.005302 0.000874 0.004008 0.000392 0.063776 0.001878 0.027743 0.017164 0.001258 0.020931 0.012746 0.045667 0.000536 0.017291 0.023830 0.068786 0.136625 0.001476 0.002374 0.025216 0.057152 0.039497 0.186030 0.059393 0.003883 
0.000563 0.001698 0.001267 0.000057 0.003077 0.002680 0.000540 0.000617 0.002418 0.001047 0.001008 0.002819 0.002703 0.000487 0.001494 0.000241 0.005312 0.002619 0.004826 0.000975 0.002628 0.004085 0.009497 0.003611 0.009254 0.004314 0.007008 0.009058 0.005466 0.028155 0.005479 0.001061 0.003412 0.005596 0.003577 0.005101 0.005146 0.024272 0.000394 0.007864 0.006588 0.009404 0.001069 0.006115 0.000655 0.078199 0.002974 0.035569 0.018500 0.002030 0.021062 0.018418 0.054776 0.000481 0.023800 0.035893 0.058416 0.116709 0.002845 0.003957 0.013251 0.061846 0.060788 0.109307 0.089207 0.006383 
0.002159 0.003134 0.002956 0.000127 0.005999 0.002680 0.001934 0.000617 0.003655 0.001864 0.001189 0.005357 0.003287 0.000463 0.001571 0.000199 0.009468 0.002910 0.009356 0.001739 0.002790 0.006734 0.016071 0.002090 0.010732 0.002859 0.012132 0.017685 0.004307 0.019656 0.004525 0.000750 0.002718 0.014018 0.007180 0.007411 0.005988 0.025416 0.000190 0.018915 0.011309 0.022531 0.000577 0.006843 0.001441 0.041547 0.006785 0.014843 0.005108 0.006443 0.004735 0.038705 0.015869 0.000084 0.013821 0.025996 0.009251 0.021185 0.009496 0.013217 0.001351 0.010146 0.052864 0.009577 0.026890 0.002531 
0.000751 0.001567 0.001161 0.000065 0.002000 0.001265 0.000740 0.000123 0.001631 0.000916 0.001044 0.002819 0.001826 0.000463 0.001082 0.000114 0.005196 0.002162 0.004629 0.000960 0.001978 0.004354 0.010749 0.001995 0.008243 0.003794 0.008063 0.009403 0.005218 0.030280 0.005387 0.001152 0.003262 0.008920 0.005962 0.007508 0.006666 0.032036 0.000427 0.013210 0.011254 0.014579 0.001297 0.009156 0.001207 0.107705 0.005894 0.043072 0.019658 0.003861 0.020376 0.041174 0.068471 0.000441 0.042697 0.069450 0.057222 0.118485 0.006288 0.010210 0.012415 0.085349 0.172383 0.091714 0.266584 0.021970 
0.000469 0.000392 0.000317 0.000049 0.002154 0.000149 0.001963 -0.000000 0.000112 0.000491 0.000108 0.000564 0.000219 -0.000000 0.000206 0.000014 0.000346 0.000166 0.003644 0.000360 0.000677 0.002245 0.008244 0.000095 0.004199 0.000260 0.006932 0.016908 0.000580 0.002833 0.000985 0.000389 0.001047 0.037787 0.012294 0.009264 0.006483 0.028931 0.000067 0.043741 0.028630 0.091388 0.000216 0.014811 0.004218 0.044061 0.033322 0.009338 0.002049 0.047988 0.001469 0.303098 0.012284 0.000021 0.026152 0.060869 0.003879 0.014335 0.120781 0.157576 0.001094 0.013629 0.225428 0.011972 0.065714 0.007773 
0.000939 0.002873 0.000950 0.000118 0.002769 0.001042 0.002617 0.000247 0.000506 0.001374 0.000216 0.000282 0.000804 0.000073 0.000773 -0.000000 0.002194 0.000665 0.007584 0.000690 0.000975 0.002783 0.013045 0.000380 0.004588 0.000520 0.011680 0.019496 0.000911 0.003719 0.001139 0.000287 0.000748 0.036014 0.012427 0.005510 0.003351 0.012504 0.000041 0.029144 0.012270 0.061598 0.000125 0.004673 0.001907 0.015878 0.012624 0.004048 0.001188 0.049025 0.001176 0.071070 0.005466 0.000021 0.006509 0.012955 0.001268 0.004567 0.077319 0.258405 0.000450 0.003362 0.027884 0.001562 0.011841 0.001088 
0.000094 -0.000000 0.000422 0.000020 0.000461 0.001042 0.000171 0.000247 0.000787 0.000425 0.000396 0.003101 0.000950 0.000146 0.000489 0.000057 0.001617 0.001039 0.001773 0.000300 0.000840 0.001751 0.002609 0.001140 0.002566 0.001975 0.002110 0.002847 0.002733 0.014697 0.003417 0.000422 0.001522 0.002493 0.001139 0.001853 0.001831 0.009725 0.000191 0.002467 0.002608 0.001830 0.000554 0.002170 0.000231 0.037842 0.000932 0.016030 0.010928 0.000640 0.013029 0.007074 0.027094 0.000429 0.009233 0.013125 0.045658 0.086517 0.000962 0.000871 0.020456 0.030560 0.021230 0.169166 0.030192 0.002100 
0.001221 0.002220 0.001583 0.000094 0.002923 0.001265 0.001621 0.000247 0.000787 0.001145 0.000684 0.000564 0.001972 0.000171 0.000979 0.000114 0.004388 0.001788 0.008174 0.001080 0.002330 0.005881 0.016071 0.001235 0.008477 0.002079 0.013488 0.020186 0.004058 0.016645 0.003786 0.000984 0.002800 0.021110 0.011711 0.010540 0.009632 0.041516 0.000224 0.030891 0.022289 0.045126 0.000811 0.013179 0.002654 0.081242 0.015544 0.022831 0.007275 0.014077 0.007706 0.114713 0.030327 0.000112 0.037077 0.066859 0.015667 0.035647 0.023870 0.035615 0.003538 0.026986 0.199843 0.021653 0.104775 0.011081 
0.001596 0.003134 0.001478 0.000139 0.003538 0.000968 0.002987 0.000370 0.001743 0.001930 0.000540 0.000564 0.001388 0.000195 0.001133 0.000071 0.004503 0.001829 0.012803 0.001245 0.001652 0.005477 0.016488 0.001615 0.008710 0.002027 0.011077 0.025363 0.002236 0.009562 0.002278 0.000602 0.001536 0.034684 0.012665 0.007195 0.005439 0.022474 0.000104 0.036083 0.017568 0.060589 0.000328 0.006907 0.002616 0.032947 0.015503 0.010363 0.002613 0.030205 0.002057 0.099031 0.010638 0.000042 0.012646 0.024807 0.005894 0.011925 0.055974 0.100908 0.000965 0.006663 0.055525 0.005517 0.021983 0.002330 
