# Flux Network Reconstruction using RW method
# Walkers leave from emitting cells
# Probability involves emitting fluxes, then absorbing flux is shared among connections
# Seed: 1684539137
# Threshold: 0.5
# Precision: 100000.0
# Dt: 1.0
# Radius step: 6.000000
# Matrix output


0.014545 0.000060 0.001069 0.022947 0.001337 0.004588 0.000372 0.002658 0.000091 0.001865 0.002749 0.002476 0.000673 0.000870 0.003977 0.002381 0.000542 0.002275 0.001084 0.000005 0.000092 0.000064 0.000190 0.000227 0.000420 0.000754 0.000218 0.001435 0.000176 0.000602 0.000077 0.000580 0.000464 0.000081 0.000737 0.000204 0.000116 0.000072 0.000489 0.000058 0.001187 0.000011 0.000564 0.000041 0.000042 0.000001 0.000406 0.000099 0.000479 0.000366 0.000120 0.000016 0.000163 0.000059 0.000410 0.000064 0.000147 0.000009 0.000102 0.000101 0.000318 0.000026 -0.000000 0.000004 0.000094 0.000006 0.000217 0.000013 0.000028 -0.000000 0.000210 0.000123 
0.001054 0.010924 0.000087 0.003152 0.209570 0.000584 0.020730 0.057593 0.056905 0.000885 0.000573 0.000396 0.004111 0.000233 0.002672 0.000340 0.018031 0.020478 0.002228 0.000160 0.000020 0.000018 0.008020 0.000032 0.001449 0.001417 -0.000000 0.009048 0.000196 0.000086 0.001055 0.000100 0.000060 0.001294 0.000921 0.000051 0.000011 0.002021 0.000244 0.000406 0.001084 0.000007 0.000347 0.000136 -0.000000 0.000001 0.001419 -0.000000 0.000639 0.000081 0.000120 0.000019 0.000047 0.000020 0.000046 0.000638 0.000098 -0.000000 -0.000000 0.000025 -0.000000 -0.000000 0.000399 0.000002 -0.000000 -0.000000 -0.000000 -0.000000 0.000014 -0.000000 0.000126 -0.000000 
0.007238 0.000102 0.000742 0.016348 0.001830 0.003378 0.000589 0.005044 0.000335 0.002176 0.002749 0.003021 0.001364 0.000894 0.005096 0.001871 0.001288 0.003861 0.001837 0.000012 0.000114 0.000092 0.000323 0.000746 0.000714 0.001327 0.000273 0.002059 0.000244 0.000817 0.000136 0.000540 0.000565 0.000202 0.000921 0.000348 0.000105 0.000313 0.000593 0.000184 0.000981 0.000059 0.000564 0.000037 0.000232 0.000004 0.001014 -0.000000 0.000479 0.000488 0.000120 0.000021 0.000093 0.000065 0.000182 0.000383 0.000440 0.000017 0.000137 0.000076 0.000557 0.000065 0.000239 0.000009 0.000164 0.000009 0.000109 0.000026 0.000070 0.000025 0.000210 0.000123 
0.152691 0.003205 0.010712 0.392953 0.051935 0.060724 0.022513 0.119275 0.004319 0.055360 0.029670 0.035805 0.033542 0.015704 0.087993 0.009356 0.013150 0.045644 0.034540 0.000074 0.000965 0.000566 0.001368 0.002758 0.005439 0.009740 0.000927 0.010358 0.000962 0.002365 0.000522 0.002599 0.001391 0.000374 0.003575 0.000941 0.000358 0.000505 0.002060 0.000319 0.002065 0.000041 0.001301 0.000045 0.000379 0.000005 0.000963 0.000148 0.000878 0.000731 0.000280 0.000016 0.000210 0.000046 0.000319 0.000255 0.000245 0.000017 0.000034 0.000076 -0.000000 0.000013 0.000080 0.000002 0.000023 -0.000000 0.000072 -0.000000 0.000042 -0.000000 -0.000000 0.000163 
0.002740 0.000028 0.002138 0.003348 0.000281 0.002794 0.000109 0.000409 0.000030 0.000741 0.005728 0.002377 0.000372 0.000527 0.001243 0.001871 0.000237 0.000552 0.000602 0.000003 0.000054 0.000037 0.000076 0.000324 0.000126 0.000302 0.000082 0.000686 0.000095 0.000301 0.000030 0.000240 0.000262 0.000040 0.000147 0.000123 0.000032 0.000072 0.000209 0.000029 0.000310 0.000009 0.000477 0.000029 0.000105 0.000001 0.000152 0.000033 0.000160 0.000122 0.000060 0.000005 0.000093 0.000013 0.000091 0.000064 -0.000000 -0.000000 0.000137 0.000127 0.000239 0.000039 -0.000000 0.000002 -0.000000 0.000003 -0.000000 0.000039 0.000028 0.000008 0.000042 0.000041 
0.025015 0.009008 0.002836 0.065591 0.177550 0.016140 0.068144 0.298256 0.017123 0.025014 0.018329 0.019562 0.042596 0.009873 0.070282 0.009015 0.047484 0.103561 0.038545 0.000316 0.000787 0.000688 0.007526 0.004186 0.015204 0.020415 0.001800 0.039685 0.003380 0.005374 0.002840 0.005777 0.003791 0.002809 0.014080 0.002331 0.000980 0.004186 0.006842 0.002186 0.012440 0.000265 0.009455 0.000732 0.001348 0.000032 0.008009 0.000577 0.006945 0.003900 0.001977 0.000301 0.001724 0.000373 0.001733 0.002298 0.001908 0.000068 0.000956 0.000735 0.001352 0.000196 0.001514 0.000078 0.000514 0.000046 0.001015 0.000065 0.000336 0.000150 0.001176 0.000981 
0.081861 0.000172 0.113794 0.157181 0.002533 0.147556 0.001287 0.007293 0.000335 0.026640 0.405183 0.134901 0.004040 0.014038 0.037720 0.130468 0.001762 0.005723 0.009365 0.000011 0.001897 0.001318 0.000209 0.011389 0.001281 0.003498 0.004964 0.001934 0.000359 0.008212 0.000095 0.003698 0.002561 0.000101 0.002949 0.001145 0.000801 0.000192 0.002129 0.000097 0.000826 0.000102 0.001041 0.000021 0.000779 0.000006 0.000253 0.000313 0.000359 0.000691 0.000160 0.000029 0.000210 0.000039 0.000228 0.000064 0.000147 -0.000000 0.000034 0.000051 0.000159 0.000013 -0.000000 -0.000000 -0.000000 -0.000000 -0.000000 -0.000000 0.000014 -0.000000 -0.000000 0.000204 
0.023258 0.000037 0.034164 0.046780 0.001056 0.042790 0.000279 0.003612 0.000152 0.009805 0.168740 0.046007 0.001435 0.004581 0.014790 0.060896 0.000644 0.002000 0.004125 0.000004 0.000699 0.000547 0.000152 0.004835 0.000588 0.001357 0.002428 0.001248 0.000190 0.004342 0.000071 0.001759 0.001089 0.000071 0.001216 0.000552 0.000369 -0.000000 0.001117 0.000019 0.000516 0.000041 0.000304 0.000029 0.000253 0.000002 0.000101 0.000099 0.000319 0.000731 0.000040 0.000005 0.000093 0.000007 0.000365 -0.000000 0.000049 0.000026 0.000034 0.000051 0.000080 -0.000000 -0.000000 0.000002 -0.000000 0.000003 0.000036 -0.000000 0.000014 -0.000000 -0.000000 -0.000000 
0.279102 0.001614 0.045662 1.040488 0.033286 0.252655 0.014032 0.094670 0.003954 0.246214 0.161982 0.216713 0.040257 0.074147 0.284919 0.062427 0.014506 0.053918 0.072512 0.000088 0.004088 0.002381 0.001387 0.011194 0.008820 0.018243 0.004692 0.014975 0.001896 0.012640 0.000670 0.009156 0.004254 0.000475 0.008772 0.002443 0.001054 0.000409 0.004957 0.000319 0.004491 0.000202 0.002949 0.000082 0.001201 0.000014 0.001065 0.000330 0.001078 0.001706 0.000220 0.000051 0.000652 0.000111 0.000502 0.000319 0.000196 0.000034 0.000102 0.000127 0.000159 0.000013 0.000159 0.000013 0.000094 0.000003 0.000109 0.000039 0.000056 0.000017 0.000252 0.000082 
0.110320 0.001526 0.019198 0.314658 0.035749 0.087916 0.013040 0.088877 0.005231 0.154840 0.101611 0.117667 0.038662 0.049807 0.231913 0.038273 0.023555 0.070535 0.076276 0.000152 0.003373 0.002512 0.003611 0.012784 0.016191 0.026687 0.005837 0.029514 0.004294 0.018960 0.001631 0.014073 0.008892 0.001536 0.020383 0.004897 0.002550 0.002550 0.013195 0.001499 0.013731 0.000551 0.011537 0.000419 0.002928 0.000051 0.004917 0.000841 0.005788 0.005403 0.001897 0.000200 0.002307 0.000530 0.003237 0.001659 0.002202 0.000128 0.001127 0.000887 0.001909 0.000313 0.000638 0.000076 0.000561 0.000055 0.001051 0.000221 0.000420 0.000117 0.000798 0.000449 
0.009556 0.013104 0.001244 0.033485 0.449049 0.006256 0.154104 0.947659 0.107149 0.015950 0.006415 0.007775 0.079611 0.004875 0.046730 0.001871 0.259449 0.395145 0.039930 0.001654 0.000413 0.000290 0.036203 0.001136 0.027867 0.028978 0.000327 0.098526 0.004707 0.001634 0.008473 0.002839 0.001371 0.006993 0.012421 0.000859 0.000211 0.010465 0.003002 0.003444 0.009498 0.000104 0.005682 0.000801 0.000274 0.000017 0.009834 0.000082 0.007065 0.001503 0.002237 0.000173 0.000909 0.000085 0.000547 0.003319 0.000881 0.000009 0.000102 0.000101 0.000159 0.000039 0.001355 0.000067 0.000070 0.000003 0.000326 -0.000000 0.000266 -0.000000 0.000378 0.000286 
0.003794 0.009300 0.000458 0.013492 0.308373 0.002502 0.060190 0.267926 0.362292 0.006768 0.002635 0.004259 0.029626 0.002278 0.019575 0.002041 0.168887 0.184921 0.017586 0.001639 0.000196 0.000170 0.082688 0.000681 0.018732 0.018545 0.000136 0.107636 0.003759 0.001161 0.012991 0.001679 0.001048 0.016301 0.011426 0.000716 0.000137 0.023433 0.002025 0.006220 0.014402 0.000089 0.006809 0.001550 0.000316 0.000016 0.024636 0.000049 0.010019 0.001341 0.004094 0.000405 0.000862 0.000196 0.000684 0.009828 0.001712 0.000026 0.000171 0.000076 0.000318 0.000026 0.003348 0.000117 0.000117 0.000006 0.000471 0.000013 0.000574 0.000017 0.000882 0.000613 
0.009978 0.000056 0.007025 0.026000 0.001900 0.014013 0.000713 0.004567 0.000487 0.007078 0.190391 0.033081 0.001860 0.004263 0.014293 0.082669 0.002034 0.004964 0.005300 0.000014 0.000785 0.000697 0.000437 0.007203 0.001176 0.002623 0.002946 0.003182 0.000542 0.007051 0.000279 0.003118 0.002016 0.000232 0.002986 0.001360 0.000906 0.000481 0.003002 0.000339 0.002323 0.000143 0.002082 0.000053 0.000969 0.000015 0.000760 0.000412 0.001477 0.001503 0.000399 0.000067 0.000652 0.000183 0.000684 0.000255 0.000538 0.000034 0.000376 0.000228 0.000955 0.000091 0.000239 0.000006 0.000304 0.000023 0.000362 0.000065 0.000028 0.000042 0.000336 0.000327 
0.010048 0.000186 0.004385 0.029250 0.004504 0.012762 0.001550 0.007497 0.001217 0.014563 0.078700 0.086814 0.004235 0.009371 0.030636 0.040654 0.004542 0.010963 0.010871 0.000034 0.001743 0.001451 0.000817 0.011519 0.003990 0.006332 0.004964 0.008736 0.001206 0.015004 0.000498 0.006817 0.005545 0.000616 0.007003 0.002566 0.002034 0.001059 0.006807 0.000677 0.005885 0.000339 0.004814 0.000296 0.002191 0.000032 0.003244 0.000808 0.003193 0.004428 0.001578 0.000141 0.001794 0.000498 0.002964 0.000638 0.002544 0.000145 0.001537 0.000989 0.001989 0.000418 0.000558 0.000052 0.000725 0.000098 0.001051 0.000221 0.000154 0.000134 0.001008 0.001103 
0.015670 0.004676 0.002618 0.043038 0.121604 0.010718 0.045910 0.393268 0.038900 0.029318 0.017985 0.021592 0.118379 0.011907 0.103839 0.012247 0.235724 0.752507 0.083323 0.001361 0.001220 0.001040 0.023204 0.004932 0.061278 0.074783 0.001609 0.158802 0.012563 0.007094 0.010074 0.009635 0.006714 0.008145 0.039550 0.004447 0.001623 0.011091 0.013439 0.006772 0.036495 0.000512 0.020298 0.001977 0.002317 0.000087 0.020074 0.000544 0.018042 0.007435 0.006252 0.000612 0.003915 0.000760 0.003875 0.005935 0.003963 0.000111 0.001161 0.001039 0.001750 0.000287 0.002312 0.000147 0.000608 0.000038 0.001449 0.000182 0.000952 0.000059 0.002099 0.001062 
0.010189 0.000250 0.002531 0.024720 0.004363 0.009968 0.001814 0.009883 0.001582 0.015616 0.034710 0.040609 0.004695 0.011392 0.042505 0.019051 0.004914 0.013928 0.013852 0.000038 0.001845 0.001244 0.001368 0.007690 0.004767 0.007840 0.003437 0.010420 0.001551 0.010705 0.000658 0.007576 0.005021 0.000596 0.007298 0.002535 0.001897 0.001083 0.006947 0.001151 0.007382 0.000352 0.007113 0.000345 0.002022 0.000029 0.002940 0.000610 0.003153 0.004631 0.001338 0.000152 0.001911 0.000491 0.003283 0.000893 0.002984 0.000111 0.001469 0.001267 0.002943 0.000339 0.000877 0.000067 0.000702 0.000081 0.001413 0.000234 0.000252 0.000176 0.000966 0.001103 
0.011664 0.000139 0.005301 0.026788 0.003659 0.014889 0.001163 0.006339 0.000912 0.013057 0.256375 0.063835 0.003650 0.008354 0.028150 0.179287 0.004135 0.011170 0.010359 0.000030 0.001809 0.001888 0.000760 0.022713 0.003507 0.006544 0.010911 0.007613 0.001165 0.020766 0.000468 0.008656 0.007077 0.000384 0.006487 0.003026 0.002213 0.000722 0.006563 0.000764 0.005368 0.000378 0.004727 0.000251 0.002865 0.000030 0.002180 0.001056 0.003193 0.004672 0.000659 0.000141 0.001445 0.000413 0.002508 0.000957 0.001859 0.000171 0.001571 0.000912 0.002546 0.000300 0.000558 0.000037 0.000514 0.000055 0.000978 0.000182 0.000252 0.000217 0.000588 0.001062 
0.010118 0.000028 0.009228 0.030530 0.000633 0.021604 0.000434 0.002658 0.000152 0.013918 0.904416 0.153868 0.001896 0.011184 0.025167 2.738801 0.000678 0.003034 0.008070 0.000004 0.004294 0.005357 0.000057 0.132060 0.000840 0.003136 0.071792 0.000998 0.000393 0.062683 0.000042 0.012654 0.006412 0.000020 0.003465 0.002147 0.003129 -0.000000 0.003630 0.000077 0.001549 0.000217 0.001648 -0.000000 0.001875 0.000009 0.000203 0.000874 0.000319 0.000853 0.000040 0.000008 0.000210 0.000052 0.000365 -0.000000 0.000049 0.000051 0.000171 0.000127 0.000398 -0.000000 -0.000000 -0.000000 0.000023 -0.000000 -0.000000 0.000026 -0.000000 0.000008 -0.000000 0.000082 
0.029723 0.000682 0.009141 0.084500 0.016608 0.036910 0.005985 0.043007 0.004562 0.078150 0.134259 0.167240 0.023052 0.060342 0.245708 0.085561 0.018166 0.054263 0.077692 0.000135 0.014609 0.009097 0.002813 0.043025 0.018921 0.037422 0.016666 0.034693 0.006258 0.057352 0.001779 0.042599 0.027644 0.001667 0.036232 0.013382 0.008587 0.002767 0.031277 0.002428 0.023074 0.001528 0.021599 0.000773 0.010469 0.000121 0.009124 0.002689 0.010658 0.014707 0.003455 0.000442 0.004940 0.001402 0.007568 0.002170 0.006409 0.000530 0.002664 0.002028 0.004932 0.000666 0.001754 0.000078 0.001426 0.000147 0.002536 0.000585 0.000700 0.000393 0.002057 0.001716 
0.009275 0.002695 0.001767 0.030136 0.073188 0.007882 0.022808 0.171211 0.036801 0.018318 0.014090 0.017779 0.055283 0.008563 0.067921 0.008675 0.272531 0.573171 0.054896 0.001824 0.000985 0.000955 0.027138 0.005289 0.075684 0.077979 0.002209 0.242915 0.015604 0.009802 0.014492 0.009955 0.008247 0.012299 0.050128 0.004570 0.002160 0.017009 0.019758 0.010196 0.051775 0.000675 0.032572 0.003181 0.003981 0.000121 0.034318 0.001188 0.029657 0.013163 0.009887 0.001030 0.006198 0.001290 0.006657 0.011615 0.009589 0.000282 0.003005 0.002078 0.004534 0.000835 0.005261 0.000336 0.001006 0.000142 0.003913 0.000403 0.001736 0.000268 0.004661 0.002738 
0.016794 0.001721 0.003338 0.047765 0.043631 0.014722 0.016063 0.117503 0.015511 0.036875 0.035856 0.037588 0.074561 0.016905 0.143050 0.021603 0.067447 0.227738 0.128252 0.000522 0.002514 0.002118 0.011289 0.012233 0.066885 0.106596 0.004801 0.116622 0.016634 0.021066 0.006190 0.021550 0.016010 0.005993 0.062513 0.009865 0.004931 0.008252 0.031452 0.006104 0.050949 0.001209 0.036996 0.002178 0.007352 0.000159 0.022912 0.001864 0.024987 0.019216 0.008628 0.001067 0.008482 0.002109 0.011079 0.006701 0.011888 0.000487 0.003928 0.003244 0.007955 0.001227 0.003985 0.000240 0.002151 0.000165 0.003623 0.000624 0.001694 0.000410 0.004241 0.004086 
0.016021 0.002602 0.002291 0.047962 0.070795 0.012971 0.025211 0.225737 0.023875 0.033981 0.021995 0.027634 0.128142 0.015300 0.144479 0.011907 0.161567 0.756506 0.146651 0.001090 0.001849 0.001603 0.017826 0.006879 0.133497 0.167267 0.002755 0.225256 0.024889 0.012726 0.010347 0.017691 0.010949 0.007448 0.074381 0.007238 0.002581 0.009286 0.024540 0.007439 0.056782 0.000892 0.035261 0.002141 0.004255 0.000129 0.021087 0.001105 0.023710 0.012025 0.006092 0.000764 0.005499 0.001041 0.005836 0.005233 0.005724 0.000188 0.001810 0.001267 0.002307 0.000418 0.003985 0.000178 0.000818 0.000075 0.002210 0.000234 0.000910 0.000192 0.001889 0.001839 
0.024875 0.001341 0.005629 0.078591 0.031386 0.021854 0.012776 0.105916 0.007634 0.079513 0.056590 0.078890 0.083349 0.042935 0.446363 0.037422 0.045043 0.177129 0.619366 0.000299 0.006141 0.005435 0.005093 0.020831 0.061215 0.145948 0.006928 0.082116 0.017751 0.032460 0.003688 0.048237 0.025365 0.002557 0.081974 0.017482 0.005774 0.003031 0.045520 0.003415 0.040934 0.001487 0.033482 0.000875 0.007962 0.000166 0.007350 0.001930 0.013132 0.014016 0.003236 0.000450 0.004940 0.001153 0.007067 0.001723 0.004110 0.000248 0.001810 0.000938 0.002227 0.000431 0.000797 0.000063 0.000514 0.000052 0.001159 0.000416 0.000504 0.000125 0.001176 0.001635 
0.022556 0.000928 0.006327 0.063227 0.018086 0.024440 0.006140 0.045597 0.005475 0.052514 0.078814 0.091321 0.024718 0.035598 0.202768 0.045247 0.023386 0.062054 0.086123 0.000172 0.007046 0.005948 0.004618 0.030273 0.022953 0.044357 0.012275 0.046861 0.007077 0.043294 0.002662 0.042320 0.027987 0.002496 0.043420 0.014926 0.007597 0.003729 0.035746 0.003134 0.031282 0.001693 0.026543 0.001069 0.010448 0.000161 0.011253 0.002969 0.014569 0.018810 0.004873 0.000591 0.007130 0.001650 0.010897 0.003510 0.009051 0.000478 0.004679 0.003168 0.008432 0.001462 0.002391 0.000121 0.002409 0.000208 0.003333 0.000742 0.000868 0.000543 0.003023 0.002779 
0.005411 0.000107 0.002465 0.016151 0.003167 0.007257 0.000961 0.007906 0.001004 0.007868 0.067244 0.034963 0.003384 0.005598 0.024919 0.067360 0.003525 0.009584 0.009094 0.000033 0.001719 0.002123 0.000912 0.035595 0.003696 0.006724 0.015084 0.006552 0.001382 0.028074 0.000510 0.009755 0.008388 0.000536 0.008367 0.003537 0.003077 0.000962 0.008552 0.000745 0.007175 0.000488 0.006115 0.000292 0.003834 0.000038 0.002129 0.001303 0.003153 0.006135 0.001158 0.000149 0.002120 0.000452 0.003237 0.000702 0.002691 0.000179 0.001605 0.001369 0.003421 0.000522 0.000877 0.000058 0.000585 0.000113 0.001087 0.000234 0.000350 0.000167 0.000798 0.001062 
0.023399 0.000645 0.005149 0.069727 0.014849 0.022771 0.007396 0.058411 0.004349 0.092713 0.090728 0.126631 0.050251 0.069333 0.568658 0.059535 0.023522 0.109766 0.321126 0.000157 0.014966 0.013135 0.002357 0.039326 0.043911 0.125955 0.013747 0.051478 0.015103 0.068788 0.002081 0.114005 0.050973 0.001405 0.102762 0.031089 0.008924 0.001371 0.064894 0.002157 0.037528 0.002053 0.035521 0.000518 0.010153 0.000212 0.005170 0.002903 0.009101 0.016048 0.001838 0.000277 0.004218 0.000851 0.005106 0.000766 0.003376 0.000290 0.001332 0.000989 0.001909 0.000248 0.000399 0.000026 0.000234 0.000029 0.001159 0.000286 0.000224 0.000050 0.000504 0.000695 
0.001124 0.000023 0.000262 0.002561 0.000211 0.001126 0.000093 0.001363 0.000243 0.001841 0.012028 0.006190 0.000585 0.001102 0.003977 0.021943 0.000542 0.002275 0.001897 0.000007 0.000242 0.000340 0.000304 0.008826 0.000630 0.001055 0.005919 0.001435 0.000223 0.006793 0.000119 0.001859 0.001875 0.000152 0.001585 0.000889 0.000664 0.000144 0.001571 0.000184 0.001910 0.000115 0.001475 0.000074 0.000864 0.000008 0.000659 0.000297 0.000838 0.001422 0.000300 0.000037 0.000466 0.000085 0.000684 0.000128 0.000832 -0.000000 0.000273 0.000380 0.001034 0.000131 0.000080 0.000011 0.000187 0.000020 0.000362 0.000052 0.000084 0.000067 0.000336 0.000041 
0.005973 0.001712 0.001527 0.017826 0.047853 0.004713 0.014296 0.086151 0.030962 0.012913 0.011456 0.012232 0.026950 0.005782 0.046047 0.006464 0.121946 0.207122 0.034208 0.001306 0.000765 0.000757 0.026682 0.004737 0.051576 0.055937 0.001691 0.232307 0.012963 0.008083 0.016051 0.009016 0.008045 0.013734 0.044009 0.005224 0.002055 0.020161 0.019479 0.012779 0.057195 0.000820 0.036258 0.003979 0.004655 0.000128 0.042682 0.001023 0.034966 0.017266 0.014381 0.001496 0.008412 0.001984 0.009666 0.011551 0.012622 0.000419 0.004030 0.004106 0.007716 0.001305 0.006855 0.000444 0.002175 0.000248 0.005544 0.000729 0.002562 0.000577 0.006676 0.004699 
0.001827 0.002046 0.000371 0.008568 0.064602 0.001543 0.014978 0.081380 0.137958 0.003611 0.002062 0.003813 0.015309 0.001911 0.014914 0.002211 0.108762 0.128176 0.015237 0.001372 0.000232 0.000214 0.256483 0.000844 0.028077 0.025089 0.000382 0.193184 0.007504 0.001677 0.035826 0.002759 0.001895 0.055026 0.023110 0.001360 0.000590 0.076312 0.006004 0.020479 0.041967 0.000247 0.019951 0.005812 0.001222 0.000055 0.089875 0.000198 0.033330 0.005728 0.016538 0.001538 0.004148 0.000825 0.002644 0.029932 0.005871 0.000111 0.000990 0.001242 0.002068 0.000261 0.013869 0.000544 0.000561 0.000029 0.003478 0.000130 0.002366 0.000159 0.005248 0.002779 
0.004357 0.000176 0.001462 0.009651 0.002463 0.004212 0.000853 0.006475 0.000791 0.007557 0.030815 0.020701 0.003331 0.004692 0.021501 0.025345 0.003898 0.011239 0.008251 0.000031 0.001442 0.002233 0.001026 0.022843 0.003633 0.005760 0.008456 0.009484 0.001334 0.026011 0.000617 0.010595 0.008085 0.000707 0.007482 0.003271 0.003277 0.000962 0.007715 0.000890 0.006711 0.000475 0.006159 0.000353 0.003644 0.000039 0.003092 0.001633 0.004031 0.006338 0.001158 0.000205 0.002190 0.000629 0.003602 0.001213 0.002446 0.000282 0.001673 0.001419 0.004137 0.000535 0.000478 0.000082 0.000818 0.000104 0.000942 0.000312 0.000280 0.000242 0.001008 0.001103 
0.004989 0.000640 0.001047 0.012212 0.015130 0.004421 0.005055 0.032647 0.007816 0.009398 0.012028 0.011440 0.014831 0.005133 0.032500 0.005103 0.028707 0.077981 0.024151 0.000239 0.000711 0.000775 0.006823 0.004218 0.041328 0.047885 0.002100 0.064769 0.008703 0.007997 0.003872 0.008456 0.007037 0.004022 0.032215 0.003946 0.002023 0.006183 0.014347 0.004295 0.028959 0.000734 0.023073 0.001636 0.003771 0.000090 0.017032 0.001122 0.016805 0.012838 0.006152 0.000735 0.006757 0.001454 0.007112 0.005744 0.008904 0.000290 0.003210 0.002966 0.007080 0.001266 0.003188 0.000236 0.001754 0.000205 0.004167 0.000703 0.001176 0.000543 0.004115 0.003187 
0.009064 0.001772 0.001571 0.023045 0.052217 0.006256 0.016141 0.119207 0.030809 0.018676 0.011456 0.014659 0.047026 0.007926 0.067175 0.008675 0.150450 0.370048 0.063569 0.001398 0.001212 0.001118 0.027499 0.005419 0.155274 0.132710 0.002100 0.507232 0.031371 0.009458 0.020148 0.013913 0.010525 0.014573 0.089420 0.007166 0.002613 0.019583 0.026425 0.015139 0.087547 0.000899 0.049920 0.004496 0.004592 0.000172 0.043239 0.001419 0.044785 0.018688 0.014141 0.001600 0.009880 0.001925 0.008252 0.011296 0.011644 0.000256 0.003210 0.003244 0.005250 0.000927 0.007572 0.000379 0.001988 0.000165 0.004928 0.000546 0.002128 0.000426 0.004661 0.003351 
0.015178 0.000659 0.004123 0.045401 0.016256 0.015640 0.007132 0.052958 0.004775 0.047923 0.062662 0.077108 0.036518 0.031910 0.231353 0.046268 0.028436 0.099838 0.159178 0.000218 0.008068 0.009149 0.004751 0.038223 0.053550 0.137173 0.013966 0.075626 0.021246 0.074292 0.003575 0.131756 0.074644 0.002931 0.145150 0.048938 0.015720 0.004330 0.115929 0.003986 0.070513 0.003976 0.070955 0.001286 0.020075 0.000391 0.011456 0.005427 0.022433 0.038027 0.004714 0.000684 0.011767 0.002882 0.013815 0.002617 0.010519 0.000718 0.005533 0.003701 0.008671 0.000992 0.001116 0.000149 0.001637 0.000176 0.003297 0.000742 0.000854 0.000418 0.002771 0.002697 
0.006535 0.001206 0.001593 0.021273 0.032442 0.005589 0.009892 0.069316 0.019526 0.015544 0.015007 0.016887 0.029094 0.007399 0.060712 0.011397 0.083342 0.195677 0.050861 0.000767 0.001206 0.001254 0.021646 0.006554 0.153762 0.139796 0.002864 0.432729 0.046507 0.012511 0.017913 0.016752 0.014941 0.014017 0.128048 0.009661 0.003867 0.018910 0.040039 0.018148 0.135141 0.001517 0.079846 0.005471 0.007920 0.000269 0.052110 0.002144 0.065182 0.029901 0.020013 0.002113 0.015286 0.003216 0.015547 0.014104 0.020156 0.000615 0.004952 0.004993 0.008830 0.001566 0.007174 0.000533 0.002806 0.000266 0.007428 0.000781 0.003276 0.000736 0.008146 0.006007 
0.000632 0.000014 0.000633 0.002955 0.000211 0.001543 0.000078 0.000477 0.000122 0.002272 0.032076 0.014263 0.000602 0.001874 0.008141 0.051541 0.000610 0.001103 0.002951 0.000003 0.000805 0.001801 0.000038 0.108244 0.000693 0.001176 0.208913 0.000811 0.000312 0.131386 0.000030 0.011015 0.012219 0.000030 0.002764 0.003394 0.013002 0.000024 0.005690 0.000048 0.001239 0.000519 0.002429 0.000025 0.009100 0.000016 0.000253 0.006730 0.000439 0.002722 0.000080 0.000024 0.000676 0.000183 0.001641 -0.000000 0.000881 0.000196 0.001093 0.000456 0.001193 0.000091 0.000080 0.000009 0.000047 0.000012 0.000181 0.000208 0.000014 0.000042 0.000126 0.000041 
0.003513 0.001099 0.000611 0.010045 0.029768 0.003086 0.008621 0.058820 0.031205 0.007198 0.008019 0.008865 0.018268 0.003834 0.033619 0.003912 0.078563 0.147137 0.028427 0.000880 0.000657 0.000669 0.042665 0.003504 0.070539 0.069747 0.001828 0.479340 0.023203 0.006535 0.051462 0.010055 0.007501 0.033329 0.093105 0.005653 0.001844 0.040273 0.024959 0.043716 0.170552 0.001107 0.083836 0.011664 0.004761 0.000228 0.114258 0.001155 0.106934 0.025067 0.034134 0.003465 0.017127 0.003163 0.012675 0.025975 0.021771 0.000427 0.004508 0.004588 0.008194 0.001814 0.015942 0.000812 0.002479 0.000266 0.009529 0.000624 0.004242 0.000543 0.011421 0.008173 
0.005340 0.000264 0.001396 0.013197 0.007671 0.005964 0.002326 0.016699 0.003102 0.010331 0.021078 0.021543 0.007672 0.006676 0.035669 0.014629 0.012066 0.026752 0.022675 0.000088 0.001516 0.002036 0.002794 0.013758 0.013482 0.022586 0.006901 0.027892 0.004870 0.027429 0.002063 0.037462 0.032705 0.001991 0.033984 0.022000 0.008324 0.003440 0.047509 0.003086 0.029630 0.002164 0.029622 0.001204 0.013692 0.000180 0.012673 0.003035 0.015447 0.023767 0.005872 0.000692 0.008645 0.002345 0.016596 0.003510 0.012671 0.000718 0.007616 0.004841 0.013524 0.002310 0.001913 0.000197 0.003367 0.000335 0.005326 0.001158 0.001316 0.000861 0.003905 0.003719 
0.000984 0.000028 0.000196 0.002265 0.000915 0.001209 0.000140 0.002249 0.000365 0.000909 0.004697 0.003219 0.000691 0.000931 0.004598 0.004423 0.001085 0.002000 0.002228 0.000007 0.000200 0.000432 0.000266 0.008079 0.001449 0.002201 0.005592 0.002371 0.000440 0.017283 0.000190 0.004698 0.005263 0.000212 0.003465 0.002433 0.006058 0.000289 0.005760 0.000193 0.003562 0.000519 0.003817 0.000111 0.007562 0.000026 0.001065 0.007274 0.001876 0.004631 0.000599 0.000093 0.001282 0.000511 0.003739 0.000383 0.002250 0.000273 0.002152 0.000912 0.003182 0.000535 0.000159 0.000028 0.000748 0.000092 0.000688 0.000585 0.000280 0.000276 0.000672 0.000695 
0.000281 0.000515 0.000175 0.001970 0.014638 0.000667 0.003566 0.022219 0.028316 0.001770 0.001718 0.001337 0.005546 0.000772 0.007768 0.000851 0.031215 0.045851 0.007016 0.000387 0.000132 0.000173 0.064900 0.000649 0.016359 0.016585 0.000327 0.118556 0.005601 0.001376 0.026339 0.002399 0.002198 0.113054 0.029082 0.001493 0.000611 0.183395 0.010053 0.067446 0.074849 0.000365 0.036605 0.025824 0.001580 0.000089 0.459768 0.000346 0.101306 0.012919 0.062575 0.005422 0.012723 0.002017 0.006793 0.089412 0.019031 0.000171 0.001878 0.003472 0.004455 0.000914 0.041767 0.001976 0.001964 0.000165 0.010906 0.000390 0.009016 0.000176 0.016081 0.009807 
0.000562 0.000227 0.000087 0.002462 0.006334 0.001001 0.001628 0.012609 0.007239 0.002894 0.002635 0.002922 0.005387 0.001188 0.013112 0.002041 0.018336 0.036198 0.011744 0.000192 0.000336 0.000400 0.012771 0.001720 0.028749 0.034436 0.000900 0.124484 0.013965 0.003697 0.012268 0.008036 0.007138 0.014027 0.113230 0.006042 0.002329 0.022013 0.041750 0.038569 0.621915 0.001806 0.307718 0.015207 0.007499 0.000610 0.110963 0.001732 0.545848 0.075444 0.083587 0.011979 0.073167 0.011035 0.038389 0.028719 0.084393 0.000846 0.011919 0.013383 0.013683 0.003589 0.017297 0.001566 0.007062 0.000477 0.031015 0.001132 0.011045 0.000970 0.027166 0.021208 
0.001686 0.000506 0.000393 0.005121 0.011963 0.001793 0.003225 0.019629 0.011801 0.004878 0.006186 0.006289 0.007105 0.002438 0.015970 0.004423 0.024301 0.046058 0.011654 0.000241 0.000437 0.000495 0.019137 0.003147 0.022134 0.025631 0.001037 0.099088 0.008357 0.006707 0.011568 0.007017 0.007743 0.019676 0.052708 0.004672 0.002444 0.035847 0.024261 0.044635 0.150885 0.001224 0.089735 0.022141 0.006656 0.000264 0.177571 0.001617 0.269272 0.038230 0.095471 0.009347 0.031830 0.006543 0.026489 0.043334 0.049804 0.000812 0.011373 0.011026 0.020365 0.004033 0.026942 0.001729 0.006501 0.000650 0.022971 0.001561 0.011087 0.001346 0.028762 0.021453 
0.000141 0.000162 0.000022 0.000492 0.004293 0.000250 0.001333 0.006952 0.015329 0.000335 0.000115 0.000297 0.001205 0.000159 0.001740 -0.000000 0.010676 0.012893 0.001476 0.000142 0.000042 0.000030 0.036697 0.000097 0.006384 0.005518 0.000027 0.050854 0.002188 0.000086 0.011995 0.000600 0.000565 0.061433 0.012016 0.000480 0.000190 0.222875 0.002548 0.049510 0.048213 0.000115 0.021425 0.031393 0.000463 0.000052 1.063955 0.000132 0.097953 0.005972 0.126090 0.009802 0.011860 0.001408 0.005471 0.219413 0.025783 0.000103 0.001229 0.003143 0.001511 0.000431 0.104976 0.004654 0.002011 0.000064 0.015616 0.000130 0.018171 0.000125 0.029140 0.015038 
0.001616 0.000172 0.000480 0.006106 0.002745 0.001251 0.001116 0.006816 0.001825 0.005213 0.010539 0.009013 0.004394 0.003307 0.021998 0.008675 0.005931 0.018478 0.013551 0.000050 0.000903 0.001461 0.002338 0.013011 0.010605 0.021741 0.006628 0.026082 0.005344 0.037103 0.001832 0.031485 0.049480 0.001829 0.056578 0.028942 0.027732 0.003657 0.179705 0.003289 0.064370 0.020790 0.092597 0.001406 0.111538 0.001054 0.013484 0.023291 0.029019 0.269477 0.007969 0.001488 0.049772 0.018063 0.123282 0.003893 0.054207 0.006937 0.045321 0.023851 0.073584 0.011172 0.003348 0.000323 0.012253 0.001375 0.015145 0.008639 0.002338 0.004247 0.010119 0.009766 
0.001686 0.000088 0.000524 0.005023 0.001619 0.002169 0.000651 0.005453 0.000912 0.003348 0.011570 0.008716 0.002498 0.002585 0.013671 0.009866 0.003254 0.010687 0.007980 0.000027 0.000759 0.001329 0.001083 0.016710 0.005061 0.009770 0.008810 0.011044 0.002086 0.043939 0.000984 0.022569 0.037100 0.000819 0.024437 0.016142 0.037436 0.001395 0.064684 0.001490 0.024571 0.007221 0.033049 0.000575 0.194743 0.000325 0.005221 0.068456 0.012813 0.077434 0.003935 0.000620 0.017989 0.007807 0.062416 0.002170 0.026419 0.008688 0.032991 0.016855 0.058151 0.007570 0.001275 0.000139 0.009775 0.001211 0.008478 0.008236 0.001176 0.003419 0.004955 0.004985 
0.001686 0.000380 0.000349 0.005712 0.008374 0.001501 0.002481 0.018062 0.011709 0.003850 0.004926 0.003566 0.006574 0.002205 0.014790 0.003742 0.019861 0.039163 0.011082 0.000205 0.000306 0.000412 0.017123 0.002790 0.019551 0.023611 0.001064 0.085547 0.007585 0.006234 0.010626 0.006577 0.006714 0.017897 0.046405 0.004795 0.002455 0.036929 0.022725 0.038995 0.144639 0.001168 0.089474 0.021405 0.006319 0.000275 0.181880 0.001683 0.288192 0.039245 0.132421 0.012312 0.036047 0.006687 0.029726 0.046014 0.061839 0.000854 0.012090 0.013864 0.020365 0.004476 0.032920 0.002071 0.007997 0.000743 0.030001 0.001769 0.014097 0.001513 0.032709 0.023333 
0.002670 0.000172 0.000611 0.006894 0.004152 0.001335 0.001271 0.007906 0.002311 0.003802 0.008248 0.007577 0.004111 0.002291 0.015287 0.005443 0.006406 0.016272 0.008883 0.000059 0.000553 0.000803 0.002908 0.007593 0.008505 0.013539 0.003055 0.021028 0.003346 0.012640 0.001571 0.012474 0.015828 0.001910 0.025211 0.009078 0.007344 0.004306 0.043041 0.003270 0.034430 0.003466 0.038123 0.001352 0.020643 0.000330 0.012622 0.005196 0.018122 0.072559 0.006631 0.001073 0.020156 0.006562 0.037523 0.003829 0.027299 0.001965 0.019160 0.011887 0.035241 0.005664 0.003427 0.000279 0.007249 0.000901 0.010399 0.003201 0.002632 0.002441 0.007474 0.006988 
0.003162 0.000343 0.000785 0.009258 0.008022 0.002210 0.002155 0.018743 0.006630 0.006504 0.009394 0.009508 0.007389 0.003332 0.023490 0.006464 0.015591 0.039646 0.017586 0.000162 0.000671 0.000929 0.008286 0.006230 0.022323 0.032386 0.003000 0.066828 0.009753 0.013629 0.005580 0.015413 0.015687 0.007802 0.079025 0.011419 0.006469 0.012919 0.060041 0.013863 0.194865 0.003013 0.236242 0.006173 0.018326 0.000805 0.053885 0.005031 0.113920 0.115949 0.032576 0.005182 0.074332 0.015102 0.070760 0.017231 0.086888 0.002341 0.027766 0.024332 0.047491 0.008496 0.011637 0.001042 0.012791 0.001387 0.028805 0.004137 0.009170 0.003361 0.026620 0.023578 
0.002881 0.000260 0.000611 0.007189 0.005489 0.002586 0.001566 0.011382 0.002829 0.005739 0.010768 0.009905 0.005174 0.003001 0.019823 0.006464 0.009083 0.020960 0.011714 0.000089 0.000707 0.001056 0.003687 0.007722 0.012411 0.020746 0.003846 0.032135 0.005100 0.020937 0.002544 0.018131 0.022099 0.003082 0.044968 0.014241 0.010220 0.005846 0.075296 0.005040 0.067106 0.005689 0.077591 0.002269 0.034630 0.000725 0.022355 0.009287 0.036563 0.274230 0.012323 0.001993 0.048211 0.016327 0.092644 0.007595 0.062818 0.003673 0.037670 0.025270 0.063958 0.011955 0.006536 0.000520 0.015738 0.001855 0.021377 0.006167 0.004116 0.004640 0.015536 0.016264 
0.001757 0.000125 0.000305 0.004136 0.002604 0.002169 0.000837 0.006748 0.001612 0.003635 0.007561 0.007627 0.002746 0.002389 0.014168 0.005613 0.005423 0.011170 0.007408 0.000039 0.000555 0.000918 0.001995 0.009215 0.006909 0.011187 0.004419 0.016161 0.002716 0.022829 0.001162 0.014233 0.020425 0.001344 0.023074 0.010356 0.014361 0.002646 0.046462 0.002312 0.030611 0.004345 0.034090 0.000949 0.064669 0.000294 0.010442 0.022021 0.016246 0.072925 0.005373 0.000937 0.022789 0.008265 0.072127 0.004084 0.033708 0.007364 0.039788 0.020556 0.070800 0.010911 0.002790 0.000258 0.013961 0.001829 0.012392 0.008730 0.002170 0.004916 0.009237 0.009685 
0.001686 0.000079 0.000284 0.002856 0.001970 0.001460 0.000620 0.005453 0.001429 0.003204 0.006988 0.006884 0.002534 0.002033 0.010875 0.004763 0.003423 0.010342 0.007257 0.000036 0.000505 0.000810 0.001216 0.009475 0.005586 0.009257 0.004637 0.012542 0.002465 0.022829 0.001050 0.014373 0.020526 0.001091 0.021857 0.010029 0.015899 0.002358 0.042029 0.001828 0.024365 0.004269 0.028668 0.000764 0.069935 0.000258 0.007553 0.030236 0.013132 0.067359 0.004913 0.000809 0.021531 0.007859 0.071261 0.003063 0.033072 0.009653 0.041700 0.019947 0.077084 0.010415 0.001674 0.000197 0.013820 0.001736 0.012319 0.009810 0.002016 0.004983 0.007852 0.008295 
0.000422 0.000246 0.000065 0.001674 0.005841 0.000375 0.001364 0.009133 0.012135 0.000909 0.000687 0.001040 0.002179 0.000416 0.003604 0.000170 0.010303 0.016134 0.002921 0.000134 0.000048 0.000083 0.025314 0.000487 0.006174 0.006513 0.000218 0.035941 0.002255 0.000860 0.006522 0.000880 0.001512 0.025244 0.012716 0.001002 0.000580 0.108767 0.005027 0.018728 0.037115 0.000263 0.022336 0.010407 0.001264 0.000067 0.208695 0.000363 0.059594 0.009750 0.057722 0.005919 0.012606 0.002201 0.009164 0.386622 0.029012 0.000214 0.004337 0.005095 0.007716 0.001344 0.176555 0.005536 0.003274 0.000222 0.019602 0.000585 0.023827 0.000560 0.038419 0.021535 
0.000913 0.000107 0.000175 0.001477 0.001759 0.000375 0.000574 0.003953 0.001977 0.000837 0.001489 0.001535 0.001258 0.000612 0.002175 0.001871 0.003796 0.006964 0.002108 0.000038 0.000082 0.000074 0.002832 0.000811 0.002394 0.003950 0.000409 0.010108 0.000948 0.001161 0.001156 0.001239 0.001311 0.002941 0.005861 0.000900 0.000411 0.007795 0.003212 0.003221 0.011769 0.000158 0.007894 0.001763 0.000927 0.000029 0.025498 0.000297 0.012374 0.003941 0.008848 0.001019 0.003821 0.000740 0.004833 0.014423 0.007290 0.000273 0.002322 0.002205 0.004296 0.000705 0.012116 0.000537 0.001473 0.000147 0.004529 0.000455 0.002730 0.000418 0.005878 0.004209 
0.001827 0.000135 0.000633 0.004235 0.003730 0.001543 0.000961 0.006270 0.002159 0.003802 0.008019 0.007032 0.003384 0.002389 0.014106 0.006974 0.007050 0.015307 0.009546 0.000054 0.000557 0.000863 0.002281 0.007528 0.008148 0.013781 0.003928 0.019905 0.003495 0.021238 0.001773 0.014813 0.020869 0.001920 0.029598 0.011951 0.011832 0.003681 0.057703 0.003792 0.046561 0.005142 0.056903 0.001578 0.047922 0.000476 0.015664 0.014236 0.029298 0.154016 0.009887 0.001751 0.046626 0.019143 0.167552 0.005361 0.072553 0.008910 0.077458 0.039515 0.126246 0.019002 0.004464 0.000518 0.024226 0.003086 0.023551 0.012568 0.003822 0.007466 0.014192 0.017612 
0.000141 0.000019 0.000131 0.000295 0.000141 0.000334 0.000186 0.001295 0.000274 0.000622 0.001260 0.001139 0.000514 0.000429 0.002548 0.000680 0.000813 0.001931 0.001205 0.000010 0.000096 0.000131 0.000247 0.001785 0.001113 0.001568 0.000600 0.002496 0.000372 0.003740 0.000219 0.002059 0.002803 0.000323 0.002728 0.001349 0.002118 0.000289 0.005341 0.000368 0.004181 0.000456 0.004727 0.000095 0.006762 0.000033 0.002028 0.006285 0.002155 0.007638 0.000959 0.000122 0.003239 0.001126 0.008526 0.000638 0.004697 0.002349 0.006284 0.003219 0.014399 0.001827 0.000478 0.000050 0.002268 0.000344 0.001812 0.002043 0.000448 0.001104 0.001218 0.001348 
0.000422 0.000074 0.000284 0.001674 0.002252 0.000584 0.000760 0.006202 0.003650 0.001602 0.002406 0.002030 0.002463 0.000882 0.007892 0.002381 0.007456 0.015238 0.006565 0.000079 0.000192 0.000244 0.006233 0.001785 0.011340 0.016193 0.001091 0.046674 0.005520 0.004858 0.004868 0.006757 0.007299 0.006821 0.053224 0.005725 0.003034 0.014627 0.041296 0.015120 0.196723 0.002433 0.197121 0.007743 0.012512 0.000684 0.072032 0.002969 0.195188 0.139431 0.069366 0.015815 0.236976 0.031809 0.110197 0.030570 0.290948 0.001896 0.033470 0.043697 0.050833 0.011237 0.022558 0.002758 0.023384 0.001630 0.088697 0.003682 0.021615 0.003294 0.071925 0.062766 
0.000843 0.000023 0.000262 0.001182 0.001196 0.000792 0.000372 0.002454 0.000426 0.001889 0.004353 0.003417 0.001169 0.001139 0.007581 0.003742 0.002610 0.005033 0.003614 0.000014 0.000298 0.000462 0.000893 0.004835 0.003108 0.004734 0.002891 0.006677 0.001280 0.014575 0.000522 0.008076 0.011392 0.000627 0.012274 0.006420 0.010589 0.000986 0.026984 0.001248 0.018170 0.002850 0.019517 0.000448 0.048154 0.000192 0.004816 0.027250 0.009420 0.052165 0.003515 0.000578 0.016125 0.007014 0.077462 0.002489 0.027348 0.026064 0.057581 0.022279 0.110336 0.012646 0.002152 0.000160 0.014732 0.002514 0.009058 0.019464 0.001498 0.007081 0.006130 0.006252 
0.001827 0.000111 0.000393 0.002758 0.003308 0.001460 0.001225 0.007088 0.001886 0.002583 0.005728 0.005002 0.002552 0.001997 0.010688 0.004593 0.006338 0.014824 0.007739 0.000048 0.000417 0.000610 0.002927 0.005776 0.006804 0.010192 0.002455 0.019094 0.003054 0.013070 0.001862 0.011075 0.013086 0.002254 0.024695 0.007872 0.007038 0.004547 0.038643 0.003347 0.042018 0.003262 0.046884 0.001648 0.026900 0.000341 0.018249 0.008512 0.025147 0.109448 0.010586 0.001703 0.047139 0.020283 0.201929 0.006765 0.079452 0.006595 0.080361 0.046941 0.132531 0.021521 0.005898 0.000509 0.027056 0.003302 0.028044 0.011397 0.004298 0.008244 0.017257 0.019001 
0.000632 0.000014 0.000109 0.001379 0.000493 0.000918 0.000264 0.002249 0.000639 0.001339 0.003437 0.002922 0.001435 0.000772 0.005096 0.002892 0.001695 0.004344 0.004306 0.000014 0.000286 0.000573 0.000608 0.005873 0.003465 0.005669 0.003191 0.006552 0.001490 0.018272 0.000528 0.010155 0.016534 0.000475 0.016107 0.009099 0.014730 0.001251 0.044123 0.001258 0.024158 0.005077 0.032572 0.000485 0.079835 0.000318 0.006539 0.036422 0.012134 0.116070 0.004674 0.000833 0.031504 0.014670 0.179543 0.001787 0.052201 0.036350 0.133537 0.042049 0.215979 0.025071 0.001674 0.000193 0.026845 0.004149 0.015689 0.035453 0.002184 0.013277 0.008733 0.010870 
0.000211 0.000060 0.000044 0.000788 0.001267 0.000083 0.000527 0.002181 0.002768 0.000215 0.000687 0.000792 0.000815 0.000380 0.002361 0.000510 0.004304 0.009308 0.002409 0.000052 0.000076 0.000115 0.005587 0.000552 0.005271 0.007086 0.000273 0.027143 0.002993 0.001247 0.003516 0.002499 0.002722 0.006336 0.027312 0.002474 0.001001 0.018838 0.016442 0.014540 0.133695 0.000886 0.117405 0.008339 0.005498 0.000365 0.102092 0.001320 0.207083 0.074712 0.104239 0.031920 0.154093 0.020754 0.076139 0.061267 0.366926 0.001239 0.022028 0.042151 0.031741 0.008588 0.043999 0.005670 0.023384 0.001332 0.162068 0.001821 0.049725 0.002650 0.161191 0.113518 
0.000141 0.000051 -0.000000 0.000098 0.001126 -0.000000 0.000217 0.001908 0.006204 0.000143 0.000115 0.000050 0.000443 0.000012 0.000186 -0.000000 0.002644 0.003930 0.000753 0.000045 0.000010 0.000014 0.014386 -0.000000 0.001617 0.001327 0.000027 0.012480 0.000657 0.000129 0.002787 0.000080 0.000222 0.015038 0.003723 0.000184 0.000084 0.086369 0.001082 0.009771 0.016467 0.000054 0.009932 0.006408 0.000358 0.000023 0.166267 0.000033 0.034447 0.004835 0.048594 0.005847 0.008389 0.001231 0.003602 1.400466 0.023630 0.000103 0.001229 0.002357 0.002148 0.000613 0.554294 0.011563 0.002011 0.000081 0.019058 0.000104 0.034872 0.000184 0.047320 0.020636 
0.001124 0.000083 0.000240 0.002364 0.002745 0.000792 0.000791 0.004635 0.002768 0.002320 0.003551 0.002724 0.002552 0.001262 0.007643 0.002041 0.006236 0.014824 0.006053 0.000047 0.000240 0.000347 0.003535 0.003439 0.005901 0.011037 0.000982 0.021028 0.003251 0.006492 0.002152 0.007336 0.008106 0.003426 0.025101 0.005285 0.003920 0.007410 0.029637 0.006327 0.059672 0.002025 0.059462 0.002704 0.013144 0.000341 0.030263 0.003876 0.050613 0.090029 0.019933 0.004035 0.116461 0.031384 0.173115 0.014679 0.372111 0.003913 0.072745 0.090055 0.127519 0.026676 0.011797 0.001330 0.046699 0.004143 0.087175 0.008535 0.012179 0.008954 0.047908 0.057944 
0.000773 0.000088 0.000371 0.002856 0.002111 0.000876 0.000620 0.004158 0.000973 0.001674 0.003895 0.003120 0.001630 0.001053 0.006960 0.002552 0.003457 0.007998 0.003975 0.000028 0.000224 0.000345 0.001786 0.002336 0.003969 0.006724 0.001255 0.013228 0.001673 0.006965 0.000860 0.004858 0.007158 0.001385 0.012901 0.003691 0.003783 0.002670 0.018850 0.002196 0.020958 0.001459 0.024765 0.000999 0.013966 0.000161 0.009986 0.004586 0.013492 0.045502 0.006371 0.001006 0.022253 0.008612 0.099893 0.004467 0.045548 0.006817 0.113216 0.041036 0.185909 0.025776 0.003348 0.000327 0.029558 0.004083 0.020906 0.014897 0.003094 0.010986 0.010959 0.014384 
0.000070 0.000005 -0.000000 0.000098 0.000141 -0.000000 0.000047 0.000273 0.000182 0.000048 -0.000000 0.000149 0.000089 0.000037 0.000373 0.000170 0.000203 0.001310 0.000542 0.000008 0.000012 0.000037 0.000513 0.000389 0.000777 0.001206 0.000082 0.003182 0.000596 0.001075 0.000374 0.000920 0.001674 0.000687 0.007224 0.001022 0.001212 0.002406 0.009739 0.001635 0.028442 0.000899 0.034740 0.000954 0.009163 0.000188 0.009733 0.002639 0.028181 0.078531 0.011225 0.003391 0.136733 0.048719 0.387947 0.006637 0.785025 0.003947 0.121549 0.390585 0.165146 0.057542 0.006138 0.000893 0.124499 0.005689 0.165691 0.008145 0.009995 0.009957 0.054332 0.078784 
0.000773 0.000046 0.000305 0.001871 0.001970 0.000667 0.000450 0.004771 0.001217 0.001578 0.003208 0.002080 0.001825 0.000943 0.006463 0.001701 0.003118 0.007791 0.003824 0.000030 0.000204 0.000292 0.001634 0.002369 0.004074 0.006302 0.001064 0.010171 0.001686 0.005159 0.001044 0.004218 0.004738 0.001597 0.012274 0.003333 0.002982 0.002815 0.015325 0.002273 0.019822 0.001135 0.021772 0.001007 0.009290 0.000130 0.011355 0.002920 0.014250 0.037295 0.006112 0.001113 0.023348 0.008462 0.092325 0.005552 0.055919 0.004306 0.100955 0.058676 0.170158 0.031466 0.004225 0.000405 0.035404 0.004319 0.024312 0.010473 0.003276 0.009874 0.014528 0.017653 
0.000211 0.000070 -0.000000 0.000197 0.002182 0.000125 0.000543 0.002999 0.004988 0.000359 0.000458 0.000446 0.000992 0.000147 0.002299 0.000170 0.004881 0.007722 0.001506 0.000057 0.000036 0.000053 0.009141 0.000292 0.003213 0.003709 0.000082 0.020342 0.001287 0.000516 0.002959 0.001000 0.000867 0.009803 0.006487 0.000562 0.000369 0.040490 0.004119 0.009712 0.025965 0.000202 0.016958 0.005939 0.001116 0.000055 0.107110 0.000231 0.042830 0.010807 0.043961 0.006148 0.013631 0.002233 0.010851 0.371177 0.034931 0.000239 0.004201 0.006691 0.007080 0.001840 0.357334 0.015504 0.004326 0.000326 0.031269 0.000468 0.047457 0.000652 0.072723 0.035755 
0.000281 0.000070 0.000044 0.000394 0.002322 0.000125 0.000357 0.002658 0.004593 0.000215 0.000344 0.000297 0.000815 0.000122 0.000994 -0.000000 0.002745 0.006274 0.001054 0.000043 0.000022 0.000025 0.008666 0.000260 0.002646 0.002593 0.000055 0.013478 0.000948 0.000344 0.002550 0.000620 0.000403 0.008812 0.005566 0.000470 0.000221 0.039407 0.001885 0.007729 0.018480 0.000104 0.011580 0.004546 0.000737 0.000035 0.093170 0.000148 0.031613 0.006582 0.034893 0.004618 0.009204 0.001703 0.006474 0.598376 0.022700 0.000111 0.002698 0.003929 0.004216 0.000979 0.609133 0.011334 0.002946 0.000185 0.020471 0.000247 0.036034 0.000418 0.051435 0.024191 
0.000141 0.000028 0.000131 0.000098 0.000493 0.000375 0.000155 0.001091 0.000821 0.000598 0.001260 0.000990 0.000709 0.000245 0.001554 0.000340 0.001932 0.004275 0.001957 0.000017 0.000096 0.000133 0.001482 0.001006 0.002520 0.003076 0.000518 0.008424 0.001314 0.002924 0.000883 0.002839 0.003569 0.001364 0.011389 0.002300 0.002286 0.004090 0.014382 0.003038 0.031282 0.001111 0.033482 0.001607 0.009732 0.000179 0.017134 0.002738 0.029458 0.059762 0.013162 0.002925 0.068483 0.023243 0.189938 0.009764 0.341926 0.004468 0.117348 0.294599 0.221309 0.063454 0.009485 0.001127 0.149287 0.009289 0.148227 0.013062 0.011815 0.017850 0.060043 0.086140 
-0.000000 -0.000000 -0.000000 0.000098 0.000070 0.000125 0.000047 0.000136 0.000182 0.000072 0.000458 0.000099 0.000089 0.000061 0.000373 0.000170 0.000339 0.000414 0.000181 0.000002 0.000010 0.000028 0.000076 0.000097 0.000210 0.000362 0.000027 0.000250 0.000095 0.000344 0.000053 0.000300 0.000524 0.000040 0.000553 0.000266 0.000158 0.000144 0.000873 0.000116 0.000723 0.000078 0.000954 0.000037 0.000611 0.000005 0.000608 0.000264 0.000559 0.001056 0.000320 0.000043 0.000792 0.000216 0.002234 -0.000000 0.001027 0.002195 0.002903 0.001369 0.006523 0.000848 -0.000000 0.000011 0.001216 0.000185 0.000507 0.001952 0.000140 0.000560 0.000546 0.000572 
-0.000000 0.000032 -0.000000 0.000098 0.000774 -0.000000 0.000233 0.001022 0.002981 0.000048 -0.000000 0.000248 0.000284 0.000024 0.000373 -0.000000 0.002034 0.002137 0.000422 0.000029 0.000004 0.000012 0.007089 -0.000000 0.001071 0.001387 -0.000000 0.008174 0.000528 0.000129 0.001542 0.000220 0.000222 0.008388 0.003575 0.000092 0.000021 0.039648 0.001082 0.006288 0.012492 0.000069 0.009845 0.004439 0.000316 0.000023 0.099557 0.000099 0.027223 0.004591 0.037929 0.005392 0.008901 0.001284 0.004559 0.575018 0.026419 0.000068 0.001537 0.003726 0.001909 0.000744 0.802506 0.022045 0.002642 0.000116 0.023913 0.000195 0.058083 0.000293 0.069070 0.031056 
0.000211 0.000037 0.000131 0.000788 0.001337 0.000292 0.000233 0.002794 0.001247 0.000741 0.000916 0.001090 0.001134 0.000392 0.003480 0.001021 0.003152 0.005033 0.002258 0.000030 0.000104 0.000186 0.002281 0.001363 0.003276 0.005126 0.000846 0.011606 0.001625 0.003181 0.001263 0.003178 0.004033 0.002011 0.012090 0.002402 0.002034 0.004739 0.014173 0.003744 0.033604 0.001144 0.034740 0.001800 0.008026 0.000182 0.022507 0.002771 0.033409 0.051271 0.015479 0.003479 0.061679 0.017054 0.121504 0.012573 0.298628 0.004024 0.074658 0.146045 0.157907 0.040771 0.011717 0.001510 0.108878 0.006891 0.192286 0.011696 0.014587 0.014623 0.078895 0.115725 
0.000703 0.000060 0.000065 0.001576 0.002604 0.000584 0.000481 0.002931 0.001673 0.001483 0.002062 0.002030 0.001364 0.000735 0.004412 0.001531 0.003728 0.007929 0.002981 0.000036 0.000178 0.000182 0.002109 0.001882 0.003528 0.004915 0.000655 0.010857 0.001564 0.003353 0.001091 0.002839 0.004254 0.001920 0.010284 0.002525 0.002065 0.004860 0.011799 0.002951 0.024984 0.000818 0.026370 0.001521 0.006130 0.000128 0.017640 0.002095 0.023191 0.030876 0.011305 0.001919 0.031201 0.009536 0.071763 0.008999 0.125782 0.002802 0.051810 0.076419 0.117814 0.026350 0.007094 0.000940 0.067745 0.005495 0.094277 0.008431 0.009170 0.011395 0.045641 0.067302 
0.000351 0.000037 0.000131 0.000985 0.000915 0.000709 0.000403 0.002317 0.001004 0.000717 0.001833 0.001436 0.001099 0.000576 0.002610 0.001191 0.002169 0.005654 0.001777 0.000020 0.000128 0.000156 0.001558 0.001460 0.002730 0.004433 0.000655 0.008860 0.001266 0.002838 0.000830 0.002819 0.003488 0.001556 0.010431 0.002147 0.001802 0.003705 0.010472 0.002554 0.022919 0.000842 0.023941 0.001286 0.006656 0.000126 0.015309 0.002392 0.020437 0.034573 0.009687 0.001823 0.034579 0.010721 0.085987 0.009190 0.137475 0.003793 0.071174 0.117353 0.181374 0.040680 0.008051 0.000869 0.144680 0.008729 0.103045 0.013895 0.009128 0.018544 0.043457 0.072614 
0.000351 0.000088 0.000131 0.001280 0.001900 0.000375 0.000450 0.003272 0.002555 0.000909 0.001031 0.001189 0.001099 0.000416 0.002859 0.000851 0.004169 0.007515 0.002650 0.000037 0.000078 0.000106 0.003231 0.000454 0.002898 0.004131 0.000273 0.012168 0.001341 0.001677 0.001429 0.001759 0.001815 0.002981 0.006929 0.001022 0.000695 0.008276 0.005865 0.004382 0.016105 0.000326 0.013965 0.002067 0.001917 0.000053 0.027677 0.000528 0.020197 0.009710 0.014720 0.002268 0.010253 0.002253 0.013039 0.037207 0.031017 0.000342 0.005567 0.007781 0.014001 0.002767 0.037064 0.006870 0.005425 0.000523 0.026740 0.000937 0.049795 0.001246 0.062982 0.035714 
0.000070 0.000014 0.000022 0.000394 0.000704 0.000083 0.000217 0.001568 0.001369 0.000167 0.000229 0.000347 0.000390 0.000159 0.001056 -0.000000 0.001457 0.002689 0.000662 0.000016 0.000020 0.000039 0.002338 0.000357 0.001302 0.001809 0.000027 0.006489 0.000616 0.000301 0.001245 0.000920 0.000786 0.003062 0.005639 0.000685 0.000432 0.009816 0.002967 0.004295 0.020906 0.000221 0.018519 0.002655 0.001348 0.000062 0.040958 0.000478 0.033609 0.015113 0.028282 0.006026 0.026144 0.004545 0.023845 0.051311 0.100978 0.000547 0.008914 0.018934 0.017740 0.005338 0.051731 0.009096 0.016533 0.000968 0.154858 0.001249 0.150464 0.002023 0.773165 0.254782 
0.000351 0.000070 0.000044 0.000689 0.001478 0.000292 0.000388 0.002999 0.001521 0.000717 0.000802 0.001238 0.001116 0.000392 0.004101 0.001531 0.003220 0.006895 0.002770 0.000033 0.000092 0.000127 0.003041 0.001103 0.002835 0.005036 0.000464 0.013790 0.001321 0.002623 0.001328 0.002119 0.002662 0.003375 0.010210 0.001247 0.001011 0.006953 0.008657 0.004634 0.028184 0.000517 0.022206 0.002219 0.003455 0.000090 0.027779 0.001006 0.030136 0.020882 0.019873 0.003723 0.024933 0.005986 0.031368 0.025911 0.095694 0.000965 0.019296 0.025929 0.038264 0.008822 0.024471 0.003194 0.022964 0.001791 0.160329 0.003109 0.038050 0.003503 0.292656 0.255804 
0.000632 0.000070 0.000044 0.001083 0.001407 0.000334 0.000341 0.003340 0.001642 0.000502 0.000687 0.000891 0.000620 0.000331 0.001616 0.000340 0.003050 0.005033 0.001506 0.000030 0.000050 0.000058 0.003459 0.000584 0.002100 0.002322 0.000109 0.008798 0.000813 0.000946 0.001251 0.000760 0.001028 0.002729 0.005013 0.000511 0.000306 0.010730 0.003212 0.003241 0.010582 0.000126 0.007460 0.001681 0.000969 0.000035 0.026309 0.000264 0.014410 0.005322 0.010765 0.001602 0.005313 0.001218 0.005198 0.090050 0.012965 0.000171 0.002527 0.003320 0.004773 0.001070 0.168185 0.003980 0.002526 0.000237 0.011051 0.000377 0.014517 0.000393 0.022422 0.014098 
-0.000000 0.000014 -0.000000 -0.000000 0.000915 -0.000000 0.000093 0.000886 0.001277 0.000191 0.000344 0.000248 0.000354 0.000049 0.000746 0.000170 0.001627 0.001517 0.000482 0.000018 0.000016 0.000018 0.002585 0.000097 0.001155 0.001327 0.000136 0.007051 0.000562 0.000258 0.000984 0.000500 0.000403 0.002961 0.004460 0.000409 0.000274 0.012197 0.002967 0.003840 0.016054 0.000161 0.012578 0.002487 0.000864 0.000037 0.042428 0.000099 0.027741 0.009141 0.024367 0.004639 0.014820 0.002528 0.010395 0.082073 0.053033 0.000239 0.004235 0.010189 0.009148 0.002793 0.095730 0.018956 0.007647 0.000445 0.074422 0.000598 0.216414 0.000953 0.267043 0.120056 
0.000351 0.000042 0.000087 0.000394 0.001126 0.000334 0.000248 0.001499 0.000700 0.000526 0.000573 0.000693 0.000532 0.000220 0.001678 0.000340 0.001627 0.002413 0.001114 0.000016 0.000056 0.000083 0.001235 0.000292 0.001533 0.001658 0.000273 0.005117 0.000508 0.000559 0.000569 0.000720 0.000706 0.001223 0.002580 0.000501 0.000348 0.002983 0.002374 0.001354 0.006298 0.000148 0.003643 0.000719 0.000927 0.000016 0.011101 0.000132 0.007105 0.003697 0.004654 0.000751 0.003379 0.000714 0.003875 0.013147 0.007779 0.000094 0.002117 0.002813 0.004853 0.000940 0.014746 0.002149 0.001684 0.000176 0.007065 0.000390 0.010625 0.000351 0.015619 0.009113 
