# Flux Network Reconstruction using RW method
# Walkers leave from emitting cells
# Probability involves emitting fluxes, then absorbing flux is shared among connections
# Seed: 1684539137
# Threshold: 0.5
# Precision: 100000.0
# Dt: 1.0
# Radius step: 6.000000
# Matrix output


0.007731 0.022094 0.000506 0.000171 0.000463 0.002244 0.001174 0.002726 0.000230 0.001522 0.001102 0.000237 0.000588 0.000337 0.001792 0.000449 0.000609 0.001090 0.000394 0.000224 0.000164 0.000235 0.000286 0.001034 0.000643 0.000909 0.000973 0.000133 0.000142 0.000151 0.000023 0.000261 0.000379 0.000085 0.000467 0.000038 0.000626 0.000004 0.000100 0.000049 0.000189 0.000398 0.000098 0.000278 0.000111 0.000030 0.000022 0.000124 0.000157 0.000087 0.000380 0.000021 0.000015 0.000040 0.000053 0.000134 0.000076 0.000017 -0.000000 -0.000000 0.000029 0.000020 0.000032 0.000063 0.000165 
0.000570 0.002401 0.105006 0.002569 0.032028 0.000299 0.000858 0.077500 0.049853 0.001079 -0.000000 0.000094 0.004504 0.000105 0.002068 0.000201 0.017894 0.002998 0.000191 0.003026 0.005708 0.001894 0.000143 0.003496 0.002664 0.000101 0.008528 0.000364 0.000111 0.003920 0.000418 0.003696 0.000217 0.000863 0.000810 0.000023 0.000849 0.000037 0.000067 0.000049 0.002124 0.001093 0.000488 0.000083 0.000535 0.000030 0.000045 0.000124 0.000105 0.001219 0.000095 -0.000000 -0.000000 -0.000000 -0.000000 0.000019 -0.000000 0.000034 0.000066 0.000063 0.000029 0.000041 0.000064 0.000042 0.000165 
0.044545 0.124877 0.006071 0.002336 0.006014 0.008977 0.012155 0.031800 0.002069 0.015715 0.005232 0.001583 0.006485 0.003033 0.014959 0.004045 0.003993 0.009838 0.002985 0.001406 0.000732 0.001595 0.002428 0.005493 0.005144 0.003535 0.007212 0.000928 0.001170 0.001685 0.000157 0.001232 0.002463 0.000632 0.002087 0.000242 0.003619 0.000043 0.000753 0.000532 0.001321 0.002335 0.000683 0.001446 0.000624 0.000221 0.000179 0.000520 0.001520 0.000435 0.001472 0.000176 0.000044 0.000056 0.000158 0.000230 0.000101 0.000103 0.000066 0.000440 0.000117 0.000183 0.000128 0.000127 0.001986 
0.143775 0.497948 0.023560 0.017154 0.025442 0.021845 0.054652 0.131741 0.003678 0.046424 0.010795 0.003318 0.025911 0.005101 0.042292 0.006411 0.011272 0.028207 0.003904 0.001976 0.001091 0.002354 0.002035 0.007918 0.008819 0.003434 0.005953 0.000855 0.001107 0.001363 0.000093 0.000560 0.001570 0.000207 0.001339 0.000127 0.001430 0.000020 0.000485 0.000287 0.000142 0.000646 0.000293 0.000362 0.000156 0.000069 0.000033 0.000223 0.000210 0.000348 0.000095 0.000010 0.000029 0.000024 -0.000000 -0.000000 0.000013 -0.000000 -0.000000 0.000063 -0.000000 -0.000000 -0.000000 0.000063 0.000331 
0.003675 0.014889 0.138105 0.007117 0.055884 0.000598 0.003900 0.125563 0.014884 0.006391 0.001928 0.000680 0.009983 0.000999 0.008893 0.001715 0.016847 0.008067 0.001349 0.004075 0.003870 0.003799 0.001357 0.009381 0.007869 0.001818 0.015511 0.001383 0.000838 0.004810 0.000433 0.003995 0.002328 0.001581 0.003550 0.000265 0.003575 0.000103 0.000619 0.000532 0.004342 0.004919 0.001805 0.001418 0.001047 0.000282 0.000285 0.001586 0.001310 0.001654 0.000997 0.000176 0.000058 0.000104 0.000246 0.000249 0.000127 0.000359 0.000175 0.000879 0.000117 0.000183 0.000288 0.000360 0.002482 
0.153596 0.269207 0.001590 0.000793 0.001476 0.207228 0.012129 0.010448 0.000460 0.026172 0.051936 0.002900 0.003343 0.015025 0.018613 0.011178 0.001436 0.008993 0.006854 0.000642 0.000179 0.000963 0.007713 0.003210 0.004685 0.011110 0.003033 0.000491 0.002720 0.000663 0.000038 0.000373 0.002246 0.000219 0.001651 0.000300 0.001743 0.000014 0.000887 0.000322 0.000425 0.000795 0.000390 0.000528 0.000134 0.000152 0.000050 0.000471 0.000681 0.000174 0.000190 0.000083 0.000146 0.000024 0.000106 0.000019 0.000051 0.000017 0.000022 0.000126 0.000010 0.000082 0.000032 0.000085 0.000496 
0.028641 0.060517 0.000289 0.000161 0.000485 0.631858 0.003420 0.002544 0.000316 0.007747 0.040095 0.000946 0.001099 0.006891 0.005860 0.004459 0.000438 0.002753 0.002698 0.000173 0.000060 0.000193 0.003749 0.000999 0.001102 0.004747 0.000630 0.000127 0.000902 0.000284 0.000020 -0.000000 0.000568 0.000049 0.000343 0.000108 0.000626 0.000004 0.000368 0.000154 0.000047 0.000248 0.000024 0.000195 0.000134 0.000061 0.000033 0.000173 0.000419 0.000261 0.000142 -0.000000 0.000015 0.000016 0.000053 0.000038 0.000013 -0.000000 0.000022 0.000063 0.000020 0.000041 0.000032 0.000042 -0.000000 
0.134777 0.311353 0.002674 0.001063 0.003392 0.061944 0.015260 0.021351 0.001638 0.030184 0.026877 0.003357 0.005557 0.011551 0.024989 0.010113 0.003481 0.012564 0.007654 0.001385 0.001061 0.001841 0.007213 0.006028 0.006645 0.009999 0.008471 0.001085 0.002815 0.001742 0.000163 0.001120 0.004141 0.000778 0.003332 0.000473 0.004424 0.000041 0.001656 0.000743 0.001793 0.003329 0.000927 0.001863 0.000356 0.000289 0.000184 0.001289 0.001992 0.000696 0.001520 0.000269 0.000175 0.000113 0.000352 0.000440 0.000165 0.000154 0.000131 0.000691 0.000088 0.000408 0.000128 0.000381 0.001489 
0.124512 0.280854 0.001373 0.000698 0.001145 1.572090 0.016219 0.008904 0.000230 0.033255 0.246626 0.004253 0.003018 0.040858 0.018716 0.021386 0.001096 0.008775 0.012847 0.000244 0.000105 0.000514 0.017532 0.002390 0.003338 0.023735 0.001259 0.000333 0.004840 0.000379 0.000020 0.000187 0.002788 0.000097 0.000841 0.000234 0.001385 0.000007 0.000853 0.000308 0.000047 0.000497 0.000098 0.000779 -0.000000 0.000160 0.000017 0.000223 0.000157 0.000261 0.000237 -0.000000 0.000015 0.000032 0.000035 0.000038 0.000013 -0.000000 -0.000000 -0.000000 -0.000000 0.000020 -0.000000 0.000021 0.000331 
0.189207 0.767995 0.013370 0.006362 0.012864 0.084387 0.140832 0.083224 0.003506 0.173856 0.053258 0.014962 0.025895 0.028900 0.115055 0.036337 0.012440 0.055705 0.020203 0.003301 0.001973 0.004302 0.017068 0.018013 0.021005 0.020806 0.013737 0.002619 0.007197 0.002916 0.000250 0.001568 0.008174 0.000851 0.005076 0.000950 0.008356 0.000051 0.002442 0.001415 0.002124 0.003776 0.000903 0.002809 0.000512 0.000640 0.000212 0.001487 0.002621 0.001045 0.001757 0.000238 0.000277 0.000169 0.000158 0.000325 0.000127 0.000137 0.000153 0.000754 0.000078 0.000204 0.000160 0.000212 0.002151 
0.003105 0.014769 0.155631 0.007758 0.079630 0.000748 0.004279 0.355156 0.326245 0.006861 0.001102 0.000734 0.027365 0.000720 0.012788 0.001277 0.147751 0.017878 0.001421 0.032589 0.059668 0.017712 0.001178 0.033136 0.020852 0.001010 0.085568 0.003693 0.000822 0.039745 0.004323 0.034573 0.003167 0.008258 0.009125 0.000261 0.008356 0.000378 0.000418 0.000701 0.018310 0.012969 0.004489 0.001530 0.005837 0.000168 0.000692 0.001611 0.001258 0.009575 0.001567 0.000114 0.000058 0.000088 0.000176 0.000306 0.000076 0.000855 0.000766 0.001633 0.000411 0.000163 0.001346 0.000592 0.002647 
0.010455 0.034341 0.191440 0.018459 0.159635 0.002544 0.012155 1.040574 0.090684 0.018066 0.003305 0.001709 0.066138 0.001987 0.031849 0.003418 0.193447 0.040634 0.003570 0.035462 0.025448 0.025707 0.002964 0.053538 0.037938 0.002626 0.093466 0.005281 0.001898 0.029009 0.002463 0.017585 0.006441 0.005461 0.012052 0.000538 0.011260 0.000306 0.001154 0.001485 0.013827 0.013764 0.004440 0.002141 0.003230 0.000320 0.000647 0.001661 0.002726 0.005223 0.001947 0.000114 0.000160 0.000104 0.000158 0.000345 0.000101 0.000803 0.000438 0.001319 0.000274 0.000183 0.000481 0.000529 0.002978 
0.000824 0.001681 0.000072 0.000024 0.000154 0.004489 0.000290 0.000273 -0.000000 0.000664 0.005783 0.000094 0.000124 0.000569 0.000689 0.000355 0.000195 0.000382 0.000310 0.000061 -0.000000 0.000107 0.000750 0.000357 0.000276 0.000505 0.000401 0.000018 0.000206 0.000057 0.000003 0.000112 0.000298 0.000036 0.000187 0.000015 0.000357 0.000002 0.000117 0.000028 0.000189 0.000298 0.000098 0.000083 0.000045 0.000015 0.000039 0.000124 0.000210 0.000348 0.000237 0.000010 0.000015 0.000016 0.000070 0.000019 0.000025 0.000017 0.000044 0.000063 0.000010 0.000020 -0.000000 -0.000000 0.000165 
0.020150 0.067362 0.003288 0.000897 0.003260 0.032169 0.009504 0.018171 0.001810 0.031733 0.045878 0.004642 0.006129 0.036361 0.029987 0.023551 0.004699 0.016379 0.015964 0.001824 0.001390 0.002536 0.018068 0.011022 0.011605 0.026766 0.010245 0.001692 0.006770 0.002727 0.000261 0.002277 0.007957 0.001277 0.005730 0.000988 0.007909 0.000101 0.003279 0.001534 0.004106 0.005913 0.002220 0.004644 0.001270 0.000937 0.000519 0.002677 0.004980 0.002002 0.003039 0.000642 0.000277 0.000386 0.000739 0.001130 0.000545 0.000479 0.000241 0.002513 0.000215 0.000448 0.000256 0.000656 0.006122 
0.012483 0.051872 0.062115 0.010445 0.055003 0.007631 0.016332 0.459641 0.036348 0.029769 0.008977 0.003526 0.092622 0.005148 0.053564 0.008363 0.144610 0.075000 0.008752 0.036868 0.017499 0.037308 0.008391 0.101940 0.077162 0.011009 0.136908 0.011387 0.004998 0.029009 0.002275 0.018743 0.015833 0.008988 0.023575 0.001588 0.027257 0.000561 0.003463 0.003426 0.020434 0.026484 0.009319 0.007564 0.006104 0.001318 0.001735 0.006320 0.007391 0.008182 0.006079 0.000828 0.000437 0.000522 0.001074 0.001800 0.000558 0.001521 0.001050 0.005151 0.000744 0.000937 0.001186 0.001481 0.008273 
0.010582 0.030019 0.001807 0.000494 0.001740 0.025436 0.004809 0.011357 0.001350 0.013225 0.091039 0.002051 0.003328 0.016478 0.016441 0.010516 0.003019 0.008857 0.010137 0.001070 0.000897 0.001402 0.024923 0.006349 0.005787 0.039492 0.006868 0.001110 0.007734 0.001534 0.000180 0.001680 0.006171 0.001058 0.003363 0.000730 0.005630 0.000053 0.002426 0.000988 0.001557 0.003677 0.001244 0.002920 0.000646 0.000746 0.000212 0.001834 0.003145 0.001393 0.002327 0.000445 0.000321 0.000346 0.000616 0.000670 0.000494 0.000308 0.000044 0.001884 0.000147 0.000489 0.000160 0.000508 0.003309 
0.007604 0.024375 0.000325 0.000233 0.000441 0.040099 0.002928 0.002726 0.000029 0.008162 0.185328 0.001317 0.001083 0.016420 0.008617 0.008434 0.000828 0.004524 0.009421 0.000224 0.000179 0.000342 0.041134 0.002104 0.002725 0.077671 0.001202 0.000479 0.008936 0.000284 0.000026 0.000149 0.003654 0.000134 0.000997 0.000481 0.002234 0.000014 0.001623 0.000448 0.000189 0.000547 0.000195 0.001224 0.000111 0.000327 0.000061 0.000471 0.000786 0.000087 0.000332 0.000114 0.000146 0.000080 0.000070 0.000134 0.000076 0.000034 0.000022 0.000314 0.000049 0.000061 0.000032 0.000063 0.000496 
0.014637 0.044307 0.001048 0.000332 0.001145 0.059550 0.005705 0.009086 0.000345 0.017790 0.271025 0.002828 0.003034 0.034478 0.019543 0.017364 0.001802 0.012291 0.021361 0.000713 0.000448 0.000974 0.096837 0.005065 0.006430 0.165946 0.004293 0.001067 0.022396 0.000890 0.000061 0.000597 0.008580 0.000341 0.003145 0.001288 0.005496 0.000019 0.004500 0.001247 0.001038 0.002286 0.000683 0.002670 0.000134 0.000716 0.000134 0.001760 0.002726 0.000348 0.001710 0.000362 0.000190 0.000153 0.000246 0.000364 0.000152 0.000137 0.000044 0.000942 0.000088 0.000163 0.000032 0.000127 0.001158 
0.007287 0.024135 0.040290 0.004767 0.031896 0.004339 0.006727 0.203336 0.051089 0.014608 0.004516 0.001677 0.030895 0.002266 0.024472 0.004495 0.191499 0.031968 0.004549 0.056448 0.031276 0.035039 0.005249 0.072336 0.047430 0.006969 0.168159 0.009738 0.002958 0.048986 0.004384 0.033789 0.012883 0.013475 0.028651 0.001234 0.029625 0.000872 0.003011 0.003377 0.034544 0.035876 0.015174 0.008454 0.010426 0.001272 0.002349 0.007881 0.009016 0.015668 0.009973 0.000922 0.000452 0.000675 0.001514 0.001819 0.000760 0.002291 0.001510 0.006282 0.001399 0.001304 0.002179 0.002454 0.010920 
0.002598 0.006364 0.000867 0.000176 0.001145 0.002095 0.001704 0.004906 0.000431 0.004620 0.002864 0.000946 0.001563 0.001964 0.008272 0.003371 0.001412 0.004142 0.003773 0.000672 0.000374 0.000835 0.003249 0.002996 0.003429 0.003232 0.003835 0.000534 0.001281 0.001023 0.000090 0.000896 0.002382 0.000414 0.001869 0.000227 0.002547 0.000033 0.001020 0.000504 0.001604 0.002584 0.000903 0.001279 0.000490 0.000289 0.000195 0.001115 0.001363 0.000870 0.001045 0.000186 0.000058 0.000145 0.000246 0.000345 0.000177 0.000222 0.000153 0.000817 0.000098 0.000326 0.000096 0.000423 0.002316 
0.009251 0.036623 0.047011 0.007088 0.039231 0.004638 0.011195 0.311182 0.041693 0.023904 0.005508 0.002454 0.064947 0.003614 0.041396 0.005690 0.223635 0.063854 0.006937 0.081264 0.024537 0.076339 0.006999 0.150378 0.097678 0.008383 0.247888 0.015917 0.004603 0.048872 0.003532 0.025725 0.016888 0.011432 0.031112 0.001434 0.033870 0.000738 0.003245 0.003847 0.029447 0.035528 0.010710 0.009121 0.007062 0.001340 0.002143 0.007386 0.007234 0.010359 0.007646 0.000621 0.000365 0.000458 0.000915 0.001321 0.000596 0.001726 0.000919 0.005088 0.000891 0.000876 0.001634 0.001269 0.011417 
0.003485 0.010086 0.005239 0.000916 0.004824 0.001945 0.002840 0.036070 0.003965 0.006778 0.003139 0.000874 0.009922 0.001569 0.012477 0.002413 0.012538 0.014390 0.002161 0.005257 0.002914 0.007299 0.003035 0.024683 0.018984 0.004343 0.028618 0.003099 0.001661 0.006078 0.000543 0.004667 0.005765 0.003211 0.008595 0.000607 0.010054 0.000200 0.001740 0.001408 0.008494 0.009193 0.004586 0.004894 0.002562 0.000853 0.000787 0.003544 0.004613 0.002873 0.004274 0.000787 0.000292 0.000394 0.001021 0.000881 0.000520 0.001026 0.000525 0.003266 0.000470 0.000754 0.001090 0.000952 0.007942 
0.007604 0.024735 0.009034 0.001956 0.008745 0.005835 0.006399 0.060510 0.005574 0.015466 0.005948 0.002242 0.020648 0.003533 0.027195 0.005536 0.018137 0.036901 0.005672 0.007549 0.004573 0.010477 0.006499 0.041839 0.038857 0.007676 0.046647 0.005785 0.003401 0.009543 0.001049 0.007169 0.011286 0.004500 0.014824 0.001322 0.020286 0.000317 0.003597 0.002873 0.012317 0.017043 0.006807 0.007230 0.003832 0.001546 0.001378 0.006196 0.007601 0.004962 0.007884 0.001191 0.000685 0.000747 0.001690 0.001991 0.000988 0.001214 0.000810 0.004900 0.000900 0.001447 0.000929 0.001756 0.009762 
0.023445 0.085493 0.017308 0.004999 0.016653 0.019002 0.030305 0.137283 0.008649 0.086319 0.024949 0.012727 0.070937 0.015421 0.232729 0.031689 0.035130 0.444142 0.039844 0.014160 0.004916 0.022421 0.033350 0.113390 0.151844 0.041310 0.075494 0.018167 0.020071 0.012157 0.000924 0.006086 0.049880 0.005169 0.033167 0.004644 0.050090 0.000331 0.011308 0.007560 0.008400 0.022211 0.005953 0.016936 0.002696 0.002818 0.001211 0.008798 0.010746 0.003830 0.007171 0.001180 0.000846 0.000659 0.001373 0.001512 0.000672 0.000957 0.000372 0.003581 0.000577 0.001019 0.000513 0.000910 0.006784 
0.024649 0.090536 0.011708 0.002834 0.010772 0.022294 0.022580 0.072867 0.005431 0.073925 0.039434 0.013429 0.025090 0.024589 0.148385 0.042938 0.017650 0.097511 0.055067 0.007192 0.004094 0.010713 0.044205 0.050507 0.056034 0.059389 0.044186 0.008556 0.023962 0.009865 0.000808 0.006384 0.038892 0.004524 0.020710 0.004267 0.039545 0.000309 0.012596 0.006565 0.010335 0.019379 0.006538 0.017130 0.003007 0.003069 0.001267 0.009988 0.016197 0.004352 0.010163 0.001864 0.001021 0.001053 0.002481 0.003216 0.001698 0.001094 0.000547 0.006721 0.000861 0.001895 0.000993 0.001841 0.013733 
0.012990 0.042746 0.002493 0.000745 0.002181 0.029775 0.007308 0.015900 0.001379 0.023212 0.089552 0.003807 0.005681 0.026297 0.027678 0.018878 0.004066 0.016842 0.026889 0.001987 0.000882 0.002804 0.109156 0.012484 0.013320 0.159280 0.012306 0.002068 0.028549 0.002708 0.000235 0.001717 0.013289 0.001289 0.006509 0.001999 0.011930 0.000091 0.007511 0.002501 0.003445 0.006360 0.002513 0.007064 0.001203 0.001485 0.000513 0.003693 0.006972 0.001480 0.004512 0.000766 0.000510 0.000522 0.001214 0.001455 0.000735 0.000376 0.000175 0.002638 0.000225 0.000856 0.000288 0.000804 0.004798 
0.024269 0.084772 0.010334 0.003328 0.011014 0.026783 0.026733 0.093491 0.005747 0.095864 0.043509 0.017887 0.045274 0.027390 0.271747 0.052945 0.021497 0.255033 0.086995 0.007997 0.003407 0.014876 0.062523 0.084748 0.133932 0.078984 0.055290 0.016723 0.041455 0.008578 0.000569 0.004406 0.078731 0.004111 0.035254 0.007400 0.056167 0.000212 0.020676 0.010573 0.006795 0.020224 0.005074 0.022609 0.001849 0.003785 0.000960 0.010285 0.012161 0.001915 0.009498 0.001398 0.001196 0.000707 0.001355 0.001934 0.000798 0.000615 0.000284 0.005025 0.000421 0.000958 0.000513 0.000910 0.006287 
0.007350 0.020773 0.000976 0.000351 0.000991 0.017955 0.003484 0.007814 0.000776 0.012312 0.058325 0.001846 0.002987 0.013503 0.014615 0.009487 0.002142 0.009566 0.014065 0.000937 0.000314 0.001220 0.110191 0.005992 0.006859 0.263212 0.006239 0.001055 0.022808 0.001174 0.000142 0.000896 0.009391 0.000742 0.003706 0.001196 0.005764 0.000043 0.005236 0.001541 0.002076 0.003776 0.001122 0.004060 0.000401 0.001013 0.000335 0.002206 0.003827 0.000348 0.002042 0.000590 0.000321 0.000249 0.000581 0.000728 0.000367 0.000239 0.000153 0.001194 0.000127 0.000408 0.000128 0.000317 0.001986 
0.002471 0.006244 0.036640 0.002331 0.021984 0.000598 0.002095 0.125926 0.150652 0.003680 0.000771 0.000417 0.014782 0.000337 0.007342 0.000994 0.102250 0.012673 0.000991 0.046424 0.244561 0.022218 0.001285 0.039164 0.021618 0.001515 0.173539 0.005591 0.000759 0.122929 0.016959 0.127652 0.005115 0.025650 0.023824 0.000361 0.019795 0.001345 0.000736 0.001471 0.074278 0.034037 0.017638 0.003671 0.020072 0.000381 0.002567 0.003792 0.004036 0.035602 0.005936 0.000228 0.000102 0.000104 0.000229 0.000670 0.000279 0.003470 0.002647 0.004648 0.001350 0.000245 0.003781 0.002073 0.007280 
0.004752 0.019572 0.010118 0.001776 0.008481 0.004040 0.005087 0.060056 0.009482 0.013363 0.005728 0.001648 0.015989 0.002917 0.021646 0.004211 0.026561 0.024936 0.004764 0.014130 0.006754 0.021019 0.007034 0.082965 0.054289 0.009292 0.080073 0.009435 0.003812 0.015338 0.001328 0.011836 0.013181 0.007334 0.023264 0.001395 0.028597 0.000496 0.004583 0.003692 0.018357 0.024547 0.010076 0.009872 0.005480 0.001980 0.001685 0.007633 0.011899 0.007660 0.010733 0.001419 0.000656 0.000908 0.002094 0.002699 0.001508 0.001778 0.001247 0.007538 0.001184 0.001753 0.001923 0.002327 0.011417 
0.004436 0.014889 0.002060 0.000408 0.001652 0.005985 0.003130 0.010539 0.000891 0.009185 0.010905 0.001479 0.003173 0.005752 0.013512 0.006399 0.003043 0.009266 0.009839 0.001508 0.001046 0.001841 0.021174 0.007562 0.008084 0.028483 0.007841 0.001383 0.009743 0.002064 0.000212 0.002165 0.008119 0.001180 0.006104 0.001157 0.007551 0.000103 0.003312 0.001205 0.002737 0.005814 0.002537 0.004589 0.001158 0.000990 0.000592 0.003395 0.006395 0.001567 0.004132 0.000797 0.000598 0.000522 0.000845 0.001417 0.000697 0.000444 0.000284 0.002764 0.000333 0.000673 0.000288 0.000677 0.005295 
0.007224 0.026536 0.002999 0.000536 0.002643 0.010324 0.004821 0.018171 0.001810 0.015576 0.022966 0.002479 0.005278 0.009970 0.020509 0.011154 0.004139 0.014771 0.016334 0.002221 0.001270 0.002922 0.051061 0.011557 0.012034 0.066863 0.015454 0.002244 0.024579 0.003314 0.000299 0.002763 0.016537 0.002019 0.008813 0.002268 0.013047 0.000136 0.007795 0.002641 0.005002 0.008944 0.003977 0.008955 0.001537 0.002049 0.000871 0.005477 0.009907 0.002263 0.006364 0.001357 0.000889 0.000844 0.001478 0.001800 0.000976 0.000769 0.000284 0.003832 0.000440 0.001039 0.000641 0.000931 0.008935 
0.015208 0.059557 0.008672 0.002630 0.009119 0.020349 0.017998 0.075501 0.005345 0.057187 0.034532 0.010144 0.037349 0.020952 0.148661 0.034149 0.023664 0.160901 0.061419 0.009678 0.003960 0.018365 0.070307 0.104330 0.165868 0.087367 0.073319 0.023854 0.049649 0.012251 0.000895 0.005414 0.139735 0.006300 0.058517 0.012555 0.096292 0.000348 0.030729 0.017509 0.012270 0.035776 0.008758 0.039016 0.003030 0.006968 0.002037 0.019430 0.021963 0.004004 0.013630 0.002651 0.001954 0.001310 0.002569 0.003484 0.001102 0.000940 0.000284 0.007035 0.000783 0.002079 0.000609 0.001693 0.011748 
0.006843 0.023535 0.016911 0.002711 0.012754 0.004788 0.006563 0.091583 0.019625 0.017375 0.007105 0.002191 0.027195 0.003730 0.034055 0.006080 0.054825 0.045104 0.007904 0.035982 0.017394 0.060906 0.010641 0.233593 0.134238 0.015150 0.344502 0.037558 0.006627 0.052981 0.003893 0.027965 0.033263 0.021977 0.081469 0.003125 0.086462 0.001311 0.007762 0.008989 0.046152 0.076720 0.026031 0.021608 0.012943 0.003313 0.004375 0.018662 0.019395 0.016887 0.019329 0.002081 0.001006 0.001342 0.003414 0.004040 0.001622 0.004239 0.002100 0.013191 0.002349 0.002792 0.003333 0.005141 0.026474 
0.000634 0.003842 0.000217 0.000062 0.000242 0.003292 0.000707 0.002090 0.000230 0.002601 0.009748 0.000558 0.000743 0.003498 0.004791 0.002519 0.000803 0.003052 0.005492 0.000234 0.000030 0.000375 0.081554 0.002069 0.002450 0.477437 0.001374 0.000461 0.035572 0.000341 0.000015 0.000187 0.008282 0.000182 0.001775 0.001353 0.002681 0.000009 0.008581 0.000841 0.000236 0.000994 0.000390 0.002837 0.000067 0.000975 0.000061 0.000942 0.001992 -0.000000 0.001092 0.000404 0.000423 0.000209 0.000352 0.000211 0.000089 0.000051 -0.000000 0.000251 0.000029 0.000204 0.000032 0.000021 0.000496 
0.006020 0.022454 0.003469 0.000992 0.003370 0.007182 0.005642 0.026257 0.003649 0.017098 0.013824 0.002835 0.008405 0.007484 0.026230 0.009830 0.008496 0.022865 0.013838 0.004095 0.002630 0.006218 0.029994 0.024433 0.026027 0.045047 0.026500 0.004875 0.020245 0.006135 0.000654 0.006048 0.039596 0.004074 0.019651 0.005032 0.032619 0.000320 0.015490 0.006488 0.010759 0.019429 0.007002 0.019355 0.003408 0.003998 0.001490 0.011748 0.019395 0.004265 0.012490 0.002765 0.001473 0.001865 0.004101 0.004174 0.002623 0.001709 0.000678 0.007789 0.001018 0.003424 0.001122 0.002560 0.018697 
0.002091 0.007565 0.013767 0.001548 0.009494 0.001795 0.002739 0.074048 0.029711 0.006529 0.002754 0.000849 0.015509 0.001267 0.015649 0.002389 0.060839 0.022920 0.003594 0.048369 0.037298 0.046886 0.004463 0.127051 0.072171 0.006868 0.559251 0.024855 0.002974 0.208346 0.010548 0.062389 0.025468 0.068460 0.129710 0.001918 0.096962 0.003154 0.004717 0.007903 0.104575 0.150956 0.046865 0.017353 0.021542 0.002064 0.006825 0.016630 0.013891 0.026723 0.020374 0.001149 0.000525 0.000619 0.001179 0.002757 0.000976 0.004615 0.002319 0.013506 0.002427 0.001243 0.004006 0.004083 0.023826 
0.011722 0.041306 0.006360 0.001633 0.007005 0.013167 0.010892 0.048335 0.005833 0.034583 0.027042 0.005973 0.019023 0.014642 0.068592 0.020617 0.015484 0.067124 0.036178 0.008007 0.004229 0.012671 0.059023 0.063312 0.080592 0.084842 0.060384 0.014340 0.048367 0.011532 0.000924 0.007393 0.172159 0.006555 0.053472 0.017283 0.093835 0.000446 0.043292 0.020046 0.014912 0.039006 0.012418 0.051836 0.004433 0.010228 0.002617 0.027138 0.037427 0.006616 0.024838 0.004763 0.003310 0.002636 0.005297 0.006816 0.003244 0.001983 0.000919 0.013066 0.001213 0.003628 0.001314 0.002814 0.025150 
0.005323 0.018612 0.003722 0.000731 0.003150 0.005237 0.004683 0.023804 0.002988 0.014055 0.011070 0.002253 0.007414 0.005752 0.023197 0.007251 0.007547 0.020794 0.011809 0.003861 0.002361 0.005137 0.026780 0.022614 0.024588 0.042118 0.023982 0.004645 0.021542 0.006040 0.000622 0.005600 0.052073 0.003600 0.020212 0.007100 0.036730 0.000319 0.021261 0.007917 0.010240 0.020174 0.007148 0.023443 0.003386 0.005415 0.001808 0.013309 0.023222 0.004788 0.016004 0.003852 0.002172 0.002580 0.005262 0.004939 0.002839 0.001744 0.000591 0.010553 0.000979 0.003505 0.000865 0.002348 0.019028 
0.006970 0.024375 0.007769 0.001719 0.008326 0.005237 0.006854 0.052787 0.009741 0.016738 0.009253 0.002897 0.016438 0.005148 0.033572 0.007902 0.023298 0.036873 0.010722 0.013671 0.008308 0.020013 0.015354 0.091668 0.091860 0.020907 0.103597 0.023212 0.010265 0.024218 0.002187 0.018705 0.067066 0.014643 0.095110 0.006166 0.132307 0.001096 0.014620 0.017397 0.035393 0.078310 0.023884 0.041491 0.011250 0.006991 0.005307 0.029567 0.035907 0.015320 0.033481 0.004308 0.002085 0.002885 0.005825 0.008309 0.004194 0.004564 0.002100 0.021923 0.002799 0.005442 0.003012 0.006389 0.038387 
0.006527 0.026416 0.005529 0.001287 0.004604 0.009426 0.006551 0.032890 0.004138 0.021607 0.017073 0.003318 0.011129 0.009076 0.037881 0.010350 0.011028 0.034284 0.018794 0.005868 0.003586 0.007952 0.039170 0.039806 0.045654 0.060197 0.040866 0.008210 0.029925 0.009657 0.000906 0.007915 0.120952 0.006300 0.037247 0.014335 0.066354 0.000428 0.036316 0.015400 0.017980 0.032397 0.010661 0.044383 0.005636 0.009375 0.002667 0.023842 0.039681 0.006441 0.024933 0.005726 0.003339 0.003528 0.006705 0.008118 0.004270 0.002564 0.000831 0.015955 0.001595 0.005279 0.001346 0.003914 0.026308 
0.000887 0.001801 0.001048 0.000123 0.000374 0.000598 0.000631 0.003089 0.000718 0.001466 0.001322 0.000248 0.000991 0.000546 0.002999 0.000639 0.001436 0.002753 0.001039 0.000784 0.000538 0.001209 0.001178 0.004245 0.004164 0.002424 0.005266 0.000916 0.001170 0.001610 0.000131 0.001643 0.008065 0.000742 0.004173 0.000661 0.008088 0.000068 0.001372 0.001457 0.002124 0.004621 0.001927 0.004283 0.001047 0.000746 0.000458 0.002701 0.003669 0.002089 0.003467 0.000538 0.000365 0.000402 0.000933 0.001034 0.000532 0.000256 0.000241 0.002638 0.000284 0.000632 0.000256 0.000571 0.004467 
0.000570 0.001801 0.000325 0.000114 0.000507 0.001047 0.000467 0.002998 0.000201 0.001854 0.002478 0.000237 0.000789 0.001046 0.002654 0.000994 0.000852 0.001799 0.001672 0.000275 0.000254 0.000524 0.009212 0.002140 0.003001 0.018180 0.003205 0.000418 0.006627 0.000606 0.000046 0.000747 0.006171 0.000486 0.001962 0.001134 0.003887 0.000021 0.006273 0.000799 0.001085 0.002385 0.000976 0.003921 0.000379 0.001051 0.000201 0.001859 0.004770 0.000609 0.002897 0.000725 0.000583 0.000482 0.000827 0.000900 0.000431 0.000239 0.000066 0.001319 0.000117 0.000489 0.000128 0.000360 0.002151 
0.002535 0.010086 0.001807 0.000337 0.001256 0.003741 0.002259 0.008722 0.001494 0.005838 0.005177 0.000892 0.003235 0.002661 0.009375 0.003620 0.003798 0.008585 0.005397 0.001813 0.001091 0.002354 0.016425 0.009202 0.009890 0.028685 0.011962 0.002001 0.014330 0.002916 0.000360 0.002912 0.023952 0.002153 0.009249 0.003963 0.018812 0.000170 0.020609 0.003973 0.006276 0.010484 0.004294 0.013932 0.002094 0.003937 0.000926 0.007683 0.016302 0.002524 0.010211 0.002630 0.001648 0.001760 0.003080 0.003580 0.001926 0.000889 0.000350 0.007350 0.000665 0.002731 0.000801 0.001312 0.011582 
0.000824 0.002281 0.006685 0.000541 0.004185 0.000299 0.000694 0.025440 0.026234 0.001771 0.000991 0.000198 0.004055 0.000430 0.003791 0.000438 0.022178 0.005069 0.000860 0.013977 0.052301 0.010231 0.000893 0.024647 0.014422 0.000808 0.101594 0.005075 0.000506 0.086289 0.035664 0.314631 0.005873 0.094948 0.043756 0.000542 0.035836 0.006966 0.000987 0.002445 0.470963 0.117466 0.070773 0.006924 0.087193 0.000838 0.010112 0.009889 0.007339 0.111681 0.017572 0.000777 0.000204 0.000313 0.001021 0.001972 0.000570 0.013247 0.009671 0.016269 0.004962 0.001406 0.012754 0.007743 0.028459 
0.000570 0.002642 0.002746 0.000323 0.001982 0.001047 0.001073 0.013174 0.005776 0.003016 0.001873 0.000471 0.004164 0.000976 0.007032 0.001325 0.012027 0.011364 0.002734 0.008649 0.008488 0.011130 0.004178 0.045370 0.037754 0.005555 0.106859 0.013916 0.003053 0.037189 0.003567 0.026957 0.039433 0.048550 0.429957 0.003464 0.352594 0.003652 0.006792 0.021398 0.093485 0.750955 0.123396 0.058455 0.027601 0.005620 0.025921 0.085727 0.049431 0.026810 0.093462 0.003365 0.001400 0.001865 0.004840 0.011047 0.003333 0.010769 0.003063 0.050002 0.007388 0.005034 0.004967 0.014006 0.080414 
0.001331 0.005403 0.005131 0.000555 0.003921 0.001047 0.001477 0.022441 0.010603 0.003265 0.001542 0.000558 0.005355 0.000918 0.006583 0.001479 0.016774 0.009457 0.002173 0.010381 0.015511 0.011269 0.003249 0.035954 0.027834 0.005353 0.100163 0.008889 0.002610 0.043211 0.006609 0.062874 0.021165 0.080257 0.122765 0.002003 0.112601 0.008272 0.004650 0.009221 0.202826 0.528645 0.192047 0.027809 0.053688 0.003717 0.025424 0.039381 0.030717 0.061107 0.058509 0.002899 0.001094 0.001832 0.004189 0.008405 0.003067 0.015367 0.006761 0.044223 0.008093 0.005686 0.009453 0.015593 0.090341 
-0.000000 -0.000000 -0.000000 0.000005 -0.000000 -0.000000 0.000013 0.000182 -0.000000 -0.000000 0.000055 0.000011 0.000031 0.000023 -0.000000 0.000024 0.000024 0.000027 0.000024 0.000020 0.000060 -0.000000 0.000071 0.000107 0.000031 0.000303 0.000114 0.000018 0.000079 0.000019 0.000006 0.000037 0.000135 0.000073 0.000218 0.000019 0.000134 0.000003 0.000351 0.000063 0.000094 0.000050 0.000024 0.000195 -0.000000 0.000122 0.000028 0.000273 0.000210 -0.000000 0.000142 0.000041 0.000044 0.000032 0.000070 0.000057 0.000013 0.000017 0.000022 0.000126 0.000020 0.000061 -0.000000 -0.000000 -0.000000 
0.000063 0.000360 0.002710 0.000190 0.001762 0.000299 0.000202 0.009994 0.013447 0.000443 0.000110 0.000065 0.001238 0.000081 0.001172 0.000260 0.008277 0.002126 0.000287 0.005746 0.027481 0.003874 0.000214 0.010843 0.005971 0.000606 0.042812 0.002128 0.000285 0.037019 0.015655 0.293163 0.003410 0.061114 0.030053 0.000304 0.024352 0.007297 0.000569 0.001752 0.923710 0.113242 0.113686 0.005478 0.239412 0.000465 0.017416 0.011252 0.007024 0.220924 0.023840 0.000404 0.000175 0.000289 0.000792 0.002087 0.000710 0.026563 0.017635 0.024247 0.010001 0.001590 0.024835 0.012229 0.046991 
0.002218 0.010687 0.001771 0.000385 0.001498 0.004788 0.002019 0.009903 0.001523 0.006280 0.006389 0.001011 0.003421 0.003254 0.012305 0.004152 0.003944 0.010465 0.006471 0.001691 0.001435 0.002793 0.020424 0.012591 0.015157 0.033230 0.015568 0.003032 0.018158 0.003920 0.000453 0.003696 0.047228 0.002615 0.018187 0.010748 0.036595 0.000226 0.122398 0.009473 0.007975 0.016447 0.006709 0.044828 0.003052 0.018537 0.001708 0.022157 0.056612 0.004004 0.026642 0.011329 0.009521 0.006084 0.012249 0.010224 0.006133 0.001812 0.000591 0.015264 0.001018 0.007113 0.000769 0.003004 0.029617 
0.002535 0.009006 0.003433 0.000489 0.002555 0.002843 0.002171 0.017989 0.002672 0.006778 0.005067 0.001209 0.004520 0.002638 0.012684 0.003631 0.006111 0.011255 0.005134 0.003637 0.002660 0.004784 0.011069 0.019511 0.018770 0.018483 0.027359 0.004172 0.009316 0.006305 0.000749 0.008438 0.057269 0.005436 0.030894 0.010083 0.060769 0.000470 0.026899 0.015947 0.015526 0.033838 0.013076 0.077671 0.005658 0.016313 0.003164 0.035292 0.069350 0.008879 0.041365 0.008968 0.004739 0.005666 0.012337 0.013765 0.006792 0.003128 0.001160 0.024624 0.002290 0.008417 0.001955 0.005310 0.038387 
0.001901 0.005523 0.003903 0.000726 0.003591 0.001197 0.001754 0.024531 0.009367 0.004288 0.002148 0.000597 0.005650 0.001092 0.008686 0.001904 0.013998 0.010383 0.002292 0.008934 0.012806 0.009942 0.003749 0.032030 0.024710 0.003838 0.074693 0.006870 0.002942 0.034141 0.005357 0.054735 0.020488 0.049730 0.090345 0.002322 0.096247 0.005590 0.005319 0.008926 0.171113 0.368943 0.208637 0.028894 0.052351 0.004113 0.026378 0.037275 0.035016 0.057886 0.062261 0.003614 0.001633 0.002516 0.005808 0.010951 0.003966 0.016205 0.007439 0.053457 0.009659 0.007194 0.011120 0.018026 0.107053 
0.002028 0.009606 0.005059 0.000935 0.003348 0.001945 0.002449 0.022987 0.005258 0.008217 0.004957 0.001087 0.006996 0.002545 0.013063 0.003691 0.012343 0.018096 0.005277 0.007406 0.006710 0.009290 0.008712 0.042124 0.037081 0.012726 0.067023 0.010478 0.006580 0.019844 0.002330 0.020497 0.054373 0.018133 0.138897 0.006443 0.285391 0.001489 0.017029 0.028769 0.052665 0.156919 0.052428 0.094996 0.019270 0.012231 0.012567 0.101663 0.090003 0.026114 0.101298 0.008678 0.003864 0.006108 0.013358 0.019394 0.008820 0.009846 0.003435 0.060806 0.007066 0.012514 0.005960 0.015804 0.108542 
0.001901 0.006364 0.001626 0.000256 0.001234 0.001496 0.001464 0.007723 0.001523 0.005367 0.003029 0.000766 0.002709 0.001964 0.008376 0.002460 0.003481 0.007277 0.003618 0.002231 0.001644 0.002590 0.009319 0.011022 0.011207 0.014948 0.014996 0.002401 0.007734 0.003389 0.000447 0.004219 0.030177 0.003028 0.015945 0.006262 0.030385 0.000242 0.038106 0.007322 0.009910 0.017242 0.007758 0.039712 0.004233 0.018316 0.001713 0.021983 0.061907 0.005310 0.027972 0.011877 0.009579 0.007257 0.013674 0.012406 0.007667 0.001829 0.000656 0.019473 0.001497 0.009640 0.001058 0.004020 0.033258 
0.001014 0.006724 0.001445 0.000261 0.001322 0.002693 0.001489 0.008540 0.001494 0.003763 0.002974 0.000756 0.002585 0.001824 0.007411 0.002413 0.003433 0.007168 0.003498 0.001661 0.001210 0.002258 0.010462 0.009345 0.010288 0.017271 0.013508 0.002225 0.008683 0.003200 0.000337 0.003323 0.031503 0.002688 0.014513 0.006324 0.030742 0.000166 0.044413 0.007224 0.007645 0.016397 0.007075 0.036625 0.002473 0.018240 0.001680 0.021810 0.066991 0.003569 0.026975 0.014363 0.012204 0.007957 0.015012 0.013517 0.008554 0.001812 0.000831 0.019347 0.001213 0.009721 0.000929 0.004168 0.028956 
0.001077 0.002642 0.002313 0.000328 0.001542 0.000449 0.000757 0.012629 0.006092 0.001909 0.000826 0.000317 0.002260 0.000407 0.002757 0.000710 0.005843 0.003924 0.000884 0.003270 0.008353 0.002943 0.001285 0.009559 0.007379 0.001313 0.023238 0.001704 0.000981 0.010736 0.002577 0.051262 0.004845 0.009827 0.013734 0.000627 0.017158 0.001092 0.001556 0.001780 0.065406 0.037565 0.022567 0.006396 0.053510 0.001203 0.004966 0.009715 0.009278 0.129264 0.017144 0.001232 0.000525 0.000876 0.001936 0.003370 0.001584 0.013641 0.013850 0.017903 0.005510 0.002955 0.019195 0.007532 0.043847 
0.000380 0.001441 0.000470 0.000066 0.000374 0.000598 0.000417 0.002090 0.000402 0.001494 0.000936 0.000169 0.000526 0.000697 0.001689 0.000793 0.000852 0.002289 0.000919 0.000438 0.000269 0.000589 0.003142 0.002818 0.003001 0.006161 0.003205 0.000582 0.002341 0.000928 0.000102 0.001195 0.007632 0.000693 0.004547 0.001538 0.006792 0.000051 0.010907 0.001892 0.002218 0.004472 0.001513 0.008482 0.000780 0.004356 0.000430 0.006568 0.017298 0.000696 0.008358 0.004826 0.008675 0.002877 0.004734 0.004576 0.002686 0.000462 0.000088 0.005339 0.000313 0.002812 0.000224 0.001248 0.008935 
0.000887 0.004563 0.002313 0.000418 0.002379 0.001347 0.001186 0.013628 0.004511 0.002711 0.002038 0.000518 0.004241 0.001092 0.007169 0.001940 0.006914 0.008721 0.002687 0.005124 0.005619 0.005918 0.005177 0.023363 0.021281 0.009191 0.048650 0.006288 0.004239 0.015451 0.002054 0.023074 0.038405 0.020335 0.103207 0.004744 0.177034 0.001869 0.012111 0.020417 0.067813 0.206062 0.078897 0.091854 0.030364 0.013251 0.025848 0.178617 0.135974 0.034819 0.250610 0.011059 0.003864 0.007555 0.019148 0.036453 0.013191 0.017914 0.005404 0.145734 0.013906 0.021338 0.008748 0.036347 0.246701 
0.000887 0.003722 0.000795 0.000176 0.000617 0.000748 0.000770 0.005996 0.000776 0.002794 0.002423 0.000342 0.001501 0.001116 0.004757 0.001597 0.002069 0.005015 0.002304 0.001172 0.000702 0.001370 0.006534 0.006527 0.006522 0.012726 0.007956 0.001346 0.006390 0.001969 0.000238 0.002277 0.022328 0.001557 0.011523 0.004517 0.022520 0.000153 0.032385 0.005591 0.004908 0.013168 0.005001 0.034344 0.002072 0.018735 0.001094 0.020546 0.073281 0.003656 0.030157 0.021466 0.037500 0.012168 0.020292 0.016484 0.011341 0.001504 0.000525 0.017651 0.000939 0.012819 0.000577 0.003258 0.031768 
0.001204 0.006124 0.002096 0.000370 0.001938 0.001795 0.001489 0.012902 0.002988 0.004703 0.003084 0.000651 0.003452 0.001569 0.007790 0.002247 0.005332 0.008067 0.003140 0.003107 0.003482 0.004409 0.006356 0.017050 0.014667 0.009494 0.025184 0.003608 0.004761 0.007896 0.001017 0.010491 0.032694 0.006871 0.036437 0.004955 0.071314 0.000664 0.015808 0.013656 0.025483 0.056795 0.022127 0.079062 0.010247 0.017783 0.005982 0.112122 0.197828 0.013318 0.129983 0.018567 0.006503 0.012819 0.027085 0.038578 0.018019 0.007128 0.002035 0.072930 0.005177 0.023274 0.003845 0.013181 0.114829 
0.001014 0.005403 0.001915 0.000280 0.001454 0.001646 0.001489 0.009994 0.001523 0.004012 0.003139 0.000572 0.003096 0.001766 0.006273 0.002105 0.004455 0.007549 0.002878 0.002639 0.001928 0.002943 0.006820 0.012805 0.012769 0.011009 0.020319 0.002977 0.005852 0.005510 0.000718 0.007131 0.033912 0.004695 0.027281 0.006335 0.052949 0.000428 0.024373 0.011953 0.015243 0.038956 0.013174 0.080897 0.006772 0.037713 0.003778 0.061885 0.266654 0.008792 0.080925 0.031242 0.011839 0.018405 0.039316 0.039420 0.020820 0.004513 0.001400 0.050818 0.003161 0.025476 0.002019 0.009436 0.085708 
0.000570 0.002882 0.000361 0.000100 0.000463 0.000150 0.000833 0.003453 0.000632 0.001909 0.002423 0.000385 0.001068 0.001267 0.004377 0.001656 0.001509 0.004769 0.002949 0.000683 0.000493 0.001156 0.008570 0.006242 0.007379 0.017877 0.006181 0.001631 0.009664 0.001799 0.000183 0.001157 0.037566 0.001423 0.013049 0.009018 0.034406 0.000124 0.064771 0.010103 0.004342 0.015652 0.004952 0.069161 0.001916 0.056821 0.001590 0.037696 0.187816 0.003221 0.051528 0.058248 0.066267 0.027591 0.042942 0.029465 0.021504 0.001607 0.000263 0.027639 0.001057 0.021236 0.000705 0.004253 0.043847 
0.000317 0.000961 0.000831 0.000085 0.000485 -0.000000 0.000252 0.004543 0.001896 0.000858 0.000330 0.000144 0.001393 0.000349 0.001827 0.000449 0.003116 0.003761 0.000943 0.002200 0.003811 0.002857 0.001821 0.010701 0.008451 0.002929 0.025756 0.003208 0.001503 0.010263 0.001580 0.024903 0.018296 0.016978 0.081750 0.002110 0.124174 0.002049 0.005119 0.012009 0.079705 0.242037 0.131179 0.057231 0.054846 0.007745 0.062176 0.158170 0.107406 0.062848 0.388856 0.007187 0.001983 0.004894 0.014343 0.036031 0.010860 0.043622 0.008533 0.279407 0.032852 0.024090 0.014549 0.081962 0.453692 
-0.000000 0.000120 0.000759 0.000028 0.000441 -0.000000 0.000050 0.002998 0.004885 0.000138 -0.000000 0.000025 0.000294 0.000035 0.000345 0.000047 0.002970 0.000518 0.000048 0.001304 0.009863 0.000792 0.000036 0.002497 0.001684 0.000202 0.011905 0.000631 0.000142 0.007972 0.003695 0.105586 0.001434 0.010143 0.008595 0.000146 0.009249 0.001231 0.000284 0.000715 0.117033 0.036720 0.036253 0.002892 0.185368 0.000404 0.010324 0.006741 0.005137 1.614451 0.021988 0.000404 0.000117 0.000257 0.000774 0.002010 0.000608 0.077245 0.118761 0.027451 0.020737 0.001671 0.151416 0.019951 0.073961 
0.000444 0.000961 0.000434 0.000095 0.000441 0.000299 0.000328 0.002181 0.000488 0.000775 0.000661 0.000104 0.000681 0.000267 0.001413 0.000308 0.001315 0.001472 0.000418 0.000570 0.000643 0.000760 0.000643 0.002996 0.002511 0.001414 0.004178 0.000643 0.000585 0.001363 0.000195 0.002165 0.003275 0.001192 0.004578 0.000542 0.006702 0.000108 0.001572 0.001261 0.004672 0.007255 0.003220 0.006146 0.001649 0.001637 0.000865 0.008972 0.017036 0.003482 0.025740 0.002123 0.000598 0.001439 0.004189 0.005456 0.002420 0.001419 0.000525 0.012438 0.000920 0.003587 0.000513 0.002708 0.021344 
0.000063 0.000480 0.000108 0.000028 0.000066 -0.000000 0.000114 0.000636 0.000488 0.000443 0.000386 0.000068 0.000279 0.000093 0.000793 0.000177 0.000463 0.001117 0.000501 0.000418 0.000508 0.000578 0.001035 0.002461 0.002664 0.001919 0.005266 0.001013 0.001297 0.001799 0.000264 0.002950 0.011746 0.002627 0.021987 0.002210 0.047766 0.000313 0.007528 0.007560 0.012034 0.042832 0.018444 0.067604 0.007842 0.017752 0.008521 0.151602 0.476486 0.010097 0.706381 0.030807 0.007523 0.023862 0.076873 0.273911 0.057201 0.008478 0.001247 0.289961 0.007711 0.102126 0.002628 0.030445 0.341179 
0.000887 0.002642 0.000903 0.000185 0.000683 0.001347 0.000581 0.003543 0.000948 0.001964 0.001873 0.000302 0.001656 0.000767 0.003378 0.000887 0.002264 0.003488 0.001588 0.001263 0.001225 0.001680 0.004285 0.006242 0.007502 0.005555 0.010074 0.001649 0.003163 0.002821 0.000392 0.004555 0.020190 0.002907 0.017253 0.003325 0.033334 0.000247 0.013550 0.006915 0.012789 0.025640 0.011100 0.044662 0.004790 0.019306 0.003471 0.045776 0.245215 0.008966 0.098069 0.063332 0.015280 0.054571 0.122102 0.086268 0.053488 0.003931 0.001072 0.069915 0.003190 0.050360 0.001666 0.010303 0.107549 
0.000063 0.000120 0.000723 0.000066 0.000551 -0.000000 0.000050 0.002817 0.003333 0.000111 0.000110 0.000022 0.000356 0.000058 0.000586 0.000106 0.002045 0.000736 0.000084 0.001243 0.006575 0.001070 0.000179 0.002782 0.002021 0.000202 0.009215 0.000521 0.000301 0.006135 0.002231 0.056377 0.001895 0.008209 0.009685 0.000258 0.009026 0.001012 0.000468 0.000869 0.073429 0.031901 0.028788 0.004338 0.101160 0.000541 0.008845 0.008104 0.007496 0.822415 0.021418 0.000632 0.000190 0.000490 0.001162 0.002546 0.001052 0.089997 0.157378 0.033607 0.025326 0.002181 0.236946 0.023801 0.092989 
0.000634 0.001201 0.001771 0.000237 0.001344 0.000299 0.000240 0.005542 0.003419 0.000941 0.000496 0.000137 0.001285 0.000372 0.002309 0.000449 0.003993 0.002644 0.000728 0.002353 0.004961 0.001937 0.001285 0.005885 0.005634 0.001717 0.015167 0.001322 0.000554 0.007461 0.001810 0.032034 0.004628 0.008732 0.013298 0.000484 0.017471 0.000942 0.001455 0.001878 0.056110 0.037863 0.026275 0.007147 0.053554 0.001295 0.006931 0.011128 0.013472 0.218574 0.027782 0.001533 0.000642 0.001189 0.003045 0.004825 0.002116 0.055571 0.040477 0.035868 0.018486 0.004137 0.070533 0.021326 0.094643 
-0.000000 0.000360 0.000036 0.000005 0.000022 -0.000000 0.000050 0.000363 0.000201 0.000138 0.000055 0.000029 0.000155 0.000105 0.000448 0.000095 0.000365 0.000545 0.000299 0.000224 0.000299 0.000289 0.000428 0.001819 0.001470 0.001313 0.003033 0.000612 0.000759 0.001060 0.000177 0.002576 0.006360 0.001800 0.013080 0.001126 0.029133 0.000221 0.004483 0.004302 0.008872 0.027826 0.012442 0.034289 0.006349 0.010769 0.006094 0.083497 0.271634 0.008879 0.472963 0.024573 0.007203 0.023789 0.086024 0.385240 0.083470 0.007504 0.001028 0.373004 0.007300 0.188947 0.002307 0.031566 0.435657 
0.000190 0.000600 0.000072 0.000033 0.000242 0.000150 0.000114 0.000727 0.000144 0.000802 0.000110 0.000054 0.000294 0.000198 0.000724 0.000201 0.000487 0.001008 0.000322 0.000183 0.000209 0.000300 0.000928 0.000927 0.001317 0.001515 0.001603 0.000230 0.000838 0.000492 0.000058 0.000560 0.004195 0.000511 0.002741 0.000800 0.005139 0.000023 0.004751 0.001156 0.001227 0.002932 0.001415 0.006730 0.000869 0.003442 0.000329 0.004659 0.023117 0.001219 0.009688 0.007932 0.048493 0.006028 0.010313 0.007007 0.006627 0.000479 0.000219 0.007035 0.000303 0.007928 0.000224 0.001608 0.011582 
-0.000000 0.000120 0.000434 0.000038 0.000264 -0.000000 0.000013 0.001363 0.002213 0.000083 -0.000000 0.000011 0.000155 0.000035 0.000345 0.000024 0.001242 0.000273 0.000024 0.000621 0.004438 0.000567 -0.000000 0.001498 0.000980 0.000101 0.005609 0.000364 0.000079 0.004052 0.001740 0.049694 0.000920 0.005935 0.006166 0.000111 0.007105 0.000848 0.000301 0.000750 0.063424 0.027528 0.030983 0.003226 0.113034 0.000327 0.009687 0.006716 0.005923 0.683750 0.025313 0.000383 0.000073 0.000305 0.000792 0.002546 0.000545 0.164644 0.169062 0.038444 0.038723 0.002140 0.342985 0.032476 0.109700 
0.000634 0.003002 0.000867 0.000176 0.000727 0.000449 0.000618 0.004452 0.001638 0.001992 0.001267 0.000291 0.001734 0.000755 0.002930 0.000722 0.003214 0.004170 0.001230 0.001824 0.002182 0.002087 0.002821 0.007455 0.007226 0.003232 0.014996 0.001789 0.001787 0.005018 0.000662 0.009259 0.014263 0.004767 0.018841 0.001911 0.033155 0.000457 0.006407 0.005493 0.019018 0.032745 0.017590 0.029784 0.009691 0.007890 0.005335 0.041785 0.105467 0.015581 0.167881 0.014653 0.005249 0.012811 0.033984 0.065917 0.029082 0.008940 0.002144 0.191339 0.007565 0.056026 0.004358 0.026615 0.287901 
0.000063 0.000120 0.000145 0.000033 0.000110 -0.000000 0.000139 0.001272 0.000316 0.000194 0.000110 0.000047 0.000170 0.000151 0.000448 0.000118 0.000292 0.000409 0.000191 0.000234 0.000224 0.000225 0.000286 0.000785 0.000551 0.000606 0.001660 0.000236 0.000332 0.000322 0.000067 0.000747 0.001110 0.000280 0.001433 0.000192 0.002636 0.000035 0.000853 0.000434 0.001274 0.002932 0.001122 0.002697 0.000490 0.000944 0.000251 0.002627 0.008859 0.000958 0.005936 0.001833 0.001239 0.002459 0.005016 0.004537 0.004714 0.000444 0.000088 0.005465 0.000215 0.005584 0.000224 0.001079 0.008604 
0.000190 0.001561 0.000181 0.000071 0.000198 0.000299 0.000328 0.001726 0.000374 0.000719 0.000881 0.000108 0.000542 0.000314 0.001206 0.000651 0.000803 0.001771 0.000824 0.000499 0.000493 0.000482 0.002142 0.002853 0.002664 0.003737 0.003148 0.000631 0.001471 0.001041 0.000137 0.001083 0.009040 0.000997 0.006633 0.001657 0.011975 0.000100 0.008180 0.002571 0.003303 0.009242 0.003684 0.016769 0.001671 0.008278 0.001127 0.015242 0.063269 0.002785 0.031439 0.025753 0.037850 0.020824 0.039140 0.027703 0.027549 0.001402 0.000481 0.028016 0.001204 0.034137 0.000417 0.004760 0.050134 
0.000317 0.001081 0.000506 0.000085 0.000419 0.000748 0.000265 0.002817 0.000833 0.000830 0.000661 0.000158 0.000975 0.000360 0.001896 0.000532 0.001680 0.001690 0.000824 0.000896 0.001031 0.001092 0.001643 0.004744 0.004838 0.002828 0.007784 0.001140 0.001566 0.003030 0.000389 0.005040 0.010799 0.003223 0.014139 0.001461 0.025067 0.000324 0.006173 0.004232 0.012506 0.026286 0.013247 0.025028 0.007285 0.008195 0.004766 0.041092 0.118466 0.010010 0.163796 0.020358 0.007961 0.020036 0.055490 0.110487 0.060090 0.007572 0.001882 0.229468 0.007007 0.170238 0.003685 0.026869 0.349618 
0.000063 0.000360 0.000253 0.000038 0.000088 0.000299 0.000063 0.001181 0.000718 0.000332 0.000220 0.000029 0.000325 0.000081 0.000517 0.000154 0.000974 0.000872 0.000191 0.000642 0.001420 0.000696 0.000643 0.002390 0.001898 0.000606 0.005781 0.000722 0.000490 0.002954 0.000526 0.009259 0.004736 0.004317 0.014263 0.000577 0.021448 0.000525 0.001907 0.002543 0.025813 0.041590 0.027177 0.014822 0.022678 0.002742 0.012199 0.032269 0.044294 0.037082 0.156863 0.004608 0.001312 0.003818 0.010595 0.027473 0.010771 0.041383 0.006476 0.593490 0.047697 0.030448 0.012946 0.313988 2.322567 
0.000063 0.000600 0.000470 0.000043 0.000374 -0.000000 0.000114 0.002181 0.001896 0.000360 0.000165 0.000040 0.000480 0.000105 0.000620 0.000166 0.001436 0.001063 0.000263 0.001019 0.002809 0.000728 0.000428 0.003032 0.002143 0.000303 0.008643 0.000661 0.000443 0.004147 0.001031 0.019265 0.002734 0.005996 0.012052 0.000365 0.016220 0.000716 0.001255 0.001668 0.042377 0.036621 0.030276 0.006813 0.046492 0.001241 0.010603 0.015118 0.015830 0.116468 0.053712 0.001729 0.000554 0.001326 0.003678 0.007811 0.002598 0.197258 0.026080 0.107730 0.135008 0.007072 0.051882 0.099458 0.368149 
0.000063 0.000120 0.000108 0.000033 0.000088 0.000299 0.000050 0.000545 0.000661 0.000138 0.000055 0.000007 0.000170 0.000070 0.000345 0.000106 0.000706 0.000763 0.000119 0.000428 0.001464 0.000524 0.000214 0.001783 0.001439 0.000303 0.003892 0.000546 0.000190 0.002537 0.000535 0.011686 0.003058 0.004293 0.011741 0.000342 0.017739 0.000531 0.001137 0.001724 0.028975 0.037267 0.028861 0.009900 0.030832 0.001439 0.012444 0.023669 0.025213 0.060149 0.103625 0.002164 0.000846 0.001591 0.005209 0.015852 0.005208 0.077826 0.011093 0.285815 0.115729 0.015183 0.022079 0.479519 1.118512 
0.000063 0.000720 0.000325 0.000038 0.000110 0.000299 0.000164 0.000727 0.000316 0.000166 0.000165 0.000050 0.000325 0.000093 0.000724 0.000106 0.000682 0.000518 0.000227 0.000295 0.000209 0.000278 0.000321 0.000963 0.000765 0.000404 0.001660 0.000218 0.000190 0.000454 0.000070 0.000859 0.001434 0.000341 0.001433 0.000250 0.003217 0.000031 0.001020 0.000568 0.001180 0.002832 0.001269 0.003254 0.000780 0.000906 0.000346 0.002454 0.008282 0.001045 0.006981 0.002330 0.001414 0.002491 0.005227 0.005361 0.004638 0.000513 0.000131 0.007475 0.000382 0.006236 0.000256 0.000973 0.010424 
-0.000000 0.000600 0.000687 0.000085 0.000286 0.000449 0.000114 0.002453 0.001695 0.000194 0.000165 0.000065 0.000526 0.000035 0.000758 0.000154 0.001388 0.001036 0.000167 0.000988 0.003258 0.000888 0.000464 0.003032 0.001868 0.000202 0.007040 0.000637 0.000158 0.003825 0.001011 0.023111 0.001597 0.005047 0.006883 0.000250 0.007820 0.000542 0.000602 0.000869 0.031948 0.019677 0.016516 0.003699 0.036846 0.000724 0.004593 0.005824 0.006972 0.231021 0.015482 0.000725 0.000394 0.000571 0.001338 0.002374 0.001255 0.062989 0.086489 0.028267 0.019367 0.002344 0.210732 0.018555 0.081737 
0.000063 0.000120 0.000217 0.000009 0.000132 0.000150 0.000025 0.000727 0.000747 0.000028 -0.000000 0.000007 0.000201 0.000070 0.000276 0.000012 0.000657 0.000273 0.000048 0.000367 0.001987 0.000375 0.000071 0.001213 0.000888 0.000202 0.003835 0.000230 0.000158 0.002348 0.000802 0.019601 0.001191 0.003332 0.006104 0.000177 0.008445 0.000558 0.000385 0.000883 0.032231 0.024795 0.020859 0.003365 0.046871 0.000548 0.007997 0.009046 0.008439 0.159556 0.034668 0.000673 0.000219 0.000563 0.001989 0.004384 0.001445 0.261991 0.040170 0.077013 0.096334 0.003893 0.089407 0.079655 0.272679 
