# Flux Network Reconstruction using RW method
# Walkers leave from emitting cells
# Probability involves emitting fluxes, then absorbing flux is shared among connections
# Seed: 1684539137
# Threshold: 0.5
# Precision: 100000.0
# Dt: 1.0
# Radius step: 6.000000
# Matrix output


0.000184 0.016566 0.091880 0.018955 0.065446 0.010178 0.011745 0.015981 0.000642 0.027093 0.000384 0.002320 0.053526 0.009644 0.007545 0.008815 0.001958 0.001073 0.000643 0.004375 0.001978 0.001129 0.002406 0.007077 0.001724 0.000348 0.004437 0.002237 0.001789 0.001056 0.001429 0.005146 0.001738 0.001273 0.000370 0.001649 0.001302 0.000476 0.000953 0.000360 0.002608 0.000305 0.000747 0.001038 0.000580 0.000074 0.000136 0.000341 0.000110 0.000291 0.000049 0.000420 0.000056 0.000275 0.000178 0.000041 0.000102 0.000010 0.000111 0.000109 -0.000000 0.000044 0.000125 -0.000000 -0.000000 0.000135 0.000016 -0.000000 -0.000000 -0.000000 -0.000000 0.000072 0.000024 
-0.000000 0.000050 0.000070 0.000207 0.000115 0.000214 0.000678 0.000272 0.000018 0.000189 -0.000000 -0.000000 0.000808 0.000065 0.000141 0.000052 0.000026 0.000009 0.000020 -0.000000 0.000075 0.000045 0.000124 0.000139 0.000045 0.000039 -0.000000 0.000218 0.000383 -0.000000 0.000070 -0.000000 -0.000000 -0.000000 0.000037 0.000063 0.000109 0.000032 -0.000000 0.000028 0.000186 -0.000000 -0.000000 0.000415 0.000041 0.000074 0.000023 0.000049 -0.000000 -0.000000 0.000024 -0.000000 0.000007 0.000079 -0.000000 -0.000000 -0.000000 -0.000000 0.000074 0.000055 -0.000000 0.000022 -0.000000 -0.000000 0.000022 -0.000000 -0.000000 -0.000000 -0.000000 -0.000000 -0.000000 0.000072 -0.000000 
-0.000000 0.280973 0.072021 0.001955 0.165964 0.000917 0.000452 0.037832 0.000060 0.015500 0.000014 0.000097 0.006262 0.088096 0.002656 0.015847 0.000132 0.003865 0.000020 0.097650 0.000149 -0.000000 0.007963 0.003330 0.002132 0.000039 0.020101 0.019641 0.000128 0.000890 0.000488 0.000624 0.019038 0.000288 0.000074 0.000254 0.007218 0.000095 0.001793 -0.000000 0.000745 0.001329 0.007839 0.002802 0.000166 -0.000000 0.000386 -0.000000 0.000210 0.000145 -0.000000 0.002291 0.000224 0.000629 -0.000000 -0.000000 0.000127 -0.000000 0.000074 -0.000000 -0.000000 0.000044 0.001502 -0.000000 -0.000000 0.000067 0.000033 -0.000000 -0.000000 -0.000000 0.000000 0.000145 0.000048 
0.000437 0.008283 0.036430 0.032756 0.050660 0.020571 0.024394 0.016959 0.001525 0.029676 0.001174 0.008410 0.104224 0.012380 0.011332 0.012908 0.004061 0.001780 0.001819 0.006364 0.004965 0.004201 0.005765 0.013182 0.003878 0.002202 0.010865 0.003819 0.010736 0.003280 0.004253 0.012320 0.003160 0.003656 0.002180 0.006024 0.001682 0.002443 0.003866 0.001687 0.011176 0.001190 0.003982 0.004982 0.002363 0.001589 0.000818 0.001947 0.000287 0.004510 0.000196 0.000382 0.000161 0.000708 0.000714 0.001140 0.000790 0.000115 0.001002 0.000355 0.000361 0.000331 0.000375 0.001172 0.000195 0.001281 0.000180 0.001013 0.000206 0.000078 0.000001 0.000217 0.000073 
0.000751 0.029819 0.151734 0.086895 0.150147 0.044901 0.045400 0.040495 0.003119 0.082853 0.002521 0.015177 0.212892 0.024630 0.027666 0.026918 0.008109 0.003473 0.002603 0.012231 0.007242 0.004562 0.009125 0.023520 0.005579 0.002550 0.013038 0.005128 0.012270 0.004198 0.005542 0.016999 0.003555 0.004026 0.002254 0.005897 0.002116 0.002030 0.002914 0.001272 0.009500 0.000858 0.003484 0.003321 0.001907 0.000998 0.000613 0.000536 0.000210 0.004656 0.000196 0.000535 0.000098 0.000511 0.000178 0.000692 0.000408 0.000057 0.000594 0.000164 0.000224 0.000132 0.000188 0.000586 0.000087 0.000540 0.000065 0.000304 -0.000000 0.000067 0.000000 0.000290 0.000048 
0.000092 0.489155 0.278086 0.013150 0.318862 0.009261 0.006550 0.072891 0.000672 0.059667 0.000406 0.002030 0.063625 0.079756 0.012349 0.035576 0.002103 0.006928 0.000693 0.047234 0.001792 0.001445 0.014019 0.019288 0.006237 0.000618 0.028159 0.017786 0.003834 0.003836 0.004044 0.006550 0.014219 0.001684 0.000739 0.004122 0.007489 0.001269 0.005099 0.000636 0.011363 0.002575 0.009581 0.007577 0.001907 0.000591 0.000841 0.000682 0.000629 0.002473 0.000122 0.001833 0.000406 0.001534 0.000178 0.000081 0.000663 0.000038 0.000482 0.000082 0.000189 0.000264 0.001064 -0.000000 0.000065 0.000877 0.000082 0.000203 0.000103 0.000022 -0.000000 0.000362 0.000145 
0.011112 0.004518 0.013355 0.039953 0.023152 0.035915 0.254556 0.009132 0.003587 0.021296 0.008941 0.066701 0.150883 0.006711 0.012208 0.008658 0.010834 0.001064 0.005185 0.002685 0.014969 0.011970 0.002696 0.013113 0.003288 0.006606 0.006610 0.002455 0.020961 0.003447 0.004218 0.024640 0.002765 0.004601 0.004176 0.006595 0.000868 0.002633 0.002129 0.001991 0.009314 0.000664 0.001742 0.002595 0.001824 0.001515 0.000500 0.001460 0.000121 0.003055 0.000489 0.000191 0.000056 0.000472 0.000624 0.000815 0.000535 0.000086 0.000519 0.000191 0.000224 0.000264 0.000125 -0.000000 0.000174 0.000472 0.000098 0.001013 0.000411 0.000045 0.000001 0.000072 0.000170 
0.001525 0.006074 0.022445 0.050023 0.038511 0.036832 0.090348 0.016524 0.003125 0.030747 0.003688 0.027357 0.175727 0.011077 0.017577 0.015427 0.009035 0.001911 0.003799 0.007060 0.011236 0.009124 0.007673 0.018525 0.004944 0.004597 0.013220 0.005892 0.020450 0.004837 0.006902 0.025888 0.003950 0.007682 0.004693 0.009004 0.002985 0.004854 0.007340 0.002434 0.020118 0.001772 0.006719 0.006228 0.003856 0.002698 0.001295 0.003262 0.000551 0.009748 0.000636 0.000725 0.000217 0.001574 0.001160 0.001629 0.001096 0.000249 0.001039 0.000574 0.000378 0.000837 0.000501 0.000586 0.000456 0.001281 0.000343 0.001519 0.000411 0.000134 0.000001 0.000580 0.000315 
0.007112 0.006777 0.023075 0.070340 0.037136 0.057891 0.247329 0.013589 0.004893 0.035599 0.009673 0.065927 0.237938 0.009253 0.018538 0.013276 0.013916 0.001597 0.006351 0.005370 0.019523 0.014319 0.005475 0.016790 0.004105 0.007147 0.010141 0.003492 0.025946 0.003864 0.005821 0.028383 0.002370 0.006490 0.004767 0.009131 0.001031 0.003077 0.003866 0.001825 0.011922 0.000803 0.002986 0.003010 0.002198 0.001996 0.000568 0.001655 0.000165 0.004656 0.000489 0.000496 0.000063 0.000393 0.000714 0.000652 0.000637 0.000115 0.000964 0.000492 0.000378 0.000441 0.000438 0.000586 0.000217 0.000742 0.000131 0.000304 0.000308 0.000067 0.000000 0.000290 0.000073 
0.009058 0.000151 0.001119 0.001807 0.000458 0.002323 0.042012 0.000978 0.000240 0.001575 0.000949 0.009570 0.010301 0.000456 0.000678 0.000630 0.000741 0.000070 0.000402 0.000398 0.001157 0.000949 0.000290 0.000763 0.000227 0.000695 0.000815 0.000273 0.002173 0.000167 0.000314 0.001560 0.000237 0.000452 0.000259 0.000507 0.000109 0.000254 0.000504 0.000111 0.000559 0.000138 0.000124 0.000208 0.000290 0.000111 0.000091 0.000292 0.000011 0.000436 -0.000000 -0.000000 -0.000000 -0.000000 0.000089 0.000041 0.000051 0.000010 0.000037 0.000027 0.000052 0.000066 -0.000000 -0.000000 0.000043 -0.000000 0.000033 0.000203 0.000103 -0.000000 -0.000000 0.000072 -0.000000 
0.000046 0.038604 0.039507 0.005124 0.088598 0.004218 0.007680 0.024460 0.000354 0.023816 0.000275 0.001643 0.037165 0.022480 0.005454 0.017368 0.001534 0.002775 0.000794 0.017303 0.002277 0.002123 0.008502 0.013876 0.004672 0.000618 0.016026 0.009820 0.005624 0.004531 0.004497 0.012008 0.009005 0.002917 0.001663 0.005390 0.004993 0.002379 0.005996 0.001881 0.019000 0.002436 0.010701 0.008511 0.002488 0.001515 0.001590 0.002385 0.000949 0.006693 0.000978 0.001947 0.000336 0.002675 0.000446 0.001344 0.001479 0.000163 0.001818 0.000437 0.000756 0.001102 0.001502 0.001757 0.000304 0.002765 0.000343 0.001823 0.000411 0.000257 0.000003 0.001666 0.000388 
0.015465 0.001757 0.006853 0.018659 0.011691 0.021457 0.299053 0.005707 0.002122 0.011908 0.008412 0.075401 0.090691 0.003844 0.007913 0.004932 0.007461 0.000750 0.003919 0.001790 0.011423 0.010796 0.002862 0.008395 0.002086 0.005949 0.005342 0.001910 0.020833 0.002585 0.003521 0.020118 0.001659 0.004272 0.003104 0.005770 0.000543 0.002570 0.002465 0.001521 0.009500 0.000471 0.001493 0.002595 0.001824 0.001515 0.000568 0.001850 0.000210 0.004801 0.000513 0.000153 0.000063 0.000511 0.000357 0.000774 0.000433 0.000067 0.000482 0.000273 0.000344 0.000375 0.000188 -0.000000 0.000174 0.000877 0.000098 -0.000000 -0.000000 0.000090 0.000000 0.000290 0.000073 
0.041045 0.000954 0.004755 0.016645 0.007106 0.016597 0.469811 0.002663 0.001765 0.006238 0.010455 0.098794 0.067059 0.001629 0.004635 0.002151 0.005410 0.000227 0.003216 0.000497 0.009108 0.009576 0.000747 0.003608 0.000590 0.004713 0.001177 0.000436 0.011375 0.000556 0.001255 0.009669 0.000079 0.001972 0.001256 0.002029 0.000109 0.001015 0.000168 0.000470 0.001676 0.000083 -0.000000 0.000623 0.000373 0.000480 0.000045 0.000487 0.000022 0.000873 0.000171 -0.000000 -0.000000 0.000039 0.000357 0.000244 -0.000000 -0.000000 0.000074 0.000027 0.000017 0.000066 -0.000000 -0.000000 0.000043 -0.000000 0.000016 0.000101 0.000103 0.000022 -0.000000 -0.000000 0.000048 
0.001908 0.015713 0.048527 0.176338 0.091693 0.105298 0.143880 0.034788 0.007555 0.077183 0.006579 0.048817 0.444366 0.024826 0.040637 0.030696 0.019485 0.003734 0.008311 0.014021 0.021539 0.015358 0.014516 0.037466 0.010160 0.008190 0.026077 0.009548 0.042944 0.008924 0.013351 0.049904 0.007347 0.013638 0.007169 0.017945 0.005318 0.007551 0.008461 0.004867 0.036323 0.002215 0.009332 0.011833 0.005224 0.004102 0.002658 0.004528 0.000651 0.012803 0.001174 0.001336 0.000280 0.003068 0.001784 0.002362 0.002065 0.000277 0.001892 0.001066 0.000825 0.001014 0.000563 -0.000000 0.000543 0.003912 0.000572 0.001823 0.000719 0.000302 0.000004 0.001377 0.000363 
0.000069 0.047339 0.031605 0.004857 0.102008 0.004860 0.003614 0.053269 0.000432 0.034906 0.000239 0.002127 0.047264 0.101193 0.010004 0.041453 0.001984 0.008699 0.001085 0.211807 0.002725 0.001987 0.034922 0.030111 0.012723 0.001352 0.071259 0.060232 0.006774 0.011871 0.010074 0.016687 0.073229 0.003944 0.001589 0.010209 0.037391 0.003839 0.016642 0.002434 0.041912 0.011766 0.056616 0.035291 0.006344 0.002587 0.006316 0.003359 0.003287 0.013094 0.000758 0.011722 0.001937 0.008418 0.000714 0.002525 0.004538 0.000172 0.003376 0.000574 0.001014 0.001939 0.008323 -0.000000 0.000543 0.005125 0.000851 0.003443 0.000617 0.000313 0.000004 0.005579 0.001017 
0.000169 0.392167 0.307733 0.024760 1.500896 0.014702 0.007228 0.447348 0.000897 0.201936 0.000384 0.002803 0.127856 0.600644 0.032781 0.183811 0.003505 0.034979 0.000985 0.232589 0.002352 0.001445 0.061881 0.054117 0.019980 0.000502 0.120424 0.079927 0.005240 0.010231 0.009028 0.010137 0.055850 0.003081 0.000961 0.006912 0.026375 0.001713 0.012551 0.000691 0.019931 0.006783 0.030361 0.017749 0.002156 0.000628 0.002681 0.000584 0.001147 0.002910 0.000269 0.005155 0.000685 0.003068 0.000178 0.000122 0.000739 0.000029 0.000482 0.000055 0.000172 0.000220 0.003692 -0.000000 0.000087 0.000742 0.000082 -0.000000 -0.000000 0.000034 0.000001 0.000942 0.000097 
0.008560 0.001506 0.004475 0.018481 0.007794 0.022955 1.749369 0.003370 0.002689 0.009892 0.025562 0.325577 0.088671 0.002020 0.008026 0.003201 0.009418 0.000401 0.006904 0.001591 0.020121 0.020913 0.000995 0.005620 0.001247 0.011242 0.002897 0.000818 0.031953 0.001640 0.002684 0.021677 0.000869 0.004272 0.003104 0.003741 0.000217 0.002284 0.000897 0.001466 0.005402 0.000138 0.000249 0.001142 0.001119 0.001035 0.000364 0.001071 0.000044 0.001891 0.000293 0.000076 0.000021 0.000236 0.000714 0.000529 0.000229 0.000105 0.000408 0.000246 0.000172 0.000088 -0.000000 0.000586 0.000043 0.000270 0.000049 0.000304 -0.000000 0.000011 0.000000 0.000145 0.000024 
0.000092 0.110040 0.074189 0.012735 0.255479 0.008406 0.009035 0.115017 0.000756 0.073402 0.000551 0.004060 0.089479 0.237703 0.018623 0.088783 0.003281 0.018305 0.001497 0.241738 0.004106 0.003297 0.059600 0.053215 0.023109 0.001777 0.120696 0.089857 0.009714 0.016791 0.013908 0.020430 0.089186 0.006819 0.002809 0.016169 0.044446 0.005965 0.023534 0.002959 0.054578 0.014396 0.066571 0.045982 0.008127 0.002994 0.008088 0.004089 0.003541 0.019205 0.000880 0.011684 0.002238 0.011212 0.001606 0.002525 0.005431 0.000268 0.003895 0.000847 0.001014 0.002578 0.010200 -0.000000 0.000782 0.005598 0.000785 0.002633 0.000617 0.000358 0.000005 0.006303 0.001284 
0.000008 0.044829 0.018740 0.000859 0.065675 0.000581 0.000678 0.027069 0.000054 0.011530 0.000022 0.000097 0.004444 0.091875 0.002261 0.016896 0.000185 0.004546 0.000040 0.509529 0.000037 0.000136 0.019203 0.007354 0.004173 -0.000000 0.052244 0.067706 0.000128 0.002752 0.002161 0.001560 0.127814 0.000164 -0.000000 0.001141 0.054269 0.000412 0.006276 0.000166 0.008941 0.008029 0.058856 0.015673 0.000954 0.000259 0.002249 0.000292 0.001820 0.001018 0.000049 0.022490 0.002630 0.003816 -0.000000 0.000122 0.001020 -0.000000 0.000482 0.000027 0.000017 0.000220 0.015770 -0.000000 -0.000000 0.001214 0.000033 0.000203 -0.000000 -0.000000 0.000000 0.002318 0.000581 
0.004000 0.007078 0.020697 0.070044 0.040230 0.108202 0.706298 0.021036 0.014356 0.049775 0.047458 0.274633 0.489207 0.013358 0.039619 0.020727 0.060306 0.002408 0.036840 0.007756 0.102096 0.076382 0.010120 0.038367 0.008005 0.040602 0.016841 0.005238 0.138291 0.008924 0.015930 0.124760 0.004187 0.026988 0.019032 0.024666 0.003093 0.012151 0.007845 0.008158 0.035392 0.001384 0.003484 0.007058 0.008210 0.007022 0.001431 0.006816 0.000485 0.019205 0.002421 0.000458 0.000112 0.001219 0.002230 0.003584 0.001657 0.000373 0.001929 0.001257 0.000791 0.001256 0.000375 0.000586 0.000521 0.001551 0.000491 0.002430 0.000719 0.000168 0.000005 0.000942 0.000242 
0.002046 0.009588 0.028739 0.077063 0.064185 0.137484 0.266753 0.033701 0.019870 0.071323 0.016781 0.111941 0.720480 0.026455 0.053693 0.030591 0.071272 0.004380 0.027062 0.010441 0.075742 0.050364 0.017005 0.058349 0.014491 0.027390 0.032868 0.011675 0.120014 0.014567 0.024087 0.140823 0.008452 0.031795 0.019143 0.037348 0.004993 0.016371 0.013448 0.010619 0.056255 0.003211 0.009581 0.014843 0.012397 0.009831 0.002999 0.009542 0.001180 0.027934 0.003741 0.001489 0.000399 0.003855 0.002944 0.004928 0.003646 0.000727 0.003969 0.002323 0.001805 0.002711 0.001377 0.008201 0.000890 0.003507 0.000818 0.002835 0.001953 0.000392 0.000005 0.002463 0.000630 
0.001326 0.005823 0.015803 0.039183 0.036677 0.060428 0.325254 0.019188 0.007762 0.039631 0.021070 0.139395 0.330649 0.016746 0.030803 0.021619 0.038771 0.002836 0.027344 0.010143 0.076712 0.061927 0.012609 0.038923 0.009706 0.030519 0.024900 0.010148 0.119247 0.010231 0.016906 0.120394 0.008137 0.027440 0.019697 0.029929 0.004504 0.013991 0.012383 0.010924 0.043961 0.002935 0.009706 0.014739 0.011070 0.010385 0.002681 0.011197 0.000915 0.027498 0.003130 0.001566 0.000336 0.002754 0.003300 0.004806 0.002626 0.000793 0.004489 0.002405 0.002029 0.002314 0.001252 0.001757 0.001151 0.005125 0.000981 0.004354 0.001850 0.000593 0.000007 0.002826 0.000581 
0.000153 0.050452 0.049716 0.014305 0.193701 0.011829 0.014682 0.142032 0.001165 0.092052 0.000848 0.005800 0.119373 0.399886 0.029503 0.146608 0.005556 0.032719 0.002663 0.179688 0.008436 0.004833 0.113187 0.099561 0.038961 0.003747 0.222106 0.121119 0.018405 0.031748 0.029455 0.040235 0.093135 0.014952 0.005987 0.033036 0.052207 0.011897 0.046340 0.006471 0.099284 0.021954 0.086231 0.066533 0.014553 0.007835 0.013018 0.008422 0.005548 0.035645 0.001663 0.011951 0.002965 0.015853 0.002676 0.005335 0.008210 0.000440 0.007493 0.001476 0.002252 0.004981 0.009324 0.001757 0.001433 0.010925 0.001734 0.004860 0.001953 0.000705 0.000011 0.008694 0.002010 
0.001494 0.000703 0.003147 0.013002 0.005043 0.016811 0.781513 0.002011 0.002725 0.007624 0.047074 0.825155 0.085036 0.001303 0.006556 0.001364 0.017514 0.000244 0.023776 0.000398 0.103813 0.202540 0.000622 0.007216 0.001066 0.130460 0.001268 0.000436 0.159763 0.001835 0.003416 0.054583 0.000237 0.009202 0.011715 0.005390 0.000271 0.002792 0.001177 0.002627 0.005216 0.000111 -0.000000 0.000311 0.001451 0.002107 0.000045 0.001120 0.000022 0.002473 0.000685 0.000038 -0.000000 0.000039 0.000981 0.000489 0.000076 0.000239 0.000445 0.000246 0.000103 0.000110 0.000125 0.000586 0.000022 0.000067 -0.000000 0.000304 0.000206 -0.000000 0.000000 -0.000000 0.000024 
0.000253 0.033183 0.054051 0.027159 0.186824 0.029740 0.034784 0.170786 0.002785 0.201116 0.001666 0.012663 0.300553 0.151497 0.070818 0.298306 0.013823 0.035293 0.005939 0.085319 0.015828 0.011970 0.123514 0.232564 0.076993 0.006258 0.217760 0.072617 0.037960 0.052932 0.053158 0.089828 0.050320 0.025920 0.011272 0.053390 0.032833 0.021542 0.051327 0.011919 0.149206 0.016555 0.055994 0.066118 0.022887 0.011937 0.013177 0.015530 0.004809 0.048157 0.003130 0.007980 0.001923 0.013414 0.003568 0.006964 0.008796 0.000832 0.010201 0.002897 0.003043 0.005399 0.005820 0.002929 0.002237 0.013286 0.001668 0.007796 0.002364 0.000929 0.000010 0.007535 0.002155 
0.000322 0.003665 0.008111 0.013298 0.025101 0.023016 0.062114 0.014948 0.002737 0.023123 0.003927 0.026100 0.163608 0.012380 0.016616 0.015165 0.020622 0.002443 0.014551 0.008452 0.035351 0.024437 0.010701 0.027267 0.007393 0.013328 0.021187 0.008948 0.066973 0.009452 0.012584 0.084681 0.008058 0.020827 0.012269 0.024349 0.004884 0.012056 0.012551 0.008131 0.048059 0.003073 0.010701 0.014428 0.009578 0.008833 0.003567 0.009931 0.001478 0.027352 0.002787 0.001680 0.000364 0.004013 0.003122 0.005783 0.003416 0.000755 0.005639 0.002132 0.002252 0.002622 0.001439 0.005858 0.001455 0.005665 0.001227 0.004860 0.001439 0.000716 0.000009 0.003550 0.001017 
0.000582 0.023644 0.055449 0.064476 0.156909 0.085247 0.084702 0.100286 0.008662 0.242764 0.005231 0.034027 1.084860 0.074608 0.295479 0.128033 0.050835 0.015025 0.020239 0.036693 0.052000 0.030670 0.064826 0.282518 0.061776 0.016457 0.113543 0.036827 0.111834 0.059604 0.087772 0.228935 0.024647 0.064329 0.023504 0.098347 0.014978 0.039658 0.046228 0.019386 0.161686 0.008859 0.027873 0.040169 0.028899 0.017740 0.008543 0.018694 0.002460 0.056450 0.004254 0.003857 0.000860 0.007907 0.005174 0.008471 0.006425 0.000784 0.007938 0.002924 0.003335 0.004121 0.002816 0.004686 0.001542 0.007823 0.001309 0.004455 0.001028 0.000515 0.000005 0.004564 0.001041 
0.000207 0.019679 0.036430 0.024878 0.120461 0.030168 0.034558 0.091426 0.002659 0.140630 0.001920 0.015177 0.289040 0.081710 0.071524 0.118115 0.013294 0.015601 0.006482 0.049322 0.019561 0.014409 0.067771 0.182957 0.051117 0.007649 0.117527 0.046156 0.049335 0.040644 0.046361 0.105111 0.037760 0.028180 0.013082 0.056624 0.022902 0.023192 0.044210 0.012611 0.130578 0.014285 0.048155 0.056361 0.023758 0.014266 0.011428 0.015725 0.003905 0.054559 0.004059 0.007217 0.001441 0.012628 0.004638 0.009815 0.009077 0.001090 0.009645 0.003197 0.004281 0.006325 0.005382 0.005272 0.002802 0.011263 0.002192 0.010024 0.003494 0.001041 0.000018 0.007607 0.002640 
0.000130 0.001104 0.002028 0.004028 0.005960 0.005777 0.042464 0.003207 0.000714 0.006049 0.002398 0.020784 0.036761 0.004366 0.003956 0.003726 0.003849 0.000567 0.005256 0.002088 0.020606 0.022630 0.003277 0.008673 0.002336 0.011435 0.006610 0.002401 0.035787 0.002558 0.003625 0.029319 0.002133 0.007271 0.005691 0.007419 0.001954 0.004156 0.003698 0.002600 0.014529 0.000997 0.003733 0.005294 0.003815 0.003548 0.001386 0.003408 0.000463 0.009602 0.001271 0.000840 0.000126 0.001574 0.001695 0.002810 0.001377 0.000296 0.002226 0.001202 0.000963 0.000882 0.000438 0.001172 0.000782 0.002226 0.000474 0.001924 0.000514 0.000257 0.000003 0.001014 0.000412 
0.000161 0.001757 0.002867 0.006101 0.010086 0.008375 0.093285 0.004620 0.001069 0.008569 0.005166 0.058484 0.054334 0.004301 0.005821 0.005719 0.005781 0.000794 0.007125 0.003083 0.032402 0.055694 0.003608 0.009158 0.002631 0.037589 0.007515 0.003164 0.074897 0.003503 0.004985 0.049124 0.003002 0.010187 0.010791 0.010209 0.002388 0.004791 0.005379 0.004812 0.018069 0.001135 0.003609 0.004463 0.005017 0.004361 0.001045 0.005160 0.000452 0.013240 0.001785 0.000725 0.000140 0.001692 0.002052 0.003014 0.001300 0.000373 0.002523 0.001038 0.001135 0.001146 0.000313 0.002343 0.000673 0.002698 0.000360 0.002329 0.001542 0.000325 0.000003 0.000797 0.000266 
0.000038 0.059940 0.038528 0.005864 0.151064 0.004126 0.006324 0.078707 0.000390 0.045806 0.000254 0.001933 0.046860 0.256600 0.012067 0.078499 0.001680 0.019056 0.000724 1.652688 0.001717 0.001355 0.091619 0.055782 0.023880 0.000811 0.235597 0.278791 0.004729 0.021379 0.017290 0.013880 0.325065 0.004806 0.001478 0.014204 0.142456 0.004029 0.040008 0.001825 0.071157 0.036239 0.179181 0.080234 0.006883 0.002181 0.013995 0.002824 0.007875 0.013676 0.000513 0.034098 0.006106 0.018096 0.000357 0.001303 0.006680 0.000086 0.003264 0.000355 0.000739 0.002380 0.024406 0.002343 0.000456 0.005800 0.000654 0.001114 0.000617 0.000336 0.000004 0.010216 0.001623 
0.000682 0.010643 0.026501 0.043003 0.068082 0.065685 0.117227 0.040549 0.008236 0.084051 0.007318 0.053747 0.626355 0.035251 0.075961 0.049219 0.067991 0.006422 0.030841 0.023368 0.080818 0.048376 0.029696 0.107887 0.026965 0.023990 0.056771 0.021223 0.162447 0.030414 0.048975 0.259970 0.017774 0.062932 0.032817 0.079642 0.010040 0.036422 0.034068 0.021986 0.121264 0.006810 0.025011 0.031658 0.028319 0.021731 0.006998 0.024195 0.002438 0.060524 0.006626 0.003016 0.000965 0.007356 0.007404 0.011811 0.006604 0.001424 0.009682 0.004537 0.004195 0.005025 0.002941 0.005858 0.002780 0.009104 0.001930 0.009315 0.002056 0.001030 0.000016 0.005724 0.001889 
0.000751 0.014458 0.039926 0.063469 0.102123 0.104443 0.120841 0.069467 0.012925 0.179379 0.008115 0.051814 1.378546 0.042158 0.223276 0.089256 0.105889 0.009170 0.041403 0.018297 0.098662 0.053571 0.043134 0.253309 0.048577 0.026849 0.077144 0.023624 0.201174 0.056602 0.102169 0.414829 0.013587 0.104133 0.039358 0.126564 0.008575 0.052698 0.040680 0.024917 0.152558 0.005399 0.017420 0.030827 0.029687 0.020179 0.005930 0.020739 0.001191 0.051649 0.004621 0.001718 0.000413 0.004681 0.006155 0.007616 0.005252 0.001157 0.006603 0.002651 0.002407 0.003151 0.000814 0.002343 0.001216 0.005193 0.000867 0.003848 0.001747 0.000436 0.000005 0.002681 0.000799 
0.000061 0.047992 0.046569 0.011936 0.193013 0.011798 0.009938 0.163720 0.000939 0.116058 0.000580 0.003673 0.121393 0.399430 0.034618 0.239117 0.004974 0.060107 0.002221 0.286386 0.006570 0.004156 0.356067 0.174076 0.082980 0.001932 0.727254 0.282174 0.017254 0.056991 0.043294 0.040079 0.155226 0.012488 0.004546 0.036016 0.089924 0.011612 0.070938 0.005282 0.149392 0.033083 0.127791 0.108778 0.016917 0.004768 0.018607 0.006523 0.007522 0.029825 0.001516 0.016495 0.003224 0.018568 0.001427 0.003665 0.009281 0.000249 0.005898 0.001066 0.001496 0.003548 0.012015 0.001172 0.000630 0.008632 0.001145 0.002936 0.000308 0.000392 0.000005 0.008984 0.001841 
0.000215 0.029618 0.043423 0.023279 0.154158 0.025247 0.030493 0.132084 0.002422 0.152223 0.001558 0.012857 0.259146 0.145372 0.063951 0.226681 0.012395 0.032021 0.006060 0.093772 0.016985 0.009847 0.183239 0.324146 0.133485 0.005949 0.283042 0.091112 0.042689 0.078286 0.069507 0.102304 0.065645 0.028549 0.012491 0.065882 0.040973 0.022716 0.070826 0.012832 0.178823 0.019407 0.076650 0.090406 0.026660 0.014561 0.017108 0.017721 0.005636 0.060815 0.003765 0.010119 0.002126 0.018686 0.004371 0.008879 0.012264 0.000832 0.011351 0.003170 0.003714 0.006545 0.008198 0.005858 0.002215 0.013556 0.002175 0.007594 0.001336 0.001041 0.000017 0.008767 0.002519 
0.000130 0.029518 0.035381 0.016082 0.137768 0.018125 0.016037 0.112734 0.001771 0.109001 0.001072 0.009183 0.167041 0.162183 0.043152 0.186330 0.008677 0.034543 0.004080 0.111969 0.012580 0.008898 0.269922 0.199539 0.092777 0.004674 0.385901 0.114299 0.033486 0.062023 0.054866 0.072361 0.078442 0.023168 0.008980 0.054341 0.049819 0.019131 0.070378 0.010039 0.177333 0.023283 0.094070 0.095596 0.026619 0.013785 0.017971 0.017428 0.006673 0.057178 0.003105 0.012524 0.002609 0.020141 0.004549 0.008879 0.012544 0.000860 0.010238 0.002979 0.003851 0.006215 0.008260 0.002343 0.002172 0.017872 0.002503 0.007493 0.002569 0.000974 0.000013 0.010578 0.002834 
0.000498 0.014458 0.028878 0.036103 0.083211 0.053826 0.078151 0.056204 0.006240 0.116814 0.005528 0.034897 0.583332 0.049522 0.108968 0.075823 0.046509 0.010365 0.028238 0.033810 0.076899 0.049009 0.055245 0.254696 0.056084 0.025034 0.102225 0.036663 0.199256 0.077480 0.139955 0.468008 0.023857 0.133915 0.052588 0.198724 0.016226 0.080839 0.064943 0.040459 0.277176 0.010548 0.034965 0.062070 0.056513 0.037364 0.012814 0.040650 0.003298 0.108536 0.009071 0.004047 0.000993 0.013139 0.010883 0.015517 0.011601 0.002266 0.015469 0.005411 0.005949 0.008374 0.003129 0.007615 0.003627 0.015916 0.002633 0.009315 0.003803 0.001421 0.000017 0.006738 0.001938 
0.000123 0.020432 0.027060 0.010662 0.102008 0.012501 0.012197 0.085175 0.001264 0.091737 0.000819 0.005123 0.144419 0.136705 0.041145 0.148340 0.007884 0.027188 0.003728 0.135735 0.010751 0.006098 0.361210 0.355784 0.190317 0.003786 0.826853 0.199737 0.027607 0.171779 0.108722 0.081094 0.110909 0.027317 0.008759 0.088646 0.068379 0.026333 0.157006 0.012638 0.344980 0.038759 0.122440 0.174065 0.040011 0.011937 0.031535 0.015189 0.010258 0.068380 0.002323 0.013441 0.003196 0.027458 0.003122 0.006883 0.017516 0.000535 0.011277 0.001968 0.003026 0.007669 0.011139 0.004686 0.001911 0.016995 0.002094 0.006075 0.001850 0.000851 0.000012 0.010723 0.003318 
0.000123 0.000201 0.001189 0.002192 0.002522 0.003057 0.032525 0.001305 0.000444 0.001827 0.002116 0.024167 0.024844 0.000847 0.003137 0.000997 0.003955 0.000131 0.006532 0.000497 0.035127 0.097702 0.000622 0.004648 0.001021 0.147188 0.001177 0.000764 0.251403 0.001362 0.002823 0.073921 0.000474 0.011995 0.030821 0.007292 0.000217 0.004791 0.001625 0.005503 0.008196 0.000249 0.000622 0.001349 0.002861 0.005322 0.000204 0.003895 0.000066 0.009166 0.003350 0.000115 0.000007 0.000354 0.004728 0.002403 0.000408 0.000746 0.001298 0.001366 0.000619 0.000353 0.000188 0.002929 0.000304 0.000607 0.000164 0.001519 0.000411 0.000067 0.000002 0.000290 0.000073 
0.000061 0.007078 0.009649 0.005716 0.034385 0.006297 0.012875 0.023917 0.000741 0.025707 0.000804 0.005510 0.067059 0.028866 0.014186 0.032900 0.003796 0.005253 0.002110 0.026650 0.006645 0.005917 0.032890 0.076111 0.026896 0.002666 0.072073 0.025970 0.020450 0.037753 0.029908 0.052399 0.027885 0.014665 0.006504 0.035129 0.015955 0.013674 0.034629 0.008103 0.113441 0.010354 0.038822 0.048161 0.018161 0.011494 0.009815 0.014069 0.003739 0.041174 0.002616 0.005804 0.001294 0.011605 0.003568 0.007453 0.008108 0.000813 0.008495 0.003088 0.003215 0.004738 0.003755 0.003515 0.002280 0.013353 0.001979 0.009011 0.001850 0.001018 0.000015 0.007173 0.002277 
0.000161 0.002610 0.005454 0.006101 0.015129 0.008314 0.020328 0.011252 0.000979 0.014996 0.001203 0.009280 0.077562 0.011859 0.011106 0.011754 0.006707 0.001989 0.005778 0.009745 0.019859 0.015177 0.009705 0.025185 0.007166 0.010044 0.021550 0.008784 0.066206 0.009508 0.014849 0.144566 0.009874 0.033479 0.017813 0.032465 0.005698 0.018528 0.014569 0.012887 0.061843 0.003627 0.013439 0.020967 0.015631 0.013859 0.005044 0.015092 0.001544 0.045247 0.004841 0.001756 0.000560 0.005232 0.005441 0.009367 0.005558 0.001138 0.008532 0.004017 0.003129 0.003284 0.001377 0.003515 0.002650 0.009307 0.001799 0.008809 0.001850 0.000974 0.000013 0.004347 0.001211 
0.000015 0.004518 0.006223 0.002399 0.019485 0.003515 0.003840 0.013698 0.000315 0.011971 0.000239 0.001837 0.023632 0.018245 0.004776 0.017736 0.001534 0.002827 0.000884 0.030230 0.002688 0.002168 0.021733 0.021647 0.009253 0.000889 0.057586 0.036881 0.007413 0.009508 0.011120 0.018090 0.028517 0.005833 0.003104 0.012301 0.016389 0.004886 0.019163 0.003236 0.043774 0.009524 0.038449 0.033837 0.008583 0.004250 0.007043 0.006134 0.002581 0.021387 0.001418 0.004811 0.001252 0.009009 0.001160 0.003869 0.005048 0.000344 0.003747 0.001312 0.001754 0.002799 0.005069 0.001757 0.001325 0.007891 0.001145 0.005366 0.001644 0.000649 0.000008 0.004999 0.001332 
0.000253 0.006827 0.011467 0.014690 0.035760 0.019287 0.041786 0.023645 0.002224 0.039568 0.002442 0.021460 0.175727 0.025087 0.026931 0.029437 0.015701 0.004685 0.012662 0.022772 0.043153 0.031212 0.025673 0.074445 0.019821 0.017848 0.050977 0.021059 0.145960 0.031831 0.057272 0.422470 0.019986 0.127548 0.047451 0.128403 0.014110 0.067831 0.040624 0.041372 0.193911 0.010603 0.031979 0.049926 0.044240 0.040432 0.011155 0.047660 0.003640 0.112464 0.011834 0.004467 0.001245 0.014044 0.013915 0.024314 0.011754 0.003212 0.018251 0.009756 0.008390 0.010292 0.003567 0.010544 0.006320 0.020434 0.004204 0.023187 0.005036 0.001992 0.000037 0.009998 0.003052 
0.000008 0.018223 0.015873 0.003613 0.057766 0.003790 0.004066 0.036636 0.000351 0.028227 0.000275 0.002223 0.041811 0.092462 0.010315 0.047907 0.001720 0.010758 0.000995 0.389903 0.002688 0.002078 0.081748 0.059112 0.028303 0.001043 0.237408 0.346552 0.008563 0.035863 0.028026 0.027603 0.811676 0.008380 0.003696 0.029739 0.461125 0.008947 0.092791 0.004314 0.168578 0.116912 0.535302 0.243505 0.018492 0.006209 0.042372 0.008763 0.025258 0.042338 0.001296 0.062391 0.013457 0.056254 0.001338 0.004684 0.019734 0.000287 0.010238 0.001558 0.002562 0.007140 0.044118 0.001172 0.001564 0.021851 0.002355 0.006379 0.001233 0.001041 0.000013 0.024489 0.005134 
0.000023 0.004518 0.006783 0.002962 0.021548 0.004463 0.005873 0.014132 0.000423 0.014870 0.000283 0.002900 0.030500 0.020656 0.006669 0.016844 0.002103 0.003063 0.001025 0.033511 0.003509 0.002891 0.023558 0.032193 0.012201 0.001313 0.061751 0.038518 0.014826 0.016041 0.015721 0.029163 0.037365 0.009284 0.003733 0.022954 0.030011 0.008661 0.039223 0.006084 0.093696 0.016832 0.062216 0.071204 0.015175 0.006726 0.013405 0.009883 0.005250 0.042629 0.002274 0.008018 0.001986 0.015224 0.002230 0.007616 0.009434 0.000746 0.007790 0.002596 0.002974 0.004628 0.006821 0.004100 0.002280 0.013083 0.001865 0.007796 0.001953 0.001041 0.000015 0.008549 0.002059 
0.000038 0.000452 0.000489 0.000977 0.002865 0.001589 0.007228 0.001087 0.000156 0.001953 0.000341 0.001740 0.010705 0.000782 0.001922 0.001837 0.001323 0.000175 0.001608 0.001392 0.005749 0.008492 0.001866 0.003400 0.001406 0.008576 0.003622 0.001146 0.046651 0.001696 0.003033 0.039300 0.001896 0.007928 0.017924 0.006785 0.000705 0.004315 0.002746 0.005006 0.011363 0.000831 0.002240 0.003114 0.003856 0.005987 0.000977 0.005258 0.000221 0.014258 0.003374 0.000420 0.000105 0.001023 0.005977 0.004073 0.000816 0.001291 0.002189 0.002323 0.001427 0.000859 0.000313 0.003515 0.000912 0.002360 0.000687 0.003645 0.000925 0.000392 0.000005 0.001014 0.000460 
-0.000000 0.000100 0.000420 0.000207 0.001490 0.000092 -0.000000 0.000761 0.000018 0.000567 0.000014 0.000193 0.001818 0.001238 0.000339 0.000682 0.000093 0.000070 0.000090 0.002983 0.000075 0.000136 0.000539 0.000416 0.000431 0.000077 0.002173 0.001473 0.000383 0.000500 0.000697 0.000624 0.003950 0.000329 0.000111 0.000761 0.002388 0.000412 0.001513 0.000304 0.003539 0.001246 0.006097 0.001868 0.000580 0.000111 0.000500 0.000487 0.000320 0.001309 0.000147 0.001375 0.000252 0.000826 0.000089 0.000122 0.000255 0.000029 0.000037 0.000055 0.000034 0.000198 0.002065 -0.000000 0.000065 0.000540 0.000180 0.000506 0.000103 0.000045 0.000001 0.000507 0.000145 
0.000038 0.011396 0.011887 0.004028 0.042408 0.004463 0.007228 0.030331 0.000459 0.025581 0.000275 0.001740 0.046860 0.064313 0.011643 0.044182 0.002566 0.008141 0.001477 0.174716 0.004629 0.002981 0.068227 0.071393 0.028824 0.001275 0.196934 0.195154 0.014059 0.045370 0.038413 0.040547 0.300656 0.015322 0.005433 0.041850 0.252786 0.015641 0.152075 0.007826 0.281088 0.211068 0.600504 0.459711 0.033128 0.011309 0.077019 0.018110 0.041207 0.077837 0.002592 0.054717 0.014883 0.096380 0.002408 0.011404 0.036562 0.000774 0.020032 0.003279 0.005038 0.014611 0.039613 0.004686 0.003627 0.037497 0.004302 0.011745 0.002261 0.002160 0.000025 0.035791 0.009663 
0.000046 0.007831 0.008880 0.005301 0.029915 0.006969 0.011519 0.022395 0.000633 0.026085 0.000587 0.003480 0.056556 0.033883 0.012434 0.030329 0.003505 0.005314 0.002382 0.056880 0.007615 0.004833 0.040024 0.062304 0.022315 0.003438 0.094891 0.055213 0.024540 0.037447 0.043294 0.067059 0.071570 0.024524 0.010828 0.068989 0.053129 0.024715 0.191466 0.016648 0.391176 0.046870 0.141229 0.338997 0.050833 0.023875 0.075656 0.033542 0.017493 0.127449 0.007164 0.021574 0.005490 0.065460 0.007761 0.021178 0.045536 0.002036 0.032867 0.006122 0.010024 0.020451 0.015207 0.006443 0.007145 0.052738 0.007393 0.027439 0.006167 0.003615 0.000052 0.031734 0.009252 
0.000061 0.007932 0.007482 0.003347 0.026706 0.003546 0.004743 0.021688 0.000360 0.019154 0.000341 0.002513 0.040397 0.041051 0.009439 0.030014 0.002619 0.005401 0.001357 0.102323 0.004218 0.003343 0.049480 0.059112 0.023177 0.001468 0.136813 0.116536 0.016743 0.040366 0.037716 0.048345 0.167707 0.016513 0.007132 0.052947 0.143053 0.016974 0.184350 0.010426 0.358950 0.174303 0.456911 0.890983 0.044531 0.014561 0.142929 0.023903 0.060918 0.112173 0.004181 0.046278 0.013135 0.148818 0.004817 0.014295 0.060426 0.000985 0.030381 0.004263 0.007616 0.021575 0.038236 0.008201 0.004887 0.059483 0.006821 0.021162 0.003186 0.003246 0.000030 0.054412 0.013611 
0.000023 0.000100 0.000140 0.000800 0.001146 0.001284 0.004517 0.000761 0.000270 0.002898 0.000435 0.002997 0.018987 0.000261 0.003476 0.001154 0.003360 0.000122 0.004733 0.000398 0.021726 0.021546 0.001037 0.009713 0.001678 0.018737 0.001720 0.000600 0.284250 0.004281 0.010876 0.595107 0.000316 0.128698 0.417194 0.056941 0.000326 0.072083 0.006556 0.253761 0.054578 0.000554 0.001244 0.002906 0.036197 0.280399 0.001022 0.204078 0.000232 0.177353 0.257581 0.000153 0.000070 0.000944 0.216046 0.161769 0.003799 0.041405 0.017880 0.078624 0.023468 0.006193 -0.000000 0.118324 0.015833 0.008498 0.003010 0.033919 0.022508 0.001668 0.000049 0.001304 0.000678 
-0.000000 0.005070 0.002377 0.000326 0.011118 0.000336 0.000452 0.005979 0.000030 0.004095 0.000007 0.000193 0.004242 0.024630 0.001130 0.008238 0.000225 0.002260 0.000090 0.185554 0.000187 0.000271 0.020157 0.010893 0.005511 0.000077 0.062476 0.107316 0.000895 0.010953 0.007529 0.004834 0.433763 0.001232 0.000222 0.006658 0.508556 0.001682 0.047068 0.000719 0.063333 0.192879 2.375389 0.206554 0.006593 0.000998 0.035602 0.001801 0.058822 0.020223 0.000245 0.245709 0.068115 0.113335 -0.000000 0.001629 0.021723 0.000096 0.005787 0.000246 0.001014 0.005531 0.132293 -0.000000 0.000760 0.026369 0.002110 0.003139 0.000411 0.000806 0.000009 0.049123 0.009494 
-0.000000 0.000301 0.000210 0.000444 0.001261 0.000550 0.001129 0.000489 0.000054 0.000819 0.000094 0.000677 0.003636 0.001108 0.000480 0.001312 0.000119 0.000140 0.000301 0.001293 0.001419 0.001265 0.000912 0.001388 0.000567 0.000811 0.000815 0.000873 0.006646 0.000667 0.001150 0.011696 0.001659 0.002383 0.003141 0.002917 0.000760 0.001523 0.001625 0.002046 0.005774 0.000415 0.000622 0.001661 0.002156 0.002661 0.000500 0.002872 0.000188 0.007856 0.003032 0.000267 0.000035 0.000826 0.004728 0.003055 0.000867 0.000679 0.001595 0.001968 0.000722 0.000970 0.000063 0.003515 0.000760 0.001551 0.000458 0.002734 0.000925 0.000269 0.000004 0.000652 0.000339 
0.000061 0.001355 0.002587 0.002488 0.006877 0.004677 0.013778 0.003642 0.000657 0.007246 0.001029 0.008410 0.045043 0.004757 0.007178 0.006244 0.005053 0.000890 0.005879 0.004574 0.024936 0.025701 0.004811 0.020120 0.004604 0.018234 0.012948 0.005347 0.183152 0.010314 0.020462 0.367108 0.004187 0.081705 0.166227 0.075457 0.003527 0.060978 0.020564 0.107494 0.116235 0.002962 0.008461 0.018164 0.047391 0.137705 0.004521 0.135436 0.001279 0.201795 0.143693 0.001375 0.000413 0.005861 0.151286 0.109475 0.008465 0.032093 0.031977 0.069251 0.025325 0.012848 0.001564 0.107194 0.022044 0.024953 0.007639 0.064396 0.029086 0.005137 0.000094 0.008912 0.002519 
0.000054 0.006827 0.008181 0.003732 0.029571 0.004768 0.006550 0.020112 0.000498 0.020981 0.000333 0.003577 0.043023 0.033427 0.009099 0.025082 0.002606 0.004860 0.001598 0.069906 0.005786 0.003930 0.036955 0.047456 0.018710 0.002550 0.092446 0.071689 0.017893 0.028551 0.029978 0.044290 0.108776 0.016842 0.006689 0.042611 0.094483 0.017323 0.112403 0.011394 0.264695 0.098308 0.291666 0.464278 0.038187 0.017407 0.094672 0.022978 0.048564 0.110573 0.005452 0.037534 0.011016 0.124546 0.005531 0.017798 0.048825 0.001348 0.028601 0.005083 0.008734 0.020385 0.030664 0.007615 0.006364 0.054762 0.007410 0.026325 0.003906 0.003559 0.000039 0.050644 0.012449 
0.000077 0.002510 0.004615 0.002754 0.011003 0.003668 0.007228 0.009730 0.000348 0.011845 0.000478 0.002320 0.033731 0.013423 0.006697 0.011859 0.002130 0.002007 0.001588 0.020087 0.005226 0.004201 0.013272 0.026573 0.009321 0.002395 0.032958 0.017240 0.016743 0.013761 0.019381 0.042107 0.022514 0.013761 0.008204 0.037221 0.015630 0.013198 0.052896 0.010841 0.203411 0.013067 0.048404 0.074214 0.034206 0.016446 0.017267 0.023611 0.005316 0.096314 0.005232 0.006377 0.001958 0.021833 0.004906 0.013766 0.021468 0.001252 0.021553 0.005739 0.007204 0.013597 0.005570 0.006443 0.004604 0.030753 0.004874 0.018833 0.003803 0.002496 0.000034 0.016447 0.004359 
0.000046 0.002159 0.003216 0.003110 0.010889 0.003821 0.007680 0.007719 0.000474 0.011026 0.000587 0.003480 0.044033 0.009774 0.008421 0.010914 0.003704 0.001667 0.003397 0.012828 0.011199 0.009440 0.014433 0.045375 0.011135 0.006452 0.037667 0.017459 0.057770 0.028301 0.054901 0.202736 0.016510 0.074187 0.039691 0.207918 0.012916 0.117007 0.094304 0.096986 0.622342 0.011794 0.038325 0.097568 0.369554 0.189889 0.023765 0.346768 0.006022 1.469596 0.033081 0.005422 0.001483 0.028835 0.026404 0.135704 0.048672 0.007218 0.134361 0.030225 0.048880 0.055844 0.005069 0.034560 0.021914 0.085245 0.015915 0.065408 0.016342 0.007342 0.000095 0.027387 0.009373 
0.000031 0.000954 0.001398 0.001599 0.004126 0.001528 0.003388 0.003098 0.000246 0.005041 0.000304 0.002030 0.016563 0.004235 0.003250 0.005037 0.001243 0.000619 0.001005 0.005768 0.003658 0.004201 0.003733 0.009089 0.002404 0.001970 0.009598 0.005347 0.019299 0.004448 0.007216 0.043042 0.005688 0.011954 0.012750 0.017374 0.003962 0.011548 0.010590 0.013136 0.046569 0.002852 0.009581 0.012871 0.014305 0.021140 0.003476 0.027457 0.001125 0.058778 0.024401 0.001871 0.000427 0.004681 0.019446 0.025292 0.005456 0.005440 0.012464 0.016206 0.008132 0.006545 0.001439 0.024016 0.007515 0.013353 0.003599 0.026832 0.009250 0.001959 0.000043 0.005724 0.001962 
-0.000000 0.000904 0.001398 0.000563 0.004241 0.000397 0.000678 0.002935 0.000072 0.003150 0.000072 0.000483 0.008685 0.007689 0.001780 0.004932 0.000529 0.001003 0.000362 0.027644 0.001120 0.000587 0.009166 0.016374 0.005057 0.000232 0.032053 0.027170 0.003323 0.014317 0.017638 0.016687 0.049530 0.007024 0.002883 0.033290 0.042601 0.010660 0.112235 0.007633 0.345352 0.049473 0.195979 0.299139 0.059291 0.013564 0.094354 0.029015 0.043513 0.232202 0.004328 0.042002 0.015681 0.353340 0.003390 0.023052 0.301926 0.001119 0.096189 0.005794 0.018328 0.097650 0.053067 0.007615 0.013270 0.407408 0.031029 0.052549 0.006372 0.012166 0.000117 0.323427 0.078784 
-0.000000 0.000552 0.000629 0.000503 0.002292 0.001161 0.001355 0.001739 0.000105 0.003465 0.000101 0.000870 0.009291 0.002346 0.002176 0.003201 0.000794 0.000384 0.000945 0.006165 0.003285 0.002258 0.004853 0.010685 0.002767 0.001816 0.011680 0.006711 0.017638 0.007534 0.012932 0.052867 0.008768 0.016637 0.014782 0.041723 0.006404 0.020908 0.036422 0.026825 0.176215 0.006367 0.024886 0.050445 0.062857 0.060315 0.014313 0.115427 0.004302 0.529148 0.036406 0.005537 0.001588 0.025216 0.034075 0.196143 0.045230 0.011147 0.265012 0.064714 0.195588 0.116139 0.004819 0.080249 0.120321 0.245079 0.091273 0.357316 0.054472 0.041298 0.000468 0.054846 0.022621 
-0.000000 0.001657 0.001119 0.000207 0.004126 0.000092 -0.000000 0.002066 0.000015 0.001575 0.000014 0.000097 0.001818 0.008080 0.000424 0.002466 0.000066 0.000742 0.000070 0.064636 0.000149 0.000045 0.004770 0.003885 0.001519 -0.000000 0.016751 0.022914 0.000128 0.002641 0.001987 0.000624 0.088791 0.000493 0.000148 0.003361 0.078745 0.000761 0.016082 0.000470 0.030921 0.030453 0.256950 0.063834 0.003856 0.000961 0.012700 0.001655 0.019589 0.015276 0.000318 0.421543 0.049476 0.071360 0.000178 0.001181 0.018536 0.000086 0.005527 0.000519 0.001221 0.006127 0.988004 -0.000000 0.000999 0.031292 0.002764 0.003949 0.000308 0.001153 0.000011 0.102085 0.018649 
0.000008 0.001054 0.001259 0.000740 0.004470 0.000948 0.000903 0.003696 0.000096 0.003780 0.000145 0.000483 0.009897 0.005930 0.002346 0.005037 0.000847 0.000777 0.000623 0.014319 0.002762 0.001536 0.008959 0.016374 0.004876 0.001391 0.021821 0.013585 0.011759 0.013011 0.017952 0.039456 0.022751 0.013802 0.008130 0.038997 0.019374 0.019480 0.069818 0.016372 0.277921 0.018770 0.068686 0.123621 0.073181 0.031710 0.035147 0.060123 0.012596 0.416538 0.013545 0.013861 0.004532 0.079307 0.013202 0.066426 0.133702 0.003690 0.233184 0.019649 0.051734 0.260509 0.014769 0.024602 0.039093 0.716488 0.070990 0.147928 0.019117 0.028282 0.000259 0.144325 0.052216 
-0.000000 0.000351 0.000420 0.000415 0.000917 0.000458 0.001129 0.001250 0.000054 0.001260 0.000087 0.000387 0.005454 0.001759 0.001102 0.001259 0.000423 0.000279 0.000342 0.002088 0.001120 0.001310 0.000912 0.002567 0.000884 0.000734 0.002897 0.002182 0.004473 0.001612 0.002405 0.012008 0.002607 0.003820 0.002956 0.005897 0.001465 0.003331 0.004315 0.003982 0.022167 0.001218 0.004604 0.007266 0.005805 0.007096 0.001568 0.008471 0.000717 0.027061 0.008900 0.001031 0.000287 0.002164 0.022122 0.010833 0.002397 0.003987 0.007345 0.013801 0.004917 0.003746 0.000939 0.103680 0.008535 0.009644 0.003762 0.040906 0.087155 0.002843 0.000101 0.003188 0.001816 
0.000015 0.000301 0.000489 0.000178 0.001032 0.000275 0.000678 0.000815 0.000054 0.001197 0.000043 0.000483 0.005656 0.001368 0.000820 0.001049 0.000384 0.000218 0.000442 0.002585 0.001680 0.000858 0.001659 0.004371 0.001565 0.000927 0.004889 0.003819 0.010097 0.003114 0.005786 0.026356 0.004503 0.008585 0.007761 0.019213 0.004559 0.009772 0.018435 0.013827 0.089412 0.004513 0.017420 0.032384 0.030433 0.030416 0.007634 0.052237 0.002857 0.236422 0.029169 0.002826 0.001168 0.020023 0.034789 0.105606 0.029168 0.009474 0.119114 0.060697 0.088716 0.065034 0.003880 0.086107 0.206109 0.208931 0.161314 0.830160 0.083763 0.102787 0.001082 0.059991 0.027440 
0.000008 0.000050 0.000070 0.000118 0.000573 0.000183 -0.000000 0.000761 0.000033 0.000567 0.000022 -0.000000 0.001616 0.001238 0.000565 0.000997 0.000159 0.000157 0.000141 0.004375 0.000560 0.000407 0.001700 0.003469 0.001111 0.000386 0.006700 0.003874 0.003323 0.003670 0.004044 0.011072 0.005609 0.004683 0.002956 0.015916 0.005373 0.006789 0.024655 0.006361 0.105804 0.006340 0.025135 0.041518 0.032506 0.017592 0.013018 0.036366 0.005427 0.248497 0.011394 0.005995 0.002287 0.041345 0.011775 0.065815 0.062670 0.003394 0.176390 0.024568 0.064061 0.140028 0.009700 0.043346 0.078426 0.810365 0.300823 0.321068 0.032478 0.084018 0.000580 0.142948 0.065270 
-0.000000 0.001305 0.000769 0.000207 0.003438 0.000092 -0.000000 0.001794 0.000018 0.001323 0.000014 -0.000000 0.002020 0.006451 0.000509 0.002624 0.000066 0.000524 0.000050 0.039875 0.000187 0.000090 0.003982 0.004302 0.001587 0.000155 0.014216 0.018877 0.000511 0.003225 0.002998 0.002807 0.058772 0.000739 0.000222 0.004122 0.053835 0.001396 0.016026 0.000996 0.034647 0.027159 0.190628 0.059164 0.005183 0.001072 0.014109 0.003116 0.017063 0.017168 0.000513 0.214437 0.032592 0.066482 0.000357 0.003258 0.018587 0.000105 0.007790 0.000793 0.001565 0.006545 0.616219 0.001172 0.001499 0.035946 0.003386 0.005974 0.000617 0.001690 0.000016 0.120633 0.023129 
0.000023 0.002008 0.001958 0.000977 0.006533 0.001161 0.001129 0.005218 0.000093 0.005734 0.000087 0.000677 0.009493 0.009579 0.002515 0.005929 0.000556 0.001405 0.000412 0.032020 0.001456 0.000542 0.009871 0.012350 0.004354 0.000348 0.025715 0.022041 0.005112 0.006227 0.007146 0.014036 0.054981 0.003738 0.002033 0.011160 0.049005 0.004156 0.024599 0.003180 0.062029 0.026854 0.147700 0.077951 0.010283 0.003807 0.017653 0.007595 0.014581 0.034627 0.001467 0.089120 0.016912 0.052045 0.001249 0.005865 0.017516 0.000459 0.011796 0.002077 0.003301 0.009234 0.141617 0.005272 0.002932 0.040936 0.004662 0.013264 0.002364 0.001992 0.000027 0.075930 0.017874 
0.000023 0.001054 0.001189 0.001244 0.003668 0.001620 0.002485 0.003751 0.000123 0.004095 0.000225 0.002030 0.011513 0.004822 0.002317 0.003621 0.001204 0.000794 0.000945 0.005569 0.003434 0.002484 0.005060 0.010754 0.003515 0.001854 0.012405 0.008129 0.014443 0.006728 0.009586 0.042263 0.010506 0.013802 0.009645 0.022383 0.008520 0.013357 0.020564 0.013496 0.084196 0.006229 0.023891 0.033526 0.024587 0.027238 0.008065 0.042451 0.003254 0.145636 0.021687 0.004506 0.001119 0.016522 0.024798 0.058362 0.018357 0.007906 0.055829 0.038151 0.034695 0.028010 0.005069 0.072049 0.095670 0.090910 0.051132 0.508788 0.054986 0.042530 0.000672 0.036444 0.013006 
0.000015 0.000351 0.000350 0.000415 0.002636 0.000581 0.000903 0.002066 0.000078 0.002898 0.000072 0.000483 0.008685 0.004040 0.001498 0.003830 0.000728 0.000602 0.000573 0.007756 0.002165 0.001129 0.004894 0.008464 0.003334 0.000695 0.012948 0.009930 0.007669 0.007145 0.008714 0.025108 0.012007 0.009078 0.005617 0.022764 0.014110 0.011136 0.035973 0.010592 0.133745 0.012430 0.050892 0.073176 0.035658 0.019809 0.020516 0.035733 0.008449 0.210379 0.011638 0.012677 0.003931 0.051652 0.014451 0.048547 0.062721 0.003815 0.105092 0.020715 0.035572 0.086719 0.014769 0.024602 0.046326 0.630704 0.118867 0.225892 0.030114 0.052636 0.000476 0.192796 0.081981 
-0.000000 0.001908 0.000909 0.000296 0.003553 0.000153 0.000226 0.002283 0.000021 0.001827 0.000007 0.000097 0.002828 0.005734 0.000678 0.003358 0.000159 0.000532 0.000080 0.031821 0.000373 0.000181 0.004604 0.005065 0.002427 0.000039 0.013853 0.018222 0.001150 0.004003 0.003207 0.003275 0.056087 0.001027 0.000554 0.005136 0.048245 0.001935 0.018267 0.000913 0.039490 0.027297 0.177314 0.067882 0.007795 0.001959 0.015654 0.003213 0.017229 0.026043 0.000685 0.160026 0.027857 0.075491 0.000357 0.003299 0.021136 0.000201 0.009311 0.001066 0.002080 0.009476 0.382610 0.001172 0.002063 0.045590 0.004236 0.008404 0.001542 0.002171 0.000018 0.137587 0.027561 
0.000008 0.000703 0.001888 0.001155 0.003782 0.001406 0.001807 0.003098 0.000108 0.003276 0.000138 0.000773 0.011715 0.004496 0.002628 0.003778 0.000833 0.000619 0.000774 0.005469 0.002986 0.001942 0.004645 0.009713 0.002540 0.001507 0.011771 0.005892 0.009841 0.004504 0.007460 0.028851 0.007979 0.008216 0.005950 0.016550 0.005590 0.009772 0.014401 0.008490 0.061284 0.004097 0.018167 0.024392 0.019114 0.016298 0.006316 0.025266 0.002416 0.095878 0.013399 0.003551 0.000860 0.012274 0.017305 0.034211 0.012748 0.004771 0.032014 0.023721 0.020528 0.020363 0.003192 0.046861 0.049106 0.065552 0.033925 0.338585 0.045736 0.034147 0.000726 0.028039 0.010632 
-0.000000 0.000251 0.000210 0.000178 0.000917 0.000306 -0.000000 0.000870 0.000024 0.001197 0.000043 -0.000000 0.004242 0.001499 0.000735 0.000892 0.000370 0.000236 0.000221 0.005668 0.000485 0.000497 0.001949 0.004440 0.001202 0.000309 0.007606 0.004365 0.002428 0.003475 0.004566 0.011540 0.007821 0.004519 0.003585 0.013062 0.006838 0.005838 0.022021 0.006582 0.089412 0.008056 0.031979 0.046085 0.023841 0.013453 0.014063 0.025218 0.005713 0.149564 0.009487 0.008706 0.002833 0.043745 0.010169 0.039994 0.049361 0.003184 0.091552 0.017162 0.033715 0.073915 0.010513 0.036903 0.055665 0.551866 0.169754 0.297679 0.036280 0.089603 0.000689 0.205113 0.103367 
0.000008 0.001355 0.001468 0.000474 0.005387 0.000458 0.001807 0.003642 0.000063 0.002961 0.000036 0.000290 0.006060 0.007950 0.001554 0.004827 0.000476 0.000907 0.000241 0.031721 0.000859 0.000452 0.007300 0.008603 0.003878 0.000386 0.018924 0.021769 0.003067 0.005421 0.007250 0.007798 0.047476 0.003122 0.001330 0.010272 0.044229 0.004759 0.029474 0.002793 0.069853 0.030730 0.162134 0.098295 0.012231 0.004731 0.022492 0.007595 0.019170 0.046848 0.001760 0.084461 0.020045 0.090204 0.001962 0.007494 0.033553 0.000621 0.018770 0.002706 0.004934 0.015228 0.130478 0.005272 0.004105 0.077961 0.008048 0.018732 0.002261 0.004376 0.000044 0.230616 0.049213 
-0.000000 0.000703 0.000559 0.000148 0.002636 0.000183 0.000452 0.001413 0.000027 0.001827 0.000043 0.000097 0.002222 0.003584 0.000622 0.002099 0.000132 0.000524 0.000040 0.019888 0.000224 0.000271 0.003360 0.002914 0.001383 0.000270 0.009145 0.011566 0.000511 0.002280 0.002231 0.002963 0.032704 0.000863 0.000333 0.003931 0.026321 0.000984 0.009750 0.000940 0.021049 0.012652 0.079387 0.034253 0.002902 0.001109 0.007452 0.002288 0.006629 0.010039 0.000367 0.076519 0.010953 0.027655 0.000535 0.001711 0.008949 0.000124 0.004748 0.000902 0.001049 0.003768 0.257952 0.002343 0.000934 0.014702 0.001701 0.005063 0.000514 0.000761 0.000010 0.042240 0.009494 
0.000015 0.000954 0.001538 0.000859 0.004928 0.000886 0.003162 0.003696 0.000102 0.004221 0.000072 0.000870 0.009897 0.006386 0.002487 0.004303 0.000741 0.000785 0.000673 0.014916 0.001904 0.001491 0.007590 0.010754 0.003742 0.000811 0.016298 0.013694 0.006007 0.006728 0.009481 0.024172 0.021566 0.007435 0.004730 0.019150 0.020894 0.008408 0.031379 0.007494 0.107853 0.015060 0.062216 0.076290 0.023965 0.012935 0.018948 0.024341 0.010070 0.109263 0.006650 0.017526 0.004896 0.053855 0.007315 0.024070 0.046531 0.002008 0.050932 0.010713 0.015869 0.041056 0.017898 0.014058 0.019243 0.258095 0.038341 0.093556 0.014286 0.018914 0.000219 0.312632 0.145096 
-0.000000 0.000151 0.000629 0.000355 0.001834 0.000458 0.001807 0.001576 0.000075 0.001701 0.000072 0.000483 0.005454 0.002541 0.000876 0.001469 0.000463 0.000323 0.000392 0.002685 0.001344 0.001084 0.001825 0.003677 0.000907 0.000773 0.004256 0.002837 0.004218 0.001779 0.003277 0.012164 0.003792 0.004354 0.002661 0.007863 0.002713 0.003902 0.004707 0.003512 0.021422 0.001440 0.008088 0.007577 0.005971 0.007096 0.002181 0.010369 0.000904 0.031280 0.007311 0.001260 0.000308 0.004249 0.012131 0.012951 0.003977 0.002696 0.009645 0.011287 0.006619 0.006016 0.001377 0.034560 0.015898 0.017872 0.007017 0.087582 0.049333 0.005853 0.000264 0.008187 0.002785 
-0.000000 0.000703 0.000559 0.000030 0.002865 0.000183 -0.000000 0.001739 0.000024 0.000945 -0.000000 -0.000000 0.002626 0.003714 0.000593 0.002414 0.000198 0.000489 0.000090 0.022473 0.000187 0.000271 0.004023 0.005689 0.002018 0.000077 0.014668 0.013039 0.001534 0.004531 0.004950 0.005146 0.039024 0.001931 0.000702 0.009194 0.034569 0.002792 0.028577 0.002268 0.074882 0.029318 0.148322 0.095181 0.012397 0.003363 0.024832 0.006377 0.022677 0.051504 0.001443 0.082743 0.021017 0.130054 0.001784 0.006557 0.051502 0.000258 0.023890 0.001940 0.004866 0.024440 0.120215 0.003515 0.005951 0.152146 0.014411 0.027237 0.004008 0.006312 0.000059 0.644826 0.117365 
0.000015 0.000452 0.001119 0.000740 0.004012 0.000764 0.002259 0.002555 0.000123 0.003087 0.000145 0.000870 0.006464 0.002541 0.001413 0.002151 0.000463 0.000471 0.000402 0.004773 0.001680 0.001084 0.002613 0.005065 0.001565 0.000966 0.005523 0.003328 0.006263 0.002891 0.004253 0.016531 0.005135 0.004436 0.004287 0.009638 0.004830 0.005520 0.008573 0.004480 0.033343 0.003101 0.007964 0.013597 0.008914 0.008870 0.003862 0.014459 0.001268 0.049030 0.006308 0.002329 0.000560 0.006334 0.009991 0.016943 0.006247 0.002333 0.017138 0.012052 0.008975 0.009058 0.001877 0.025773 0.018917 0.033181 0.014427 0.134462 0.028572 0.014191 0.000592 0.013476 0.005473 
0.000008 0.000653 0.001189 0.000622 0.003324 0.001131 0.002710 0.003316 0.000126 0.002709 0.000109 0.000677 0.009695 0.003910 0.001639 0.003201 0.000820 0.000619 0.000553 0.006066 0.001941 0.002123 0.003401 0.007007 0.002608 0.000695 0.008330 0.005510 0.009202 0.004587 0.006518 0.019650 0.008847 0.005915 0.004250 0.011414 0.006675 0.007456 0.014569 0.006720 0.055323 0.004291 0.016923 0.023250 0.014305 0.010829 0.005771 0.017672 0.002349 0.065907 0.006797 0.004277 0.001042 0.012470 0.008207 0.020282 0.010989 0.002361 0.025819 0.010795 0.012310 0.017079 0.004255 0.022259 0.020198 0.068520 0.026008 0.117047 0.021789 0.024320 0.000305 0.033473 0.013635 
0.000008 0.000703 0.000839 0.000178 0.002865 0.000153 0.000226 0.001848 0.000024 0.001512 0.000036 0.000193 0.001818 0.003519 0.000622 0.001732 0.000079 0.000471 0.000070 0.022076 0.000224 0.000316 0.003525 0.004232 0.001406 0.000039 0.010413 0.012603 0.000895 0.002474 0.002963 0.002339 0.034758 0.001068 0.000591 0.003995 0.031965 0.001142 0.013616 0.000747 0.037069 0.017580 0.112610 0.048992 0.004975 0.001811 0.012450 0.003164 0.011482 0.021096 0.000587 0.091869 0.016394 0.048033 0.001249 0.002688 0.015502 0.000143 0.006863 0.001175 0.001358 0.006876 0.236237 0.001757 0.001911 0.032237 0.003500 0.007695 0.000925 0.001567 0.000017 0.100346 0.022669 
-0.000000 0.000753 0.000629 0.000118 0.001605 0.000245 -0.000000 0.001141 0.000018 0.000882 0.000014 0.000097 0.003030 0.002672 0.000509 0.001732 0.000251 0.000384 0.000090 0.010938 0.000299 0.000226 0.002779 0.004371 0.002109 0.000155 0.009779 0.010912 0.001278 0.003336 0.003277 0.003899 0.023699 0.002136 0.000813 0.006658 0.021762 0.002951 0.022694 0.002157 0.070970 0.018826 0.096932 0.067882 0.012356 0.003585 0.019334 0.008714 0.014592 0.051649 0.001736 0.042269 0.011589 0.090361 0.001784 0.008349 0.044797 0.000526 0.026338 0.002733 0.006344 0.025542 0.054507 0.006443 0.006429 0.167050 0.017993 0.037969 0.004317 0.009099 0.000091 1.126054 0.188400 
-0.000000 0.000201 0.000140 0.000326 0.000688 0.000306 0.000903 0.000544 0.000030 0.000504 0.000051 0.000387 0.004242 0.001434 0.000480 0.000840 0.000212 0.000148 0.000221 0.000895 0.000784 0.000271 0.000954 0.001665 0.000658 0.000309 0.002535 0.001255 0.004218 0.001084 0.001115 0.011696 0.001817 0.002259 0.002180 0.004312 0.001140 0.002348 0.003026 0.002931 0.015274 0.000969 0.002364 0.004878 0.004271 0.004768 0.001340 0.006621 0.000540 0.022551 0.004230 0.001107 0.000182 0.002006 0.009901 0.008756 0.002295 0.002438 0.007159 0.010412 0.005295 0.004165 0.000688 0.041589 0.011793 0.011667 0.004989 0.068142 0.100105 0.004578 0.000206 0.005289 0.001889 
-0.000000 0.000452 0.000140 0.000030 0.001032 -0.000000 -0.000000 0.000380 0.000003 0.000315 -0.000000 -0.000000 0.000808 0.001564 0.000085 0.000472 0.000026 0.000157 0.000040 0.014518 0.000037 -0.000000 0.001452 0.001249 0.000567 -0.000000 0.005070 0.008238 0.000383 0.001612 0.001394 0.000780 0.024015 0.000205 0.000037 0.002092 0.027243 0.000888 0.013168 0.000470 0.029245 0.018909 0.121071 0.048369 0.004975 0.000924 0.013973 0.002142 0.018387 0.020078 0.000245 0.101224 0.024318 0.105270 0.000446 0.002077 0.032227 0.000105 0.010201 0.000601 0.001908 0.012892 0.205698 0.000586 0.001238 0.083019 0.006854 0.008809 0.001336 0.002943 0.000026 0.459275 0.079632 
