# Flux Network Reconstruction using RW method
# Walkers leave from emitting cells
# Probability involves emitting fluxes, then absorbing flux is shared among connections
# Seed: 1684539137
# Threshold: 0.5
# Precision: 100000.0
# Dt: 1.0
# Radius step: 6.000000
# Matrix output


0.006219 0.034204 0.010585 0.028695 0.020127 0.017887 0.001077 0.009036 0.013196 0.002801 0.028051 0.002219 0.002557 0.000712 0.000365 0.000891 0.000822 0.001592 0.000293 0.002948 0.001984 0.003455 0.001050 0.000453 0.000639 0.001418 0.001204 0.001183 0.001182 0.000011 0.004104 0.000010 0.000563 0.000234 0.000311 0.000327 0.000679 0.000025 0.000169 0.001079 0.000055 0.000051 0.000015 0.000104 0.000232 0.000068 -0.000000 0.000170 0.000039 0.000524 0.000019 0.000003 0.000026 0.000147 0.000039 0.000007 0.000072 0.000159 0.000259 0.000071 -0.000000 0.000342 -0.000000 0.000035 0.000000 0.000090 -0.000000 0.000071 
0.007396 0.008551 0.012263 0.016640 0.014203 0.006929 0.001643 0.007745 0.010280 0.004990 0.025169 0.001747 0.002627 0.001179 0.000358 0.001315 0.001561 0.001521 0.000544 0.002737 0.005116 0.004961 0.002700 0.000348 0.000885 0.004609 0.003174 0.000964 0.001127 0.000022 0.004851 0.000026 0.000894 0.000847 0.000986 0.000741 0.002230 0.000210 0.000618 0.003236 0.000135 0.000481 0.000276 0.001253 0.001100 0.000317 0.000042 0.000638 0.000116 0.001363 0.000263 0.000009 0.000158 0.000928 0.000427 0.000013 0.000217 0.000849 0.000777 0.000424 0.000133 0.000913 0.000043 0.000277 0.000000 0.000359 0.000001 0.000071 
0.015800 0.002280 0.482135 0.009508 0.005251 0.001289 0.021553 0.027790 0.001166 0.230669 0.007685 0.000131 0.002185 0.011700 0.000011 0.000997 0.163914 0.000024 0.001139 0.000105 0.038836 0.002126 0.003200 -0.000000 0.000049 0.033089 0.065115 -0.000000 0.000055 0.000016 0.000187 0.000608 0.000066 0.000409 0.000052 -0.000000 0.015220 0.001023 0.000394 0.000308 -0.000000 0.000735 0.000015 0.004281 0.000926 0.000091 0.000023 -0.000000 0.000194 -0.000000 -0.000000 0.000161 -0.000000 0.000293 -0.000000 -0.000000 -0.000000 -0.000000 -0.000000 0.001341 0.000572 0.000457 -0.000000 0.000035 0.000000 -0.000000 -0.000000 0.000036 
0.145394 0.030783 0.158259 0.146928 0.090539 0.035774 0.015056 0.081397 0.060803 0.042194 0.164272 0.008010 0.018715 0.010410 0.001425 0.009293 0.009531 0.005798 0.002713 0.009370 0.021088 0.025160 0.010550 0.001149 0.003639 0.022217 0.015212 0.004559 0.004619 0.000090 0.017910 0.000103 0.002847 0.003419 0.002698 0.001918 0.004653 0.000641 0.001968 0.010633 0.000355 0.001216 0.000756 0.003550 0.001679 0.000929 0.000109 0.001447 0.000298 0.002620 0.000431 0.000053 0.000395 0.001417 0.000543 0.000033 0.000652 0.001273 0.001036 0.001271 0.000152 0.001712 0.000078 0.000138 0.000000 0.000538 0.000001 0.000107 
0.231790 0.090355 0.252492 0.371170 0.169634 0.065748 0.021261 0.123158 0.089527 0.040444 0.236898 0.012029 0.025480 0.011477 0.001809 0.009760 0.008298 0.007295 0.002303 0.009054 0.015347 0.019224 0.008000 0.000998 0.003295 0.012645 0.009193 0.002761 0.003877 0.000060 0.013433 0.000077 0.001755 0.001870 0.001531 0.000872 0.002424 0.000358 0.000787 0.004161 0.000159 0.000228 0.000378 0.000835 0.000753 0.000363 0.000042 0.000383 0.000116 0.000524 0.000094 0.000023 0.000132 0.000244 0.000194 0.000020 0.000072 0.000212 0.000259 0.000353 0.000019 0.000342 0.000026 0.000035 0.000000 -0.000000 0.000000 -0.000000 
0.021431 0.003420 0.359633 0.025752 0.022618 0.007574 0.023597 0.061199 0.018299 0.097170 0.057255 0.002140 0.009253 0.017105 0.000524 0.007468 0.038041 0.002566 0.003910 0.003895 0.046040 0.026046 0.016249 0.000383 0.001377 0.043607 0.035786 0.001753 0.002309 0.000110 0.014925 0.000305 0.002185 0.004032 0.002880 0.001657 0.015317 0.001862 0.003767 0.014178 0.000269 0.003142 0.000945 0.012008 0.005268 0.001903 0.000200 0.001319 0.001099 0.003564 0.000244 0.000178 0.000368 0.002784 0.001126 0.000026 0.000507 0.001167 0.001684 0.003318 0.000610 0.002397 0.000069 0.000692 0.000001 0.001076 0.000002 0.000750 
0.006303 0.003420 0.127537 0.012338 0.010770 0.003384 0.009727 0.028777 0.011154 0.046046 0.039387 0.001733 0.005835 0.009476 0.000362 0.005325 0.020869 0.001972 0.002252 0.003053 0.030171 0.021085 0.011449 0.000453 0.001279 0.028008 0.025061 0.001578 0.003079 0.000095 0.011754 0.000203 0.002979 0.003886 0.002465 0.001678 0.012893 0.001517 0.003177 0.015719 0.000367 0.002990 0.001076 0.010233 0.005442 0.001745 0.000195 0.002638 0.001035 0.005660 0.000525 0.000163 0.000368 0.003663 0.000932 0.000059 0.000724 0.002334 0.002331 0.003530 0.000496 0.003311 0.000147 0.000727 0.000002 0.000986 0.000004 0.000857 
0.032272 0.199237 0.077322 0.245579 0.174682 0.140842 0.009581 0.063933 0.123209 0.022148 0.249579 0.019448 0.023783 0.007340 0.003721 0.009675 0.005176 0.014971 0.002102 0.024478 0.013989 0.025160 0.009850 0.002703 0.009345 0.015245 0.009849 0.007539 0.008880 0.000084 0.037500 0.000070 0.004337 0.003506 0.003502 0.002616 0.003102 0.000567 0.001771 0.008630 0.000471 0.000684 0.000959 0.001775 0.001795 0.000838 0.000081 0.001149 0.000168 0.003669 0.000619 0.000018 0.000447 0.001221 0.000815 0.000046 0.000797 0.001379 0.001425 0.001200 0.000057 0.001027 0.000060 0.000312 0.000001 0.000359 0.000002 0.000143 
0.018657 0.325506 0.047891 0.159380 0.134563 0.184029 0.007136 0.045634 0.110670 0.015407 0.205004 0.018030 0.017041 0.005383 0.003658 0.007808 0.004437 0.017443 0.001792 0.026426 0.010962 0.022237 0.007750 0.003423 0.010968 0.011227 0.007551 0.009030 0.008743 0.000085 0.035634 0.000048 0.004767 0.002805 0.003165 0.002441 0.001260 0.000395 0.001490 0.008630 0.000453 0.000583 0.000959 0.002297 0.001795 0.000725 0.000075 0.001575 0.000246 0.004088 0.000544 0.000029 0.000500 0.000928 0.000776 0.000078 0.001304 0.001061 0.000777 0.000777 0.000152 0.000799 0.000060 0.000277 0.000000 0.000538 0.000000 0.000143 
0.010505 0.608828 0.034853 0.111498 0.107637 0.251388 0.004234 0.034168 0.094266 0.011030 0.160430 0.016940 0.012600 0.003381 0.003569 0.005135 0.003204 0.016967 0.001189 0.025636 0.008561 0.014086 0.006250 0.003562 0.011558 0.007091 0.005472 0.009073 0.007451 0.000064 0.033582 0.000029 0.003509 0.002133 0.002646 0.002202 0.001357 0.000222 0.001265 0.008014 0.000471 0.000355 0.000887 0.000627 0.000868 0.000861 0.000057 0.001106 0.000168 0.002411 0.000375 0.000020 0.000526 0.000342 0.000970 0.000046 0.000579 0.000902 0.001295 0.000424 0.000057 0.001256 0.000060 0.000208 0.000000 0.000448 0.000001 0.000214 
-0.000000 -0.000000 0.000129 -0.000000 -0.000000 -0.000000 0.000018 -0.000000 -0.000000 -0.000000 0.000192 -0.000000 -0.000000 -0.000000 -0.000000 0.000021 -0.000000 -0.000000 0.000008 0.000053 -0.000000 -0.000000 -0.000000 -0.000000 -0.000000 0.000118 -0.000000 -0.000000 -0.000000 -0.000000 -0.000000 0.000001 -0.000000 -0.000000 -0.000000 -0.000000 -0.000000 -0.000000 -0.000000 -0.000000 -0.000000 -0.000000 -0.000000 -0.000000 -0.000000 -0.000000 -0.000000 -0.000000 -0.000000 -0.000000 -0.000000 -0.000000 -0.000000 -0.000000 -0.000000 -0.000000 -0.000000 -0.000000 -0.000000 0.000071 -0.000000 0.000114 -0.000000 -0.000000 -0.000000 -0.000000 -0.000000 -0.000000 
0.002773 0.541845 0.010972 0.024790 0.030494 0.126661 0.001588 0.010934 0.033172 0.004552 0.060137 0.005634 0.004487 0.002069 0.001429 0.002631 0.001150 0.007082 0.000670 0.012423 0.006890 0.007796 0.004500 0.001740 0.006443 0.006736 0.004706 0.004471 0.003519 0.000034 0.020895 0.000017 0.003476 0.001812 0.001868 0.001482 0.001648 0.000234 0.001153 0.006010 0.000294 0.000507 0.000683 0.001149 0.000926 0.000838 0.000044 0.001149 0.000259 0.002306 0.000431 0.000026 0.000395 0.000782 0.000854 0.000052 0.001304 0.001061 0.001684 0.000424 0.000095 0.001256 0.000130 0.000277 0.000001 0.000538 0.000003 0.000143 
0.002017 1.794560 0.006971 0.025186 0.028609 0.186285 0.001351 0.006454 0.026683 0.002189 0.042077 0.005502 0.003743 0.001001 0.001178 0.001188 0.000493 0.006725 0.000360 0.012423 0.001253 0.004341 0.001250 0.001543 0.005361 0.002127 0.000876 0.003244 0.002227 0.000020 0.011381 0.000006 0.001457 0.000760 0.000934 0.000589 0.000194 0.000037 0.000225 0.002157 0.000116 0.000127 0.000073 0.000209 0.000174 0.000181 0.000005 0.000511 0.000039 0.001048 0.000150 0.000003 0.000184 0.000098 0.000349 -0.000000 0.000290 0.000106 0.000907 0.000282 -0.000000 0.000228 0.000026 0.000035 -0.000000 0.000179 -0.000000 -0.000000 
0.006976 0.001710 0.136573 0.010923 0.012790 0.004673 0.009873 0.032726 0.011446 0.041319 0.036889 0.001668 0.005068 0.008341 0.000365 0.005198 0.014214 0.001901 0.002462 0.002948 0.029127 0.020376 0.011849 0.000441 0.001525 0.026235 0.020465 0.001490 0.002859 0.000096 0.013619 0.000176 0.003443 0.004850 0.002335 0.001875 0.012893 0.001591 0.003486 0.018339 0.000373 0.002812 0.001308 0.008667 0.005905 0.001926 0.000255 0.001660 0.001022 0.005975 0.000731 0.000123 0.001000 0.003468 0.001203 0.000046 0.001449 0.003024 0.001684 0.003460 0.000572 0.004567 0.000259 0.000866 0.000002 0.001882 0.000009 0.001036 
0.051350 0.222895 0.144189 0.696552 0.421459 0.210779 0.016772 0.126271 0.259615 0.039918 0.536047 0.037202 0.044334 0.013524 0.005976 0.015976 0.007312 0.023574 0.003801 0.036691 0.023385 0.040575 0.016649 0.004003 0.014017 0.019263 0.012476 0.011309 0.013967 0.000131 0.052612 0.000074 0.006786 0.004646 0.004566 0.003967 0.004362 0.000506 0.002193 0.012791 0.000612 0.001013 0.001119 0.003237 0.002952 0.001133 0.000065 0.002340 0.000246 0.005031 0.000506 0.000044 0.000684 0.001172 0.001048 0.000078 0.000869 0.001538 0.001036 0.000847 0.000114 0.002169 0.000052 0.000242 0.000000 0.000627 0.000002 0.000071 
0.020002 0.002850 0.659628 0.022696 0.015617 0.003545 0.060152 0.104251 0.009259 0.681852 0.051875 0.001156 0.009857 0.053606 0.000188 0.010842 0.502342 0.000832 0.008524 0.000948 0.187395 0.035880 0.029999 0.000128 0.000295 0.188137 0.264292 0.000570 0.001155 0.000148 0.004478 0.002463 0.000894 0.004763 0.001816 0.000807 0.083563 0.006733 0.005454 0.014024 0.000116 0.007854 0.000552 0.041141 0.010594 0.001541 0.000401 0.000426 0.001669 0.001572 0.000094 0.000882 0.000079 0.004250 0.000078 -0.000000 0.000072 0.001220 0.000389 0.011791 0.002897 0.002283 0.000026 0.000069 0.000000 0.000179 0.000001 0.000964 
0.002605 0.001425 0.039758 0.005377 0.005856 0.001773 0.006242 0.015869 0.006197 0.044821 0.027475 0.000814 0.003743 0.007474 0.000221 0.004286 0.058500 0.001378 0.002437 0.003001 0.039045 0.019047 0.012299 0.000267 0.001328 0.037698 0.046402 0.001753 0.002337 0.000101 0.013992 0.000440 0.003112 0.004529 0.002931 0.001831 0.027240 0.003058 0.005060 0.023270 0.000391 0.004738 0.001497 0.020779 0.009320 0.002809 0.000414 0.002043 0.001876 0.006813 0.000863 0.000400 0.000895 0.006692 0.002057 0.000059 0.001304 0.003767 0.002720 0.005507 0.001468 0.007078 0.000277 0.001454 0.000003 0.002330 0.000008 0.001464 
0.046224 0.007126 1.647391 0.060220 0.045034 0.007574 0.161331 0.283597 0.026319 0.998223 0.126230 0.003217 0.028618 0.101940 0.000502 0.024845 0.210336 0.001759 0.014419 0.003632 0.199714 0.058471 0.047548 0.000278 0.000738 0.169702 0.177070 0.001008 0.002722 0.000227 0.010075 0.001242 0.002019 0.006282 0.003087 0.001112 0.044690 0.004932 0.006100 0.018030 0.000190 0.006435 0.000669 0.023076 0.007005 0.001563 0.000390 0.000426 0.001384 0.001887 0.000094 0.000414 0.000158 0.003859 0.000349 0.000007 0.000290 0.001114 0.000130 0.006001 0.001029 0.001827 0.000026 0.000173 0.000001 0.000090 0.000001 0.000714 
0.004286 0.380802 0.015232 0.041373 0.054189 0.873251 0.002409 0.013515 0.061313 0.006916 0.102406 0.013237 0.007579 0.001957 0.003540 0.003119 0.001561 0.018726 0.000678 0.036901 0.005116 0.010188 0.003850 0.005001 0.016378 0.005436 0.002955 0.012799 0.007066 0.000045 0.030783 0.000016 0.004568 0.001665 0.002490 0.002071 0.000872 0.000234 0.000900 0.006164 0.000422 0.000203 0.000887 0.000835 0.000926 0.000498 0.000036 0.001319 0.000078 0.002725 0.000581 0.000009 0.000710 0.000440 0.000893 0.000059 0.001014 0.000902 0.001554 0.000212 0.000038 0.000685 0.000052 0.000346 0.000000 0.000448 0.000002 0.000143 
0.005715 0.032209 0.039242 0.058805 0.101040 0.083313 0.006278 0.039332 0.131521 0.022235 0.229213 0.026474 0.019598 0.008052 0.004935 0.011096 0.008463 0.022267 0.002763 0.036217 0.026830 0.038803 0.017699 0.004455 0.013624 0.023163 0.017401 0.016262 0.014544 0.000192 0.070709 0.000117 0.012050 0.008619 0.008353 0.006888 0.008434 0.001628 0.005707 0.031592 0.001492 0.003142 0.003242 0.009293 0.009089 0.003716 0.000299 0.006170 0.001177 0.015828 0.002044 0.000161 0.002052 0.004543 0.005123 0.000189 0.004491 0.004722 0.007253 0.002542 0.000362 0.008562 0.000510 0.001697 0.000004 0.003496 0.000012 0.001393 
0.003530 0.050451 0.026463 0.046920 0.079297 0.150511 0.005092 0.033485 0.101411 0.014882 0.184254 0.022180 0.016459 0.005828 0.005825 0.008890 0.006573 0.029610 0.002512 0.051693 0.022968 0.032779 0.015299 0.007054 0.018591 0.023163 0.015102 0.021697 0.016413 0.000164 0.083208 0.000122 0.010891 0.007538 0.007575 0.007019 0.008531 0.001208 0.004357 0.026969 0.001553 0.002001 0.003285 0.007936 0.007005 0.002991 0.000226 0.005277 0.000996 0.014046 0.002044 0.000099 0.002079 0.004005 0.003532 0.000300 0.003839 0.005093 0.008160 0.002259 0.000400 0.007649 0.000501 0.001593 0.000003 0.002689 0.000016 0.001000 
0.000840 0.011401 0.005680 0.008659 0.011309 0.087825 0.001168 0.007517 0.017206 0.003414 0.030549 0.003467 0.003627 0.001246 0.001118 0.002228 0.001725 0.006939 0.000561 0.012950 0.004594 0.007353 0.004450 0.002216 0.006836 0.005318 0.004378 0.006487 0.003822 0.000047 0.017910 0.000032 0.003079 0.001987 0.001868 0.001809 0.003296 0.000345 0.001293 0.006164 0.000440 0.000659 0.000727 0.001671 0.001737 0.000816 0.000062 0.001660 0.000194 0.003669 0.000638 0.000018 0.000921 0.001172 0.001242 0.000026 0.001594 0.001910 0.002461 0.001059 0.000133 0.002397 0.000130 0.000658 0.000001 0.001255 0.000005 0.000571 
0.004874 0.039334 0.026850 0.045165 0.081788 0.125372 0.006461 0.036978 0.118762 0.020835 0.203083 0.027524 0.018203 0.007096 0.007375 0.010014 0.007148 0.034790 0.002880 0.056642 0.024742 0.038803 0.015999 0.006915 0.022624 0.026944 0.017510 0.024897 0.018915 0.000178 0.087313 0.000122 0.014996 0.009233 0.009054 0.008239 0.008240 0.001554 0.005819 0.035753 0.001523 0.002508 0.003576 0.008249 0.008568 0.004101 0.000291 0.007575 0.001345 0.018658 0.002307 0.000090 0.002973 0.004005 0.004929 0.000216 0.004853 0.007003 0.007901 0.002965 0.000305 0.009362 0.000596 0.002493 0.000004 0.004751 0.000015 0.001321 
0.013195 0.005986 0.297801 0.033563 0.039447 0.009346 0.072927 0.180864 0.037765 0.930379 0.144291 0.005095 0.029106 0.117555 0.001015 0.040185 0.195383 0.005798 0.026593 0.009054 0.438890 0.150695 0.113195 0.000917 0.002115 0.411373 0.318682 0.005304 0.009430 0.000715 0.042350 0.002034 0.008144 0.022469 0.011700 0.006757 0.097038 0.013971 0.022292 0.074125 0.001217 0.018773 0.004201 0.065366 0.034272 0.009221 0.001275 0.005915 0.005497 0.020545 0.001013 0.000943 0.001421 0.016705 0.003221 0.000104 0.001666 0.009496 0.005052 0.017228 0.002783 0.016097 0.000449 0.001870 0.000005 0.001972 0.000014 0.003250 
0.002437 0.000570 0.073062 0.003509 0.003770 0.000483 0.009308 0.018451 0.002770 0.117304 0.011912 0.000617 0.002441 0.011900 0.000037 0.003755 0.538905 0.000261 0.002738 0.000316 0.074018 0.013023 0.013099 0.000058 0.000246 0.087805 0.182870 0.000175 0.000577 0.000104 0.002612 0.003677 0.000960 0.003331 0.000908 0.000567 0.150550 0.009261 0.005510 0.013407 0.000092 0.012541 0.000683 0.084787 0.013431 0.002288 0.000807 0.000894 0.004747 0.002830 0.000056 0.003205 0.000079 0.011283 0.000621 -0.000000 0.000145 0.002387 0.000259 0.038692 0.009645 0.005708 0.000069 0.000866 0.000002 0.000896 0.000003 0.002464 
0.001177 0.084084 0.006583 0.027337 0.040726 0.896134 0.000894 0.008428 0.059709 0.002451 0.084154 0.017268 0.006184 0.001001 0.007722 0.002801 0.000411 0.064328 0.000444 0.162239 0.002401 0.007442 0.002100 0.049149 0.198746 0.001773 0.001094 0.061278 0.016633 0.000033 0.076865 0.000006 0.008111 0.001490 0.003061 0.002986 0.000194 0.000049 0.000647 0.003699 0.000856 0.000101 0.000683 -0.000000 0.000405 0.000317 0.000005 0.001787 0.000013 0.001887 0.000938 0.000006 0.001237 0.000098 0.000815 0.000124 0.002028 0.000531 0.002461 0.000071 -0.000000 0.000799 0.000078 0.000104 0.000000 0.000448 0.000002 0.000071 
0.014035 0.024228 0.135540 0.105612 0.186664 0.061236 0.036792 0.285875 0.247075 0.098746 1.155863 0.036349 0.236989 0.048067 0.008313 0.130909 0.026210 0.038117 0.022465 0.061221 0.133421 0.337889 0.118445 0.006091 0.017361 0.129876 0.066429 0.030332 0.061447 0.001175 0.237685 0.000361 0.044691 0.042337 0.039095 0.025590 0.021715 0.003897 0.020296 0.109878 0.003767 0.006384 0.009928 0.018064 0.018930 0.009493 0.000661 0.013703 0.002264 0.038259 0.004126 0.000198 0.003736 0.009329 0.008539 0.000229 0.006592 0.010823 0.012564 0.004872 0.000457 0.015070 0.000639 0.001835 0.000005 0.003854 0.000018 0.002071 
0.012018 0.010546 0.206150 0.054504 0.072566 0.023044 0.071997 0.326421 0.077571 0.257369 0.329890 0.011109 0.074091 0.159105 0.002547 0.156581 0.065894 0.011003 0.078842 0.022478 0.368004 0.419571 0.253489 0.002100 0.006000 0.310923 0.155073 0.011660 0.020702 0.001280 0.085074 0.000848 0.018539 0.037984 0.021299 0.012141 0.046144 0.008546 0.023894 0.116504 0.001975 0.010869 0.006512 0.036964 0.027556 0.010603 0.000999 0.008936 0.003505 0.025995 0.002232 0.000450 0.002105 0.012016 0.004696 0.000085 0.003912 0.009125 0.007253 0.009814 0.001430 0.014842 0.000510 0.002112 0.000005 0.003675 0.000013 0.002107 
0.004874 0.003990 0.077710 0.019017 0.028070 0.010313 0.022010 0.072285 0.027194 0.132361 0.101830 0.004846 0.016227 0.042929 0.000927 0.022278 0.049051 0.005988 0.013313 0.010949 0.198357 0.092578 0.067547 0.001288 0.003394 0.166275 0.108890 0.006093 0.008990 0.000483 0.053731 0.000807 0.010527 0.017414 0.011155 0.007346 0.047889 0.007238 0.016080 0.072892 0.001419 0.012110 0.005393 0.041245 0.028077 0.009108 0.001051 0.010000 0.004294 0.029350 0.002213 0.000496 0.002552 0.013921 0.006055 0.000209 0.004129 0.011459 0.010751 0.013203 0.001658 0.020207 0.000855 0.004051 0.000008 0.007171 0.000029 0.003821 
0.002269 0.040189 0.010456 0.024733 0.038908 0.305050 0.002208 0.015793 0.055408 0.006478 0.112013 0.015023 0.008346 0.002602 0.006216 0.004604 0.002136 0.053183 0.001181 0.148184 0.009396 0.017364 0.007100 0.041967 0.165745 0.009336 0.005034 0.068861 0.023452 0.000098 0.125559 0.000041 0.013805 0.004646 0.006486 0.006125 0.002230 0.000395 0.002361 0.016798 0.001853 0.000507 0.002442 0.001775 0.002605 0.001609 0.000088 0.004979 0.000362 0.010377 0.002326 0.000026 0.002684 0.001368 0.003144 0.000281 0.004274 0.002706 0.007124 0.000635 0.000076 0.005708 0.000372 0.001039 0.000001 0.002330 0.000005 0.000250 
0.004454 0.017672 0.045696 0.045901 0.082999 0.057207 0.009235 0.059984 0.136624 0.034141 0.341610 0.027222 0.033500 0.013079 0.008102 0.021726 0.014871 0.039091 0.005618 0.061011 0.050738 0.078935 0.035198 0.006880 0.021689 0.053298 0.037099 0.032918 0.040525 0.000395 0.185260 0.000287 0.030754 0.020131 0.019587 0.015476 0.018419 0.002812 0.010963 0.072122 0.003492 0.006004 0.007501 0.015454 0.017252 0.007545 0.000619 0.014639 0.002251 0.033962 0.004783 0.000251 0.004973 0.009329 0.009393 0.000444 0.010141 0.014218 0.017097 0.007061 0.000820 0.016097 0.001288 0.003878 0.000008 0.008336 0.000035 0.002321 
0.003866 0.001425 0.093200 0.010923 0.016156 0.004834 0.018469 0.053303 0.016477 0.158361 0.055910 0.002429 0.009555 0.025513 0.000561 0.014597 0.460604 0.003066 0.007896 0.003895 0.165367 0.066001 0.045598 0.000650 0.002115 0.186719 0.273266 0.003419 0.005141 0.000404 0.032462 0.003079 0.007018 0.015807 0.008457 0.005580 0.139208 0.015574 0.017794 0.073200 0.000868 0.021890 0.004070 0.099823 0.035719 0.009085 0.001855 0.006426 0.008136 0.021174 0.001444 0.001804 0.001842 0.025009 0.004890 0.000150 0.003042 0.012732 0.007124 0.030078 0.005718 0.023632 0.000700 0.003532 0.000008 0.004930 0.000025 0.004893 
0.010757 0.039334 0.082357 0.092708 0.182827 0.091531 0.019801 0.139786 0.298619 0.057864 0.978141 0.053407 0.100640 0.024156 0.014355 0.056628 0.020212 0.068962 0.011840 0.107914 0.087903 0.194105 0.075397 0.010721 0.031280 0.092532 0.051326 0.057991 0.092542 0.000874 0.363804 0.000338 0.057337 0.036523 0.042234 0.033328 0.018710 0.003749 0.018806 0.120049 0.005345 0.005700 0.011643 0.018795 0.018873 0.010920 0.000710 0.021235 0.002212 0.046540 0.006002 0.000236 0.005604 0.009623 0.011528 0.000588 0.009127 0.013581 0.019688 0.005507 0.000667 0.019522 0.001236 0.003462 0.000009 0.006095 0.000030 0.002321 
0.008320 0.005416 0.154645 0.025809 0.036821 0.009185 0.045717 0.136977 0.035796 0.367494 0.145636 0.005463 0.027084 0.091197 0.001296 0.042646 0.143949 0.006844 0.029867 0.010370 0.637560 0.194813 0.148493 0.001265 0.003443 0.550467 0.331596 0.008372 0.011960 0.001023 0.060634 0.002181 0.013805 0.032841 0.016914 0.010245 0.110610 0.017029 0.031906 0.118662 0.001657 0.023663 0.006701 0.080715 0.047760 0.013979 0.001920 0.011022 0.007955 0.035429 0.002738 0.001147 0.002552 0.023495 0.005473 0.000216 0.003839 0.014907 0.008549 0.023370 0.003164 0.025002 0.000847 0.004259 0.000008 0.004840 0.000026 0.004679 
0.002689 0.022803 0.014974 0.020885 0.036687 0.112158 0.003194 0.020653 0.048846 0.010067 0.107017 0.011674 0.008997 0.004315 0.005020 0.006492 0.004765 0.044581 0.001641 0.117758 0.018061 0.022502 0.010500 0.023368 0.071855 0.015363 0.009740 0.046770 0.023809 0.000160 0.116044 0.000102 0.016221 0.006662 0.008120 0.008000 0.005332 0.000950 0.004357 0.031284 0.002067 0.001799 0.003300 0.005534 0.006715 0.003104 0.000177 0.008256 0.000905 0.016562 0.003245 0.000079 0.003973 0.003175 0.005706 0.000300 0.005433 0.006313 0.012953 0.002612 0.000191 0.009818 0.000622 0.002285 0.000004 0.004661 0.000015 0.001071 
0.005379 0.007126 0.095394 0.023262 0.033657 0.014825 0.025459 0.092558 0.035723 0.154859 0.139487 0.006106 0.023248 0.053695 0.001392 0.038763 0.065812 0.008769 0.025923 0.014055 0.419264 0.172222 0.131944 0.001729 0.005558 0.328886 0.167221 0.009205 0.013472 0.000881 0.076306 0.001156 0.014930 0.030124 0.018471 0.011291 0.069313 0.011443 0.024682 0.113422 0.002281 0.017431 0.007588 0.056803 0.043360 0.013843 0.001558 0.012894 0.006700 0.040461 0.002926 0.000806 0.003578 0.021004 0.008539 0.000268 0.006809 0.018303 0.015932 0.016310 0.002230 0.032309 0.001089 0.004847 0.000012 0.007888 0.000032 0.005107 
0.005295 0.014822 0.064543 0.050542 0.087913 0.053017 0.015640 0.098784 0.125105 0.057339 0.405013 0.024176 0.053586 0.022866 0.007098 0.046189 0.024484 0.040042 0.011672 0.069433 0.091975 0.194105 0.077447 0.008841 0.024690 0.106241 0.059206 0.045235 0.084377 0.001062 0.373878 0.000465 0.070149 0.047217 0.053934 0.040129 0.029470 0.005783 0.027212 0.167822 0.007608 0.009779 0.016062 0.028924 0.031551 0.016743 0.001103 0.030894 0.004049 0.074946 0.008965 0.000388 0.008761 0.016119 0.019950 0.000686 0.016008 0.023714 0.033029 0.007837 0.001163 0.035734 0.002091 0.006925 0.000013 0.014789 0.000050 0.004536 
0.005379 0.005986 0.091264 0.022186 0.033052 0.011441 0.027357 0.107820 0.039587 0.170966 0.152552 0.005200 0.030501 0.063348 0.001366 0.066239 0.092104 0.008222 0.042184 0.013371 0.712101 0.428164 0.419781 0.001497 0.004328 0.846382 0.334551 0.009775 0.019383 0.003112 0.098134 0.001749 0.022313 0.086106 0.034503 0.018157 0.101885 0.021432 0.069547 0.273847 0.002923 0.028831 0.012137 0.083012 0.074911 0.024922 0.002698 0.013915 0.010102 0.048741 0.002963 0.000934 0.002631 0.033117 0.009082 0.000189 0.005867 0.019682 0.009326 0.020052 0.002802 0.030026 0.000968 0.004778 0.000009 0.006902 0.000031 0.005786 
0.000336 0.004846 0.001033 0.003056 0.005385 0.042543 0.000310 0.002278 0.008530 0.000525 0.018060 0.002823 0.001395 0.000289 0.001447 0.000743 0.000082 0.015874 0.000151 0.065485 0.000313 0.002569 0.001300 0.043348 0.293865 0.000945 0.000547 0.126414 0.013499 0.000020 0.108955 0.000001 0.009633 0.000877 0.002698 0.003422 0.000097 0.000049 0.000394 0.003699 0.001835 0.000051 0.000887 -0.000000 0.000232 0.000295 0.000003 0.004170 0.000013 0.004507 0.003564 -0.000000 0.003920 -0.000000 0.003066 0.000568 0.005867 0.000796 0.007513 0.000071 -0.000000 0.001142 0.000181 0.000208 0.000001 0.000896 0.000001 0.000036 
0.003026 0.004275 0.052022 0.020036 0.028070 0.011764 0.012830 0.063401 0.037765 0.067056 0.121811 0.005831 0.020505 0.024312 0.001587 0.032016 0.039356 0.009482 0.014243 0.016845 0.163175 0.199243 0.120895 0.001914 0.006000 0.185892 0.101777 0.011572 0.018228 0.001619 0.103731 0.000807 0.023107 0.047071 0.026799 0.016675 0.051476 0.009174 0.034998 0.163969 0.003052 0.016316 0.010379 0.053671 0.046255 0.017717 0.001621 0.019107 0.007269 0.053668 0.005158 0.000727 0.005052 0.021932 0.013158 0.000418 0.008692 0.023184 0.023703 0.017228 0.002306 0.035848 0.001547 0.007617 0.000015 0.010577 0.000051 0.005857 
0.003278 0.001995 0.082228 0.008377 0.010972 0.002739 0.020185 0.056264 0.011373 0.214386 0.052644 0.001996 0.010694 0.044419 0.000450 0.025291 0.221839 0.002305 0.020079 0.004264 0.710639 0.163009 0.159843 0.000348 0.001180 1.320862 1.420282 0.003156 0.007176 0.001767 0.034142 0.005166 0.009004 0.064339 0.018523 0.007694 0.269400 0.061521 0.082506 0.228385 0.001150 0.061615 0.007980 0.181896 0.130776 0.025760 0.004772 0.008724 0.015962 0.033962 0.001050 0.001880 0.001026 0.041763 0.004658 0.000065 0.001304 0.018144 0.003238 0.033043 0.004575 0.029569 0.000527 0.003047 0.000008 0.003316 0.000018 0.006036 
0.003950 0.013396 0.038338 0.029091 0.061593 0.046249 0.009600 0.055656 0.086028 0.033791 0.249387 0.018529 0.031594 0.013702 0.006371 0.029195 0.014214 0.043749 0.007368 0.087700 0.065771 0.133508 0.053848 0.010941 0.035706 0.071497 0.044213 0.079162 0.180053 0.000897 0.914547 0.000312 0.187505 0.048882 0.089008 0.084922 0.021618 0.004550 0.026734 0.198181 0.015112 0.007170 0.025656 0.023285 0.031261 0.019575 0.000861 0.053363 0.003247 0.113206 0.015511 0.000312 0.016839 0.015093 0.030003 0.001202 0.028830 0.032255 0.049090 0.008261 0.000972 0.043269 0.002783 0.009244 0.000019 0.019450 0.000067 0.005107 
0.005043 0.007126 0.049182 0.024960 0.040524 0.023044 0.013797 0.066818 0.049721 0.064080 0.187328 0.009691 0.027711 0.022821 0.002706 0.036324 0.032208 0.015066 0.013179 0.030111 0.139267 0.221922 0.105995 0.003666 0.012000 0.168993 0.101120 0.023757 0.040717 0.002213 0.232088 0.000762 0.052272 0.117253 0.075674 0.042679 0.055353 0.010457 0.056588 0.351054 0.007241 0.018317 0.026310 0.059518 0.064433 0.035253 0.002251 0.039831 0.007658 0.116455 0.009697 0.000683 0.010103 0.032678 0.024918 0.000836 0.017095 0.039152 0.035879 0.018922 0.002040 0.058339 0.002999 0.010837 0.000022 0.019899 0.000078 0.009179 
0.002773 0.002280 0.054861 0.007641 0.010097 0.003545 0.012702 0.037737 0.009842 0.108112 0.041308 0.001930 0.007858 0.020530 0.000469 0.013727 0.227590 0.002828 0.008348 0.003632 0.198670 0.071582 0.059147 0.000557 0.001967 0.280788 0.584835 0.003638 0.005856 0.000623 0.030224 0.011499 0.007879 0.029423 0.010610 0.006212 0.641751 0.064529 0.042392 0.141778 0.001260 0.089737 0.006774 0.358048 0.104841 0.018873 0.005633 0.009490 0.025081 0.036582 0.002232 0.004291 0.001868 0.067700 0.006831 0.000137 0.002970 0.021698 0.010751 0.082749 0.012580 0.043155 0.001037 0.006059 0.000014 0.006095 0.000035 0.010107 
0.000840 0.001140 0.015490 0.003962 0.005722 0.001773 0.003522 0.014047 0.006197 0.023723 0.017100 0.000919 0.003022 0.005427 0.000233 0.004307 0.057185 0.001164 0.001926 0.002316 0.036435 0.019845 0.012849 0.000406 0.001230 0.044907 0.065225 0.002411 0.002832 0.000161 0.015485 0.001498 0.003575 0.006808 0.004618 0.002616 0.094227 0.008274 0.007815 0.034828 0.000612 0.014973 0.002398 0.073406 0.022578 0.005777 0.001137 0.004936 0.006338 0.013941 0.001313 0.001582 0.001263 0.018073 0.003765 0.000157 0.002535 0.007905 0.006347 0.025983 0.004308 0.017467 0.000518 0.003012 0.000006 0.004482 0.000020 0.003393 
0.000924 0.002280 0.022074 0.007641 0.010367 0.003706 0.006114 0.021944 0.012321 0.033440 0.036697 0.002127 0.006858 0.009631 0.000543 0.009166 0.030811 0.003042 0.004304 0.006685 0.070991 0.048814 0.030649 0.000928 0.002508 0.097614 0.097181 0.004208 0.006598 0.000400 0.037313 0.000818 0.008177 0.021008 0.010481 0.006735 0.067083 0.012159 0.023557 0.102635 0.001572 0.018621 0.005727 0.065052 0.043650 0.013911 0.001847 0.011234 0.007554 0.030398 0.002645 0.000738 0.002526 0.023397 0.008112 0.000216 0.006664 0.014907 0.017227 0.019769 0.002306 0.025573 0.001097 0.005436 0.000012 0.010308 0.000039 0.005036 
0.000252 0.001425 0.001549 0.002038 0.004174 0.008702 0.000475 0.001974 0.006416 0.000963 0.016331 0.001550 0.001186 0.000467 0.000786 0.001061 0.000082 0.007509 0.000327 0.023162 0.002088 0.005227 0.001600 0.007461 0.027050 0.002009 0.002298 0.053388 0.011630 0.000039 0.114552 0.000016 0.012580 0.001841 0.004825 0.006147 0.000679 0.000074 0.001518 0.009863 0.002764 0.000329 0.002093 0.000835 0.001216 0.001223 0.000044 0.010000 0.000194 0.013627 0.007184 0.000006 0.008972 0.000928 0.007607 0.001274 0.019413 0.003077 0.020854 0.000282 0.000038 0.003539 0.000830 0.001627 0.000002 0.004213 0.000011 0.000714 
0.001009 0.007696 0.013425 0.011886 0.020464 0.033035 0.003157 0.018603 0.034265 0.010330 0.102598 0.008207 0.010462 0.004404 0.003695 0.008317 0.004765 0.030037 0.002051 0.087279 0.019940 0.039689 0.015549 0.017334 0.055822 0.024344 0.012695 0.169151 0.069008 0.000279 0.721264 0.000111 0.082133 0.017297 0.032039 0.037688 0.007174 0.001455 0.009389 0.075820 0.016030 0.002812 0.014507 0.010546 0.014125 0.009878 0.000408 0.058044 0.001371 0.090040 0.030366 0.000140 0.036308 0.008011 0.039822 0.003625 0.058891 0.024669 0.096756 0.003248 0.000343 0.030368 0.003742 0.008656 0.000017 0.022319 0.000061 0.003607 
0.001093 0.003420 0.010456 0.008037 0.014405 0.014181 0.002957 0.015034 0.020413 0.011118 0.060714 0.004071 0.007137 0.004582 0.001572 0.007235 0.006984 0.013070 0.002102 0.033532 0.024012 0.033665 0.016799 0.005337 0.016820 0.025408 0.018057 0.045192 0.030737 0.000275 0.319214 0.000207 0.053232 0.017648 0.027732 0.030146 0.010276 0.002713 0.011582 0.093697 0.015583 0.005624 0.015568 0.017229 0.018699 0.011781 0.000648 0.072513 0.002716 0.111948 0.045277 0.000193 0.048569 0.012700 0.057560 0.004089 0.085910 0.035704 0.148049 0.007131 0.000858 0.051946 0.006014 0.014611 0.000027 0.038453 0.000117 0.005500 
0.001009 0.001425 0.029173 0.007754 0.011309 0.003545 0.006515 0.024449 0.011665 0.047534 0.054757 0.002377 0.007835 0.011455 0.000616 0.010990 0.060800 0.003541 0.006004 0.008317 0.107321 0.062014 0.042498 0.000917 0.003443 0.140985 0.167987 0.005698 0.008963 0.000639 0.056716 0.002202 0.012911 0.037808 0.018445 0.012207 0.178954 0.039756 0.059568 0.237478 0.002581 0.097591 0.012254 0.260418 0.230233 0.040170 0.013901 0.022596 0.041754 0.081864 0.005233 0.002802 0.005578 0.120990 0.018087 0.000490 0.008548 0.049179 0.025258 0.075265 0.008025 0.100124 0.002904 0.014957 0.000036 0.021422 0.000098 0.019536 
0.002017 0.004846 0.027495 0.009339 0.012992 0.006446 0.006734 0.027487 0.017206 0.041407 0.059369 0.003125 0.009601 0.013012 0.000875 0.014088 0.046833 0.005608 0.006891 0.010686 0.106904 0.078581 0.046998 0.001392 0.003492 0.144530 0.142816 0.008197 0.012839 0.000845 0.087126 0.001489 0.021948 0.059751 0.030742 0.018768 0.121758 0.026056 0.114947 0.449065 0.004281 0.055028 0.021702 0.158611 0.353310 0.079048 0.008487 0.035022 0.029104 0.137419 0.007784 0.002023 0.008025 0.116399 0.025112 0.000411 0.015429 0.078941 0.037822 0.059238 0.005928 0.134488 0.003845 0.020185 0.000045 0.030744 0.000159 0.022071 
0.000756 0.000855 0.007745 0.006905 0.014069 0.013536 0.002044 0.012377 0.018591 0.006741 0.053028 0.003966 0.006509 0.003381 0.001620 0.005856 0.005258 0.012357 0.001809 0.035164 0.019209 0.028527 0.012199 0.005929 0.019181 0.019145 0.014227 0.057202 0.034449 0.000242 0.368095 0.000143 0.061707 0.017589 0.028589 0.035050 0.009209 0.001763 0.011497 0.086762 0.019938 0.003572 0.017937 0.010024 0.016441 0.013186 0.000458 0.093449 0.002251 0.141193 0.075549 0.000187 0.090061 0.010306 0.080343 0.007772 0.145597 0.041327 0.238458 0.005578 0.000705 0.055941 0.008382 0.016411 0.000032 0.050553 0.000140 0.006357 
0.000672 -0.000000 0.012263 0.001075 0.000942 0.000322 0.002318 0.004708 0.000875 0.033003 0.004035 0.000118 0.001069 0.004337 0.000037 0.001570 0.157341 0.000166 0.001524 0.000263 0.048963 0.010099 0.009750 0.000035 0.000049 0.072915 0.205414 0.000219 0.000522 0.000155 0.003545 0.008144 0.001126 0.007655 0.002075 0.001439 1.014781 0.049152 0.019059 0.049160 0.000232 0.154468 0.002166 1.844540 0.085795 0.011623 0.007446 0.002638 0.067766 0.015094 0.000225 0.021002 0.000316 0.141603 0.002329 0.000020 0.000724 0.016711 0.001943 0.363475 0.042049 0.053772 0.000354 0.004639 0.000014 0.003406 0.000026 0.024821 
0.000336 0.001995 0.003743 0.004358 0.006328 0.006607 0.001442 0.006758 0.010207 0.005603 0.020366 0.002114 0.003278 0.001424 0.000812 0.003267 0.003697 0.006155 0.000963 0.015266 0.010962 0.016921 0.005500 0.003017 0.011017 0.010872 0.006895 0.025423 0.013967 0.000097 0.137126 0.000057 0.021088 0.007392 0.010714 0.012904 0.004847 0.001085 0.005425 0.038064 0.005510 0.001925 0.006149 0.006369 0.006947 0.006072 0.000271 0.031320 0.001009 0.052620 0.025039 0.000093 0.037124 0.005080 0.027286 0.006649 0.080549 0.015120 0.106600 0.002471 0.000324 0.023290 0.003932 0.007513 0.000014 0.024560 0.000069 0.002679 
0.000672 0.001710 0.007229 0.003000 0.005722 0.004673 0.001478 0.006454 0.007072 0.008316 0.023056 0.001615 0.002766 0.002380 0.000410 0.003416 0.004848 0.003351 0.001072 0.007107 0.015451 0.014175 0.008000 0.000975 0.002951 0.014772 0.013242 0.007276 0.006268 0.000122 0.065298 0.000119 0.013143 0.007655 0.009599 0.011509 0.008628 0.001369 0.006887 0.050393 0.004624 0.003218 0.007195 0.009189 0.010594 0.006389 0.000364 0.032043 0.001733 0.052200 0.008778 0.000184 0.008577 0.006936 0.018553 0.000634 0.014922 0.015332 0.029402 0.004448 0.000438 0.023975 0.001754 0.005609 0.000011 0.013355 0.000047 0.002964 
0.001513 0.003705 0.013554 0.007528 0.012857 0.008863 0.003833 0.018147 0.018372 0.019171 0.062251 0.003572 0.007881 0.006806 0.001196 0.009972 0.014461 0.008911 0.003793 0.020267 0.046875 0.060331 0.029149 0.002483 0.008951 0.061688 0.043775 0.022925 0.029060 0.000583 0.243469 0.000431 0.063859 0.049087 0.065894 0.057828 0.030827 0.006930 0.042111 0.385420 0.018745 0.014162 0.084250 0.041349 0.066343 0.056052 0.002040 0.212006 0.007373 0.784473 0.034792 0.000601 0.033177 0.037611 0.114344 0.002260 0.056428 0.151621 0.132246 0.022594 0.002592 0.162230 0.011199 0.037497 0.000069 0.067852 0.000271 0.016893 
0.000504 0.001140 0.011230 0.002773 0.003568 0.001934 0.002281 0.007897 0.004301 0.016545 0.014410 0.001011 0.002395 0.003959 0.000192 0.002864 0.023991 0.001355 0.001650 0.003316 0.029754 0.017364 0.011499 0.000441 0.001279 0.037580 0.046730 0.002192 0.002777 0.000152 0.020522 0.000864 0.004635 0.007538 0.005033 0.003270 0.079201 0.008361 0.010879 0.048543 0.000758 0.019837 0.003111 0.107446 0.032651 0.007975 0.001996 0.006894 0.011758 0.022641 0.001801 0.003552 0.001789 0.035804 0.005356 0.000111 0.003187 0.014536 0.010492 0.094752 0.010770 0.033108 0.000873 0.005470 0.000014 0.007708 0.000040 0.010286 
0.000504 0.000570 0.011876 0.002886 0.005453 0.002578 0.002884 0.010706 0.006707 0.019434 0.023824 0.001444 0.004905 0.005405 0.000365 0.006195 0.025388 0.002804 0.002772 0.006212 0.049172 0.043764 0.023999 0.000789 0.001869 0.070906 0.075074 0.008021 0.008660 0.000533 0.073134 0.000978 0.018837 0.045464 0.028407 0.018593 0.082303 0.017313 0.076575 0.418398 0.004813 0.042107 0.032822 0.143992 0.243780 0.128122 0.007740 0.065406 0.033696 0.301567 0.012285 0.002221 0.011866 0.221807 0.051195 0.000888 0.021296 0.293640 0.064116 0.090869 0.008368 0.575169 0.009246 0.064710 0.000154 0.072961 0.000385 0.071821 
0.000756 0.001710 0.008391 0.004245 0.008078 0.004673 0.002811 0.011238 0.009769 0.013481 0.029973 0.001865 0.005301 0.004760 0.000646 0.006959 0.013310 0.005133 0.002202 0.010054 0.033929 0.036854 0.021049 0.001450 0.004279 0.041007 0.036333 0.011397 0.013692 0.000365 0.120335 0.000440 0.028073 0.028868 0.027940 0.026004 0.034705 0.006684 0.033143 0.235782 0.008330 0.014948 0.031964 0.048554 0.071785 0.049232 0.002313 0.113365 0.010076 0.437204 0.027552 0.000774 0.028941 0.052948 0.112054 0.002051 0.053675 0.360963 0.152582 0.028454 0.003240 0.354257 0.018346 0.084376 0.000158 0.131940 0.000564 0.033000 
0.000588 0.001140 0.009165 0.004698 0.006866 0.006768 0.001862 0.010099 0.008457 0.010155 0.026322 0.002351 0.003650 0.003670 0.000631 0.005962 0.011503 0.003945 0.001968 0.011055 0.023281 0.025957 0.012599 0.001555 0.004918 0.032853 0.023420 0.011002 0.011465 0.000267 0.105596 0.000300 0.022677 0.017151 0.021714 0.020381 0.023072 0.004045 0.018441 0.133456 0.007241 0.008386 0.019609 0.030803 0.035082 0.025035 0.001285 0.099705 0.005459 0.242134 0.032654 0.000450 0.037387 0.028135 0.134216 0.002861 0.073740 0.123663 0.196750 0.016451 0.001925 0.172277 0.022286 0.064606 0.000107 0.145564 0.000485 0.019000 
0.000252 0.000285 0.005551 0.001358 0.001952 0.000967 0.001296 0.006150 0.002187 0.011818 0.010375 0.000591 0.001581 0.003025 0.000155 0.002801 0.024813 0.001069 0.001591 0.002685 0.030276 0.023122 0.013299 0.000220 0.001082 0.054361 0.066976 0.002455 0.004206 0.000331 0.032836 0.000931 0.009832 0.028371 0.016240 0.010877 0.091609 0.017412 0.059568 0.301586 0.002917 0.048314 0.021353 0.192024 0.260915 0.097423 0.009520 0.042342 0.050084 0.215300 0.006940 0.003476 0.006972 0.414502 0.037494 0.000529 0.014560 0.266319 0.048572 0.165428 0.012943 0.781695 0.008425 0.068276 0.000174 0.061757 0.000405 0.150213 
0.000168 -0.000000 0.005163 0.000679 0.000875 0.000161 0.001113 0.002885 0.001094 0.011818 0.001921 0.000118 0.000721 0.001846 0.000041 0.000955 0.049133 0.000095 0.000678 0.000263 0.020044 0.006201 0.005300 -0.000000 0.000098 0.024817 0.051436 0.000614 0.000660 0.000059 0.002798 0.001667 0.001059 0.004529 0.001738 0.001112 0.146672 0.010223 0.008124 0.030205 0.000214 0.030427 0.001977 0.210611 0.037803 0.007794 0.002599 0.003277 0.020580 0.015723 0.000619 0.024820 0.000658 0.075955 0.003105 0.000039 0.001449 0.017454 0.005570 0.578608 0.224883 0.061650 0.000769 0.006405 0.000017 0.005557 0.000048 0.033714 
-0.000000 0.000855 0.001549 0.000792 0.001414 0.002578 0.000365 0.001595 0.002625 0.003064 0.006917 0.000433 0.001232 0.000890 0.000188 0.001125 0.002876 0.001378 0.000578 0.003895 0.006577 0.008771 0.004850 0.000801 0.001623 0.014181 0.010615 0.006268 0.006213 0.000147 0.065858 0.000117 0.016221 0.013382 0.016162 0.016544 0.009888 0.002676 0.017654 0.150562 0.007841 0.005776 0.025467 0.019108 0.041566 0.038108 0.001316 0.163920 0.005769 0.479971 0.046477 0.000426 0.048858 0.038783 0.262183 0.003331 0.100397 0.363880 0.347778 0.019699 0.001620 0.549824 0.076277 0.251709 0.000363 0.437321 0.001514 0.041071 
-0.000000 -0.000000 -0.000000 -0.000000 0.000067 -0.000000 0.000018 0.000076 0.000073 0.000175 0.000192 0.000026 0.000023 -0.000000 0.000018 0.000021 0.000082 0.000024 0.000008 -0.000000 0.000418 0.000266 0.000100 0.000012 0.000049 0.000118 0.000219 0.000175 0.000055 0.000002 0.000187 0.000001 0.000099 0.000029 0.000130 0.000087 0.000097 0.000074 0.000028 0.000154 0.000049 0.000127 0.000029 0.000104 0.000174 0.000159 0.000003 0.000298 0.000039 0.000524 0.000225 -0.000000 0.000184 0.000098 0.000272 0.000091 0.001738 0.000212 0.002720 0.000212 -0.000000 0.000228 0.000078 0.000208 0.000000 0.000807 0.000003 0.000071 
-0.000000 0.000285 0.000516 0.000170 0.000269 0.000161 0.000128 0.000304 0.000292 0.000088 0.000769 0.000053 0.000116 0.000111 0.000033 0.000106 0.000246 0.000238 0.000075 0.000421 0.000522 0.000797 0.000150 0.000012 0.000098 0.000827 0.000438 0.000219 0.000247 0.000003 0.002798 0.000009 0.000563 0.000292 0.000467 0.000283 0.000388 0.000062 0.000394 0.002466 0.000086 0.000279 0.000233 0.000313 0.000695 0.000317 0.000026 0.000851 0.000103 0.002411 0.000675 0.000020 0.000868 0.000391 0.001941 0.000261 0.003549 0.001167 0.007513 0.000424 0.000057 0.002626 0.000475 0.001281 0.000001 0.004033 0.000008 0.000250 
0.000084 0.000285 0.002194 0.000906 0.001144 0.000483 0.000456 0.002050 0.001896 0.002626 0.006148 0.000289 0.000674 0.000756 0.000133 0.001294 0.005669 0.001022 0.000477 0.002579 0.008561 0.009479 0.005100 0.000325 0.001230 0.012409 0.013899 0.002981 0.003299 0.000124 0.033955 0.000185 0.008375 0.012009 0.010844 0.008545 0.016771 0.003502 0.018834 0.121744 0.003633 0.008715 0.014420 0.031012 0.051176 0.034075 0.001777 0.065959 0.008304 0.241296 0.017274 0.000715 0.017654 0.066088 0.091289 0.001535 0.039478 0.304038 0.141831 0.034808 0.002954 1.079669 0.031506 0.417207 0.000879 0.287992 0.001889 0.085785 
0.000672 0.000855 0.005034 0.001924 0.004375 0.003062 0.001351 0.005619 0.004958 0.006916 0.013641 0.001208 0.002627 0.002269 0.000292 0.002737 0.005916 0.002044 0.001130 0.005054 0.014720 0.015504 0.007900 0.000975 0.002705 0.016545 0.012366 0.006005 0.006158 0.000117 0.056530 0.000191 0.011885 0.008619 0.010273 0.010049 0.013863 0.002738 0.011216 0.068269 0.003376 0.005371 0.009536 0.021197 0.022462 0.014251 0.000801 0.045406 0.003661 0.106602 0.017968 0.000324 0.023600 0.017535 0.057133 0.002384 0.058456 0.067110 0.176285 0.011226 0.001258 0.144306 0.035896 0.083926 0.000148 0.391877 0.000913 0.016571 
-0.000000 0.000285 0.004002 0.000226 0.000404 0.000322 0.000675 0.002506 0.000583 0.007528 0.002306 0.000039 0.000418 0.001223 0.000022 0.000743 0.029250 0.000143 0.000410 0.000211 0.011379 0.003632 0.003800 0.000012 0.000098 0.015127 0.036005 0.000394 0.000522 0.000047 0.003731 0.001102 0.000728 0.003740 0.001479 0.001024 0.096747 0.007263 0.006915 0.028201 0.000251 0.020496 0.001250 0.154225 0.030277 0.006865 0.002014 0.003149 0.017643 0.016352 0.000900 0.014151 0.000500 0.076052 0.002911 0.000020 0.001087 0.018303 0.002979 0.510969 0.172141 0.069299 0.000864 0.007271 0.000021 0.007081 0.000046 0.043750 
0.000588 0.000285 0.007616 0.001245 0.001885 0.001289 0.001789 0.005011 0.002041 0.012343 0.008454 0.000315 0.001767 0.002402 0.000114 0.002037 0.027442 0.000499 0.001105 0.001211 0.022759 0.012491 0.007250 0.000255 0.000393 0.027653 0.044760 0.001140 0.002144 0.000125 0.009328 0.000963 0.003046 0.007830 0.003917 0.002725 0.084533 0.007917 0.010991 0.049622 0.000703 0.023511 0.003009 0.131149 0.038961 0.010649 0.002344 0.007404 0.017786 0.028721 0.001969 0.007519 0.002000 0.068725 0.005822 0.000118 0.004201 0.022388 0.011010 0.316311 0.052590 0.073980 0.001141 0.010352 0.000022 0.012997 0.000072 0.038785 
0.000168 0.000285 0.001291 0.000226 0.000404 0.000967 0.000219 0.001519 0.001166 0.001576 0.002882 0.000263 0.000395 0.000334 0.000066 0.000615 0.000822 0.000523 0.000293 0.001369 0.001566 0.003012 0.001200 0.000151 0.000885 0.003782 0.002845 0.001490 0.001210 0.000029 0.011940 0.000028 0.002185 0.001607 0.001868 0.001613 0.002617 0.000308 0.002052 0.011096 0.000624 0.000937 0.001715 0.002924 0.003184 0.001926 0.000125 0.007873 0.000427 0.015933 0.004970 0.000058 0.008788 0.003077 0.011605 0.001430 0.032959 0.010080 0.060877 0.001341 0.000191 0.018495 0.004485 0.009452 0.000017 0.051270 0.000110 0.002464 
-0.000000 0.000285 0.005293 0.002264 0.002625 0.003062 0.001259 0.005543 0.004010 0.008404 0.013833 0.000683 0.002371 0.002491 0.000236 0.002970 0.010681 0.001616 0.001331 0.004369 0.017643 0.015149 0.008650 0.000545 0.001967 0.025644 0.024842 0.004339 0.004949 0.000163 0.040112 0.000367 0.009898 0.013849 0.011026 0.009416 0.028404 0.004686 0.017682 0.102789 0.002801 0.012693 0.010277 0.048137 0.045155 0.023404 0.002009 0.034469 0.009274 0.115092 0.010860 0.000949 0.012918 0.056563 0.042112 0.001071 0.027526 0.125308 0.080565 0.039892 0.003774 0.532471 0.013463 0.132156 0.000396 0.151659 0.000964 0.086892 
0.000168 0.000570 0.004905 0.000623 0.001010 0.000806 0.000712 0.002430 0.001021 0.007704 0.002498 0.000144 0.000465 0.001468 0.000048 0.001018 0.025799 0.000356 0.000594 0.000684 0.013154 0.007087 0.004150 0.000081 0.000197 0.020563 0.037428 0.000745 0.000797 0.000073 0.005970 0.000922 0.001556 0.004909 0.001946 0.001439 0.086569 0.007584 0.008799 0.036369 0.000416 0.020724 0.002311 0.136161 0.034793 0.009312 0.002227 0.004766 0.017682 0.020859 0.001069 0.009662 0.000816 0.074294 0.004813 0.000078 0.001883 0.021910 0.006606 0.391999 0.085203 0.081515 0.001028 0.009244 0.000023 0.009680 0.000068 0.050321 
0.000336 0.000570 0.003227 0.001415 0.003029 0.002256 0.000913 0.004024 0.002989 0.006040 0.011144 0.000709 0.001511 0.001535 0.000203 0.002016 0.004930 0.001473 0.000762 0.003264 0.010335 0.011871 0.005450 0.000615 0.001574 0.015127 0.011053 0.004997 0.004949 0.000096 0.038619 0.000140 0.007813 0.007801 0.007653 0.007520 0.011439 0.002072 0.009895 0.057790 0.002789 0.005143 0.007878 0.017751 0.020030 0.010875 0.000648 0.033831 0.003738 0.088678 0.014273 0.000339 0.019417 0.018415 0.046731 0.001724 0.044114 0.061858 0.140406 0.013274 0.001411 0.149786 0.024783 0.098952 0.000175 0.450138 0.001490 0.019178 
0.000336 -0.000000 0.004518 0.001132 0.001279 0.001128 0.001186 0.003796 0.001677 0.010330 0.006532 0.000302 0.001000 0.002269 0.000118 0.001867 0.022923 0.000547 0.001005 0.000895 0.018792 0.009125 0.006100 0.000093 0.000148 0.029071 0.043666 0.001008 0.001980 0.000114 0.013060 0.000896 0.003310 0.006662 0.004332 0.002921 0.075517 0.008311 0.013325 0.060564 0.000807 0.024752 0.004361 0.126763 0.051523 0.013254 0.002898 0.009149 0.020334 0.036477 0.002194 0.005762 0.002368 0.096079 0.008461 0.000111 0.004708 0.034059 0.010880 0.267664 0.034653 0.124099 0.002013 0.016446 0.000044 0.019899 0.000123 0.080392 
0.000252 0.000285 0.003227 0.000566 0.000740 0.000806 0.000785 0.001974 0.001094 0.005690 0.005380 0.000276 0.000511 0.001379 0.000066 0.000849 0.013885 0.000380 0.000502 0.000684 0.009396 0.005670 0.003150 0.000093 0.000295 0.013590 0.018057 0.000701 0.000715 0.000049 0.003918 0.000380 0.001159 0.003156 0.001297 0.001090 0.030246 0.003194 0.003879 0.018955 0.000287 0.008031 0.001119 0.046884 0.015573 0.004033 0.000820 0.002468 0.005252 0.009643 0.000563 0.002960 0.000842 0.021052 0.001902 0.000059 0.001376 0.006578 0.003109 0.086562 0.037398 0.022148 0.000372 0.003324 0.000009 0.004482 0.000021 0.010536 
-0.000000 -0.000000 0.000129 -0.000000 -0.000000 -0.000000 -0.000000 0.000228 0.000073 0.000525 0.000384 -0.000000 0.000070 0.000044 -0.000000 0.000021 0.000822 0.000024 0.000008 0.000105 0.000522 0.001063 0.000250 0.000035 -0.000000 0.001536 0.001532 0.000219 0.000275 0.000016 0.001493 0.000039 0.000497 0.002337 0.001401 0.000850 0.005526 0.000715 0.004301 0.031129 0.000514 0.002888 0.003605 0.013679 0.021188 0.012869 0.000713 0.013915 0.004359 0.069810 0.003320 0.000403 0.003710 0.047966 0.026509 0.000346 0.010576 0.118623 0.048961 0.027042 0.001830 0.822224 0.016937 0.386808 0.001956 0.292204 0.003749 0.168928 
0.000252 0.000285 0.004002 0.001019 0.001885 0.001934 0.000639 0.004556 0.003281 0.005340 0.006148 0.000407 0.001558 0.001891 0.000133 0.002037 0.006080 0.000903 0.000737 0.002421 0.012632 0.008416 0.006200 0.000267 0.000639 0.013472 0.011272 0.001403 0.002832 0.000082 0.014925 0.000197 0.003807 0.005902 0.003632 0.003379 0.015704 0.002528 0.005397 0.034982 0.000838 0.005650 0.003314 0.019422 0.016846 0.006208 0.000630 0.009319 0.003570 0.026939 0.002626 0.000432 0.003262 0.018268 0.008772 0.000268 0.005360 0.023873 0.018393 0.013486 0.001372 0.081629 0.002065 0.016377 0.000047 0.022588 0.000118 0.034071 
0.000084 -0.000000 0.001420 0.000113 0.000202 0.000161 0.000292 0.000532 0.000292 0.004114 0.001345 0.000079 0.000279 0.000578 0.000030 0.000403 0.014378 0.000048 0.000385 0.000368 0.008247 0.004164 0.002650 0.000035 0.000148 0.011936 0.019589 0.000701 0.000632 0.000069 0.005597 0.000625 0.001324 0.005318 0.002465 0.001984 0.060007 0.006388 0.013015 0.064879 0.000538 0.022928 0.004056 0.145141 0.068543 0.020210 0.003406 0.009192 0.029893 0.047064 0.001557 0.006168 0.001473 0.198850 0.008927 0.000091 0.003405 0.074590 0.009714 0.361568 0.035835 0.336333 0.002800 0.032615 0.000105 0.030475 0.000246 0.354391 
-0.000000 -0.000000 0.001033 0.000226 0.000269 0.000161 0.000201 0.000683 0.000875 0.000700 0.001153 0.000118 0.000186 0.000178 0.000018 0.000318 0.000411 0.000166 0.000117 0.000579 0.001357 0.001329 0.000650 0.000035 0.000393 0.001654 0.001532 0.000394 0.000467 0.000016 0.003545 0.000016 0.001026 0.000818 0.000778 0.000719 0.001551 0.000197 0.000787 0.005240 0.000220 0.000557 0.000640 0.001357 0.001679 0.000725 0.000055 0.002298 0.000259 0.004927 0.001182 0.000032 0.001394 0.000830 0.003299 0.000157 0.004636 0.003130 0.012175 0.001271 0.000114 0.007763 0.001218 0.002978 0.000006 0.018285 0.000039 0.000857 
-0.000000 -0.000000 0.004905 0.000962 0.001279 0.000483 0.000712 0.002809 0.001166 0.008054 0.004035 0.000302 0.000488 0.001424 0.000052 0.001209 0.019883 0.000547 0.000687 0.000737 0.014825 0.007353 0.006400 0.000116 0.000393 0.023990 0.035020 0.001008 0.001320 0.000096 0.009888 0.000752 0.002152 0.006691 0.004306 0.002332 0.073481 0.007929 0.012509 0.061180 0.000789 0.023283 0.004128 0.132611 0.055112 0.014953 0.002844 0.009447 0.021175 0.041509 0.002157 0.005298 0.002447 0.114005 0.008539 0.000150 0.004564 0.043131 0.013082 0.266958 0.032385 0.164970 0.002186 0.022782 0.000057 0.022856 0.000139 0.126999 
0.000252 0.000570 0.003614 0.001189 0.003298 0.001934 0.000803 0.002885 0.001823 0.003939 0.010567 0.000643 0.001186 0.001157 0.000148 0.001422 0.003287 0.001117 0.000628 0.002843 0.007934 0.007442 0.004600 0.000394 0.001180 0.008745 0.009083 0.002805 0.003244 0.000077 0.026679 0.000098 0.005528 0.005347 0.005266 0.004861 0.007949 0.001430 0.004751 0.031284 0.001529 0.003800 0.004477 0.012008 0.010768 0.006231 0.000432 0.018894 0.001720 0.050523 0.008571 0.000169 0.011498 0.010453 0.026121 0.001149 0.029844 0.029284 0.089891 0.006778 0.000801 0.068956 0.012608 0.040024 0.000076 0.228744 0.000569 0.009679 
0.000336 0.000285 0.003356 0.001189 0.001481 0.000967 0.000566 0.002582 0.002333 0.004289 0.007109 0.000499 0.001000 0.000890 0.000221 0.001337 0.003862 0.000974 0.000511 0.002843 0.007308 0.007265 0.004000 0.000557 0.001918 0.008036 0.008098 0.003770 0.003794 0.000073 0.036940 0.000117 0.006356 0.005318 0.006278 0.005798 0.007755 0.001763 0.007365 0.043612 0.001951 0.003775 0.005858 0.014618 0.016846 0.009720 0.000507 0.026937 0.002716 0.075680 0.011929 0.000245 0.017049 0.015337 0.038076 0.001803 0.046142 0.051672 0.140925 0.010732 0.001201 0.118619 0.021776 0.084999 0.000159 0.420021 0.001285 0.020393 
0.000168 -0.000000 0.000645 0.000453 0.001010 0.000967 0.000310 0.001443 0.001531 0.002276 0.006532 0.000236 0.000860 0.000667 0.000118 0.000912 0.002794 0.000665 0.000360 0.001842 0.005846 0.005847 0.003350 0.000232 0.001082 0.008509 0.007113 0.001753 0.002722 0.000064 0.022015 0.000121 0.005528 0.004879 0.006174 0.004512 0.008628 0.002010 0.008012 0.051626 0.002018 0.004738 0.006163 0.020779 0.022230 0.012869 0.000861 0.027831 0.003906 0.086476 0.010166 0.000450 0.013076 0.028086 0.042306 0.001332 0.032452 0.077349 0.115667 0.019558 0.001601 0.273199 0.023314 0.182255 0.000442 0.392683 0.003080 0.053500 
0.000168 -0.000000 0.003356 0.000226 0.000606 0.000322 0.000548 0.003417 0.001094 0.005515 0.003458 0.000144 0.000628 0.001068 0.000055 0.000955 0.017008 0.000190 0.000511 0.000632 0.010440 0.005227 0.003500 0.000116 0.000148 0.015481 0.024623 0.000482 0.000770 0.000060 0.005784 0.000638 0.001258 0.003243 0.001868 0.001351 0.049731 0.004735 0.006522 0.028972 0.000404 0.013504 0.001846 0.077896 0.025414 0.006140 0.001350 0.003319 0.010361 0.015723 0.000900 0.005056 0.000684 0.045768 0.003454 0.000065 0.001521 0.015014 0.004404 0.187598 0.046433 0.051717 0.000864 0.005921 0.000016 0.008336 0.000049 0.031178 
0.000084 -0.000000 0.001162 0.000340 0.000875 0.000967 0.000183 0.000607 0.000729 0.001138 0.003843 0.000302 0.000535 0.000267 0.000048 0.000615 0.001561 0.000547 0.000159 0.000632 0.002088 0.002658 0.001350 0.000220 0.000443 0.002600 0.003174 0.001315 0.001430 0.000023 0.014739 0.000028 0.002417 0.001987 0.001946 0.002071 0.002327 0.000444 0.001659 0.014486 0.000838 0.000937 0.002079 0.003446 0.004747 0.002538 0.000156 0.010724 0.000621 0.020230 0.006302 0.000050 0.009551 0.003956 0.016651 0.001254 0.032234 0.014218 0.087171 0.001977 0.000095 0.028427 0.007501 0.016134 0.000031 0.100568 0.000211 0.003821 
-0.000000 0.000285 0.000904 0.000113 0.000202 0.000161 0.000128 0.000759 0.000146 0.003239 0.001537 0.000013 0.000116 0.000334 0.000018 0.000382 0.008463 0.000143 0.000209 0.000158 0.003967 0.002215 0.002050 0.000012 0.000049 0.009454 0.014336 0.000438 0.000550 0.000045 0.003731 0.000344 0.001291 0.004412 0.002594 0.001395 0.037807 0.004143 0.010064 0.050855 0.000422 0.014922 0.003837 0.087398 0.052276 0.017649 0.002355 0.008511 0.020127 0.044234 0.001500 0.003637 0.001394 0.152398 0.009859 0.000124 0.003477 0.069391 0.015284 0.223677 0.021139 0.393987 0.003301 0.041063 0.000139 0.037556 0.000304 0.643353 
0.000252 0.000285 0.003485 0.000736 0.000740 0.000161 0.000675 0.002658 0.002625 0.007879 0.003074 0.000263 0.000860 0.001668 0.000085 0.001379 0.016515 0.000404 0.000586 0.001158 0.012110 0.009125 0.004650 0.000093 0.000295 0.020208 0.027469 0.000657 0.000852 0.000071 0.011567 0.000529 0.002317 0.005259 0.002906 0.001700 0.047113 0.005820 0.009417 0.045153 0.000593 0.015302 0.002965 0.080193 0.034272 0.009720 0.001899 0.007745 0.012573 0.028092 0.001594 0.003617 0.001684 0.062962 0.006132 0.000131 0.003694 0.027162 0.009714 0.163521 0.023655 0.096014 0.001676 0.014507 0.000034 0.017030 0.000101 0.071500 
0.000252 -0.000000 0.004260 0.001528 0.002827 0.002256 0.000858 0.004556 0.002843 0.006916 0.012296 0.000420 0.001465 0.001868 0.000162 0.001846 0.007066 0.001117 0.000862 0.001948 0.013572 0.010277 0.005600 0.000302 0.001082 0.012881 0.017072 0.001885 0.002282 0.000086 0.015858 0.000252 0.004171 0.006194 0.004618 0.003815 0.020358 0.003231 0.007421 0.045153 0.000911 0.008234 0.004026 0.032683 0.022172 0.009334 0.001015 0.011745 0.005523 0.037840 0.002813 0.000666 0.003710 0.026767 0.010557 0.000340 0.007099 0.030080 0.022538 0.023088 0.002859 0.116906 0.002834 0.022782 0.000061 0.028593 0.000205 0.095642 
