# Flux Network Reconstruction using RW method
# Walkers leave from emitting cells
# Probability involves emitting fluxes, then absorbing flux is shared among connections
# Seed: 1684539231
# Threshold: 0.5
# Precision: 100000.0
# Dt: 1.0
# Radius step: 3.000000
# Matrix output


0.000386 0.000631 0.000666 -0.000000 0.066250 0.011633 0.042085 0.000010 0.055049 0.000442 0.027383 0.000053 0.003864 0.001699 0.000842 0.000109 0.014894 -0.000000 0.000003 0.000913 0.000142 0.000103 0.001132 0.015810 -0.000000 -0.000000 0.002059 0.000620 -0.000000 0.005703 0.000193 0.000089 0.002229 0.000028 0.003358 0.000061 0.000144 0.000342 0.000716 0.000480 0.001329 -0.000000 0.000456 0.000173 0.000054 0.000053 0.000071 -0.000000 0.000385 0.000026 0.000010 -0.000000 -0.000000 -0.000000 -0.000000 0.000115 0.000050 -0.000000 0.000016 0.000012 -0.000000 -0.000000 -0.000000 0.000080 
0.763880 0.436358 0.349709 0.005748 0.004683 0.068700 0.014218 0.001289 0.071658 0.065539 0.000408 0.010162 0.023532 0.001259 0.038656 0.004759 0.001960 0.002808 0.000255 0.013574 0.000572 0.003369 0.000709 0.000458 0.000404 0.000543 0.001928 0.001192 0.000211 0.001088 0.000167 0.000298 0.000146 0.000266 0.000127 0.000001 0.000385 0.000017 0.000272 0.000120 -0.000000 0.000006 0.000065 0.000009 0.000091 -0.000000 0.000018 -0.000000 -0.000000 -0.000000 -0.000000 -0.000000 -0.000000 -0.000000 -0.000000 -0.000000 -0.000000 -0.000000 -0.000000 -0.000000 -0.000000 -0.000000 -0.000000 -0.000000 
0.515151 0.282906 0.334912 0.004377 0.007254 0.160106 0.024590 0.000900 0.118295 0.093251 0.000421 0.008687 0.042060 0.002015 0.046654 0.004557 0.001945 0.001620 0.000166 0.019671 0.000710 0.002915 0.000588 0.000282 0.000449 0.000261 0.000832 0.000937 0.000246 0.000923 0.000103 0.000239 0.000058 0.000272 0.000063 -0.000000 0.000193 0.000009 -0.000000 0.000240 -0.000000 0.000018 0.000098 -0.000000 0.000054 -0.000000 -0.000000 0.000023 -0.000000 -0.000000 -0.000000 -0.000000 -0.000000 -0.000000 -0.000000 0.000019 -0.000000 -0.000000 -0.000000 -0.000000 -0.000000 -0.000000 -0.000000 -0.000000 
0.004636 0.007999 0.006709 0.000475 0.248979 0.101575 0.217925 0.000061 0.195900 0.004788 0.013124 0.001211 0.014786 0.003950 0.007401 0.000706 0.018526 0.000540 0.000025 0.004801 0.000532 0.000864 0.002117 0.012430 0.000135 0.000271 0.007010 0.001938 0.000070 0.009296 0.000618 0.000298 0.002063 0.000222 0.002894 0.000053 0.000746 0.000633 0.000716 0.000991 0.001329 0.000012 0.001010 0.000218 0.000163 0.000149 0.000232 0.000091 0.000604 0.000155 -0.000000 -0.000000 0.000011 0.000007 -0.000000 0.000096 0.000074 -0.000000 -0.000000 0.000003 0.000059 0.000022 -0.000000 0.000080 
0.027508 0.442988 0.181135 0.173076 0.000528 0.005048 0.001950 0.024940 0.009284 0.019808 0.000102 0.087873 0.005064 0.000364 0.030623 0.012142 0.000684 0.035753 0.001586 0.008540 0.000294 0.011515 0.000510 0.000352 0.004622 0.002894 0.002278 0.001192 0.003333 0.000692 0.000354 0.003550 0.000117 0.001003 0.000148 0.000001 0.001660 0.000060 0.000716 0.001021 0.000195 0.000080 0.000196 0.000018 0.000344 0.000053 0.000107 0.000114 0.000110 0.000103 0.000060 0.000021 0.000033 0.000037 0.000008 0.000019 0.000074 -0.000000 0.000016 0.000003 0.000039 -0.000000 0.000002 0.000040 
0.068460 1.022378 0.488736 0.086011 0.001637 0.010779 0.004496 0.016265 0.021033 0.045444 0.000242 0.105037 0.012142 0.000868 0.059001 0.022049 0.001565 0.040506 0.002212 0.018375 0.000694 0.020261 0.001365 0.000599 0.006372 0.005255 0.005695 0.003448 0.005474 0.001912 0.000759 0.006772 0.000272 0.001696 0.000359 0.000009 0.003225 0.000145 0.001309 0.001892 0.000162 0.000160 0.000619 0.000118 0.000779 0.000032 0.000392 0.000137 0.000055 0.000181 0.000120 0.000104 0.000055 0.000015 0.000019 0.000038 0.000025 0.000004 0.000064 0.000006 0.000039 0.000044 -0.000000 0.000080 
0.014681 0.360158 0.189652 0.811380 0.000088 0.001975 0.000298 0.250174 0.001451 0.024226 -0.000000 0.489279 0.001444 0.000040 0.026273 0.026311 -0.000000 0.081443 0.004284 0.003569 0.000070 0.012965 0.000026 -0.000000 0.004644 0.003055 0.000044 0.000350 0.001860 0.000099 0.000090 0.001193 -0.000000 0.000366 -0.000000 -0.000000 0.000361 0.000009 0.000074 0.000030 -0.000000 0.000025 -0.000000 -0.000000 0.000054 -0.000000 -0.000000 0.000046 -0.000000 -0.000000 -0.000000 -0.000000 -0.000000 -0.000000 -0.000000 -0.000000 -0.000000 -0.000000 -0.000000 -0.000000 -0.000000 -0.000000 -0.000000 -0.000000 
0.102072 0.484561 0.577377 0.035438 0.004489 0.040459 0.012728 0.008695 0.072094 0.290094 0.000587 0.090085 0.038643 0.002479 0.202260 0.044788 0.004271 0.034025 0.002283 0.053744 0.001941 0.035966 0.002255 0.001655 0.008144 0.007205 0.009551 0.007006 0.004807 0.003791 0.001358 0.009098 0.000584 0.003003 0.000380 0.000010 0.004885 0.000222 0.002148 0.002522 0.000292 0.000209 0.000782 0.000118 0.001396 0.000043 0.000464 0.000569 0.000110 0.000310 0.000100 0.000104 0.000033 0.000015 0.000004 0.000057 -0.000000 -0.000000 0.000016 0.000003 0.000078 0.000022 0.000004 -0.000000 
0.000927 0.003684 0.002902 0.000211 0.109542 0.031265 0.116694 0.000020 0.282645 0.002137 0.234229 0.000263 0.021701 0.013321 0.005963 0.000365 0.149878 -0.000000 0.000013 0.005013 0.001029 0.000469 0.008822 0.172681 0.000067 0.000231 0.024271 0.003972 -0.000000 0.060062 0.002252 0.000119 0.021614 0.000266 0.030099 0.000552 0.001011 0.004318 0.004618 0.002102 0.010472 0.000018 0.004236 0.001228 0.000272 0.000705 0.000267 0.000159 0.005164 0.000336 0.000030 -0.000000 0.000055 0.000022 0.000012 0.000688 0.000620 -0.000000 0.000096 0.000064 0.000137 0.000066 -0.000000 0.000520 
0.002164 0.002315 0.003711 0.000053 0.145387 0.067822 0.323569 0.000020 1.594619 0.004155 0.056641 0.000316 0.058941 0.049280 0.006033 0.000217 0.274422 -0.000000 0.000006 0.006352 0.001365 0.000293 0.009963 0.057220 0.000022 0.000070 0.013669 0.002192 -0.000000 0.040085 0.000695 0.000030 0.010452 0.000100 0.008681 0.000119 0.000265 0.001000 0.001309 0.000450 0.001654 -0.000000 0.001043 0.000146 0.000091 0.000075 0.000036 0.000046 0.000824 0.000078 -0.000000 -0.000000 -0.000000 -0.000000 -0.000000 0.000096 0.000050 -0.000000 -0.000000 0.000003 0.000020 -0.000000 -0.000000 -0.000000 
0.005022 0.034837 0.023314 0.028055 0.000528 0.001951 0.001056 0.014035 0.005150 0.005624 0.000166 0.223816 0.003193 0.000348 0.016557 0.007220 0.000942 0.117736 0.003087 0.006118 0.000311 0.011017 0.000709 0.000810 0.008413 0.004703 0.004162 0.001922 0.006491 0.001615 0.000624 0.008114 0.000370 0.001457 0.000486 0.000005 0.003417 0.000197 0.001012 0.001952 0.000616 0.000160 0.000847 0.000173 0.000906 0.000203 0.000606 0.000501 0.000220 0.000362 0.000170 0.000167 0.000110 0.000105 0.000065 0.000076 0.000074 0.000004 0.000112 0.000023 0.000117 0.000111 0.000018 0.000120 
0.003632 0.021365 0.018508 0.002004 0.001743 0.005292 0.005037 0.000552 0.018495 0.012394 0.001008 0.010899 0.008522 0.001107 0.037428 0.006273 0.003359 0.007237 0.000427 0.013723 0.000821 0.009259 0.002610 0.003380 0.003949 0.003286 0.012968 0.005735 0.002632 0.006791 0.001673 0.005936 0.001479 0.001624 0.002176 0.000043 0.005318 0.001026 0.004223 0.006276 0.003307 0.000308 0.003943 0.000800 0.002084 0.000929 0.001658 0.001662 0.001154 0.001525 0.000610 0.000416 0.000517 0.000418 0.000169 0.000707 0.000223 0.000018 0.000449 0.000101 0.000607 0.000597 0.000032 0.001561 
0.000155 -0.000000 0.000095 -0.000000 0.009084 0.001122 0.007122 -0.000000 0.018422 0.000060 0.127732 -0.000000 0.001098 0.001171 0.000140 0.000008 0.020486 -0.000000 -0.000000 0.000149 0.000061 0.000015 0.001037 0.260465 -0.000000 -0.000000 0.002541 0.000175 -0.000000 0.012197 0.000283 -0.000000 0.008798 0.000006 0.033732 0.001484 0.000120 0.002052 0.000988 0.000240 0.010472 -0.000000 0.001499 0.000882 0.000018 0.000641 0.000125 0.000023 0.017414 0.000078 -0.000000 -0.000000 0.000011 -0.000000 -0.000000 0.001415 0.001437 -0.000000 0.000064 0.000078 0.000098 -0.000000 -0.000000 0.000240 
0.005950 0.033679 0.027739 0.005010 0.003345 0.007658 0.007772 0.001135 0.027053 0.017074 0.001365 0.024114 0.014806 0.001879 0.072436 0.015061 0.004894 0.015878 0.000834 0.026575 0.001492 0.021506 0.004675 0.005071 0.008750 0.006964 0.021379 0.010009 0.006912 0.011076 0.003346 0.013185 0.002345 0.003679 0.003358 0.000051 0.011310 0.001881 0.007853 0.008288 0.004766 0.000579 0.006093 0.001310 0.004368 0.001484 0.003227 0.002801 0.002307 0.002818 0.000901 0.000666 0.000737 0.000679 0.000308 0.000784 0.000471 0.000041 0.000915 0.000113 0.001096 0.000951 0.000069 0.001961 
0.016304 0.161450 0.135364 0.055055 0.000458 0.005512 0.001435 0.017574 0.009646 0.044047 0.000089 0.536612 0.006915 0.000388 0.113302 0.162764 0.000410 0.209333 0.022505 0.024344 0.000666 0.154279 0.000553 0.000282 0.055753 0.039611 0.002891 0.004162 0.028176 0.000890 0.000830 0.030368 0.000107 0.006067 0.000084 0.000001 0.006666 0.000068 0.001531 0.002552 0.000032 0.000474 0.000326 0.000027 0.001269 0.000064 0.000517 0.000455 -0.000000 0.000103 0.000130 0.000229 -0.000000 0.000022 0.000004 0.000019 -0.000000 0.000002 0.000032 0.000003 0.000039 -0.000000 0.000004 0.000040 
0.001623 0.004105 0.004282 0.000158 0.034419 0.023973 0.055788 0.000041 0.229844 0.003666 0.056220 0.000684 0.042792 0.029558 0.010769 0.000761 0.453130 0.001080 0.000027 0.014318 0.003123 0.001509 0.035298 0.158173 0.000337 0.000392 0.095945 0.016872 0.000140 0.208865 0.008475 0.000984 0.053370 0.000815 0.045962 0.000608 0.004139 0.009645 0.014989 0.009579 0.020199 0.000092 0.014532 0.003438 0.001976 0.001687 0.001551 0.000615 0.006372 0.001112 0.000100 0.000083 0.000088 0.000067 0.000023 0.001051 0.000743 0.000002 0.000321 0.000078 0.000352 0.000155 -0.000000 0.001080 
0.002086 0.015892 0.011705 0.007488 -0.000000 0.000537 0.000108 0.003151 0.001596 0.003749 0.000013 0.302055 0.000997 0.000076 0.012207 0.010768 0.000091 1.707717 0.017497 0.003441 0.000088 0.021257 0.000181 -0.000000 0.087028 0.019544 0.001008 0.000937 0.085720 0.000231 0.000264 0.030427 0.000049 0.002155 0.000063 0.000001 0.002984 0.000051 0.000395 0.001291 0.000032 0.000450 0.000293 0.000009 0.000834 0.000021 0.000196 0.000319 -0.000000 0.000103 0.000100 0.000042 0.000055 0.000007 -0.000000 -0.000000 -0.000000 0.000002 0.000032 -0.000000 -0.000000 0.000066 -0.000000 -0.000000 
0.002473 0.003578 0.004758 0.000475 0.018750 0.021705 0.035368 0.000082 0.242319 0.004609 0.023570 0.000842 0.090872 0.067431 0.018697 0.001110 0.247462 0.000324 0.000049 0.027212 0.009023 0.002578 0.107924 0.070847 0.000381 0.000874 0.208011 0.036509 0.000281 0.296749 0.013302 0.001193 0.038149 0.001064 0.022791 0.000259 0.005414 0.006635 0.016174 0.009639 0.010116 0.000037 0.011926 0.001837 0.001813 0.001046 0.001052 0.000455 0.002802 0.000491 0.000110 0.000104 0.000121 0.000060 0.000015 0.000344 0.000396 0.000002 0.000112 0.000078 0.000098 0.000022 -0.000000 0.000400 
0.004945 0.010420 0.012323 0.001107 0.010194 0.028753 0.024238 0.000174 0.201630 0.011940 0.008558 0.003949 0.194211 0.044274 0.059457 0.003804 0.068678 0.001944 0.000160 0.091089 0.030869 0.008526 0.124099 0.024191 0.001728 0.002693 0.264132 0.087364 0.001263 0.117058 0.017452 0.004415 0.013459 0.003602 0.009125 0.000116 0.012923 0.003523 0.014396 0.013273 0.005220 0.000289 0.009254 0.001391 0.003426 0.000972 0.001926 0.001321 0.001813 0.001008 0.000310 0.000271 0.000110 0.000090 0.000031 0.000344 0.000223 0.000002 0.000160 0.000061 0.000098 0.000066 0.000012 0.000520 
0.001700 0.010314 0.007280 0.001635 0.001004 0.002171 0.002248 0.000419 0.008486 0.003403 0.000446 0.015216 0.004271 0.000684 0.016136 0.006591 0.001657 0.011342 0.000616 0.007562 0.000521 0.016423 0.001754 0.001937 0.010343 0.007004 0.008806 0.004544 0.005719 0.004318 0.001467 0.011366 0.001158 0.002488 0.001753 0.000027 0.006233 0.000881 0.003111 0.004625 0.001978 0.000400 0.003128 0.000809 0.002302 0.000801 0.001854 0.001959 0.000989 0.001629 0.000540 0.000458 0.000583 0.000440 0.000169 0.000306 0.000273 0.000023 0.000578 0.000072 0.000764 0.000863 0.000048 0.001120 
0.003632 0.008841 0.012418 0.001002 0.000775 0.007828 0.002464 0.000481 0.028649 0.019247 0.000242 0.006476 0.062073 0.003270 0.357761 0.017437 0.003283 0.003132 0.000363 0.894663 0.020926 0.057692 0.013843 0.000704 0.005115 0.013083 0.059889 0.105078 0.002526 0.010812 0.013604 0.013901 0.000954 0.020186 0.000613 0.000007 0.043364 0.000496 0.012396 0.021321 0.000357 0.000622 0.002704 0.000209 0.006054 0.000203 0.001676 0.000911 0.000110 0.000440 0.000380 0.000500 0.000066 0.000045 0.000027 0.000057 -0.000000 0.000004 0.000080 -0.000000 0.000039 0.000044 0.000007 0.000080 
0.006491 0.038415 0.029737 0.004324 0.004401 0.012243 0.008829 0.001340 0.046709 0.016979 0.002194 0.030958 0.024569 0.003338 0.115126 0.021497 0.008587 0.025384 0.001355 0.055741 0.003018 0.049825 0.009807 0.008345 0.018644 0.017123 0.050820 0.023211 0.014281 0.023339 0.007343 0.031263 0.004564 0.011054 0.005154 0.000114 0.028733 0.003326 0.016125 0.023153 0.007587 0.001342 0.012545 0.002783 0.010477 0.003149 0.006436 0.006695 0.004285 0.005171 0.002211 0.001519 0.001804 0.001299 0.000546 0.001529 0.000892 0.000065 0.001845 0.000252 0.001566 0.002145 0.000151 0.003361 
0.004482 0.036732 0.031117 0.011074 0.000493 0.003122 0.001950 0.003713 0.008631 0.011856 0.000357 0.201124 0.006000 0.000644 0.046163 0.029564 0.001185 0.276951 0.013736 0.018694 0.000821 0.070730 0.001823 0.000704 0.180854 0.067214 0.010909 0.006260 0.119475 0.003659 0.002066 0.104468 0.000399 0.010689 0.000591 0.000011 0.018241 0.000333 0.004247 0.006757 0.000648 0.001564 0.002248 0.000327 0.004350 0.000406 0.002086 0.002209 0.000330 0.001267 0.001061 0.000666 0.000363 0.000172 0.000158 0.000172 0.000050 0.000018 0.000321 0.000023 0.000255 0.000376 0.000037 0.000320 
0.009195 0.042310 0.042108 0.006012 0.003204 0.015047 0.008260 0.001514 0.051858 0.033934 0.001492 0.042752 0.049239 0.004758 0.348079 0.045503 0.008663 0.029272 0.001900 0.218291 0.008544 0.128788 0.015476 0.004613 0.031028 0.039561 0.087971 0.072652 0.018877 0.027394 0.016397 0.057216 0.003786 0.037153 0.002978 0.000039 0.079581 0.002343 0.026471 0.041591 0.003599 0.002549 0.012610 0.001628 0.018089 0.001879 0.007453 0.006331 0.001264 0.004163 0.001921 0.001644 0.000858 0.000635 0.000289 0.000554 0.000198 0.000034 0.000578 0.000075 0.000607 0.000774 0.000053 0.001201 
0.001004 0.007894 0.008184 0.004377 -0.000000 0.000439 0.000081 0.001637 0.001451 0.002567 0.000013 0.116568 0.000936 0.000048 0.011576 0.009767 0.000076 0.409593 0.009273 0.003845 0.000105 0.025125 0.000147 0.000141 0.254846 0.036154 0.001446 0.001096 0.376108 0.000198 0.000322 0.075144 0.000068 0.003724 -0.000000 -0.000000 0.004861 0.000017 0.000765 0.001441 0.000130 0.000807 0.000196 0.000027 0.001269 0.000021 0.000357 0.000706 -0.000000 0.000207 0.000160 0.000229 0.000066 0.000022 0.000023 -0.000000 -0.000000 0.000002 -0.000000 0.000003 -0.000000 0.000088 0.000011 0.000040 
0.003013 0.012104 0.008612 0.000844 0.018134 0.021754 0.034204 0.000297 0.139473 0.006877 0.023506 0.004896 0.047104 0.017396 0.028273 0.002896 0.100577 0.002484 0.000230 0.027318 0.004766 0.006710 0.046220 0.093946 0.002692 0.002914 0.179403 0.040322 0.002000 0.280959 0.019138 0.006294 0.052046 0.003042 0.048898 0.000750 0.017447 0.016391 0.039954 0.032191 0.038096 0.000505 0.040991 0.009276 0.008501 0.007335 0.007577 0.004623 0.013459 0.006722 0.001301 0.000895 0.001265 0.000941 0.000354 0.003900 0.002453 0.000041 0.002134 0.000524 0.002545 0.001438 0.000091 0.005162 
0.000232 0.001473 0.000856 -0.000000 0.016989 0.006804 0.023317 -0.000000 0.079056 0.000860 0.100145 0.000211 0.010291 0.007484 0.002140 0.000163 0.103207 -0.000000 -0.000000 0.003016 0.000806 0.000278 0.011726 1.009815 0.000067 0.000131 0.036231 0.005449 0.000070 0.135947 0.004035 0.000298 0.092969 0.000211 0.158606 0.002323 0.001733 0.016579 0.012767 0.006727 0.045196 0.000037 0.015412 0.005111 0.000961 0.002861 0.001159 0.000433 0.021095 0.001241 0.000050 0.000021 0.000055 0.000097 0.000015 0.002600 0.002354 -0.000000 0.000209 0.000214 0.000313 0.000111 -0.000000 0.001040 
0.001468 0.001684 0.002902 0.000158 0.008275 0.008585 0.015057 0.000072 0.087252 0.003021 0.012129 0.001053 0.041897 0.020542 0.014277 0.001087 0.087903 0.000864 0.000062 0.021519 0.006520 0.003003 0.170172 0.052431 0.000449 0.001156 0.531332 0.064168 0.000526 0.600156 0.035439 0.002297 0.044893 0.002056 0.025093 0.000285 0.012008 0.011902 0.039287 0.024984 0.015076 0.000197 0.023851 0.004193 0.003788 0.002221 0.002853 0.001253 0.002857 0.001603 0.000240 0.000167 0.000165 0.000172 0.000035 0.000765 0.000372 0.000003 0.000369 0.000087 0.000372 0.000111 0.000011 0.001080 
0.004945 0.021892 0.019412 0.002584 0.001585 0.008072 0.004143 0.000880 0.028286 0.018029 0.000969 0.023008 0.034230 0.003414 0.196542 0.026412 0.005927 0.018363 0.001286 0.160320 0.008425 0.100147 0.016789 0.004261 0.026968 0.044133 0.112680 0.110765 0.016877 0.032866 0.028945 0.072220 0.004282 0.073170 0.003168 0.000034 0.170880 0.002804 0.047708 0.079758 0.004669 0.004655 0.019355 0.001946 0.032064 0.002744 0.011411 0.010567 0.001099 0.005584 0.003072 0.002872 0.001375 0.000650 0.000350 0.000478 0.000223 0.000031 0.000866 0.000130 0.000724 0.000774 0.000107 0.001801 
0.001004 0.005683 0.005091 0.000422 0.005563 0.008609 0.010995 0.000102 0.059329 0.003916 0.008316 0.002317 0.028189 0.009084 0.021678 0.002640 0.040213 0.002052 0.000141 0.027106 0.004860 0.006226 0.070794 0.042501 0.003006 0.003226 0.552492 0.093989 0.002246 0.440113 0.079307 0.007398 0.044679 0.005441 0.031493 0.000416 0.035423 0.020657 0.092551 0.072551 0.031903 0.000813 0.058977 0.010086 0.012833 0.006811 0.009877 0.005648 0.008185 0.008584 0.001221 0.000645 0.000825 0.000642 0.000262 0.002791 0.001289 0.000028 0.001909 0.000333 0.001625 0.001128 0.000064 0.003361 
-0.000000 0.000421 0.000190 0.000053 -0.000000 0.000024 -0.000000 0.000010 0.000073 0.000131 -0.000000 0.003159 0.000081 0.000012 0.000877 0.000373 -0.000000 0.007669 0.000267 0.000425 0.000017 0.002051 0.000009 -0.000000 0.059679 0.006984 0.000219 0.000365 0.346494 0.000132 0.000109 0.090954 -0.000000 0.002405 0.000021 0.000001 0.005439 0.000034 0.000296 0.001141 0.000032 0.003276 0.000228 0.000009 0.001776 0.000053 0.000374 0.000911 -0.000000 0.000129 0.000320 0.000604 0.000044 0.000022 0.000015 -0.000000 -0.000000 0.000002 -0.000000 0.000003 -0.000000 0.000044 0.000009 0.000040 
0.001777 0.011683 0.010896 0.001793 0.000845 0.002805 0.002139 0.000522 0.013273 0.008298 0.000638 0.016480 0.015783 0.001763 0.082679 0.014572 0.003161 0.014906 0.000963 0.063091 0.003601 0.058908 0.009099 0.002817 0.031208 0.043610 0.063963 0.057035 0.022912 0.023834 0.019518 0.109419 0.003757 0.136792 0.003042 0.000038 0.302801 0.003147 0.047535 0.089758 0.005090 0.008953 0.021799 0.002346 0.051948 0.002936 0.019309 0.019130 0.001318 0.009644 0.005624 0.005641 0.001958 0.001351 0.000700 0.000631 0.000297 0.000081 0.001396 0.000130 0.001175 0.001482 0.000192 0.002001 
0.000464 0.002315 0.002427 0.000369 0.000669 0.001366 0.001571 0.000102 0.005875 0.001242 0.000548 0.003580 0.003173 0.000472 0.007261 0.001452 0.001657 0.003024 0.000144 0.004588 0.000372 0.003692 0.001529 0.001972 0.003904 0.002964 0.008587 0.004178 0.003053 0.005505 0.001255 0.009635 0.001333 0.004372 0.001542 0.000036 0.011936 0.000898 0.004766 0.008228 0.002594 0.000794 0.004236 0.001119 0.004767 0.001025 0.003762 0.003871 0.001428 0.002870 0.001191 0.001041 0.000946 0.000582 0.000342 0.000631 0.000273 0.000049 0.001059 0.000113 0.001136 0.001460 0.000117 0.001641 
0.001082 0.002000 0.001951 0.000158 0.000493 0.001707 0.000975 0.000113 0.006165 0.002412 0.001071 0.002317 0.007952 0.001403 0.038340 0.003742 0.005532 0.001944 0.000151 0.042783 0.003557 0.017770 0.016098 0.006726 0.004420 0.008692 0.187377 0.142587 0.002842 0.104696 0.113915 0.018972 0.014812 0.026658 0.007879 0.000081 0.234747 0.012278 0.280271 0.357289 0.010278 0.002863 0.071750 0.005957 0.058527 0.005808 0.024051 0.011113 0.001758 0.009902 0.002652 0.001790 0.000649 0.000702 0.000231 0.001109 0.000248 0.000016 0.001621 0.000153 0.001038 0.000597 0.000069 0.001881 
0.001623 0.010735 0.011371 0.001793 0.001144 0.003756 0.003141 0.000552 0.016392 0.006830 0.001186 0.019533 0.012650 0.001687 0.054652 0.010970 0.004058 0.016742 0.000884 0.036920 0.002372 0.037152 0.007863 0.005176 0.037557 0.035863 0.056910 0.036731 0.029369 0.023702 0.013913 0.114222 0.004282 0.081066 0.004626 0.000082 0.324651 0.004224 0.047362 0.089367 0.008430 0.011897 0.024894 0.003774 0.070091 0.005317 0.027920 0.029583 0.002472 0.017322 0.009126 0.009762 0.004665 0.002628 0.001420 0.001740 0.000644 0.000171 0.003177 0.000321 0.002663 0.004114 0.000445 0.004362 
0.001236 0.004526 0.002807 0.000633 0.000405 0.001439 0.000785 0.000184 0.007253 0.003284 0.000510 0.004844 0.009010 0.001095 0.041462 0.005613 0.003009 0.004429 0.000323 0.036814 0.002644 0.024129 0.008537 0.003768 0.011936 0.016379 0.077895 0.066837 0.008456 0.037184 0.032092 0.050235 0.005440 0.049886 0.003401 0.000045 0.687059 0.005737 0.119023 0.265760 0.007165 0.008067 0.040958 0.004056 0.110946 0.006267 0.037833 0.027897 0.001154 0.015823 0.007545 0.007243 0.002431 0.001904 0.000731 0.001491 0.000322 0.000077 0.002391 0.000246 0.002115 0.001261 0.000251 0.003522 
0.001468 0.008630 0.007042 0.000949 0.001004 0.003122 0.002600 0.000481 0.012693 0.003928 0.000880 0.014268 0.007037 0.001179 0.022380 0.005869 0.003070 0.016202 0.000675 0.013935 0.000975 0.015719 0.004130 0.004261 0.028875 0.018278 0.024446 0.011995 0.026141 0.012889 0.004859 0.080364 0.002511 0.016064 0.003781 0.000078 0.058308 0.002668 0.017409 0.029038 0.007198 0.010647 0.015119 0.002765 0.025738 0.003843 0.013782 0.017536 0.002747 0.011712 0.006904 0.006785 0.004093 0.002673 0.001466 0.001568 0.000843 0.000199 0.003402 0.000344 0.002917 0.005375 0.000445 0.005522 
0.000077 0.001052 0.001475 0.000475 0.000141 0.000610 0.000298 0.000061 0.002321 0.000609 0.000191 0.003475 0.001200 0.000144 0.003753 0.000978 0.000502 0.002700 0.000129 0.002379 0.000156 0.002827 0.000518 0.000739 0.007045 0.003768 0.003592 0.001652 0.008983 0.002143 0.000547 0.019420 0.000428 0.002394 0.000528 0.000014 0.008422 0.000393 0.002815 0.005105 0.001329 0.005216 0.001825 0.000509 0.004205 0.000502 0.002603 0.003052 0.000549 0.001629 0.001401 0.001582 0.000913 0.000500 0.000266 0.000325 0.000149 0.000043 0.000658 0.000049 0.000568 0.001040 0.000093 0.001000 
-0.000000 -0.000000 0.000048 -0.000000 0.001109 0.000463 0.001381 -0.000000 0.005004 0.000060 0.007563 -0.000000 0.000814 0.000716 0.000561 0.000023 0.009119 -0.000000 -0.000000 0.000489 0.000086 0.000146 0.002117 0.120848 0.000045 -0.000000 0.010120 0.002018 -0.000000 0.045327 0.002542 0.000179 0.052085 0.000155 0.502982 0.008082 0.001684 0.110427 0.022298 0.009639 0.607494 0.000043 0.055947 0.035768 0.001414 0.015491 0.002550 0.000524 0.083996 0.003542 0.000100 -0.000000 0.000099 0.000231 0.000027 0.014815 0.010829 0.000002 0.001444 0.001077 0.002487 0.000088 0.000007 0.005522 
0.000309 0.004526 0.002902 0.000527 0.000986 0.001902 0.001869 0.000113 0.007906 0.001528 0.000855 0.003843 0.003681 0.000672 0.007857 0.001801 0.002295 0.004429 0.000188 0.005927 0.000458 0.003955 0.002532 0.003592 0.004285 0.003416 0.014282 0.005926 0.003825 0.008736 0.002484 0.011246 0.002297 0.003829 0.002936 0.000069 0.031380 0.001967 0.011013 0.016336 0.005252 0.001663 0.009938 0.002365 0.013939 0.002808 0.007809 0.009428 0.002802 0.007601 0.003302 0.002935 0.002717 0.001725 0.000924 0.001548 0.000570 0.000126 0.002423 0.000269 0.002408 0.003915 0.000247 0.004122 
0.000464 0.002000 0.001713 0.000264 0.001285 0.001927 0.002762 0.000031 0.008341 0.000967 0.001696 0.001474 0.003559 0.000792 0.005332 0.000730 0.003860 0.001404 0.000049 0.003229 0.000407 0.001362 0.002748 0.011867 0.000920 0.000924 0.015596 0.004925 0.001088 0.013614 0.002284 0.002118 0.005197 0.000770 0.013434 0.000320 0.005872 0.010756 0.013137 0.013513 0.038291 0.000289 0.026589 0.010231 0.004604 0.006705 0.005741 0.004395 0.010987 0.007575 0.001171 0.000957 0.001771 0.001172 0.000446 0.004492 0.002181 0.000069 0.002808 0.000556 0.003642 0.001991 0.000130 0.007243 
0.000850 0.008946 0.007518 0.001213 0.002148 0.004439 0.004631 0.000286 0.022484 0.004072 0.002372 0.008161 0.011410 0.002195 0.021994 0.003998 0.007128 0.007453 0.000317 0.017037 0.001542 0.010460 0.008580 0.013909 0.010141 0.008169 0.052222 0.023148 0.007719 0.035998 0.011384 0.023894 0.008778 0.010888 0.012927 0.000264 0.107567 0.009029 0.070204 0.141168 0.025516 0.003861 0.054057 0.010349 0.090646 0.014050 0.051080 0.042882 0.009998 0.040798 0.011927 0.008180 0.010980 0.007511 0.003328 0.006805 0.002999 0.000410 0.010028 0.001204 0.010142 0.011148 0.000815 0.018248 
0.000077 0.000210 0.000190 -0.000000 0.000370 0.000268 0.000352 0.000010 0.002466 0.000358 0.001186 0.000105 0.001647 0.000488 0.002666 0.000279 0.003374 0.000108 0.000028 0.003420 0.000300 0.001333 0.003620 0.010317 0.000606 0.000914 0.034829 0.011200 0.000281 0.057985 0.013282 0.002655 0.017975 0.002510 0.018355 0.000272 0.035206 0.041264 0.523626 0.309062 0.055831 0.000640 0.820824 0.046809 0.041526 0.058762 0.064256 0.015440 0.012470 0.046848 0.002031 0.000791 0.002618 0.002583 0.000369 0.008411 0.002478 0.000025 0.008456 0.001537 0.009222 0.001991 0.000052 0.016807 
0.000155 0.000842 0.001047 0.000053 0.001408 0.001610 0.002952 0.000010 0.012040 0.000800 0.004502 0.001211 0.004861 0.001591 0.004665 0.000753 0.008526 0.000756 0.000041 0.004631 0.000624 0.002051 0.006731 0.038522 0.001391 0.001266 0.042365 0.012853 0.000877 0.063622 0.009801 0.003639 0.027619 0.002039 0.056945 0.001200 0.020695 0.083040 0.125196 0.086995 0.198229 0.000628 0.503423 0.128813 0.020627 0.067730 0.028598 0.013345 0.045047 0.032395 0.002241 0.001290 0.003510 0.003397 0.000800 0.020187 0.008971 0.000082 0.010638 0.002755 0.012864 0.003716 0.000190 0.027452 
-0.000000 -0.000000 -0.000000 -0.000000 0.000229 0.000122 0.000271 -0.000000 0.000870 0.000012 0.002143 -0.000000 0.000142 0.000092 0.000070 -0.000000 0.001413 -0.000000 -0.000000 0.000042 0.000002 0.000029 0.000294 0.042748 -0.000000 -0.000000 0.001621 0.000222 -0.000000 0.008802 0.000541 0.000060 0.010520 0.000011 0.128887 0.007427 0.000433 0.041990 0.007433 0.003543 1.440808 0.000018 0.039622 0.061978 0.000689 0.040025 0.003584 0.000524 0.228036 0.007601 0.000040 -0.000000 0.000198 0.000321 0.000023 0.045324 0.027829 0.000001 0.003257 0.003213 0.005404 0.000310 -0.000000 0.015007 
0.000618 0.002210 0.002046 0.000475 0.000123 0.000585 0.000325 0.000153 0.002974 0.001230 0.000140 0.004423 0.002400 0.000280 0.013224 0.002663 0.001033 0.007129 0.000326 0.008816 0.000519 0.011837 0.001694 0.001092 0.024006 0.017876 0.013099 0.009167 0.022877 0.005670 0.004151 0.103543 0.001139 0.024342 0.001014 0.000023 0.151581 0.001069 0.021138 0.051951 0.002853 0.075149 0.012089 0.001573 0.093111 0.003021 0.032306 0.066863 0.000934 0.019365 0.030769 0.044605 0.008229 0.003636 0.003317 0.001051 0.000347 0.000403 0.003177 0.000185 0.001919 0.006127 0.001172 0.002761 
0.001004 0.005262 0.003664 0.000580 0.000810 0.001927 0.001408 0.000205 0.009139 0.003128 0.000829 0.007002 0.005918 0.000888 0.020942 0.003820 0.002964 0.007237 0.000354 0.015550 0.001102 0.012848 0.004588 0.005810 0.013461 0.013083 0.036757 0.019478 0.013404 0.020207 0.009022 0.048803 0.003795 0.020635 0.005302 0.000112 0.226637 0.005130 0.054350 0.121949 0.012418 0.014723 0.041349 0.006121 0.217035 0.010324 0.075595 0.096241 0.005164 0.046150 0.029298 0.023895 0.014544 0.008571 0.004744 0.003900 0.000966 0.000591 0.008889 0.000660 0.007499 0.012851 0.001283 0.013606 
-0.000000 0.000316 0.000285 0.000053 0.000511 0.000415 0.000758 0.000010 0.003336 0.000143 0.002104 0.000263 0.001444 0.000388 0.001684 0.000171 0.003982 0.000216 0.000007 0.001636 0.000219 0.000776 0.002696 0.020423 0.000269 0.000462 0.019408 0.005561 0.000175 0.037250 0.005476 0.001402 0.017196 0.001036 0.036816 0.000889 0.012225 0.069061 0.099293 0.071890 0.198877 0.000394 0.656535 0.230134 0.016005 0.101232 0.028366 0.008791 0.038674 0.031413 0.001161 0.000729 0.002211 0.002434 0.000396 0.021582 0.008921 0.000043 0.010060 0.002697 0.011533 0.002345 0.000069 0.024491 
0.000541 0.002947 0.003093 0.000264 0.001285 0.001927 0.002167 0.000113 0.010807 0.001755 0.001939 0.003370 0.005979 0.001407 0.012874 0.001879 0.005426 0.002052 0.000124 0.010515 0.001058 0.006006 0.007336 0.015036 0.005295 0.004291 0.053492 0.021194 0.003684 0.046777 0.013527 0.014587 0.011182 0.008217 0.016687 0.000360 0.085500 0.019452 0.203919 0.401853 0.047304 0.003202 0.185859 0.024855 0.111381 0.039726 0.118991 0.056364 0.019887 0.081595 0.011237 0.006411 0.012157 0.010042 0.002963 0.011814 0.005278 0.000336 0.017650 0.002229 0.017935 0.010860 0.000626 0.033094 
0.000773 0.004105 0.002664 0.000316 0.000757 0.001634 0.001381 0.000174 0.007470 0.002328 0.000855 0.004265 0.005207 0.000856 0.017329 0.003129 0.002751 0.003348 0.000293 0.012236 0.001073 0.010489 0.004450 0.004930 0.010477 0.010169 0.033865 0.018874 0.010772 0.021229 0.009698 0.038720 0.004516 0.017100 0.005851 0.000115 0.217998 0.005387 0.070376 0.167804 0.012580 0.010653 0.047670 0.007312 0.352107 0.011915 0.096366 0.100180 0.004944 0.054242 0.025576 0.021064 0.014390 0.008877 0.004521 0.004339 0.001239 0.000505 0.009643 0.000836 0.008459 0.012032 0.001116 0.013646 
0.000927 0.003789 0.003473 0.000686 0.000616 0.001902 0.001706 0.000205 0.008558 0.002281 0.000906 0.006160 0.004739 0.000740 0.012944 0.002399 0.002204 0.004213 0.000332 0.008200 0.000677 0.007545 0.002938 0.004859 0.009984 0.007546 0.019715 0.008500 0.009649 0.010516 0.004112 0.026937 0.002491 0.007974 0.003929 0.000075 0.061075 0.002958 0.022619 0.039789 0.007976 0.013258 0.020332 0.003856 0.053742 0.005327 0.029899 0.054429 0.004615 0.025182 0.025426 0.025706 0.013147 0.007533 0.004779 0.003288 0.000991 0.000685 0.006386 0.000547 0.006344 0.014421 0.001425 0.009124 
0.000618 0.002631 0.002236 0.000791 0.000687 0.001366 0.001246 0.000225 0.006455 0.001612 0.000650 0.004001 0.003620 0.000612 0.008770 0.001786 0.001793 0.003456 0.000204 0.006373 0.000466 0.005069 0.002238 0.003275 0.007022 0.004753 0.014676 0.005719 0.006000 0.008703 0.002799 0.018048 0.002297 0.005569 0.003549 0.000082 0.034099 0.002471 0.015384 0.024504 0.006744 0.010123 0.013946 0.002865 0.031611 0.003982 0.018542 0.035732 0.003626 0.019029 0.015570 0.020481 0.009264 0.005077 0.003313 0.002504 0.001066 0.000503 0.005070 0.000457 0.004699 0.010197 0.001135 0.007763 
0.000077 0.000316 0.000143 -0.000000 0.000951 0.000415 0.001246 -0.000000 0.004279 0.000119 0.005905 0.000053 0.000875 0.000380 0.000666 0.000078 0.004179 -0.000000 0.000003 0.000659 0.000085 0.000132 0.001227 0.059121 0.000112 0.000090 0.005126 0.001160 0.000105 0.014966 0.001293 0.000358 0.010695 0.000260 0.072914 0.005183 0.002743 0.022171 0.013285 0.012342 0.243393 0.000074 0.051255 0.036396 0.003335 0.038573 0.008023 0.003849 0.664331 0.014892 0.000520 0.000187 0.001221 0.001441 0.000150 0.086004 0.092310 0.000024 0.008408 0.006515 0.014548 0.001836 0.000055 0.037016 
0.000309 0.001684 0.000952 -0.000000 0.001602 0.001463 0.002600 0.000031 0.011895 0.000513 0.005089 0.000684 0.003295 0.001131 0.003648 0.000427 0.006413 0.000756 0.000031 0.003250 0.000444 0.001172 0.003404 0.044508 0.001010 0.000603 0.019496 0.005640 0.000456 0.027921 0.003501 0.002267 0.013712 0.001064 0.054939 0.002382 0.008471 0.024633 0.029015 0.028107 0.192717 0.000326 0.083089 0.039652 0.010096 0.043612 0.015850 0.010043 0.199580 0.025802 0.002412 0.001436 0.003895 0.003539 0.000885 0.060503 0.041806 0.000116 0.013735 0.006266 0.020814 0.005530 0.000251 0.047621 
0.000309 0.002000 0.002379 0.000475 0.000511 0.000878 0.000758 0.000143 0.003771 0.001397 0.000421 0.003370 0.002786 0.000484 0.010383 0.002197 0.002097 0.003024 0.000201 0.007286 0.000561 0.007428 0.002739 0.003380 0.008997 0.007325 0.019101 0.010899 0.008912 0.011834 0.005019 0.029383 0.002637 0.010578 0.003570 0.000074 0.098327 0.003625 0.035682 0.075524 0.009305 0.014360 0.029749 0.005247 0.159903 0.008840 0.080855 0.180548 0.005109 0.057603 0.063270 0.044917 0.025810 0.014409 0.009112 0.003326 0.000991 0.001083 0.011922 0.000915 0.008517 0.024219 0.002582 0.013566 
-0.000000 0.000842 0.000428 0.000158 0.000176 0.000317 0.000433 0.000041 0.001306 0.000310 0.000166 0.001053 0.000793 0.000080 0.001684 0.000264 0.000410 0.000864 0.000016 0.001105 0.000086 0.000689 0.000389 0.000916 0.001346 0.000824 0.002103 0.001207 0.000807 0.001549 0.000322 0.001909 0.000428 0.000648 0.000929 0.000017 0.004283 0.000385 0.002198 0.003814 0.001200 0.002562 0.002216 0.000491 0.003534 0.000641 0.002888 0.004942 0.000879 0.002922 0.002622 0.007035 0.001573 0.001038 0.000693 0.000535 0.000099 0.000090 0.001027 0.000110 0.000881 0.002035 0.000238 0.001841 
0.000232 0.000421 0.000714 -0.000000 0.000423 0.000561 0.000785 0.000020 0.002539 0.000525 0.000982 0.001264 0.001627 0.000472 0.003613 0.000505 0.002128 0.000756 0.000040 0.003951 0.000333 0.002652 0.002350 0.008557 0.001369 0.001467 0.019627 0.007753 0.001263 0.020339 0.006120 0.006473 0.006968 0.003618 0.012589 0.000352 0.045072 0.015544 0.119936 0.198794 0.052167 0.001786 0.221897 0.033658 0.092350 0.089285 0.235754 0.072192 0.027632 0.234031 0.010797 0.005141 0.017746 0.018471 0.003109 0.026667 0.006790 0.000361 0.043338 0.005444 0.042763 0.016279 0.000521 0.074833 
0.000309 0.002000 0.001094 0.000316 0.000440 0.001146 0.000650 0.000061 0.003989 0.001027 0.000497 0.002422 0.001830 0.000352 0.005648 0.001141 0.001292 0.002268 0.000086 0.003611 0.000258 0.003018 0.001236 0.002676 0.003500 0.002683 0.008412 0.003781 0.003263 0.006131 0.001969 0.010262 0.001372 0.003053 0.002070 0.000052 0.019324 0.001667 0.009853 0.014895 0.004831 0.006891 0.008179 0.002037 0.020282 0.002552 0.013907 0.029970 0.002912 0.015461 0.018121 0.038548 0.008240 0.005002 0.003405 0.001892 0.000520 0.000542 0.004621 0.000310 0.003681 0.012054 0.001317 0.006083 
0.000309 0.000737 0.000714 0.000105 0.000176 0.000268 0.000162 0.000020 0.001306 0.000406 0.000166 0.000684 0.001159 0.000232 0.003929 0.000419 0.000790 0.000432 0.000052 0.003590 0.000236 0.002300 0.001192 0.002007 0.002244 0.002090 0.009507 0.005370 0.002702 0.008175 0.003192 0.009158 0.002170 0.004605 0.003126 0.000081 0.056359 0.004164 0.041510 0.094052 0.011477 0.004711 0.049821 0.006903 0.179044 0.018182 0.376016 0.325410 0.006867 0.190984 0.040776 0.018150 0.041598 0.029655 0.008885 0.006499 0.001908 0.000776 0.023795 0.001401 0.016623 0.023888 0.001491 0.026452 
0.000077 0.000316 0.000619 0.000158 0.000141 0.000317 0.000325 0.000051 0.001886 0.000454 0.000255 0.001580 0.001302 0.000184 0.005016 0.000955 0.000684 0.001620 0.000098 0.003930 0.000283 0.003882 0.001218 0.001514 0.005003 0.004200 0.009726 0.005545 0.004561 0.005637 0.003211 0.018674 0.001362 0.007359 0.001838 0.000032 0.075827 0.002061 0.026620 0.065104 0.005447 0.011589 0.024829 0.003183 0.175636 0.007943 0.111753 0.427276 0.002527 0.076580 0.108478 0.051078 0.038143 0.018627 0.013121 0.003460 0.000892 0.001309 0.011777 0.000625 0.007812 0.025215 0.002930 0.011405 
-0.000000 -0.000000 0.000048 -0.000000 0.000018 -0.000000 -0.000000 -0.000000 0.000073 0.000012 0.000179 -0.000000 0.000102 0.000044 0.000596 0.000078 0.000258 -0.000000 0.000001 0.000446 0.000040 0.000190 0.000216 0.001972 0.000202 0.000251 0.003417 0.002049 0.000070 0.006956 0.001943 0.000984 0.002034 0.000798 0.003802 0.000227 0.017784 0.007422 0.081686 0.141919 0.036475 0.000616 0.255850 0.033804 0.051658 0.201460 0.229478 0.038305 0.032741 0.407072 0.003302 0.001103 0.008493 0.015544 0.000850 0.039379 0.006394 0.000072 0.074947 0.009134 0.072368 0.009245 0.000110 0.115090 
0.000155 0.000947 0.001142 0.000264 0.000123 0.000122 0.000244 0.000041 0.002176 0.000657 0.000230 0.001948 0.001261 0.000200 0.005367 0.001087 0.000486 0.002376 0.000110 0.003675 0.000287 0.004073 0.001115 0.000845 0.007314 0.004964 0.006966 0.004560 0.006772 0.003626 0.002162 0.025595 0.000827 0.007968 0.001479 0.000025 0.068054 0.001094 0.016545 0.035735 0.003891 0.022833 0.011958 0.001719 0.083758 0.003737 0.040294 0.129558 0.001593 0.031309 0.092958 0.138249 0.020848 0.009489 0.010351 0.001338 0.000496 0.001360 0.006049 0.000336 0.003916 0.022295 0.004090 0.006403 
-0.000000 -0.000000 -0.000000 -0.000000 0.000158 0.000024 0.000325 -0.000000 0.000725 0.000012 0.001964 -0.000000 0.000081 0.000092 -0.000000 -0.000000 0.000760 -0.000000 -0.000000 0.000085 0.000009 0.000029 0.000121 0.022888 -0.000000 0.000030 0.001008 0.000175 -0.000000 0.003066 0.000167 0.000060 0.002939 0.000044 0.029677 0.002767 0.000337 0.008012 0.004025 0.003814 0.136465 0.000037 0.021180 0.020444 0.001106 0.030160 0.003922 0.001048 1.829287 0.009023 0.000090 0.000042 0.000396 0.000717 0.000035 0.144193 0.226599 0.000004 0.005840 0.007409 0.011063 0.000686 0.000012 0.032574 
-0.000000 0.000316 0.000238 0.000053 0.000070 0.000268 0.000298 -0.000000 0.000725 0.000299 0.000293 0.000790 0.000569 0.000148 0.002035 0.000404 0.000729 0.000648 0.000025 0.001508 0.000140 0.001421 0.001097 0.002289 0.001728 0.001176 0.007973 0.003368 0.001018 0.007120 0.002136 0.005131 0.001888 0.002471 0.003570 0.000093 0.027361 0.003531 0.032546 0.061470 0.013909 0.002457 0.048583 0.009049 0.076163 0.024011 0.237484 0.213069 0.010163 0.502396 0.029579 0.011136 0.061500 0.058913 0.010312 0.010724 0.002329 0.000980 0.053078 0.002544 0.034931 0.041427 0.001589 0.048781 
0.000155 0.000210 0.000333 0.000053 0.000053 0.000146 0.000081 0.000031 0.001015 0.000299 0.000128 0.000737 0.000854 0.000092 0.001929 0.000373 0.000380 0.000216 0.000046 0.002061 0.000112 0.001318 0.000613 0.000739 0.001952 0.001477 0.003987 0.002399 0.001579 0.003296 0.001319 0.006652 0.000798 0.002366 0.001119 0.000023 0.023583 0.001214 0.012767 0.024954 0.004572 0.004329 0.012219 0.002274 0.050298 0.004708 0.052328 0.241604 0.002692 0.071435 0.165053 0.041962 0.092910 0.034127 0.042266 0.002925 0.000843 0.003633 0.017521 0.000573 0.011219 0.067040 0.006704 0.014046 
0.000077 -0.000000 -0.000000 -0.000000 -0.000000 -0.000000 -0.000000 -0.000000 -0.000000 -0.000000 0.000013 -0.000000 0.000020 -0.000000 0.000105 0.000016 0.000030 -0.000000 0.000001 0.000149 0.000017 0.000073 0.000052 0.000211 0.000135 0.000030 0.000219 0.000334 0.000105 0.000363 0.000199 0.000925 0.000078 0.000305 0.000317 0.000007 0.006088 0.000410 0.005531 0.015375 0.002497 0.000702 0.011437 0.001546 0.029599 0.008402 0.123698 0.251829 0.001813 0.518245 0.022654 0.003726 0.162838 0.208187 0.012082 0.002925 0.000446 0.000506 0.048376 0.000808 0.016858 0.040675 0.000603 0.018488 
-0.000000 0.000105 0.000143 -0.000000 0.000299 0.000293 0.000704 -0.000000 0.001813 0.000060 0.001939 0.000211 0.000590 0.000196 0.000456 0.000039 0.001717 0.000108 0.000003 0.000595 0.000066 0.000249 0.000605 0.016691 0.000179 0.000141 0.004031 0.000858 0.000070 0.006461 0.000843 0.000209 0.003747 0.000155 0.020763 0.001210 0.002021 0.008285 0.008939 0.007928 0.074214 0.000086 0.028869 0.014915 0.003045 0.022409 0.006775 0.003279 0.637853 0.013186 0.000560 0.000354 0.001452 0.001516 0.000246 0.126989 0.244838 0.000037 0.009242 0.008205 0.016800 0.002411 0.000060 0.045180 
0.000386 0.000947 0.001475 0.000158 0.000370 0.000902 0.000948 0.000031 0.004207 0.000716 0.000523 0.002106 0.001932 0.000420 0.003367 0.000652 0.001246 0.001188 0.000055 0.002889 0.000274 0.001655 0.001348 0.003380 0.002311 0.001648 0.008587 0.003654 0.001474 0.006131 0.001351 0.005012 0.001810 0.001928 0.003211 0.000076 0.012826 0.001984 0.011260 0.015135 0.007360 0.001687 0.012838 0.002710 0.018542 0.004516 0.020200 0.047847 0.004615 0.028905 0.040075 0.017671 0.025073 0.012655 0.012652 0.003422 0.001140 0.001893 0.011216 0.000680 0.009222 0.035323 0.003594 0.013926 
0.000155 0.000526 0.000856 -0.000000 0.000845 0.000927 0.001652 0.000020 0.005004 0.000430 0.001811 0.000632 0.002136 0.000512 0.002350 0.000466 0.002872 0.000756 0.000024 0.002273 0.000259 0.000879 0.001650 0.015881 0.000740 0.000553 0.009551 0.003193 0.000702 0.012461 0.001647 0.001432 0.004963 0.000654 0.016919 0.000699 0.004283 0.008362 0.012767 0.013994 0.045553 0.000172 0.030531 0.012414 0.005782 0.017327 0.008611 0.006217 0.169640 0.016366 0.001761 0.000812 0.002948 0.002531 0.000793 0.080422 0.058607 0.000110 0.011055 0.006078 0.016937 0.004689 0.000240 0.043619 
0.000232 0.000210 0.000190 0.000105 0.000088 0.000146 0.000217 0.000010 0.000943 0.000072 0.000089 0.000369 0.000366 0.000064 0.000912 0.000148 0.000258 0.000432 0.000013 0.000595 0.000057 0.000337 0.000156 0.000458 0.000359 0.000281 0.002322 0.000620 0.000386 0.000857 0.000277 0.001223 0.000360 0.000338 0.000444 0.000012 0.002791 0.000308 0.001580 0.002462 0.000940 0.000554 0.001955 0.000418 0.003208 0.000544 0.002906 0.006172 0.000494 0.003542 0.004323 0.032345 0.002508 0.001628 0.001185 0.000497 0.000149 0.000247 0.001316 0.000096 0.001155 0.004711 0.000694 0.001881 
-0.000000 0.000210 0.000238 0.000053 0.000106 0.000146 0.000271 0.000010 0.001378 0.000310 0.000319 0.000211 0.000630 0.000128 0.001403 0.000248 0.000866 0.000432 0.000021 0.001275 0.000088 0.000864 0.000613 0.003099 0.000673 0.000844 0.004688 0.002018 0.000491 0.004285 0.001332 0.002953 0.001577 0.001014 0.003591 0.000108 0.012754 0.003087 0.015680 0.026726 0.012483 0.001219 0.027110 0.006075 0.026336 0.015523 0.053737 0.070825 0.011646 0.210220 0.019652 0.008992 0.074306 0.106300 0.014326 0.012827 0.002850 0.002206 0.112108 0.003166 0.060581 0.121407 0.003263 0.083236 
-0.000000 -0.000000 -0.000000 -0.000000 0.000088 0.000024 0.000190 -0.000000 0.000290 -0.000000 0.000701 -0.000000 0.000081 0.000024 0.000070 -0.000000 0.000486 -0.000000 -0.000000 -0.000000 0.000004 -0.000000 0.000069 0.008838 -0.000000 -0.000000 0.000394 0.000095 -0.000000 0.001385 0.000167 0.000030 0.001392 0.000022 0.012209 0.001207 0.000529 0.004463 0.002642 0.002673 0.078980 0.000006 0.016585 0.014587 0.001233 0.027363 0.003887 0.000956 0.765467 0.010548 0.000100 0.000021 0.000242 0.000762 0.000035 0.329601 0.418528 0.000003 0.006883 0.013001 0.013530 0.000929 0.000016 0.045900 
-0.000000 -0.000000 -0.000000 -0.000000 -0.000000 0.000024 -0.000000 -0.000000 0.000073 0.000024 0.000038 -0.000000 0.000061 0.000004 0.000246 0.000023 0.000091 -0.000000 0.000003 0.000191 0.000026 0.000176 0.000104 0.000387 0.000179 0.000141 0.000613 0.000286 0.000175 0.000890 0.000283 0.000746 0.000409 0.000332 0.001077 0.000045 0.004428 0.000992 0.006223 0.010150 0.005188 0.000462 0.013783 0.002774 0.011002 0.010110 0.034695 0.046822 0.005494 0.195509 0.011277 0.005058 0.088664 0.152200 0.014041 0.007646 0.001685 0.002559 0.174861 0.002634 0.065711 0.260730 0.003377 0.076553 
-0.000000 0.000210 0.000238 0.000053 -0.000000 0.000049 0.000027 0.000010 0.000145 0.000024 -0.000000 0.000211 0.000122 0.000024 0.000842 0.000179 0.000091 0.000324 0.000018 0.000382 0.000059 0.000630 0.000181 0.000176 0.000785 0.000854 0.001008 0.000651 0.001088 0.000758 0.000386 0.003878 0.000165 0.001125 0.000106 0.000004 0.010155 0.000248 0.003087 0.007447 0.000616 0.003504 0.002476 0.000437 0.016186 0.001132 0.011874 0.044750 0.000604 0.013367 0.061899 0.169158 0.019264 0.007899 0.014391 0.000688 0.000124 0.003709 0.005487 0.000156 0.003270 0.049921 0.016842 0.003802 
0.000077 0.000316 0.000238 0.000053 0.000158 0.000439 0.000244 0.000010 0.001958 0.000203 0.000281 0.000684 0.000814 0.000128 0.001754 0.000264 0.000608 0.000972 0.000031 0.001190 0.000145 0.000747 0.000674 0.002535 0.000942 0.000834 0.004994 0.002320 0.000842 0.003890 0.001139 0.002923 0.001392 0.001003 0.003337 0.000079 0.009698 0.002266 0.010915 0.018558 0.009370 0.000961 0.016781 0.003892 0.018343 0.008413 0.029846 0.050466 0.008295 0.087361 0.020773 0.010719 0.064438 0.056002 0.017219 0.008621 0.002106 0.003390 0.059961 0.002240 0.035166 0.204594 0.004934 0.052383 
-0.000000 -0.000000 0.000048 -0.000000 0.000088 0.000098 0.000162 -0.000000 0.000580 0.000024 0.000587 -0.000000 0.000224 0.000060 0.000140 0.000008 0.000426 -0.000000 0.000001 0.000085 0.000028 0.000044 0.000233 0.007183 -0.000000 0.000020 0.000964 0.000318 -0.000000 0.002670 0.000193 0.000089 0.001304 0.000061 0.009167 0.000545 0.000674 0.003172 0.003235 0.003874 0.032422 0.000012 0.011144 0.006966 0.001088 0.010206 0.002692 0.001161 0.358947 0.006179 0.000200 0.000125 0.000484 0.000612 0.000100 0.092178 0.549745 0.000014 0.004589 0.005166 0.009163 0.000907 0.000025 0.025851 
-0.000000 -0.000000 0.000048 -0.000000 0.000106 0.000049 0.000081 -0.000000 0.000943 0.000012 0.000383 0.000158 0.000081 0.000072 0.000175 0.000023 0.000456 -0.000000 0.000001 0.000127 0.000026 0.000103 0.000138 0.004578 0.000045 0.000060 0.001402 0.000365 -0.000000 0.003066 0.000425 0.000239 0.001343 0.000211 0.007435 0.000377 0.001997 0.004138 0.006519 0.007718 0.037739 0.000080 0.024145 0.010531 0.003534 0.024267 0.009592 0.004669 0.096192 0.027198 0.000780 0.000437 0.002497 0.003076 0.000450 0.355790 0.042425 0.000076 0.026699 0.066328 0.060914 0.004623 0.000109 0.217135 
-0.000000 -0.000000 -0.000000 -0.000000 -0.000000 -0.000000 -0.000000 -0.000000 -0.000000 -0.000000 0.000102 -0.000000 0.000061 -0.000000 -0.000000 -0.000000 0.000030 -0.000000 -0.000000 0.000064 0.000002 0.000015 0.000017 0.000810 -0.000000 0.000010 0.000175 0.000032 -0.000000 0.000330 0.000129 0.000030 0.000175 0.000017 0.001542 0.000117 0.000650 0.000975 0.002864 0.004324 0.014168 0.000012 0.011404 0.004920 0.001577 0.022142 0.008255 0.002346 0.025874 0.033559 0.000260 0.000083 0.001485 0.002889 0.000162 0.085870 0.010681 0.000036 0.050575 0.063426 0.201401 0.005441 0.000066 1.559720 
0.000077 0.000210 -0.000000 -0.000000 0.000158 0.000171 0.000460 -0.000000 0.001813 0.000155 0.001008 0.000053 0.000529 0.000148 0.000140 0.000054 0.001170 -0.000000 0.000001 0.000404 0.000052 0.000190 0.000553 0.009930 0.000067 0.000131 0.002366 0.000842 0.000105 0.004187 0.000586 0.000239 0.002715 0.000161 0.011406 0.000532 0.001733 0.004523 0.004963 0.006697 0.034497 0.000055 0.017823 0.008640 0.002701 0.013495 0.004743 0.002961 0.232596 0.010910 0.000590 0.000208 0.001254 0.001292 0.000258 0.116436 0.183306 0.000043 0.008408 0.007681 0.015253 0.002190 0.000075 0.043739 
-0.000000 -0.000000 -0.000000 -0.000000 -0.000000 -0.000000 -0.000000 -0.000000 -0.000000 -0.000000 0.000051 -0.000000 -0.000000 -0.000000 -0.000000 -0.000000 0.000046 -0.000000 -0.000000 -0.000000 -0.000000 -0.000000 -0.000000 0.000704 -0.000000 -0.000000 0.000044 -0.000000 -0.000000 0.000165 0.000006 -0.000000 0.000019 0.000006 0.001183 0.000139 0.000096 0.000445 0.000691 0.001141 0.011510 -0.000000 0.003486 0.003174 0.000109 0.009972 0.001926 0.000524 0.049826 0.008144 0.000040 0.000021 0.000165 0.000597 0.000019 0.422027 0.029985 0.000006 0.009627 0.125305 0.032855 0.001792 0.000011 0.231141 
-0.000000 0.000105 0.000095 -0.000000 0.000018 0.000049 0.000081 -0.000000 0.000870 0.000107 0.000268 0.000053 0.000366 0.000072 0.000386 0.000047 0.000319 0.000324 0.000003 0.000425 0.000040 0.000264 0.000294 0.002430 0.000247 0.000241 0.001928 0.000794 0.000105 0.002604 0.000541 0.000746 0.001012 0.000355 0.002936 0.000113 0.004620 0.002309 0.008717 0.011291 0.013196 0.000314 0.018768 0.005502 0.008138 0.014061 0.018043 0.015782 0.016700 0.066445 0.004423 0.002061 0.013554 0.016029 0.002924 0.027279 0.005749 0.000616 0.187633 0.009511 0.310912 0.040941 0.001039 0.390170 
-0.000000 0.000105 0.000048 -0.000000 -0.000000 0.000049 -0.000000 -0.000000 0.000073 0.000024 -0.000000 0.000211 0.000122 0.000004 0.000421 0.000109 0.000061 -0.000000 0.000007 0.000297 0.000013 0.000249 0.000104 0.000070 0.000426 0.000352 0.000438 0.000254 0.000175 0.000198 0.000161 0.001760 0.000010 0.000432 0.000063 0.000004 0.004596 0.000162 0.000864 0.003183 0.000486 0.001515 0.000945 0.000191 0.005836 0.000587 0.004564 0.015509 0.000110 0.005352 0.020943 0.102052 0.006183 0.002718 0.004656 0.000191 0.000074 0.001181 0.002038 0.000046 0.001077 0.018579 0.005747 0.001481 
