# Flux Network Reconstruction using RW method
# Walkers leave from emitting cells
# Probability involves emitting fluxes, then absorbing flux is shared among connections
# Seed: 1684539231
# Threshold: 0.5
# Precision: 100000.0
# Dt: 1.0
# Radius step: 3.000000
# Matrix output


0.000578 0.009104 0.003274 0.000224 0.007894 0.010953 0.005734 0.008765 0.001259 0.006475 0.002388 0.006786 0.000110 0.030590 0.001239 0.001528 0.001525 0.001486 0.000039 0.000594 0.000198 0.002482 0.000295 0.000934 0.001080 0.000861 0.000735 0.000381 0.000187 0.003539 0.000042 0.000209 0.000233 0.003067 0.000244 0.000618 0.000650 0.000007 0.000477 0.000367 0.000072 0.000052 0.000389 0.000129 0.000419 0.000044 -0.000000 -0.000000 0.000142 0.000023 -0.000000 -0.000000 0.000034 0.000226 -0.000000 -0.000000 -0.000000 0.000031 -0.000000 -0.000000 -0.000000 0.000011 0.000002 0.000034 0.000020 -0.000000 -0.000000 -0.000000 -0.000000 -0.000000 -0.000000 -0.000000 -0.000000 -0.000000 -0.000000 
0.007849 0.002601 0.096441 0.003417 0.074492 0.023737 0.001483 0.010628 0.000888 0.040758 0.015319 0.001896 0.000042 0.043724 0.004604 0.004234 0.004078 0.000723 0.000063 0.000212 0.000991 0.000695 0.000442 0.000187 0.001594 0.000584 0.000116 0.000914 0.000513 0.000566 0.000017 0.000084 0.000155 0.000180 0.000122 0.000232 0.000100 0.000007 0.000304 0.000056 0.000018 -0.000000 -0.000000 -0.000000 0.000419 0.000022 -0.000000 0.000023 0.000095 -0.000000 -0.000000 -0.000000 0.000011 -0.000000 -0.000000 -0.000000 -0.000000 -0.000000 -0.000000 -0.000000 -0.000000 -0.000000 -0.000000 -0.000000 -0.000000 -0.000000 -0.000000 -0.000000 -0.000000 -0.000000 -0.000000 -0.000000 -0.000000 -0.000000 -0.000000 
0.001790 0.005446 0.008428 0.000759 0.019679 0.018352 0.004564 0.014616 0.001681 0.017312 0.008038 0.007185 0.000131 0.057550 0.002302 0.003789 0.003652 0.002290 0.000108 0.001128 0.001519 0.003524 0.001806 0.002335 0.003394 0.001445 0.001238 0.002362 0.000793 0.006228 0.000094 0.000543 0.000575 0.004329 0.000488 0.002242 0.001000 0.000027 0.000911 0.000593 0.000153 0.000363 0.000778 0.000129 0.002932 0.000044 0.000199 0.000128 0.000522 0.000183 0.000242 0.000247 0.000023 0.000791 0.000221 0.000034 0.000014 0.000092 0.000175 -0.000000 0.000058 0.000022 0.000004 0.000051 0.000059 -0.000000 -0.000000 -0.000000 0.000120 0.000014 0.000013 -0.000000 0.000008 0.000042 -0.000000 
0.287458 0.000081 0.011962 0.013491 0.129971 0.000311 -0.000000 0.000026 0.000009 0.004021 0.026851 -0.000000 0.000001 -0.000000 0.089815 0.000223 0.003014 -0.000000 0.000391 -0.000000 0.102293 -0.000000 0.004534 -0.000000 0.000154 0.000389 -0.000000 0.011199 0.016135 -0.000000 -0.000000 0.000146 0.000016 -0.000000 0.012743 -0.000000 -0.000000 0.000059 -0.000000 -0.000000 -0.000000 0.003679 0.000259 -0.000000 0.000209 0.000332 0.001893 -0.000000 0.000095 -0.000000 0.000027 -0.000000 0.000034 -0.000000 -0.000000 0.001478 0.000381 0.000031 -0.000000 -0.000000 -0.000000 -0.000000 -0.000000 -0.000000 -0.000000 0.000732 -0.000000 -0.000000 -0.000000 -0.000000 -0.000000 -0.000000 -0.000000 -0.000000 -0.000000 
0.016248 0.017639 0.152977 0.006375 0.186007 0.121432 0.010269 0.051905 0.004905 0.140677 0.051489 0.010778 0.000294 0.203241 0.011421 0.016523 0.011524 0.004336 0.000285 0.001964 0.002311 0.004616 0.002359 0.001868 0.008332 0.003168 0.000890 0.002666 0.001399 0.001982 0.000102 0.000961 0.000637 0.005051 0.001037 0.001314 0.000950 0.000013 0.001128 0.000226 0.000126 0.000415 0.000194 0.000065 0.001257 0.000066 0.000299 0.000046 0.000237 0.000046 0.000081 0.000041 0.000023 0.000565 0.000037 0.000137 0.000027 0.000031 -0.000000 -0.000000 0.000029 -0.000000 -0.000000 -0.000000 0.000020 -0.000000 -0.000000 -0.000000 -0.000000 -0.000000 -0.000000 -0.000000 0.000008 -0.000000 -0.000000 
0.735415 0.000244 0.225948 0.057493 0.315422 0.005312 0.000200 0.002362 0.000174 0.030671 0.040248 0.000200 0.000007 0.013999 0.040680 0.002085 0.008120 0.000244 0.000382 0.000071 0.025359 -0.000000 0.003134 0.000047 0.001491 0.000973 -0.000000 0.006704 0.007508 0.000142 0.000012 0.000313 0.000124 0.000541 0.004878 0.000155 0.000100 0.000043 0.000087 -0.000000 0.000018 0.001658 0.000259 -0.000000 0.000209 0.000221 0.001794 -0.000000 0.000285 -0.000000 0.000054 -0.000000 0.000034 -0.000000 -0.000000 0.000309 0.000204 -0.000000 0.000022 -0.000000 -0.000000 -0.000000 -0.000000 -0.000000 -0.000000 0.000209 -0.000000 -0.000000 -0.000000 -0.000000 -0.000000 -0.000000 -0.000000 -0.000000 -0.000000 
0.011154 0.033572 0.145002 0.005385 0.187119 0.200775 0.018370 0.073003 0.006333 0.157921 0.046830 0.016067 0.000466 0.245237 0.007924 0.018258 0.010248 0.005557 0.000206 0.002297 0.001585 0.004765 0.001548 0.002195 0.006840 0.002140 0.000774 0.000990 0.000933 0.002123 0.000095 0.000522 0.000683 0.002165 0.000732 0.001160 0.000950 0.000009 0.000824 0.000169 0.000090 0.000207 0.000194 0.000032 0.001047 -0.000000 0.000399 0.000023 0.000047 -0.000000 -0.000000 0.000041 -0.000000 -0.000000 0.000037 0.000034 0.000014 -0.000000 -0.000000 -0.000000 -0.000000 -0.000000 0.000002 -0.000000 0.000020 0.000035 -0.000000 -0.000000 -0.000000 -0.000000 -0.000000 -0.000000 -0.000000 -0.000000 -0.000000 
0.000991 0.446352 0.010438 0.000702 0.020791 0.069581 0.133385 0.062480 0.010890 0.026173 0.007339 0.138911 0.002592 0.149147 0.001903 0.006288 0.002340 0.012682 0.000056 0.007565 0.000264 0.021046 0.000516 0.011628 0.003754 0.000834 0.005224 0.000686 0.000326 0.015712 0.000231 0.000439 0.000637 0.008839 -0.000000 0.001160 0.001800 0.000007 0.001085 0.000903 0.000180 0.000155 0.000583 0.000259 0.001257 0.000066 -0.000000 0.000081 0.000047 0.000137 0.000027 0.000164 -0.000000 0.000113 0.000148 -0.000000 0.000014 0.000092 -0.000000 0.000050 0.000029 0.000011 -0.000000 0.000017 0.000020 -0.000000 -0.000000 -0.000000 -0.000000 -0.000000 -0.000000 -0.000000 -0.000000 -0.000000 -0.000000 
0.005233 0.070558 0.030569 0.002186 0.070156 0.132293 0.045812 0.099690 0.013047 0.071565 0.025745 0.070154 0.001370 0.300887 0.006684 0.015871 0.009609 0.015023 0.000272 0.007505 0.001981 0.020004 0.003023 0.012281 0.010440 0.004807 0.005069 0.004266 0.002052 0.020241 0.000330 0.001984 0.001445 0.017498 0.000793 0.004716 0.004100 0.000050 0.003861 0.001890 0.000604 0.000674 0.001491 0.000938 0.005654 0.000133 0.000498 0.000197 0.000332 0.000343 0.000108 0.000534 0.000034 0.000452 0.000443 0.000034 0.000041 -0.000000 0.000175 0.000202 0.000259 0.000045 0.000004 0.000069 0.000138 0.000070 -0.000000 0.000004 0.000080 0.000014 0.000020 -0.000000 0.000008 0.000042 -0.000000 
0.002616 0.219803 0.018899 0.001024 0.036690 0.110168 0.097900 0.097591 0.014000 0.044984 0.012639 0.121946 0.002303 0.234349 0.002700 0.010729 0.004432 0.016530 0.000117 0.009106 0.000858 0.023677 0.001327 0.012095 0.006377 0.002084 0.005843 0.001600 0.000513 0.017552 0.000324 0.000919 0.000901 0.014431 0.000122 0.002165 0.003200 0.000018 0.002299 0.001044 0.000270 -0.000000 0.000389 0.000323 0.000838 0.000022 0.000100 0.000185 0.000142 0.000160 0.000027 0.000123 0.000011 0.000339 0.000185 -0.000000 -0.000000 0.000092 0.000022 0.000151 0.000086 0.000022 0.000002 -0.000000 0.000020 -0.000000 -0.000000 -0.000000 -0.000000 -0.000000 -0.000000 -0.000000 0.000008 -0.000000 -0.000000 
0.000138 0.585842 0.000648 0.000058 0.001779 0.004231 0.033061 0.005668 0.000925 0.002454 0.000699 0.044607 0.000460 0.012271 0.000310 0.000844 0.000248 0.001700 0.000011 0.001239 -0.000000 0.003276 0.000258 0.002335 0.000566 0.000083 0.000851 0.000152 0.000093 0.003680 0.000041 0.000063 0.000140 0.001263 -0.000000 0.000077 0.000250 0.000002 0.000130 0.000198 0.000027 -0.000000 -0.000000 0.000162 0.000419 0.000022 0.000100 0.000012 -0.000000 -0.000000 -0.000000 -0.000000 -0.000000 0.000113 -0.000000 -0.000000 -0.000000 -0.000000 -0.000000 -0.000000 0.000029 -0.000000 -0.000000 -0.000000 0.000020 -0.000000 -0.000000 -0.000000 0.000040 -0.000000 -0.000000 -0.000000 -0.000000 -0.000000 -0.000000 
0.001074 0.684038 0.004149 0.000288 0.012564 0.027015 0.160228 0.031489 0.005821 0.013904 0.004718 0.201381 0.002499 0.089868 0.001018 0.004616 0.001844 0.010178 0.000048 0.006729 0.000066 0.020152 0.000442 0.012795 0.002880 0.000945 0.005920 0.001905 0.000466 0.018401 0.000215 0.000752 0.000621 0.012086 0.000122 0.001005 0.002800 0.000005 0.001258 0.001157 0.000252 0.000052 0.000843 0.000485 0.002304 -0.000000 -0.000000 0.000162 0.000047 0.000091 0.000054 0.000123 -0.000000 0.000452 0.000221 -0.000000 -0.000000 -0.000000 0.000044 0.000050 0.000086 -0.000000 0.000002 0.000034 -0.000000 0.000035 0.000222 0.000002 0.000040 -0.000000 -0.000000 -0.000000 -0.000000 -0.000000 0.000052 
0.000633 0.523495 0.002075 0.000173 0.004114 0.011374 0.093535 0.014196 0.003000 0.007497 0.002330 0.125738 0.001346 0.045626 0.000664 0.002547 0.000886 0.004611 0.000030 0.003596 0.000198 0.012062 0.000479 0.007285 0.001594 0.000722 0.003328 0.000609 0.000047 0.011182 0.000114 0.000501 0.000280 0.011184 0.000122 0.001082 0.001600 0.000011 0.000607 0.000762 0.000108 -0.000000 0.000324 0.000453 0.002094 0.000044 0.000100 0.000058 0.000142 0.000274 0.000054 0.000082 -0.000000 0.000226 0.000148 0.000034 -0.000000 -0.000000 0.000022 0.000050 0.000058 0.000011 0.000004 -0.000000 0.000040 -0.000000 -0.000000 0.000002 -0.000000 -0.000000 0.000007 -0.000000 -0.000000 -0.000000 -0.000000 
0.007436 0.068363 0.054299 0.003343 0.117408 0.385781 0.051574 0.209274 0.022284 0.145516 0.045199 0.071950 0.001588 0.554938 0.009650 0.028589 0.015531 0.020886 0.000368 0.008663 0.003302 0.023478 0.004018 0.011067 0.014555 0.004807 0.004953 0.005561 0.001492 0.018259 0.000391 0.002089 0.002159 0.016957 0.000915 0.005025 0.004300 0.000039 0.003514 0.001100 0.000495 0.000311 0.001361 0.000517 0.003141 0.000111 0.000100 0.000174 0.000427 0.000183 0.000161 0.000329 0.000011 0.001016 0.000148 -0.000000 0.000014 -0.000000 0.000044 -0.000000 0.000029 0.000011 -0.000000 0.000051 0.000040 0.000035 0.000222 0.000002 -0.000000 0.000014 -0.000000 -0.000000 -0.000000 0.000083 -0.000000 
0.230258 0.000244 0.067687 0.083175 2.778428 0.005769 0.000086 0.002729 0.000156 0.135293 0.623406 -0.000000 0.000008 0.021776 0.681957 0.004409 0.065493 0.000265 0.004102 0.000040 0.161463 0.000149 0.022267 0.000093 0.005760 0.003862 -0.000000 0.041671 0.044534 -0.000000 0.000019 0.000710 0.000280 0.000541 0.024084 0.001005 0.000150 0.000237 0.000217 0.000028 0.000027 0.007981 0.000778 0.000032 0.000209 0.000840 0.005182 -0.000000 0.000712 -0.000000 0.000081 0.000041 0.000114 -0.000000 0.000037 0.002269 0.000436 0.000062 -0.000000 0.000050 -0.000000 -0.000000 -0.000000 -0.000000 -0.000000 0.000732 -0.000000 -0.000000 -0.000000 -0.000000 -0.000000 -0.000000 -0.000000 0.000042 0.000052 
0.035498 0.000325 0.016954 0.007071 0.139199 0.003700 0.000599 0.004172 0.000627 0.041985 0.067624 0.001996 0.000028 0.036984 0.106415 0.005524 0.032658 0.001323 0.002043 0.000735 0.228954 0.003127 0.037677 0.001261 0.023812 0.016867 0.000619 0.078161 0.073027 0.004388 0.000111 0.007896 0.004241 0.009922 0.076948 0.018245 0.003700 0.001093 0.006031 0.001100 0.000757 0.044723 0.020093 0.001811 0.038953 0.011451 0.053211 0.001241 0.015609 0.000845 0.007209 0.002055 0.003592 0.008018 0.000627 0.012993 0.004766 0.006844 0.003561 0.000202 0.000921 0.000657 0.000061 0.000172 0.001404 0.005469 0.000222 0.000026 0.002630 0.000432 0.000242 0.000260 0.000177 0.002828 0.002125 
0.000110 0.246953 0.001362 0.000058 0.003113 0.012876 0.636947 0.017319 0.003448 0.003749 0.000932 0.736366 0.004056 0.035256 0.000221 0.001305 0.000319 0.005853 0.000008 0.004775 -0.000000 0.013402 -0.000000 0.011021 0.001286 0.000195 0.004953 0.000229 -0.000000 0.007643 0.000083 0.000104 0.000186 0.004149 -0.000000 0.000309 0.000600 0.000004 0.000347 0.000282 0.000081 -0.000000 0.000065 0.000129 0.000209 -0.000000 -0.000000 0.000012 -0.000000 -0.000000 -0.000000 0.000041 -0.000000 -0.000000 0.000074 -0.000000 -0.000000 -0.000000 -0.000000 -0.000000 -0.000000 -0.000000 -0.000000 -0.000000 -0.000000 -0.000000 -0.000000 -0.000000 -0.000000 -0.000000 -0.000000 0.000065 -0.000000 -0.000000 -0.000000 
0.136100 0.000894 0.048950 0.025292 0.489644 0.005257 0.000456 0.005511 0.000527 0.092013 0.194949 0.001497 0.000025 0.042688 0.404279 0.007641 0.075244 0.001079 0.004641 0.000443 0.367832 0.001291 0.067206 0.000420 0.028029 0.023008 0.000155 0.126460 0.116862 0.002123 0.000082 0.007123 0.002796 0.004329 0.096703 0.013297 0.002100 0.001319 0.003558 0.000282 0.000423 0.046537 0.014195 0.000776 0.019686 0.008865 0.040656 0.000510 0.010200 0.000297 0.004142 0.000575 0.002082 0.002372 0.000185 0.011103 0.003432 0.002744 0.001551 -0.000000 0.000144 0.000178 0.000017 0.000051 0.000494 0.004076 -0.000000 0.000004 0.000797 0.000070 0.000040 -0.000000 0.000039 0.001289 0.001037 
0.029660 -0.000000 0.002755 0.003596 0.059149 0.000183 -0.000000 0.000052 0.000014 0.003476 0.021493 -0.000000 -0.000000 0.000691 0.090966 0.000096 0.005390 0.000020 0.000721 -0.000000 0.591502 -0.000000 0.011797 -0.000000 0.000617 0.001250 -0.000000 0.028187 0.060483 -0.000000 0.000001 0.000501 0.000078 -0.000000 0.119568 0.000309 -0.000000 0.000337 0.000087 -0.000000 0.000009 0.049335 0.001102 -0.000000 0.000419 0.003095 0.031189 0.000012 0.001518 -0.000000 0.000323 -0.000000 0.000652 0.000113 -0.000000 0.023958 0.004167 0.000647 0.000175 -0.000000 0.000029 0.000011 -0.000000 -0.000000 -0.000000 0.009406 -0.000000 -0.000000 0.000080 0.000014 0.000007 -0.000000 -0.000000 0.000125 0.000259 
0.002864 0.052268 0.008234 0.000938 0.026906 0.050844 0.140431 0.105201 0.026085 0.052277 0.018347 0.364940 0.007751 0.475785 0.005445 0.022779 0.009999 0.061875 0.000254 0.053106 0.002575 0.170651 0.005640 0.095169 0.023915 0.007975 0.047786 0.008761 0.002611 0.168580 0.001902 0.005243 0.005872 0.123207 0.001951 0.017704 0.025499 0.000108 0.015055 0.013176 0.002423 0.000726 0.004861 0.007307 0.023037 0.000575 0.001395 0.001125 0.001186 0.003153 0.000753 0.003164 0.000103 0.005421 0.001771 0.000206 0.000150 0.000308 0.000393 0.000958 0.001036 0.000390 0.000040 0.000566 0.000297 0.000070 0.000667 0.000041 0.000478 0.000084 0.000027 0.000260 0.000039 0.000250 0.000155 
0.003800 0.035604 0.012416 0.001202 0.041471 0.070295 0.072426 0.188569 0.057042 0.080699 0.028133 0.174137 0.003684 0.896784 0.008233 0.038841 0.016063 0.113052 0.000419 0.049419 0.003500 0.141663 0.008774 0.066917 0.035744 0.011309 0.030761 0.010970 0.004104 0.147065 0.002188 0.008021 0.008108 0.141968 0.001707 0.021724 0.030748 0.000158 0.019090 0.011427 0.003612 0.001399 0.006222 0.006951 0.029529 0.000442 0.001993 0.001600 0.001993 0.002947 0.001130 0.003288 0.000160 0.007002 0.002325 0.000378 0.000123 0.000555 0.000830 0.001361 0.001381 0.000390 0.000065 0.000429 0.000534 0.000139 0.000445 0.000030 0.000399 0.000139 0.000060 0.000195 0.000054 0.000125 0.000415 
0.002974 0.024061 0.008947 0.000978 0.036468 0.034983 0.079786 0.075181 0.018410 0.054322 0.022716 0.233713 0.004321 0.428431 0.008322 0.024132 0.015212 0.052846 0.000481 0.050587 0.003566 0.165687 0.008922 0.092227 0.029367 0.011559 0.047979 0.014322 0.006202 0.197455 0.002166 0.007854 0.008046 0.160728 0.003841 0.028914 0.035948 0.000248 0.019827 0.016647 0.004189 0.003317 0.010500 0.011122 0.043561 0.001150 0.004285 0.002690 0.003843 0.005300 0.001883 0.006945 0.000423 0.014568 0.003358 0.000516 0.000218 0.001511 0.001311 0.001260 0.002705 0.000858 0.000143 0.000978 0.000830 0.000244 0.000445 0.000093 0.001196 0.000432 0.000154 0.000454 0.000177 0.000624 0.000881 
0.047396 0.000488 0.026615 0.011955 0.338659 0.005220 0.000513 0.004356 0.000586 0.111097 0.286861 0.000399 0.000021 0.047699 1.095930 0.011636 0.170522 0.001354 0.015094 0.000514 0.299350 0.001787 0.188015 0.000607 0.056830 0.049850 0.000426 0.333290 0.208915 0.003256 0.000128 0.015269 0.005204 0.007216 0.103044 0.025744 0.002750 0.002498 0.005640 0.000480 0.000495 0.046381 0.024112 0.000808 0.040838 0.011009 0.045040 0.000545 0.014470 0.000274 0.005595 0.000493 0.002459 0.002485 0.000148 0.008800 0.002819 0.003329 0.001617 -0.000000 0.000259 0.000167 0.000015 -0.000000 0.000237 0.002857 -0.000000 0.000006 0.001036 0.000028 0.000013 -0.000000 0.000054 0.001040 0.000622 
-0.000000 0.009755 0.000324 0.000029 0.000556 0.004158 0.069146 0.006744 0.002752 0.001091 0.000233 1.377332 0.009514 0.024714 -0.000000 0.000955 0.000319 0.010789 -0.000000 0.029464 -0.000000 0.157149 0.000037 0.299469 0.001080 0.000278 0.188704 0.000076 0.000047 0.094694 0.000264 0.000146 0.000280 0.015694 -0.000000 0.000155 0.001550 -0.000000 0.000521 0.002060 0.000036 -0.000000 -0.000000 0.000291 0.000628 -0.000000 -0.000000 -0.000000 -0.000000 0.000069 -0.000000 0.000041 -0.000000 -0.000000 0.000111 -0.000000 -0.000000 -0.000000 -0.000000 0.000050 0.000029 -0.000000 -0.000000 0.000034 -0.000000 -0.000000 0.000222 -0.000000 -0.000000 -0.000000 -0.000000 -0.000000 -0.000000 -0.000000 -0.000000 
0.001184 0.001219 0.002399 0.000483 0.011563 0.004872 0.005391 0.010024 0.002134 0.013086 0.007805 0.014470 0.000237 0.063254 0.005223 0.004584 0.005886 0.007776 0.000201 0.007887 0.004359 0.022386 0.004866 0.011721 0.011726 0.004918 0.006230 0.012037 0.003544 0.037509 0.000490 0.004115 0.003324 0.046541 0.003293 0.013375 0.013199 0.000205 0.008373 0.005643 0.001829 0.003006 0.007195 0.005755 0.032252 0.001724 0.004883 0.001472 0.004412 0.002696 0.002959 0.005630 0.000698 0.011971 0.002436 0.001203 0.000463 0.001511 0.001923 0.001008 0.002187 0.001069 0.000175 0.000807 0.001127 0.000523 0.000667 0.000108 0.001634 0.000641 0.000329 0.000844 0.000301 0.001123 0.000985 
0.014403 0.002113 0.024151 0.005259 0.216248 0.018206 0.002738 0.023171 0.003874 0.471719 0.349243 0.006486 0.000127 0.315749 0.139525 0.082680 0.581882 0.009537 0.012829 0.004402 0.047217 0.014097 0.197711 0.004249 0.376931 0.205903 0.002438 0.232655 0.061136 0.017552 0.000946 0.048523 0.023766 0.060070 0.022987 0.080635 0.020099 0.001714 0.027506 0.003555 0.003090 0.013007 0.033770 0.004430 0.081676 0.004488 0.016342 0.002504 0.012810 0.001576 0.004465 0.003000 0.001281 0.010277 0.000701 0.001787 0.000899 0.002343 0.002032 0.000202 0.000662 0.000434 0.000032 0.000240 0.000613 0.000732 0.000445 0.000018 0.000917 0.000153 0.000067 0.000065 0.000054 0.000458 0.000518 
0.001707 0.006747 0.003696 0.000644 0.016677 0.009982 0.027385 0.020652 0.004978 0.023719 0.013455 0.102187 0.001515 0.137395 0.006507 0.009073 0.008510 0.014698 0.000323 0.028376 0.004226 0.148463 0.007004 0.125149 0.018772 0.007947 0.062489 0.014398 0.004943 0.211327 0.001369 0.005368 0.005545 0.130603 0.004085 0.024044 0.030548 0.000293 0.015966 0.017154 0.003945 0.003161 0.009658 0.011640 0.045655 0.001724 0.004783 0.002493 0.004934 0.006054 0.002663 0.008507 0.000858 0.017843 0.004613 0.001100 0.000422 0.002004 0.001857 0.001815 0.003856 0.001214 0.000254 0.001716 0.001938 0.000697 0.000445 0.000128 0.002351 0.000557 0.000269 0.000779 0.000262 0.000832 0.001710 
0.004461 0.010893 0.011994 0.001387 0.056703 0.036118 0.023448 0.092474 0.024157 0.129568 0.053237 0.063967 0.001340 1.148761 0.017972 0.087280 0.039147 0.131709 0.001022 0.058102 0.008321 0.175664 0.021345 0.065189 0.118186 0.036179 0.029174 0.036262 0.011005 0.242891 0.006997 0.025985 0.028938 0.386758 0.005427 0.079784 0.095195 0.000504 0.070371 0.029400 0.011656 0.003524 0.023205 0.024572 0.101571 0.001968 0.005281 0.005901 0.005741 0.009046 0.003550 0.013356 0.000698 0.024393 0.006274 0.000550 0.000340 0.001911 0.002512 0.002521 0.004201 0.000991 0.000160 0.001408 0.001621 0.000209 0.001111 0.000089 0.002112 0.000376 0.000154 0.000584 0.000177 0.000790 0.000829 
0.000303 0.011136 0.000486 0.000086 0.002224 0.007729 0.057251 0.015745 0.003989 0.007974 0.003087 0.400067 0.004576 0.075524 0.000266 0.003980 0.001099 0.016377 0.000038 0.040494 0.000132 0.236767 0.000664 0.450722 0.005143 0.001278 0.305827 0.001143 0.000606 0.326686 0.001009 0.000940 0.001631 0.084243 0.000122 0.003556 0.012049 0.000014 0.004686 0.014192 0.000982 0.000104 0.000972 0.003557 0.004398 0.000044 0.000100 0.000359 0.000095 0.001119 0.000054 0.001356 0.000011 0.001468 0.002141 0.000034 -0.000000 0.000031 0.000044 0.001210 0.000691 0.000022 0.000029 0.000412 0.000119 -0.000000 0.000445 0.000010 0.000040 -0.000000 0.000007 0.000065 0.000015 -0.000000 -0.000000 
0.012145 0.003170 0.023535 0.004148 0.180448 0.025019 0.004735 0.039021 0.006393 0.497959 0.222092 0.011177 0.000212 0.588811 0.080741 0.153611 0.261226 0.019512 0.006312 0.008260 0.032689 0.027002 0.124791 0.010694 0.584503 0.213934 0.004488 0.174834 0.038612 0.044021 0.002090 0.067134 0.043679 0.128078 0.016950 0.126094 0.041148 0.001536 0.056010 0.006913 0.006585 0.010209 0.038177 0.008665 0.130263 0.004311 0.013054 0.004220 0.010770 0.003746 0.005326 0.004849 0.001155 0.014907 0.001587 0.001444 0.000545 0.002528 0.003212 0.000907 0.001410 0.000769 0.000082 0.000378 0.001068 0.000732 -0.000000 0.000039 0.001196 0.000139 0.000087 0.000130 0.000092 0.000707 0.000933 
0.039767 -0.000000 0.007780 0.006191 0.121855 0.000714 0.000057 0.000315 0.000050 0.016562 0.061624 -0.000000 -0.000000 0.006049 0.271481 0.001449 0.030034 0.000020 0.003343 0.000060 2.710068 0.000050 0.067501 -0.000000 0.011315 0.011282 0.000039 0.184662 0.341492 0.000142 0.000013 0.004240 0.000870 0.000722 0.314010 0.005953 0.000400 0.002096 0.000868 0.000028 0.000036 0.110693 0.011667 0.000129 0.011100 0.012933 0.073041 0.000139 0.010580 -0.000000 0.003470 0.000041 0.002128 0.000903 -0.000000 0.025092 0.006346 0.002775 0.000568 -0.000000 -0.000000 0.000056 0.000004 -0.000000 0.000158 0.008744 -0.000000 -0.000000 0.000558 0.000014 0.000020 -0.000000 -0.000000 0.000499 0.000311 
0.001074 0.005771 0.007618 0.000725 0.034355 0.023499 0.007531 0.064291 0.020754 0.178777 0.040423 0.022753 0.000606 1.986612 0.006773 0.231738 0.047125 0.149816 0.000768 0.051857 0.001453 0.122900 0.017622 0.027645 0.256122 0.050573 0.009364 0.020340 0.003264 0.144942 0.011015 0.035677 0.053854 0.361504 0.000915 0.089680 0.102995 0.000232 0.105860 0.013769 0.010800 0.000726 0.011732 0.009958 0.064922 0.000155 0.000598 0.003258 0.001234 0.002353 0.000834 0.004397 0.000034 0.007002 0.001476 0.000069 -0.000000 0.000216 0.000743 0.000555 0.000547 0.000201 0.000013 0.000206 0.000217 -0.000000 -0.000000 0.000006 0.000239 -0.000000 0.000013 -0.000000 0.000008 -0.000000 0.000052 
0.021261 0.000081 0.010860 0.004959 0.154431 0.003040 0.000314 0.003123 0.000417 0.085606 0.171360 0.000499 0.000006 0.046835 0.410653 0.011716 0.186124 0.001160 0.018163 0.000655 0.253586 0.001936 0.561318 0.000560 0.101677 0.108759 0.000232 0.945019 0.346202 0.002689 0.000177 0.030079 0.007068 0.010102 0.116153 0.043680 0.002750 0.004668 0.007506 0.000734 0.000685 0.051356 0.038825 0.000808 0.055707 0.013529 0.049923 0.000904 0.023342 0.000411 0.008634 0.000904 0.002905 0.003388 0.000111 0.007012 0.002574 0.003730 0.002360 -0.000000 0.000288 0.000312 0.000017 0.000051 0.000514 0.002891 0.000222 0.000006 0.001116 0.000084 0.000054 0.000065 0.000015 0.000915 0.000726 
0.015092 0.002113 0.019288 0.004585 0.158100 0.015092 0.003651 0.023670 0.003833 0.208426 0.181669 0.009380 0.000162 0.257681 0.115135 0.046099 0.213534 0.009364 0.007951 0.005369 0.059038 0.019458 0.219056 0.009013 0.356102 0.244249 0.003985 0.315159 0.084732 0.032697 0.001104 0.067719 0.032200 0.093623 0.048534 0.137149 0.032398 0.003065 0.045338 0.006884 0.005945 0.032855 0.072660 0.010120 0.185342 0.012557 0.044542 0.006249 0.031882 0.005323 0.015224 0.010603 0.004747 0.032186 0.003211 0.007390 0.003650 0.009125 0.007319 0.001160 0.003309 0.002027 0.000242 0.000978 0.003183 0.002682 0.000889 0.000114 0.004782 0.000905 0.000410 0.000454 0.000370 0.002953 0.003317 
0.013191 0.000894 0.014102 0.004263 0.131194 0.008150 0.001341 0.011389 0.001786 0.138224 0.163962 0.004291 0.000063 0.132729 0.158029 0.028048 0.208641 0.004662 0.011214 0.002820 0.096878 0.008786 0.623253 0.003175 0.230150 0.207098 0.001973 0.646925 0.146054 0.014579 0.000537 0.058549 0.022989 0.041670 0.064814 0.102746 0.015899 0.004139 0.028808 0.002793 0.003279 0.038452 0.069938 0.004236 0.148483 0.014790 0.051119 0.003872 0.034017 0.002856 0.014794 0.004644 0.004118 0.017843 0.001845 0.007562 0.003078 0.008015 0.005790 0.000958 0.001784 0.001225 0.000124 0.000463 0.002234 0.003170 0.000445 0.000041 0.003587 0.000460 0.000295 0.000130 0.000224 0.002163 0.001659 
0.001680 0.003008 0.006386 0.000759 0.036690 0.015440 0.006646 0.038128 0.010047 0.143267 0.045898 0.019260 0.000471 0.795336 0.013014 0.128397 0.052763 0.066221 0.001131 0.036928 0.003896 0.115107 0.029493 0.031334 0.344993 0.075553 0.012653 0.042966 0.008114 0.190520 0.014961 0.070372 0.109059 0.653917 0.002134 0.208429 0.224788 0.000635 0.229856 0.026437 0.027104 0.001658 0.036751 0.028582 0.180944 0.001371 0.001694 0.009402 0.005409 0.007607 0.003550 0.011507 0.000286 0.022361 0.003580 0.000241 0.000095 0.001017 0.002381 0.001966 0.002216 0.000858 0.000090 0.000790 0.001087 0.000209 0.000667 0.000051 0.001275 0.000056 0.000054 0.000130 0.000023 0.000416 0.000259 
-0.000000 0.000325 0.000065 -0.000000 0.000111 0.000330 0.001797 0.000761 0.000197 0.000545 0.000058 0.016765 0.000204 0.004321 0.000044 0.000430 0.000142 0.001405 0.000002 0.004331 -0.000000 0.040801 -0.000000 0.146256 0.000669 0.000028 0.350750 0.000152 0.000047 0.369999 0.000344 0.000104 0.000109 0.048886 -0.000000 0.000464 0.005400 0.000002 0.001258 0.025957 0.000495 -0.000000 0.000065 0.002910 0.001675 -0.000000 -0.000000 0.000128 0.000047 0.001325 -0.000000 0.001027 -0.000000 0.000903 0.003764 -0.000000 -0.000000 -0.000000 0.000022 0.002470 0.000834 0.000022 0.000019 0.000360 0.000040 -0.000000 0.000445 0.000010 0.000040 0.000014 0.000013 0.000130 0.000008 -0.000000 0.000052 
0.004241 0.000081 0.003793 0.001128 0.045251 0.002454 0.000513 0.003752 0.000714 0.054526 0.051897 0.001397 0.000023 0.059624 0.069541 0.015266 0.082690 0.002891 0.004318 0.001481 0.075349 0.004467 0.461781 0.001541 0.282866 0.329000 0.000658 1.187807 0.201407 0.007077 0.000436 0.172160 0.038662 0.029223 0.066277 0.228530 0.013799 0.011657 0.032973 0.001890 0.002828 0.042650 0.183692 0.003104 0.273091 0.023433 0.057297 0.004939 0.060206 0.001873 0.022567 0.003493 0.005307 0.021457 0.000738 0.004812 0.002587 0.009218 0.007537 0.000403 0.001180 0.001248 0.000067 0.000154 0.002373 0.002160 -0.000000 0.000030 0.002989 0.000404 0.000154 0.000065 0.000092 0.001497 0.001970 
0.004654 0.000813 0.007294 0.001686 0.046029 0.006209 0.002339 0.009762 0.001896 0.047370 0.041238 0.006387 0.000117 0.102312 0.031473 0.013005 0.035069 0.004529 0.001508 0.003395 0.031038 0.015437 0.051317 0.008172 0.105689 0.061826 0.004450 0.104977 0.042063 0.037226 0.000765 0.056356 0.025506 0.095066 0.031340 0.125320 0.031448 0.002039 0.041216 0.008380 0.006242 0.025082 0.070262 0.015196 0.213195 0.014016 0.051019 0.007895 0.035393 0.009046 0.018721 0.018370 0.006200 0.052626 0.007750 0.008009 0.004222 0.014983 0.012584 0.002874 0.008949 0.004467 0.000566 0.002455 0.007731 0.004459 0.002445 0.000349 0.011397 0.002757 0.001269 0.002207 0.001064 0.005782 0.005961 
0.006086 0.000813 0.005835 0.001634 0.041915 0.003590 0.001483 0.006219 0.001040 0.034215 0.036928 0.004091 0.000076 0.057550 0.035988 0.007689 0.030672 0.002494 0.001405 0.001823 0.053953 0.008091 0.054783 0.004296 0.046030 0.030788 0.002322 0.145200 0.096623 0.020241 0.000432 0.020596 0.011867 0.047082 0.059205 0.064786 0.016849 0.003281 0.022083 0.004881 0.003738 0.050216 0.066373 0.008374 0.149739 0.022394 0.083205 0.005449 0.044312 0.005802 0.021680 0.011630 0.008156 0.040317 0.004871 0.012787 0.006632 0.017449 0.010006 0.001815 0.006014 0.003453 0.000460 0.002060 0.006248 0.005713 0.001778 0.000268 0.011079 0.002312 0.001061 0.001104 0.000933 0.006405 0.007464 
0.001597 0.002683 0.005090 0.000593 0.024349 0.010037 0.006276 0.021465 0.005083 0.052958 0.022541 0.022653 0.000431 0.264421 0.012837 0.029083 0.020353 0.023532 0.000595 0.023944 0.005547 0.108952 0.019576 0.049359 0.096534 0.031594 0.027549 0.034738 0.011052 0.294131 0.015439 0.033713 0.049598 1.437536 0.007926 0.152534 0.470976 0.000750 0.226602 0.073076 0.048506 0.004560 0.049067 0.088202 0.261573 0.003183 0.009666 0.019709 0.013379 0.035203 0.008338 0.045123 0.001498 0.087861 0.019523 0.001306 0.000776 0.005148 0.007166 0.007865 0.015107 0.004211 0.000658 0.005321 0.005279 0.001010 0.004001 0.000323 0.005460 0.001615 0.000584 0.002207 0.000570 0.002246 0.002332 
0.005012 -0.000000 0.001005 0.000834 0.019902 0.000092 0.000029 0.000157 0.000041 0.006202 0.014329 0.000100 0.000002 0.001210 0.049179 0.000812 0.010460 0.000132 0.000980 0.000050 0.339699 0.000149 0.045492 -0.000000 0.011109 0.013116 -0.000000 0.187861 0.600351 0.000425 0.000013 0.013515 0.002377 0.001082 1.506638 0.025203 0.000200 0.011736 0.002126 0.000085 0.000261 0.754016 0.066762 0.000129 0.061571 0.143429 0.539787 0.000556 0.091708 0.000183 0.027005 0.000452 0.017958 0.003840 0.000111 0.040560 0.017335 0.016832 0.004763 0.000050 0.000115 0.000234 0.000011 -0.000000 0.001048 0.013447 -0.000000 0.000010 0.002271 0.000056 0.000047 0.000065 0.000015 0.003452 0.002073 
0.000055 0.000325 0.000227 0.000029 0.001001 0.000549 0.001198 0.001286 0.000284 0.001840 0.000641 0.003892 0.000052 0.007259 0.000575 0.001035 0.000709 0.001201 0.000020 0.001884 0.000264 0.015238 0.000442 0.019426 0.002211 0.000861 0.017373 0.000914 0.000280 0.117341 0.000418 0.001149 0.001351 0.071254 0.000549 0.005025 0.015549 0.000031 0.005206 0.030133 0.001684 0.000155 0.001945 0.010443 0.012566 0.000243 0.000498 0.000985 0.000664 0.005209 0.000457 0.007603 0.000080 0.009938 0.011404 0.000172 0.000054 0.000216 0.000502 0.007109 0.004633 0.000646 0.000183 0.002712 0.000672 0.000139 0.003334 0.000144 0.001116 0.000418 0.000141 0.001233 0.000185 0.000166 0.000466 
0.003938 0.000244 0.002950 0.000898 0.024571 0.001612 0.000456 0.002519 0.000453 0.016290 0.017299 0.001796 0.000026 0.017110 0.019787 0.003247 0.012907 0.001120 0.000672 0.000957 0.083802 0.003028 0.021603 0.001821 0.019595 0.011921 0.001161 0.051422 0.050876 0.008351 0.000171 0.008585 0.005188 0.021647 0.130726 0.028682 0.007500 0.001617 0.010586 0.002088 0.001639 0.116756 0.036168 0.004009 0.072880 0.027943 0.153556 0.003003 0.036863 0.003495 0.019124 0.006657 0.011107 0.026313 0.002657 0.042760 0.017090 0.022751 0.009831 0.001109 0.003511 0.002395 0.000280 0.001013 0.004884 0.020519 0.000667 0.000171 0.009763 0.001894 0.001047 0.001558 0.000655 0.009109 0.009226 
0.003553 0.000163 0.001686 0.000800 0.019902 0.000531 0.000057 0.000709 0.000174 0.011655 0.015843 0.000299 0.000004 0.012616 0.031473 0.002451 0.013120 0.000519 0.001047 0.000292 0.130491 0.001340 0.052976 0.000233 0.029572 0.024647 0.000116 0.176663 0.258812 0.003539 0.000110 0.025337 0.009382 0.011004 0.355106 0.074991 0.004400 0.016930 0.012538 0.000649 0.001423 0.352185 0.187840 0.002619 0.221154 0.321080 0.732305 0.004997 0.302451 0.002056 0.107913 0.004767 0.053258 0.026200 0.001107 0.043895 0.027903 0.070566 0.026217 0.000252 0.001755 0.002762 0.000193 0.000515 0.006841 0.017279 0.000667 0.000085 0.012792 0.001044 0.000745 0.000260 0.000462 0.014059 0.010833 
0.003002 0.000975 0.003793 0.001093 0.030686 0.002692 0.000884 0.005038 0.000884 0.025695 0.023997 0.003293 0.000060 0.051156 0.024302 0.007211 0.019396 0.002952 0.000963 0.002085 0.041274 0.008885 0.039778 0.004156 0.054722 0.030705 0.002708 0.098120 0.065566 0.028026 0.000653 0.034465 0.023657 0.076305 0.069265 0.156245 0.031648 0.005049 0.050934 0.007957 0.008017 0.068872 0.336466 0.021436 0.618015 0.047773 0.151164 0.017831 0.236220 0.014780 0.142746 0.032178 0.026846 0.132243 0.010555 0.023580 0.013904 0.069734 0.060474 0.004285 0.016431 0.012543 0.001451 0.005012 0.023054 0.011357 0.003556 0.000794 0.039173 0.007506 0.003686 0.003441 0.002998 0.024332 0.023842 
0.001349 -0.000000 0.000973 0.000391 0.008672 0.000348 0.000057 0.000682 0.000092 0.005862 0.006990 0.000200 0.000006 0.006740 0.014652 0.001640 0.006631 0.000316 0.000469 0.000252 0.051972 0.000794 0.026506 0.000280 0.019955 0.016144 0.000155 0.089055 0.099841 0.001699 0.000094 0.020053 0.008015 0.011365 0.131152 0.076692 0.005050 0.009765 0.015185 0.000790 0.001883 0.151581 0.250065 0.003298 0.339898 0.247575 0.466049 0.006887 0.798709 0.002673 0.278983 0.007110 0.102249 0.049690 0.001144 0.033720 0.026704 0.155190 0.055973 0.000252 0.003136 0.004912 0.000332 0.000584 0.011824 0.014632 0.000445 0.000162 0.023990 0.002590 0.001497 0.000584 0.000940 0.022960 0.018866 
0.000303 0.000244 0.000486 0.000092 0.004225 0.001007 0.001112 0.002204 0.000531 0.005998 0.003145 0.004491 0.000077 0.021430 0.002479 0.002069 0.002411 0.001679 0.000098 0.002619 0.001915 0.014345 0.003281 0.010880 0.007509 0.003057 0.007777 0.006018 0.002798 0.067375 0.000551 0.003175 0.003790 0.125372 0.003293 0.016003 0.028049 0.000154 0.014187 0.032870 0.004008 0.002073 0.009139 0.026609 0.054032 0.001393 0.004584 0.004162 0.004982 0.016973 0.003228 0.026753 0.000686 0.048222 0.049748 0.000687 0.000422 0.002929 0.003758 0.037661 0.018100 0.003219 0.000927 0.012753 0.005022 0.000348 0.011113 0.000729 0.006695 0.002437 0.000967 0.007141 0.001503 0.002288 0.002695 
0.000854 -0.000000 0.000097 0.000098 0.001445 -0.000000 -0.000000 -0.000000 -0.000000 0.000068 0.000815 -0.000000 -0.000000 -0.000000 0.005622 -0.000000 0.000638 -0.000000 0.000045 -0.000000 0.090868 -0.000000 0.002691 -0.000000 0.000206 0.000472 -0.000000 0.009903 0.034042 -0.000000 -0.000000 0.000397 0.000062 -0.000000 0.291816 0.000696 -0.000000 0.001000 0.000087 -0.000000 0.000009 0.796251 0.006417 -0.000000 0.006911 0.113983 3.294028 0.000116 0.026758 -0.000000 0.009522 0.000082 0.056243 0.000903 -0.000000 0.255324 0.196940 0.057248 0.005549 -0.000000 0.000086 0.000178 0.000004 -0.000000 0.000969 0.055043 -0.000000 -0.000000 0.004543 0.000153 0.000168 0.000065 0.000077 0.014724 0.008500 
0.000028 -0.000000 0.000032 0.000006 0.000222 0.000183 0.000342 0.000420 0.000124 0.001091 0.000524 0.001098 0.000029 0.008641 0.000089 0.001258 0.000567 0.001303 0.000009 0.002931 0.000066 0.022386 0.000332 0.018445 0.003652 0.000556 0.016715 0.000381 0.000093 0.269360 0.001409 0.001274 0.002672 0.577973 0.000061 0.009123 0.123244 0.000027 0.023081 0.323621 0.014872 0.000155 0.003435 0.257138 0.039581 0.000088 0.000199 0.008394 0.000617 0.165165 0.000699 0.157930 0.000103 0.109770 0.540736 -0.000000 0.000082 0.000493 0.001770 0.193698 0.121287 0.004534 0.002712 0.071062 0.003599 0.000035 0.058454 0.001842 0.002909 0.002660 0.000644 0.018373 0.001441 0.000333 0.001037 
0.002176 0.000488 0.002853 0.000742 0.022903 0.002509 0.001170 0.005196 0.000888 0.024332 0.018464 0.004890 0.000067 0.049946 0.016246 0.006399 0.017304 0.003125 0.000706 0.002599 0.025821 0.012757 0.028534 0.006538 0.047007 0.026370 0.004256 0.067496 0.038705 0.036236 0.000786 0.032251 0.024310 0.113466 0.043778 0.153152 0.043498 0.003067 0.073104 0.013148 0.011665 0.039541 0.240601 0.034498 0.910374 0.029601 0.096956 0.032903 0.115809 0.025791 0.074264 0.055027 0.016689 0.258840 0.017715 0.016396 0.009464 0.054320 0.076094 0.007462 0.028401 0.022156 0.002338 0.008273 0.040394 0.008709 0.005556 0.001355 0.052483 0.011211 0.005525 0.006427 0.004802 0.025622 0.029181 
0.002947 -0.000000 0.002172 0.000921 0.018234 0.001813 0.000599 0.002257 0.000467 0.017108 0.018406 0.001098 0.000029 0.028862 0.019831 0.003725 0.013616 0.001232 0.000727 0.001118 0.054944 0.004269 0.032368 0.002195 0.033584 0.020090 0.001625 0.080828 0.072607 0.011748 0.000324 0.021076 0.013126 0.044737 0.102190 0.084887 0.014049 0.004896 0.027116 0.004006 0.004126 0.119399 0.171247 0.010734 0.361469 0.117741 0.347170 0.010434 0.338888 0.008224 0.170289 0.018164 0.077439 0.087409 0.005204 0.045441 0.028488 0.146527 0.056825 0.002571 0.009208 0.009312 0.000919 0.002592 0.020504 0.021146 0.002223 0.000544 0.040010 0.006392 0.003605 0.002207 0.002482 0.034398 0.033275 
0.000138 -0.000000 0.000065 0.000017 0.000778 0.000201 0.000228 0.000604 0.000142 0.002386 0.000932 0.000499 0.000005 0.008641 0.000575 0.001385 0.001099 0.000804 0.000036 0.000685 0.001585 0.002929 0.002507 0.001728 0.008897 0.003501 0.001045 0.007237 0.002658 0.018259 0.000484 0.008522 0.014213 0.108595 0.001768 0.089216 0.059547 0.000415 0.131241 0.016336 0.034977 0.001658 0.080373 0.123670 0.757702 0.002454 0.006975 0.216928 0.018693 0.139854 0.017241 0.475435 0.002288 2.218885 0.032255 0.000997 0.000803 0.011684 0.038124 0.007613 0.091418 0.044066 0.005376 0.009835 0.044645 0.000871 0.007335 0.001150 0.030127 0.005946 0.002215 0.004999 0.002081 0.005657 0.007878 
0.000606 0.000488 0.000778 0.000121 0.004003 0.001392 0.001141 0.002440 0.000568 0.005725 0.004310 0.003094 0.000065 0.026269 0.002169 0.002579 0.003333 0.002137 0.000116 0.002790 0.003500 0.015387 0.003982 0.011861 0.012652 0.004835 0.008319 0.009751 0.004850 0.086626 0.000928 0.006266 0.007378 0.200234 0.004878 0.033244 0.061297 0.000316 0.038830 0.050307 0.012070 0.003161 0.026769 0.083191 0.130891 0.003117 0.009168 0.014631 0.011529 0.085096 0.007881 0.137383 0.001830 0.216942 0.313695 0.001478 0.001321 0.007800 0.012628 0.082430 0.137171 0.015706 0.005790 0.081275 0.019871 0.000975 0.049564 0.004300 0.025186 0.013341 0.004290 0.029928 0.007376 0.007778 0.010470 
0.000248 0.000163 0.000324 0.000069 0.002112 0.000568 0.000542 0.001470 0.000211 0.003203 0.001806 0.002295 0.000035 0.011752 0.001284 0.001258 0.001489 0.000967 0.000068 0.001481 0.001783 0.008835 0.002359 0.006678 0.005194 0.002945 0.004488 0.004723 0.002238 0.049682 0.000449 0.003238 0.003448 0.104627 0.002500 0.018323 0.026249 0.000145 0.018569 0.027396 0.005306 0.001866 0.012510 0.037344 0.063875 0.001437 0.004683 0.006817 0.005646 0.033673 0.004465 0.053383 0.001212 0.102090 0.230436 0.001169 0.000749 0.004316 0.006816 0.193093 0.064312 0.008856 0.003267 0.103796 0.011606 0.000627 0.108018 0.003831 0.017933 0.009317 0.003437 0.053754 0.006420 0.005615 0.008915 
0.000028 -0.000000 -0.000000 0.000012 0.000222 -0.000000 -0.000000 0.000052 0.000009 0.000136 0.000408 -0.000000 -0.000000 0.000518 0.000575 0.000064 0.000390 0.000051 0.000020 -0.000000 0.004094 -0.000000 0.001180 0.000187 0.001440 0.001167 -0.000000 0.005180 0.005596 0.000566 0.000015 0.002903 0.001243 0.001984 0.011280 0.018941 0.000900 0.000838 0.006681 0.000226 0.000856 0.019433 0.097485 0.001940 0.292777 0.024163 0.101839 0.010330 0.111634 0.002079 0.120421 0.008219 0.047356 0.132695 0.001144 0.034133 0.031675 0.455089 0.471357 0.000605 0.004978 0.022434 0.001009 0.001184 0.107699 0.027208 0.000667 0.000605 0.348734 0.014455 0.013655 0.001493 0.004339 0.250561 0.197527 
-0.000000 -0.000000 -0.000000 -0.000000 -0.000000 -0.000000 -0.000000 -0.000000 -0.000000 0.000136 -0.000000 -0.000000 -0.000000 -0.000000 0.000089 0.000032 -0.000000 0.000031 -0.000000 -0.000000 -0.000000 -0.000000 0.000037 0.000140 0.000206 0.000111 0.000116 0.000229 0.000187 0.002548 0.000020 0.000418 0.000482 0.005953 0.000244 0.003247 0.001900 0.000048 0.003254 0.002455 0.001027 0.000363 0.009139 0.008148 0.072461 0.000619 0.002292 0.008533 0.003701 0.013387 0.004788 0.056013 0.000984 0.400117 0.034691 0.000859 0.000667 0.007738 0.021629 0.011848 0.157112 0.141233 0.054223 0.037385 0.146630 0.000662 0.023782 0.021456 0.151114 0.115713 0.025484 0.034018 0.037943 0.012603 0.021976 
0.000358 -0.000000 0.000130 0.000052 0.001223 -0.000000 -0.000000 -0.000000 -0.000000 0.000273 0.000699 -0.000000 -0.000000 -0.000000 0.002258 0.000016 0.000177 0.000010 0.000021 -0.000000 0.027340 -0.000000 0.000774 -0.000000 0.000154 0.000222 -0.000000 0.003123 0.007321 -0.000000 -0.000000 0.000251 0.000047 -0.000000 0.043900 0.000850 -0.000000 0.000167 0.000087 -0.000000 0.000009 0.060218 0.004278 0.000097 0.008168 0.012888 0.142595 0.000278 0.008967 0.000069 0.007316 0.000164 0.017078 0.002710 0.000037 0.614936 0.128184 0.059067 0.010749 -0.000000 0.000115 0.000780 0.000027 0.000034 0.002946 1.032888 -0.000000 0.000018 0.015462 0.000752 0.000859 0.000130 0.000277 0.068713 0.033535 
-0.000000 -0.000000 -0.000000 0.000006 -0.000000 -0.000000 -0.000000 -0.000000 -0.000000 0.000068 0.000291 -0.000000 -0.000000 0.000864 0.000443 0.000096 0.000035 0.000102 0.000011 0.000060 0.001585 0.000099 0.000811 0.000047 0.001389 0.000889 0.000077 0.002895 0.002005 0.000849 0.000028 0.001943 0.001895 0.004510 0.002744 0.019173 0.002700 0.000337 0.009501 0.000903 0.001369 0.004146 0.051335 0.004527 0.261782 0.005483 0.020826 0.013634 0.032024 0.005780 0.030367 0.022931 0.008442 0.276796 0.006495 0.006978 0.005393 0.062674 0.167351 0.002218 0.026300 0.092009 0.005206 0.005733 0.513501 0.005121 0.003112 0.002685 0.781912 0.055454 0.030821 0.006817 0.012917 0.088221 0.103973 
0.000055 -0.000000 0.000097 0.000029 0.000334 0.000128 0.000200 0.000210 0.000060 0.000613 0.000466 0.000399 0.000008 0.002247 0.000310 0.000255 0.000142 0.000254 0.000023 0.000302 0.000462 0.002184 0.000627 0.001634 0.001749 0.000722 0.001083 0.001600 0.000746 0.009625 0.000124 0.000919 0.001118 0.026517 0.000976 0.005876 0.008000 0.000066 0.004165 0.006630 0.001630 0.000985 0.005704 0.010734 0.027225 0.000840 0.003089 0.002667 0.002372 0.010531 0.001883 0.020918 0.000503 0.046867 0.057425 0.000584 0.000381 0.002220 0.004260 0.063927 0.031250 0.005391 0.002250 0.050808 0.007751 0.000314 0.263154 0.004367 0.013788 0.011266 0.003847 0.375825 0.008832 0.004866 0.007412 
-0.000000 -0.000000 -0.000000 -0.000000 -0.000000 0.000018 -0.000000 -0.000000 -0.000000 0.000136 -0.000000 0.000100 -0.000000 -0.000000 -0.000000 0.000016 -0.000000 0.000020 -0.000000 0.000030 0.000066 0.000199 0.000037 0.000140 0.000103 0.000056 0.000116 0.000076 0.000420 0.001982 0.000020 0.000104 0.000186 0.005231 0.000671 0.002319 0.002050 0.000039 0.002126 0.002342 0.000595 0.000415 0.005056 0.004785 0.031204 0.000575 0.002292 0.002898 0.002799 0.008133 0.002582 0.025151 0.000789 0.135857 0.031480 0.000481 0.000790 0.006012 0.012912 0.017394 0.075189 0.040034 0.015636 0.046328 0.059989 0.000627 0.044229 0.038608 0.113814 0.217945 0.041288 0.084527 0.143015 0.016471 0.033068 
-0.000000 -0.000000 -0.000000 -0.000000 -0.000000 -0.000000 -0.000000 -0.000000 -0.000000 -0.000000 -0.000000 -0.000000 -0.000000 -0.000000 -0.000000 -0.000000 -0.000000 0.000010 -0.000000 0.000010 0.000198 -0.000000 -0.000000 0.000047 -0.000000 -0.000000 -0.000000 0.000152 0.000093 -0.000000 0.000003 0.000125 0.000124 0.000541 0.000244 0.000850 0.000100 0.000022 0.000477 0.000113 0.000135 0.000466 0.005639 0.000582 0.027016 0.000531 0.003189 0.001948 0.003226 0.001211 0.003685 0.005918 0.001235 0.069566 0.003654 0.001237 0.000953 0.011561 0.025998 0.001765 0.016056 0.040836 0.006099 0.005373 0.129092 0.001219 0.006445 0.005208 0.584491 0.364282 0.191098 0.009868 0.038544 0.035313 0.074636 
0.001047 -0.000000 0.000454 0.000207 0.004558 0.000238 0.000114 0.000367 0.000064 0.002863 0.004310 0.000599 0.000005 0.003111 0.005002 0.000828 0.003191 0.000163 0.000155 0.000111 0.024170 0.000695 0.006931 0.000280 0.004423 0.003057 0.000077 0.017674 0.020472 0.002689 0.000052 0.003363 0.001647 0.005592 0.053351 0.014612 0.002300 0.000806 0.005119 0.000621 0.000775 0.057108 0.028584 0.001908 0.060733 0.026396 0.155150 0.002539 0.037243 0.001713 0.023213 0.004973 0.020361 0.024054 0.001624 0.142408 0.057467 0.057495 0.020296 0.000958 0.002878 0.003932 0.000341 0.001081 0.009293 0.159659 0.000667 0.000236 0.027099 0.003816 0.002524 0.000974 0.001549 0.065760 0.049187 
0.000220 -0.000000 0.000032 0.000035 0.000222 -0.000000 -0.000000 -0.000000 -0.000000 0.000136 0.000233 -0.000000 -0.000000 -0.000000 0.001594 0.000016 0.000142 -0.000000 0.000017 0.000010 0.020472 -0.000000 0.000590 -0.000000 0.000103 0.000250 -0.000000 0.002742 0.005829 -0.000000 0.000001 0.000167 0.000109 -0.000000 0.030974 0.001082 0.000100 0.000212 0.000174 0.000028 0.000036 0.043220 0.006158 0.000032 0.013403 0.011916 0.121370 0.000336 0.012335 0.000137 0.009118 0.000164 0.018656 0.004404 0.000037 0.308705 0.098320 0.069148 0.016495 0.000101 0.000259 0.001080 0.000046 0.000189 0.004726 0.694271 -0.000000 0.000041 0.023592 0.001212 0.001363 0.000195 0.000462 0.100907 0.054785 
0.000028 -0.000000 0.000032 0.000006 0.000111 0.000073 0.000086 0.000131 0.000032 0.000477 0.000349 -0.000000 0.000003 0.001728 0.000266 0.000191 0.000390 0.000132 0.000008 0.000232 0.001123 0.001340 0.000516 0.000887 0.001183 0.000472 0.000967 0.002057 0.001119 0.008776 0.000089 0.001274 0.001382 0.017498 0.001585 0.009277 0.007250 0.000113 0.006942 0.007054 0.001874 0.001969 0.011473 0.012028 0.062199 0.001879 0.005481 0.005739 0.006547 0.015717 0.005675 0.038424 0.001624 0.140035 0.053697 0.002062 0.001389 0.009464 0.015555 0.030905 0.078096 0.026945 0.009774 0.056764 0.042905 0.001637 0.064677 0.031154 0.090820 0.104502 0.030741 0.108742 0.097643 0.024208 0.041827 
0.000110 0.000081 0.000032 0.000017 0.001668 0.000311 0.000171 0.000367 0.000105 0.000954 0.000932 0.000798 0.000004 0.004839 0.000930 0.000493 0.001064 0.000295 0.000041 0.000564 0.002047 0.002482 0.001253 0.001448 0.002829 0.001306 0.001354 0.003657 0.002098 0.013588 0.000188 0.001796 0.002019 0.037341 0.002500 0.012679 0.011799 0.000169 0.010196 0.008295 0.002864 0.003472 0.014519 0.015067 0.071205 0.002587 0.008470 0.006156 0.009062 0.016676 0.006886 0.040479 0.001933 0.122870 0.056207 0.002647 0.001593 0.009372 0.014201 0.034132 0.065607 0.019883 0.006484 0.051924 0.031477 0.001672 0.060677 0.019307 0.066511 0.059228 0.020724 0.111728 0.053249 0.020922 0.034416 
-0.000000 -0.000000 -0.000000 0.000006 -0.000000 -0.000000 -0.000000 -0.000000 -0.000000 -0.000000 -0.000000 -0.000000 -0.000000 -0.000000 0.000089 0.000016 0.000035 0.000031 0.000003 0.000020 0.000726 0.000099 0.000258 0.000187 0.000360 0.000167 -0.000000 0.001067 0.000933 0.000283 0.000008 0.000480 0.000435 0.001263 0.001829 0.004175 0.000500 0.000111 0.002560 0.000480 0.000306 0.002850 0.013676 0.002037 0.065969 0.002520 0.013652 0.003327 0.011813 0.002239 0.011378 0.008055 0.005113 0.072841 0.004761 0.005672 0.003895 0.035453 0.048894 0.003126 0.012920 0.022991 0.002769 0.005888 0.086246 0.005086 0.005779 0.003286 0.784821 0.132424 0.162553 0.014932 0.039053 0.146535 0.287091 
0.000220 -0.000000 0.000032 0.000029 0.001445 -0.000000 -0.000000 -0.000000 -0.000000 0.000136 0.000466 -0.000000 -0.000000 -0.000000 0.001239 0.000032 0.000213 -0.000000 0.000030 -0.000000 0.016311 -0.000000 0.000737 -0.000000 0.000257 0.000278 -0.000000 0.002971 0.006482 -0.000000 -0.000000 0.000480 0.000140 0.000361 0.030182 0.001701 0.000200 0.000278 0.000477 0.000085 0.000072 0.040836 0.009139 0.000065 0.020314 0.016050 0.137812 0.000754 0.016653 0.000183 0.013180 0.000740 0.020692 0.008244 0.000148 0.250580 0.095392 0.081418 0.019226 0.000050 0.000403 0.001203 0.000118 0.000103 0.007059 0.454382 0.000222 0.000075 0.029171 0.001894 0.001705 0.000065 0.000817 0.132768 0.077072 
0.000303 0.000163 0.000389 0.000035 0.001445 0.000330 0.000200 0.000813 0.000142 0.001772 0.001456 0.001297 0.000011 0.005876 0.001682 0.000716 0.001277 0.000397 0.000074 0.000635 0.003368 0.002482 0.002802 0.001961 0.004423 0.002362 0.001277 0.007161 0.004057 0.013730 0.000172 0.002987 0.002625 0.037702 0.004817 0.015849 0.012849 0.000271 0.011671 0.006828 0.002810 0.005079 0.016982 0.013353 0.078535 0.003847 0.015744 0.006075 0.012193 0.013547 0.007935 0.030616 0.003066 0.103220 0.034691 0.003472 0.002070 0.011653 0.014900 0.018654 0.042242 0.016096 0.004188 0.027172 0.029144 0.002752 0.029338 0.009207 0.067786 0.053964 0.020557 0.057844 0.053604 0.024332 0.041879 
-0.000000 -0.000000 -0.000000 -0.000000 -0.000000 -0.000000 -0.000000 -0.000000 -0.000000 -0.000000 -0.000000 -0.000000 -0.000000 -0.000000 -0.000000 0.000016 -0.000000 -0.000000 -0.000000 0.000020 0.000132 -0.000000 -0.000000 -0.000000 0.000051 -0.000000 0.000039 0.000305 0.000047 -0.000000 -0.000000 0.000125 0.000031 -0.000000 0.000671 0.001160 0.000300 0.000029 0.000477 0.000141 0.000072 0.000829 0.004148 0.000194 0.021152 0.000796 0.004683 0.000846 0.003321 0.000411 0.003900 0.001973 0.002242 0.020892 0.003506 0.003265 0.002805 0.019884 0.023093 0.002117 0.007194 0.009491 0.001459 0.004840 0.035234 0.002264 0.012891 0.003110 0.384879 0.137424 0.240402 0.025319 0.069735 0.116088 0.304610 
0.000110 -0.000000 0.000032 0.000012 0.001112 0.000037 -0.000000 0.000026 0.000005 0.000273 0.000349 -0.000000 -0.000000 -0.000000 0.001859 0.000127 0.000035 0.000020 0.000029 -0.000000 0.013142 -0.000000 0.000774 -0.000000 0.000309 0.000195 0.000077 0.002057 0.005549 -0.000000 -0.000000 0.000334 0.000109 0.000180 0.022804 0.001160 0.000050 0.000176 0.000347 -0.000000 0.000081 0.029021 0.004083 0.000032 0.009843 0.008622 0.065667 0.000290 0.008919 0.000183 0.006348 0.000288 0.008739 0.004517 0.000074 0.129002 0.037394 0.033634 0.008280 0.000101 0.000432 0.000991 0.000055 0.000086 0.002946 0.371992 0.000222 0.000047 0.012314 0.000877 0.000913 0.000260 0.000362 0.046044 0.033120 
0.000248 -0.000000 0.000097 0.000063 0.001668 0.000018 -0.000000 -0.000000 0.000009 0.000545 0.000757 0.000100 0.000001 0.000518 0.001726 0.000111 0.000638 0.000010 0.000059 0.000030 0.016311 0.000149 0.002101 0.000047 0.001697 0.000973 0.000039 0.007237 0.010446 0.000283 0.000011 0.001755 0.000808 0.001263 0.032620 0.007808 0.001300 0.000580 0.002473 0.000141 0.000333 0.042857 0.024371 0.001164 0.047749 0.024207 0.148872 0.002064 0.038809 0.000937 0.024853 0.002877 0.028207 0.027668 0.001144 0.129381 0.069233 0.112832 0.037687 0.000454 0.002417 0.004656 0.000320 0.000721 0.014849 0.138791 0.000667 0.000282 0.060533 0.006253 0.004458 0.001883 0.002181 0.251643 0.164667 
0.000110 -0.000000 -0.000000 0.000012 -0.000000 -0.000000 -0.000000 -0.000000 -0.000000 -0.000000 -0.000000 -0.000000 -0.000000 -0.000000 0.000443 -0.000000 0.000106 0.000010 0.000008 -0.000000 0.006340 -0.000000 0.000295 -0.000000 0.000103 0.000222 -0.000000 0.001600 0.002425 -0.000000 -0.000000 0.000272 0.000078 -0.000000 0.013597 0.001933 -0.000000 0.000165 0.000738 -0.000000 0.000045 0.023113 0.012899 0.000162 0.036650 0.013485 0.118480 0.001043 0.020496 0.000160 0.020523 0.000740 0.033332 0.014455 0.000185 0.114325 0.082701 0.195575 0.057022 0.000101 0.001036 0.002974 0.000158 0.000189 0.017340 0.140603 0.000889 0.000122 0.101261 0.004234 0.005599 0.000909 0.001626 0.689834 0.307979 
0.000083 -0.000000 0.000065 0.000017 0.000222 0.000018 -0.000000 -0.000000 0.000009 0.000136 0.000699 -0.000000 0.000001 0.000691 0.000398 0.000048 0.000319 0.000020 0.000018 0.000020 0.002972 0.000050 0.001106 0.000047 0.001646 0.000667 0.000039 0.002971 0.003404 0.000566 0.000017 0.001337 0.001103 0.004690 0.008170 0.008195 0.001450 0.000321 0.004208 0.000790 0.000703 0.010054 0.024566 0.002587 0.078744 0.008909 0.039759 0.003988 0.026378 0.002513 0.020496 0.009164 0.011072 0.065049 0.005056 0.017599 0.011902 0.066559 0.059621 0.002571 0.011481 0.015327 0.001667 0.004532 0.051190 0.012994 0.004001 0.001932 0.341920 0.046068 0.040657 0.009349 0.020178 0.434864 0.837482 
0.000248 0.000081 0.000162 0.000046 0.001668 0.000348 0.000257 0.000577 0.000128 0.001431 0.000990 0.000898 0.000008 0.003456 0.000575 0.000462 0.000745 0.000316 0.000039 0.000423 0.001189 0.001936 0.001548 0.001915 0.003343 0.001417 0.000774 0.003657 0.002285 0.007785 0.000131 0.001901 0.001491 0.026337 0.002317 0.009818 0.008100 0.000151 0.007072 0.004317 0.001648 0.002591 0.010111 0.009473 0.046074 0.001923 0.006477 0.003536 0.006310 0.008749 0.004250 0.018575 0.001407 0.057256 0.029155 0.001719 0.001130 0.005118 0.007253 0.018654 0.025466 0.007764 0.002315 0.023705 0.013425 0.000766 0.040673 0.004722 0.025624 0.018007 0.007459 0.123998 0.014836 0.009400 0.016690 
-0.000000 -0.000000 0.000032 -0.000000 0.000334 -0.000000 -0.000000 -0.000000 -0.000000 -0.000000 0.000116 -0.000000 -0.000000 -0.000000 0.000398 -0.000000 0.000071 -0.000000 0.000008 -0.000000 0.004557 -0.000000 0.000479 -0.000000 0.000206 0.000278 -0.000000 0.000990 0.002845 -0.000000 0.000001 0.000418 0.000233 -0.000000 0.010487 0.002242 -0.000000 0.000178 0.000347 0.000028 0.000099 0.020936 0.012445 0.000226 0.035602 0.013242 0.099846 0.000870 0.021729 0.000320 0.018586 0.001068 0.025599 0.016488 0.000221 0.090573 0.060694 0.160955 0.052674 0.000151 0.000834 0.003698 0.000198 0.000240 0.017162 0.101829 0.000222 0.000162 0.107119 0.005598 0.006136 0.000584 0.002197 0.781756 0.365459 
0.000275 -0.000000 0.000292 0.000063 0.002112 0.000220 0.000228 0.000551 0.000156 0.002386 0.001922 0.000798 0.000013 0.007259 0.001417 0.000796 0.001560 0.000377 0.000053 0.000584 0.003104 0.002134 0.002654 0.001494 0.003549 0.002306 0.001083 0.006171 0.003544 0.009484 0.000144 0.002402 0.002283 0.026878 0.004878 0.013297 0.009450 0.000240 0.009458 0.004458 0.002207 0.004405 0.011991 0.009247 0.057802 0.002830 0.012556 0.004649 0.009394 0.010097 0.006644 0.021082 0.002368 0.068888 0.023250 0.002509 0.001593 0.008077 0.010246 0.013965 0.025466 0.010181 0.002584 0.017096 0.017182 0.001881 0.022670 0.004862 0.042800 0.031055 0.011829 0.046418 0.025811 0.018177 0.028040 
0.000496 0.000081 0.000227 0.000086 0.002112 0.000330 0.000228 0.000735 0.000151 0.002999 0.002155 0.000399 0.000015 0.009332 0.002435 0.000971 0.002163 0.000580 0.000080 0.000433 0.003764 0.002432 0.003355 0.001868 0.004732 0.002167 0.000929 0.007923 0.004663 0.008493 0.000157 0.003217 0.002780 0.026878 0.006402 0.015462 0.008350 0.000339 0.010282 0.004627 0.002342 0.007462 0.016464 0.010282 0.067854 0.004245 0.019531 0.005148 0.013664 0.009755 0.008822 0.021781 0.003409 0.077020 0.016976 0.004778 0.002778 0.013102 0.014681 0.008369 0.022991 0.011819 0.002346 0.012256 0.023984 0.002543 0.011113 0.003692 0.070416 0.045692 0.023041 0.027461 0.032540 0.035438 0.051779 
0.000165 -0.000000 -0.000000 0.000023 0.000889 -0.000000 -0.000000 0.000026 0.000005 0.000204 0.000349 -0.000000 -0.000000 0.000173 0.001594 0.000032 0.000106 -0.000000 0.000015 -0.000000 0.010896 -0.000000 0.000848 -0.000000 0.000360 0.000222 -0.000000 0.002742 0.004383 -0.000000 0.000003 0.000376 0.000171 0.000361 0.018963 0.001314 0.000100 0.000187 0.000651 0.000056 0.000099 0.026637 0.008361 0.000162 0.018220 0.010678 0.092472 0.000475 0.013996 0.000274 0.010409 0.000616 0.014767 0.008131 0.000148 0.149317 0.058638 0.058112 0.015293 0.000050 0.000576 0.001214 0.000082 0.000137 0.004726 0.285526 -0.000000 0.000069 0.025226 0.001657 0.001544 0.000130 0.000732 0.110432 0.062456 
0.000028 -0.000000 -0.000000 0.000006 0.000334 -0.000000 -0.000000 -0.000000 0.000005 0.000068 0.000058 -0.000000 -0.000000 -0.000000 0.000177 0.000016 0.000071 -0.000000 0.000009 -0.000000 0.002443 -0.000000 0.000147 -0.000000 0.000206 0.000056 -0.000000 0.001219 0.002425 -0.000000 0.000001 0.000292 0.000171 0.000180 0.007926 0.002242 0.000200 0.000129 0.000521 0.000113 0.000135 0.010779 0.011732 0.000194 0.034974 0.008467 0.058692 0.001032 0.016083 0.000411 0.013610 0.001726 0.015156 0.014229 0.000258 0.043207 0.028693 0.089248 0.039915 0.000504 0.001209 0.003631 0.000229 0.000446 0.015086 0.041352 -0.000000 0.000258 0.099826 0.007130 0.007868 0.001104 0.002744 1.300972 0.601963 
0.000028 0.000081 0.000032 0.000017 0.000334 -0.000000 0.000057 0.000105 0.000023 0.000409 0.000291 0.000100 0.000007 0.001555 0.000044 0.000175 0.000142 0.000092 0.000014 0.000141 0.000264 0.001142 0.000295 0.000700 0.000514 0.000306 0.000232 0.000762 0.000699 0.002548 0.000045 0.000460 0.000513 0.009020 0.000732 0.003402 0.002600 0.000023 0.002082 0.002737 0.000820 0.000570 0.003176 0.004527 0.014869 0.000575 0.001295 0.001391 0.001945 0.004889 0.000995 0.009863 0.000343 0.028346 0.021184 0.000584 0.000300 0.001696 0.002949 0.017948 0.016258 0.004177 0.001465 0.021164 0.006248 0.000488 0.052898 0.003796 0.013350 0.011628 0.004585 0.290325 0.010991 0.005657 0.009796 
0.000083 -0.000000 0.000032 -0.000000 0.000111 -0.000000 -0.000000 0.000026 -0.000000 -0.000000 0.000058 -0.000000 -0.000000 -0.000000 0.000133 -0.000000 0.000035 -0.000000 -0.000000 -0.000000 0.003632 -0.000000 0.000332 -0.000000 0.000051 0.000167 -0.000000 0.001067 0.001259 -0.000000 -0.000000 0.000167 0.000124 -0.000000 0.007683 0.001005 0.000050 0.000079 0.000477 0.000028 0.000054 0.013215 0.006417 -0.000000 0.021571 0.007958 0.065867 0.000800 0.011197 0.000160 0.012400 0.000411 0.019171 0.008131 0.000074 0.074693 0.049473 0.115976 0.037643 0.000101 0.000403 0.002094 0.000103 0.000172 0.011488 0.089845 0.000445 0.000106 0.076952 0.003078 0.004699 0.000974 0.001611 0.780758 0.361831 
