# Flux Network Reconstruction using RW method
# Walkers leave from emitting cells
# Probability involves emitting fluxes, then absorbing flux is shared among connections
# Seed: 1684539231
# Threshold: 0.5
# Precision: 100000.0
# Dt: 1.0
# Radius step: 3.000000
# Matrix output


0.000939 0.000135 0.002139 0.022490 0.021635 0.001174 0.007004 0.013890 0.013482 0.000101 0.000383 0.006179 0.011723 0.004288 0.009875 0.000521 0.004073 0.001347 0.000962 0.000018 0.000124 0.000078 0.000200 0.000052 0.000401 0.000411 0.000128 0.000663 0.000059 0.000042 0.000083 -0.000000 -0.000000 0.000001 -0.000000 -0.000000 -0.000000 -0.000000 0.000004 0.000050 0.000028 0.000013 -0.000000 0.000019 -0.000000 -0.000000 0.000018 0.000102 -0.000000 0.000031 -0.000000 -0.000000 -0.000000 -0.000000 -0.000000 -0.000000 -0.000000 -0.000000 -0.000000 -0.000000 -0.000000 -0.000000 -0.000000 -0.000000 -0.000000 -0.000000 -0.000000 -0.000000 
0.029574 0.002659 0.034762 0.097074 0.008752 0.015500 0.043070 0.104570 0.004841 0.000638 0.004526 0.005503 0.029240 0.002974 0.005852 0.006043 0.019383 0.002250 0.006238 0.000736 0.002303 0.000070 0.001372 0.000142 0.000294 0.000356 0.000411 0.000663 0.001249 0.000417 0.000207 0.000453 0.000096 0.000008 0.000070 0.000082 0.000012 -0.000000 0.000008 0.000050 0.000057 0.000026 -0.000000 -0.000000 0.000053 -0.000000 -0.000000 0.000102 -0.000000 -0.000000 -0.000000 -0.000000 0.000003 -0.000000 -0.000000 -0.000000 -0.000000 0.000033 -0.000000 -0.000000 -0.000000 -0.000000 -0.000000 -0.000000 -0.000000 -0.000000 -0.000000 -0.000000 
0.007176 0.411423 0.135786 0.000384 0.000033 0.106714 0.000764 0.005757 -0.000000 0.036864 0.011029 0.000094 0.000404 -0.000000 -0.000000 0.003152 0.001282 -0.000000 0.000962 0.001279 0.023279 0.000001 0.000599 0.000011 0.000013 -0.000000 0.000488 -0.000000 0.005173 0.006665 0.000021 -0.000000 -0.000000 0.000007 0.001929 0.000027 0.000024 0.000060 -0.000000 0.000050 0.000397 -0.000000 0.000102 -0.000000 0.000526 -0.000000 0.000073 -0.000000 0.000050 -0.000000 0.000376 0.000195 -0.000000 -0.000000 0.000047 -0.000000 -0.000000 -0.000000 0.000011 0.000466 -0.000000 -0.000000 -0.000000 -0.000000 -0.000000 -0.000000 0.000033 0.000003 
0.001174 0.417549 0.027596 0.000048 -0.000000 0.079753 0.000184 0.001943 -0.000000 0.276410 0.020251 0.000019 0.000067 -0.000000 -0.000000 0.001612 0.000603 -0.000000 0.000467 0.002024 0.080356 -0.000000 0.000249 -0.000000 -0.000000 -0.000000 0.000437 -0.000000 0.011536 0.020455 -0.000000 -0.000000 -0.000000 0.000009 0.006419 0.000082 0.000012 0.000030 -0.000000 0.000050 0.000880 -0.000000 0.000178 -0.000000 0.001894 -0.000000 0.000092 -0.000000 0.000050 -0.000000 0.001535 0.000347 -0.000000 -0.000000 -0.000000 -0.000000 0.000032 -0.000000 0.000018 0.001341 -0.000000 -0.000000 -0.000000 -0.000000 -0.000000 -0.000000 0.000033 -0.000000 
0.020219 0.001952 0.024334 0.348990 0.053977 0.010145 0.073164 0.117165 0.022124 0.000269 0.003528 0.021072 0.053022 0.010484 0.016458 0.004195 0.018478 0.005375 0.004479 0.000285 0.001992 0.000154 0.000723 0.000125 0.000628 0.000740 0.000283 0.001326 0.000416 0.000167 0.000145 0.000302 0.000096 0.000002 -0.000000 0.000027 0.000012 -0.000000 0.000004 0.000050 -0.000000 0.000013 -0.000000 0.000010 0.000053 -0.000000 -0.000000 -0.000000 -0.000000 -0.000000 -0.000000 -0.000000 -0.000000 -0.000000 -0.000000 -0.000000 -0.000000 -0.000000 -0.000000 -0.000000 -0.000000 -0.000000 -0.000000 -0.000000 -0.000000 -0.000000 -0.000000 -0.000000 
0.183481 0.022449 0.201888 0.075159 0.005175 0.086470 0.072485 0.299965 0.005201 0.004130 0.025309 0.008958 0.068114 0.004189 0.007559 0.027088 0.066295 0.005847 0.025335 0.003422 0.019544 0.000211 0.007883 0.000741 0.001429 0.001370 0.004548 0.002071 0.008027 0.003708 0.001406 0.003625 0.000769 0.000035 0.000772 0.000411 0.000134 0.000449 0.000042 0.000898 0.000284 0.000051 0.000229 0.000048 0.000316 0.000013 0.000146 0.000205 0.000067 0.000124 0.000232 0.000195 0.000003 0.000055 0.000047 0.000194 0.000063 0.000100 0.000004 0.000292 0.000026 -0.000000 -0.000000 0.000009 -0.000000 0.000002 -0.000000 -0.000000 
0.010059 0.266462 0.187127 0.003453 0.000495 0.184964 0.005589 0.041814 0.001080 0.033171 0.032151 0.001803 0.017113 0.001190 0.002316 0.019718 0.026850 0.002361 0.013684 0.007470 0.059691 0.000145 0.010901 0.000613 0.001055 0.001287 0.010072 0.002320 0.029790 0.018955 0.001820 0.006797 0.002242 0.000123 0.006910 0.002935 0.001095 0.002903 0.000220 0.003441 0.003974 0.000728 0.002847 0.000288 0.006523 0.000242 0.001867 0.003074 0.001262 0.000621 0.002143 0.001408 0.000034 0.000545 0.002727 0.001086 0.000758 0.000200 0.000136 0.001574 0.000181 0.000347 0.000046 0.000103 0.000054 0.000023 0.000561 0.000044 
0.066056 0.022012 0.130385 0.098497 0.009207 0.071957 0.099439 0.349336 0.010562 0.006782 0.027200 0.016189 0.109548 0.009517 0.021456 0.030050 0.103252 0.011792 0.033798 0.005088 0.024711 0.000557 0.013919 0.001360 0.003593 0.004437 0.008093 0.005219 0.013319 0.004916 0.003371 0.014047 0.002882 0.000075 0.001684 0.001728 0.000450 0.001047 0.000190 0.001695 0.000965 0.000613 0.000788 0.000211 0.001315 0.000081 0.000384 0.002049 0.000269 0.000590 0.000290 0.000108 0.000011 0.000245 0.000517 0.000271 0.000221 0.000100 0.000025 0.000292 0.000078 0.000096 0.000137 0.000026 0.000012 0.000018 0.000066 0.000007 
0.008584 0.002928 0.019146 0.205369 0.088159 0.011085 0.071976 0.153437 0.056050 0.001108 0.004484 0.049167 0.127603 0.033361 0.070465 0.007181 0.056943 0.016125 0.012475 0.000948 0.004544 0.000805 0.003417 0.000896 0.004168 0.005670 0.002210 0.009279 0.002676 0.000958 0.002419 0.009365 0.001473 0.000024 0.000351 0.000247 0.000122 0.000209 0.000118 0.000499 0.000085 0.000281 0.000254 0.000154 0.000158 0.000024 0.000055 0.001127 0.000017 0.000186 0.000116 0.000022 0.000009 0.000191 0.000094 0.000233 0.000032 0.000067 -0.000000 -0.000000 -0.000000 -0.000000 0.000046 -0.000000 -0.000000 -0.000000 -0.000000 -0.000000 
0.000369 0.000067 0.000802 0.010774 0.026143 0.000564 0.005065 0.011227 0.090496 0.000067 0.000191 0.015907 0.015630 0.020373 0.049130 0.000403 0.006411 0.002972 0.000769 0.000055 0.000249 0.000167 0.000125 0.000101 0.000895 0.001479 0.000206 0.003894 0.000059 0.000083 0.000269 0.002266 0.000160 0.000001 -0.000000 -0.000000 0.000012 -0.000000 0.000013 0.000050 0.000028 0.000026 -0.000000 0.000010 -0.000000 -0.000000 0.000018 0.000102 -0.000000 0.000031 -0.000000 -0.000000 -0.000000 -0.000000 -0.000000 -0.000000 -0.000000 0.000067 -0.000000 -0.000000 -0.000000 -0.000000 0.000046 -0.000000 -0.000000 -0.000000 -0.000000 -0.000000 
0.000503 0.000101 0.000642 0.023897 0.082364 0.000892 0.010626 0.020439 0.347703 0.000067 0.000234 0.042726 0.035438 0.056535 0.122887 0.000332 0.008749 0.005445 0.001264 0.000064 -0.000000 0.000308 0.000075 0.000082 0.001376 0.001780 0.000128 0.005302 -0.000000 0.000042 0.000372 0.000604 0.000128 0.000001 -0.000000 -0.000000 -0.000000 -0.000000 0.000021 0.000050 -0.000000 -0.000000 -0.000000 0.000010 -0.000000 0.000003 -0.000000 -0.000000 -0.000000 -0.000000 -0.000000 -0.000000 0.000003 -0.000000 -0.000000 -0.000000 -0.000000 -0.000000 -0.000000 -0.000000 -0.000000 -0.000000 -0.000000 -0.000000 -0.000000 -0.000000 -0.000000 -0.000000 
0.020119 0.519193 0.474691 0.006074 0.000515 0.812377 0.008985 0.075855 0.000800 0.070101 0.087699 0.001653 0.023917 0.001016 0.001951 0.040099 0.034166 0.002320 0.019757 0.015217 0.137371 0.000121 0.017312 0.000599 0.000695 0.001041 0.014825 0.000828 0.048402 0.032744 0.001510 0.006193 0.001729 0.000160 0.009997 0.002743 0.000645 0.001885 0.000089 0.002393 0.004088 0.000562 0.002186 0.000106 0.007049 0.000199 0.001702 0.001844 0.000707 0.000248 0.002374 0.001624 0.000011 0.000136 0.002022 0.000310 0.000411 -0.000000 0.000136 0.002390 0.000026 0.000231 -0.000000 0.000026 0.000012 0.000009 0.000264 0.000017 
0.000469 0.000034 0.001230 0.011877 0.035819 0.000705 0.006523 0.015185 0.328099 0.000034 0.000149 0.029185 0.024658 0.043176 0.114841 0.000545 0.006712 0.003875 0.000962 0.000046 0.000124 0.000322 0.000324 0.000131 0.001443 0.002602 -0.000000 0.005717 0.000059 0.000042 0.000352 0.002115 0.000160 -0.000000 -0.000000 -0.000000 -0.000000 -0.000000 0.000013 -0.000000 -0.000000 0.000038 -0.000000 0.000019 -0.000000 0.000003 -0.000000 -0.000000 -0.000000 0.000031 -0.000000 -0.000000 -0.000000 -0.000000 -0.000000 -0.000000 -0.000000 -0.000000 -0.000000 -0.000000 -0.000000 -0.000000 -0.000000 -0.000000 -0.000000 -0.000000 -0.000000 -0.000000 
0.002280 0.344547 0.057010 0.000400 0.000013 0.189238 0.000580 0.008564 -0.000000 1.109769 0.066683 0.000094 0.000943 0.000050 -0.000000 0.011755 0.003092 0.000028 0.002638 0.012411 0.318873 0.000001 0.003866 0.000033 -0.000000 -0.000000 0.005987 -0.000000 0.073792 0.109022 0.000165 0.000453 0.000160 0.000084 0.039040 0.001618 0.000158 0.000509 0.000017 0.000549 0.006699 0.000115 0.001805 0.000010 0.011468 0.000044 0.001171 0.000102 0.000539 -0.000000 0.007297 0.002946 -0.000000 -0.000000 0.000705 -0.000000 0.000095 -0.000000 0.000133 0.007521 -0.000000 0.000039 -0.000000 0.000009 -0.000000 0.000002 0.000165 0.000007 
0.012507 0.307019 0.245795 0.004460 0.000495 0.614872 0.007867 0.083915 0.000680 0.174985 0.287832 0.001371 0.022166 0.000520 0.001219 0.082236 0.044951 0.002014 0.031985 0.047481 0.512575 0.000100 0.034000 0.000842 0.000548 0.000685 0.031526 0.000414 0.138426 0.091983 0.001923 0.007854 0.002145 0.000311 0.026553 0.004032 0.001229 0.003172 0.000089 0.003391 0.009680 0.000715 0.004093 0.000211 0.015623 0.000205 0.002727 0.002151 0.001145 0.000248 0.005096 0.002794 0.000009 0.000136 0.002492 0.000659 0.000411 0.000067 0.000190 0.004314 0.000078 0.000250 -0.000000 -0.000000 0.000016 0.000021 0.000594 0.000010 
0.006807 0.002895 0.018611 0.097586 0.052333 0.013950 0.095803 0.303852 0.116621 0.000671 0.006673 0.291380 0.540327 0.126231 0.232486 0.012347 0.180332 0.082266 0.031902 0.001840 0.007594 0.003977 0.007833 0.003261 0.020491 0.026075 0.003931 0.036950 0.005054 0.001083 0.008168 0.029151 0.005284 0.000063 0.000281 0.000795 0.000268 0.000688 0.000258 0.002194 0.000312 0.000664 0.000229 0.000375 0.000316 0.000034 0.000110 0.001742 0.000050 0.000435 0.000029 0.000022 0.000060 0.000382 0.000141 0.000271 0.000126 0.000234 0.000004 0.000058 0.000233 0.000077 0.000182 0.000009 0.000004 -0.000000 -0.000000 0.000003 
0.004828 0.002995 0.014921 0.055051 0.037839 0.010897 0.050668 0.173660 0.140905 0.001377 0.006503 0.335401 0.323792 0.166135 0.333063 0.011304 0.139755 0.065877 0.025555 0.001408 0.006660 0.004318 0.008132 0.003251 0.025020 0.037305 0.004856 0.053437 0.005708 0.001458 0.009988 0.050298 0.006821 0.000079 0.000351 0.000878 0.000596 0.001436 0.000439 0.003241 0.000539 0.001085 0.000458 0.000500 0.000316 0.000118 0.000183 0.003483 0.000135 0.001305 0.000087 0.000043 0.000086 0.000464 0.000141 0.000349 0.000190 0.000367 0.000004 0.000117 0.000337 0.000231 0.000091 0.000043 0.000012 0.000002 0.000033 0.000007 
0.001341 0.003500 0.009733 0.005563 0.001333 0.012212 0.008320 0.064916 0.004681 0.002954 0.007416 0.008395 0.089875 0.007014 0.017068 0.010996 0.082285 0.011320 0.020197 0.003146 0.017615 0.000665 0.011949 0.001678 0.005504 0.008655 0.008890 0.008119 0.015579 0.006207 0.006245 0.032474 0.006885 0.000227 0.004069 0.005074 0.002360 0.005027 0.000722 0.008976 0.002810 0.002170 0.003254 0.001403 0.004208 0.000535 0.002434 0.013728 0.001397 0.003417 0.000956 0.001343 0.000157 0.002400 0.004514 0.004110 0.002876 0.001436 0.000169 0.001458 0.001476 0.001232 0.000728 0.000274 0.000152 0.000080 0.001056 0.000099 
0.003252 0.004375 0.017702 0.027397 0.012844 0.014607 0.030760 0.150127 0.057610 0.002787 0.010158 0.191824 0.301761 0.087739 0.218344 0.018699 0.172564 0.080266 0.038168 0.003928 0.017553 0.005770 0.017761 0.005629 0.036107 0.049302 0.013412 0.060314 0.016352 0.006041 0.021754 0.102861 0.019694 0.000231 0.002350 0.004580 0.002323 0.004698 0.001280 0.009075 0.002328 0.002643 0.002288 0.002085 0.002525 0.000421 0.001098 0.012601 0.000909 0.004815 0.000695 0.000498 0.000280 0.002590 0.001458 0.003334 0.002275 0.001870 0.000090 0.000466 0.001217 0.000732 0.000774 0.000266 0.000097 0.000064 0.000858 0.000061 
0.000436 0.028810 0.009519 0.000112 0.000013 0.022498 0.000212 0.002807 -0.000000 0.263283 0.012899 0.000056 0.000943 0.000025 0.000122 0.004076 0.002187 0.000097 0.001566 0.004618 0.090938 0.000003 0.003243 0.000049 0.000040 0.000110 0.005781 -0.000000 0.053753 0.099940 0.000310 0.000453 0.000448 0.000169 0.080606 0.003894 0.000633 0.001676 0.000042 0.001546 0.017543 0.000294 0.005491 0.000086 0.043714 0.000155 0.004264 0.000615 0.002996 0.000062 0.027768 0.013580 -0.000000 0.000109 0.004608 0.000388 0.000600 -0.000000 0.001130 0.028569 0.000104 0.000231 -0.000000 0.000043 0.000016 0.000018 0.001814 0.000072 
0.000134 0.000034 0.000321 0.001566 0.002363 0.000188 0.001627 0.005398 0.072533 0.000067 0.000128 0.038913 0.019134 0.183633 2.895163 0.000071 0.007467 0.010098 0.001127 0.000055 0.000124 0.002367 0.000499 0.000444 0.023404 0.076665 0.000257 0.472568 0.000178 0.000042 0.005687 0.038667 0.003587 0.000004 0.000035 0.000027 0.000036 0.000090 0.000283 0.000499 0.000057 0.000166 0.000076 0.000307 -0.000000 0.000003 -0.000000 0.000922 -0.000000 0.000311 -0.000000 -0.000000 0.000086 0.000218 -0.000000 0.000039 0.000063 0.000334 -0.000000 -0.000000 0.000052 -0.000000 0.000228 0.000009 -0.000000 -0.000000 -0.000000 -0.000000 
0.004057 0.074348 0.060486 0.002542 0.000356 0.119912 0.003891 0.039295 0.000560 0.139833 0.107887 0.001822 0.019673 0.000942 0.001707 0.061357 0.041406 0.003097 0.028880 0.062293 1.373215 0.000199 0.055154 0.001357 0.001269 0.002109 0.076849 0.002403 0.418133 0.245413 0.004425 0.021297 0.006469 0.001091 0.063068 0.019939 0.006301 0.013675 0.000515 0.016256 0.030572 0.002898 0.017285 0.000903 0.041294 0.000946 0.010633 0.008503 0.006498 0.001615 0.012422 0.009313 0.000051 0.000791 0.012930 0.003334 0.003855 0.000334 0.000800 0.011078 0.000544 0.001290 0.000273 0.000154 0.000109 0.000085 0.003101 0.000181 
0.005130 0.012689 0.037757 0.009447 0.002290 0.040581 0.017248 0.189422 0.006001 0.010475 0.044646 0.018236 0.220577 0.010385 0.025114 0.123899 0.686861 0.040015 0.399097 0.022724 0.078987 0.002591 0.192950 0.025599 0.020825 0.027993 0.106680 0.024192 0.092819 0.027578 0.048263 0.190919 0.046240 0.001253 0.007752 0.017361 0.008551 0.017087 0.002767 0.034307 0.007153 0.009932 0.007855 0.004333 0.006470 0.001151 0.003459 0.031452 0.002070 0.007393 0.001622 0.001538 0.000411 0.003845 0.004514 0.005738 0.004013 0.002070 0.000090 0.001691 0.001398 0.001271 0.000956 0.000309 0.000101 0.000073 0.000561 0.000082 
0.003789 0.024637 0.046849 0.003900 0.000574 0.070735 0.007089 0.086003 0.001200 0.027597 0.112328 0.004207 0.054639 0.002057 0.005242 0.228696 0.139228 0.007847 0.115409 0.133842 0.323043 0.000561 0.358461 0.005300 0.004649 0.007231 0.280034 0.005302 0.295226 0.075569 0.014930 0.060871 0.017900 0.001548 0.017784 0.020021 0.007493 0.018523 0.001107 0.025481 0.013398 0.005770 0.010880 0.001739 0.012572 0.001077 0.006112 0.016699 0.002828 0.003199 0.003417 0.002577 0.000134 0.001636 0.006536 0.003800 0.002686 0.000534 0.000194 0.002682 0.000751 0.000963 0.000364 0.000146 0.000066 0.000055 0.000990 0.000089 
0.000369 0.000303 0.001979 0.004428 0.003267 0.001597 0.004358 0.022670 0.050409 0.000369 0.000829 0.052698 0.047430 0.131312 0.860942 0.002725 0.030093 0.020834 0.006595 0.000368 0.001805 0.004299 0.003143 0.002101 0.050120 0.152344 0.002878 0.742653 0.001724 0.000625 0.019706 0.126423 0.016107 0.000056 0.000351 0.000768 0.000511 0.000987 0.001094 0.002294 0.000341 0.001277 0.000483 0.001662 0.000158 0.000084 0.000146 0.008503 0.000050 0.002485 0.000029 0.000065 0.000409 0.001991 0.000282 0.000737 0.000348 0.002270 0.000004 0.000058 0.000751 0.000154 0.000956 0.000077 0.000031 0.000011 0.000033 0.000007 
0.001945 0.039244 0.029842 0.001311 0.000224 0.047439 0.001924 0.016121 0.000520 0.213896 0.031599 0.001033 0.008422 0.000545 0.002438 0.019955 0.020816 0.001528 0.012173 0.015741 0.204656 0.000108 0.021378 0.000706 0.001042 0.001205 0.032220 0.001823 0.163995 0.214460 0.003246 0.018880 0.004387 0.000745 0.127188 0.018951 0.006021 0.015142 0.000448 0.016505 0.049506 0.002617 0.021479 0.001057 0.095002 0.001266 0.017642 0.010962 0.013988 0.002205 0.037497 0.025146 0.000083 0.001336 0.029998 0.005079 0.005499 0.000901 0.002501 0.035973 0.000984 0.002426 0.000364 0.000403 0.000198 0.000262 0.008246 0.000545 
0.003051 0.006967 0.020109 0.010582 0.004059 0.019163 0.015988 0.115510 0.016243 0.004734 0.015555 0.040735 0.239307 0.031651 0.092287 0.032586 0.287732 0.078224 0.074467 0.008142 0.037284 0.007651 0.044477 0.020700 0.064908 0.086114 0.033453 0.075641 0.042277 0.014997 0.068962 0.310999 0.059594 0.000757 0.006033 0.012918 0.006788 0.013735 0.003708 0.032112 0.005110 0.009089 0.007550 0.006004 0.005523 0.001377 0.003514 0.040365 0.002373 0.013015 0.001824 0.001581 0.000706 0.007662 0.006583 0.010003 0.005941 0.005910 0.000205 0.002099 0.003729 0.002503 0.003096 0.000677 0.000307 0.000168 0.001352 0.000153 
0.003051 0.039042 0.049362 0.003037 0.000548 0.080223 0.005504 0.050522 0.001000 0.065132 0.088252 0.003380 0.031800 0.002156 0.006461 0.082899 0.071122 0.005236 0.047400 0.091374 0.810285 0.000347 0.105468 0.002643 0.003153 0.005040 0.151900 0.004640 0.620243 0.179467 0.010174 0.052714 0.015915 0.001739 0.049809 0.030141 0.010692 0.024897 0.001170 0.031714 0.029494 0.006281 0.024326 0.002133 0.041925 0.001831 0.013945 0.019158 0.008736 0.004287 0.009700 0.008469 0.000134 0.002400 0.017867 0.006087 0.006541 0.001002 0.000908 0.007871 0.001347 0.002176 0.000683 0.000411 0.000148 0.000154 0.002870 0.000300 
0.002481 0.049207 0.036794 0.001678 0.000297 0.062093 0.002419 0.021519 0.000480 0.221887 0.041416 0.000995 0.011251 0.000768 0.002682 0.023818 0.025568 0.001611 0.013904 0.019320 0.296154 0.000129 0.025594 0.000853 0.001349 0.001917 0.039234 0.001077 0.217867 0.298612 0.003288 0.017068 0.006020 0.000938 0.145148 0.021886 0.007189 0.017027 0.000498 0.018998 0.055439 0.003332 0.027504 0.001028 0.102788 0.001360 0.020149 0.012704 0.014796 0.002174 0.035847 0.025904 0.000083 0.001582 0.027082 0.005001 0.005720 0.000868 0.002422 0.032417 0.000958 0.002619 0.000637 0.000429 0.000202 0.000209 0.007520 0.000528 
0.003554 0.029147 0.044656 0.003852 0.000660 0.067119 0.007541 0.068082 0.001280 0.034614 0.088337 0.004132 0.050125 0.002553 0.008900 0.136602 0.117808 0.008042 0.083370 0.110888 0.388088 0.000628 0.235881 0.004575 0.005236 0.008409 0.311534 0.007871 0.422712 0.111229 0.016295 0.080355 0.020750 0.002001 0.031815 0.031348 0.011690 0.025376 0.001537 0.037697 0.020978 0.007276 0.019319 0.002440 0.024671 0.001660 0.009480 0.025100 0.005420 0.005280 0.005299 0.004678 0.000231 0.002809 0.011990 0.005622 0.005878 0.001436 0.000535 0.005306 0.001373 0.001848 0.000683 0.000429 0.000132 0.000145 0.001748 0.000204 
0.000805 0.001481 0.004118 0.005722 0.003069 0.004932 0.006905 0.037640 0.030966 0.001175 0.003549 0.043721 0.071078 0.068085 0.313557 0.006968 0.062826 0.026737 0.014866 0.001831 0.007718 0.004808 0.008631 0.003283 0.056706 0.167710 0.007888 0.461466 0.010287 0.003249 0.033147 0.210706 0.033591 0.000191 0.001368 0.003181 0.001898 0.003800 0.002441 0.009025 0.001476 0.003600 0.001449 0.003583 0.001473 0.000401 0.000897 0.023051 0.000690 0.007082 0.000232 0.000390 0.000660 0.005045 0.001646 0.003838 0.002433 0.004340 0.000072 0.000350 0.001865 0.001020 0.002140 0.000394 0.000121 0.000060 0.000495 0.000072 
0.002146 0.043148 0.037543 0.001582 0.000218 0.072051 0.003113 0.032026 0.000560 0.094408 0.071145 0.001315 0.019807 0.000967 0.002926 0.054460 0.038540 0.002597 0.030364 0.058751 0.890392 0.000188 0.069721 0.001790 0.001977 0.002821 0.120991 0.003065 0.888712 0.359767 0.006845 0.032323 0.011016 0.001870 0.080080 0.031951 0.010145 0.025316 0.000824 0.030068 0.043034 0.005094 0.028877 0.001210 0.059916 0.001572 0.016745 0.015675 0.009342 0.003230 0.013059 0.011111 0.000091 0.002018 0.018854 0.005040 0.004961 0.000768 0.000929 0.011486 0.000570 0.002002 0.000364 0.000283 0.000113 0.000145 0.002804 0.000215 
0.000503 0.001077 0.002888 0.003133 0.001775 0.002442 0.003849 0.021231 0.017323 0.000604 0.002061 0.025786 0.044937 0.038367 0.187379 0.004764 0.043216 0.018459 0.011568 0.001058 0.006536 0.003363 0.006985 0.003054 0.047408 0.178638 0.006655 0.895260 0.007314 0.002541 0.040757 0.287134 0.039868 0.000188 0.000947 0.002852 0.001873 0.003920 0.003502 0.010372 0.000965 0.003919 0.001500 0.004669 0.001420 0.000404 0.001025 0.025613 0.000555 0.008946 0.000319 0.000347 0.000889 0.005535 0.001364 0.004149 0.002654 0.005843 0.000036 0.000350 0.002849 0.001155 0.002003 0.000454 0.000132 0.000060 0.000396 0.000068 
0.002682 0.018410 0.027489 0.004444 0.000990 0.038749 0.006593 0.052465 0.003001 0.026053 0.042628 0.006592 0.052685 0.004585 0.015483 0.055266 0.091938 0.009778 0.052978 0.033212 0.185859 0.000849 0.103173 0.004003 0.007574 0.011312 0.202748 0.013173 0.294037 0.097190 0.020989 0.118116 0.028500 0.002531 0.037637 0.050519 0.019864 0.046233 0.003007 0.068463 0.031396 0.012549 0.032283 0.005687 0.042925 0.003653 0.016050 0.056552 0.012776 0.014754 0.009150 0.010007 0.000572 0.008671 0.030233 0.017874 0.015737 0.005175 0.001173 0.009737 0.004791 0.006277 0.002003 0.001671 0.000653 0.000464 0.007092 0.000610 
0.002045 0.006597 0.014600 0.006170 0.001657 0.019445 0.008942 0.084563 0.006281 0.007990 0.020549 0.017954 0.133397 0.012913 0.036817 0.049887 0.280567 0.037918 0.109474 0.014416 0.056455 0.003900 0.110856 0.032759 0.039620 0.064695 0.094501 0.053769 0.087111 0.028370 0.146630 0.569736 0.149833 0.002195 0.009611 0.030470 0.016105 0.031450 0.008262 0.078686 0.008488 0.023872 0.013193 0.012364 0.008732 0.002697 0.005618 0.079296 0.003501 0.021867 0.001998 0.001733 0.001040 0.011262 0.009404 0.014694 0.009796 0.007078 0.000208 0.001458 0.004972 0.003408 0.002777 0.000814 0.000311 0.000179 0.001682 0.000160 
0.001945 0.015146 0.020483 0.002558 0.000587 0.033724 0.004712 0.044693 0.001600 0.025012 0.036168 0.004827 0.045274 0.003569 0.007680 0.059935 0.106947 0.009056 0.062046 0.036570 0.203474 0.000764 0.158152 0.006463 0.007614 0.013257 0.344165 0.011019 0.444475 0.136558 0.029922 0.153762 0.048034 0.005885 0.042022 0.080193 0.032235 0.068736 0.003544 0.102221 0.035341 0.018766 0.041434 0.006062 0.041031 0.004515 0.019691 0.064441 0.011851 0.013263 0.008397 0.007667 0.000469 0.007335 0.026283 0.014733 0.013051 0.003005 0.000725 0.007230 0.003910 0.005526 0.001411 0.000900 0.000436 0.000335 0.004453 0.000395 
-0.000000 -0.000000 0.000053 0.000048 0.000059 -0.000000 0.000042 0.000504 0.001000 -0.000000 -0.000000 0.002517 0.001819 0.006518 0.043644 -0.000000 0.001282 0.001139 0.000275 -0.000000 -0.000000 0.000410 0.000449 0.000319 0.008442 0.062751 0.000334 1.212321 0.000119 0.000083 0.012862 0.151799 0.009158 0.000013 0.000035 0.000055 0.000036 0.000209 0.001550 0.000349 -0.000000 0.000383 0.000025 0.001412 -0.000000 0.000010 -0.000000 0.001332 -0.000000 0.001646 -0.000000 -0.000000 0.000689 0.002427 -0.000000 0.000116 -0.000000 0.002003 -0.000000 -0.000000 0.000492 -0.000000 0.001184 0.000009 0.000004 -0.000000 -0.000000 -0.000000 
0.000671 0.009289 0.007808 0.000575 0.000092 0.017191 0.000750 0.012954 0.000120 0.025281 0.024416 0.000563 0.011453 0.000446 0.001585 0.036141 0.042387 0.002681 0.031765 0.041106 0.278539 0.000217 0.126671 0.003921 0.002845 0.003862 0.451898 0.002485 1.245719 0.245288 0.018528 0.064345 0.029268 0.008569 0.052755 0.087461 0.022929 0.052577 0.001723 0.064973 0.044482 0.012740 0.051297 0.002728 0.032930 0.002478 0.020973 0.022539 0.006649 0.003386 0.005357 0.004137 0.000080 0.001309 0.012977 0.004769 0.005183 0.000434 0.000291 0.004489 0.000466 0.001271 0.000228 0.000129 0.000047 0.000090 0.001583 0.000157 
0.000671 0.018141 0.011177 0.000496 0.000040 0.025035 0.000806 0.009932 0.000120 0.067583 0.024438 0.000413 0.006131 0.000149 0.000244 0.019481 0.018855 0.001042 0.013547 0.024178 0.330948 0.000101 0.043155 0.001248 0.000975 0.001945 0.105780 0.001740 0.948768 0.937410 0.006907 0.023412 0.009927 0.004302 0.171104 0.079206 0.017297 0.043270 0.000739 0.040091 0.110396 0.006319 0.080300 0.001191 0.103840 0.002740 0.038468 0.014138 0.018365 0.002268 0.016563 0.014035 0.000049 0.001254 0.031173 0.005699 0.006415 0.000300 0.001098 0.014343 0.000596 0.002118 0.000182 0.000300 0.000105 0.000147 0.003562 0.000303 
0.000134 0.000236 0.000909 0.000847 0.000502 0.000564 0.000990 0.006549 0.005001 0.000302 0.000765 0.013128 0.026006 0.019580 0.090824 0.002725 0.029339 0.013820 0.008134 0.000690 0.002179 0.003470 0.007508 0.005000 0.073270 0.367137 0.005961 0.654751 0.004757 0.001291 0.157342 1.504092 0.129851 0.000206 0.000526 0.001892 0.001496 0.002873 0.012633 0.010920 0.000341 0.007123 0.000788 0.013757 0.000210 0.000330 0.000220 0.036370 0.000202 0.020967 -0.000000 0.000022 0.003923 0.014615 0.000423 0.004342 0.001801 0.018430 0.000004 0.000058 0.004920 0.000578 0.005281 0.000360 0.000093 0.000018 0.000099 0.000020 
0.001643 0.010804 0.018451 0.002733 0.000627 0.025786 0.004231 0.038431 0.001840 0.019741 0.027115 0.005446 0.047161 0.003866 0.010728 0.048204 0.111850 0.010750 0.060947 0.026192 0.150754 0.000938 0.133207 0.007332 0.009725 0.016763 0.234402 0.015576 0.318238 0.107272 0.042142 0.211914 0.069104 0.008105 0.036690 0.103286 0.046114 0.098271 0.005478 0.155377 0.031793 0.029744 0.046569 0.009079 0.037296 0.005935 0.020460 0.088927 0.011396 0.019476 0.007239 0.007732 0.000703 0.010444 0.028493 0.020510 0.016970 0.005542 0.000703 0.005714 0.004506 0.006450 0.002458 0.001363 0.000482 0.000413 0.004486 0.000572 
0.000637 0.000875 0.003369 0.001103 0.000310 0.004556 0.001684 0.021159 0.001520 0.002283 0.005100 0.006517 0.046217 0.004982 0.015361 0.016281 0.107852 0.017334 0.045999 0.005134 0.020789 0.002333 0.053782 0.017427 0.030550 0.063107 0.056860 0.053189 0.049056 0.012789 0.423492 1.528410 0.535510 0.002030 0.003473 0.017991 0.013940 0.026423 0.017495 0.088160 0.003293 0.040544 0.006812 0.019425 0.003104 0.002272 0.002288 0.104704 0.001128 0.023824 0.000434 0.000585 0.001349 0.010307 0.003150 0.013376 0.006383 0.006611 0.000061 0.000350 0.002900 0.002041 0.001639 0.000334 0.000097 0.000073 0.000330 0.000065 
0.001509 0.007438 0.010910 0.002318 0.000475 0.015641 0.003679 0.036920 0.001760 0.011348 0.019571 0.005052 0.050327 0.003544 0.012435 0.038606 0.106570 0.011264 0.055397 0.017011 0.084962 0.001160 0.107014 0.008921 0.011969 0.021803 0.152183 0.021209 0.195866 0.067071 0.066233 0.348307 0.120180 0.008523 0.024238 0.104410 0.056381 0.117363 0.009402 0.237104 0.023618 0.054701 0.038511 0.016438 0.023251 0.007965 0.015793 0.151114 0.008652 0.030720 0.004691 0.004938 0.001012 0.016197 0.022475 0.031172 0.021900 0.007980 0.000499 0.004140 0.006940 0.007528 0.003779 0.001534 0.000634 0.000436 0.003529 0.000480 
0.000704 0.017300 0.009733 0.000336 0.000033 0.018694 0.000424 0.006117 -0.000000 0.103507 0.015534 0.000263 0.002897 0.000099 0.000244 0.008911 0.005958 0.000403 0.004314 0.008639 0.149695 0.000034 0.011250 0.000346 0.000240 0.000493 0.024152 0.000331 0.180287 0.420256 0.001365 0.005891 0.003010 0.001016 0.762218 0.026439 0.005595 0.014513 0.000177 0.013364 0.153969 0.001736 0.044255 0.000355 0.329773 0.001236 0.037974 0.006557 0.028482 0.001274 0.094974 0.067815 0.000017 0.000627 0.045749 0.002947 0.005372 0.000134 0.004776 0.070197 0.000492 0.002561 0.000182 0.000249 0.000148 0.000179 0.011149 0.000569 
0.000436 0.014069 0.007808 0.000144 0.000020 0.016392 0.000156 0.004030 0.000080 0.080207 0.013196 0.000075 0.002358 0.000074 0.000244 0.007347 0.006260 0.000319 0.003957 0.008446 0.149882 0.000027 0.012123 0.000365 0.000347 0.000274 0.029702 0.000414 0.232851 0.592391 0.002192 0.006797 0.003362 0.001532 0.825110 0.039493 0.007530 0.021575 0.000220 0.016405 0.238618 0.002234 0.070742 0.000471 0.341399 0.001636 0.052742 0.006967 0.033346 0.000745 0.058374 0.048647 0.000009 0.000573 0.044103 0.003993 0.004898 0.000167 0.003179 0.042212 0.000155 0.002387 0.000091 0.000180 0.000156 0.000154 0.008147 0.000477 
0.000469 0.010737 0.007862 0.000352 0.000073 0.015641 0.000750 0.008708 0.000280 0.040020 0.015364 0.000507 0.006670 0.000173 0.001341 0.016329 0.020213 0.001417 0.012228 0.015134 0.174095 0.000119 0.037941 0.001346 0.001496 0.001808 0.088977 0.002568 0.470638 0.447501 0.008809 0.040480 0.014154 0.006688 0.183171 0.162361 0.034096 0.091089 0.001094 0.075993 0.191695 0.009498 0.184266 0.001921 0.153761 0.006161 0.088593 0.030120 0.039272 0.004224 0.020443 0.022071 0.000089 0.002618 0.068835 0.013066 0.016970 0.001068 0.001518 0.016325 0.001398 0.005333 0.000273 0.000643 0.000315 0.000363 0.008708 0.000753 
0.000235 0.017064 0.003904 0.000048 0.000007 0.014232 0.000127 0.001295 -0.000000 0.158534 0.008946 -0.000000 0.000202 -0.000000 -0.000000 0.002204 0.000679 0.000028 0.000605 0.004085 0.120317 -0.000000 0.002644 0.000041 0.000013 0.000055 0.007220 -0.000000 0.091630 0.339062 0.000124 0.000906 0.000224 0.000343 0.760569 0.007789 0.000803 0.002693 0.000034 0.001795 0.081441 0.000294 0.014159 0.000010 0.334455 0.000222 0.011365 0.000205 0.012069 -0.000000 0.234367 0.101409 0.000006 -0.000000 0.015516 0.000504 0.001011 0.000033 0.004934 0.159634 0.000026 0.000481 -0.000000 0.000043 0.000023 0.000037 0.007323 0.000208 
-0.000000 -0.000000 -0.000000 0.000032 0.000026 -0.000000 0.000042 0.000144 0.000280 0.000034 0.000021 0.001146 0.001011 0.002206 0.011825 0.000142 0.001282 0.000958 0.000495 0.000028 -0.000000 0.000273 0.000574 0.000300 0.006145 0.038374 0.000462 0.172573 0.000297 0.000042 0.015157 0.231248 0.019886 0.000024 -0.000000 0.000192 0.000146 0.000120 0.003772 0.001197 -0.000000 0.001353 0.000076 0.004025 -0.000000 0.000027 0.000018 0.006454 -0.000000 0.007362 -0.000000 -0.000000 0.002746 0.006162 -0.000000 0.000814 0.000190 0.010951 -0.000000 -0.000000 0.002098 0.000019 0.003187 0.000086 0.000016 0.000005 -0.000000 -0.000000 
0.001274 0.008010 0.012087 0.002446 0.000587 0.015923 0.003169 0.029291 0.002280 0.012556 0.017043 0.005916 0.037459 0.003941 0.011216 0.029008 0.067879 0.008945 0.034238 0.012770 0.078800 0.000803 0.057623 0.004452 0.008349 0.015612 0.079830 0.016735 0.145264 0.065071 0.035898 0.211310 0.065966 0.008684 0.031288 0.128545 0.068387 0.146449 0.006302 0.237004 0.032162 0.040544 0.050610 0.013488 0.038033 0.009591 0.023425 0.148245 0.015217 0.033950 0.007760 0.009032 0.001143 0.019360 0.039119 0.040865 0.032897 0.010183 0.001059 0.007813 0.009996 0.012226 0.005008 0.002743 0.001346 0.000785 0.008741 0.000923 
0.000235 0.000606 0.001818 0.001311 0.000548 0.001456 0.001627 0.012091 0.003081 0.001007 0.002316 0.008339 0.026612 0.009418 0.041938 0.005759 0.035071 0.009361 0.011074 0.001527 0.007843 0.001748 0.010851 0.003646 0.028346 0.090469 0.011999 0.164786 0.011119 0.005082 0.098594 1.307433 0.177340 0.000462 0.001789 0.007515 0.004233 0.009067 0.022771 0.029719 0.001675 0.017566 0.003559 0.032452 0.001789 0.001232 0.002031 0.126526 0.001010 0.059359 0.000347 0.000498 0.007447 0.043383 0.003573 0.018455 0.009006 0.042369 0.000090 0.000466 0.016911 0.004621 0.016936 0.002254 0.000634 0.000236 0.000990 0.000157 
0.001375 0.005250 0.010696 0.002605 0.000739 0.011977 0.003891 0.031018 0.003521 0.006715 0.010115 0.007456 0.042984 0.006023 0.018165 0.019244 0.076402 0.010431 0.031490 0.007572 0.043197 0.001319 0.038939 0.005548 0.014160 0.030458 0.049460 0.032062 0.069570 0.030828 0.073491 0.533486 0.175835 0.002674 0.014487 0.054276 0.031602 0.066132 0.018682 0.173926 0.016010 0.069880 0.026106 0.034393 0.017254 0.007561 0.012078 0.268214 0.007962 0.070230 0.003996 0.005307 0.002820 0.040901 0.025907 0.052535 0.034919 0.021001 0.000664 0.004023 0.016704 0.013689 0.009788 0.004440 0.001501 0.000801 0.005838 0.000773 
0.001006 0.009660 0.010589 0.001263 0.000297 0.017097 0.001868 0.015329 0.000840 0.024911 0.015109 0.001972 0.014216 0.000967 0.004998 0.014219 0.026925 0.002903 0.013025 0.008998 0.084340 0.000244 0.020081 0.001264 0.001897 0.004163 0.032143 0.004640 0.123977 0.150847 0.007299 0.045162 0.012617 0.001819 0.159143 0.057128 0.019609 0.049614 0.001491 0.060136 0.177615 0.009472 0.085384 0.003583 0.201262 0.004679 0.071189 0.048049 0.050264 0.011555 0.038598 0.042257 0.000391 0.008344 0.103628 0.026558 0.025218 0.004574 0.004295 0.032067 0.005982 0.011206 0.002550 0.002417 0.001190 0.000983 0.020450 0.001475 
0.000034 0.000168 0.000214 0.000192 0.000165 0.000329 0.000368 0.002231 0.000960 0.000134 0.000255 0.002028 0.007344 0.003222 0.015117 0.001090 0.007467 0.002472 0.002748 0.000276 0.000871 0.000591 0.002619 0.001158 0.010366 0.042181 0.002801 0.101572 0.002914 0.000625 0.036353 0.521705 0.070481 0.000135 0.000175 0.002304 0.001204 0.002484 0.013634 0.009025 0.000227 0.007711 0.000839 0.022634 0.000368 0.000394 0.000275 0.072330 0.000286 0.047276 0.000029 0.000130 0.014905 0.043001 0.000940 0.009538 0.004329 0.075891 0.000014 0.000058 0.019345 0.001752 0.027453 0.001414 0.000405 0.000135 0.000495 0.000089 
0.000402 0.001515 0.003690 0.001678 0.000482 0.003945 0.002108 0.011299 0.002480 0.002417 0.003698 0.004545 0.019605 0.004164 0.019262 0.006991 0.026548 0.005653 0.010112 0.002236 0.011453 0.000748 0.010452 0.001798 0.008870 0.021803 0.011562 0.033719 0.017422 0.007749 0.032692 0.355406 0.070417 0.000547 0.005156 0.014371 0.007019 0.018553 0.013917 0.037099 0.005819 0.016672 0.008973 0.026919 0.007891 0.002111 0.004813 0.151114 0.003653 0.062496 0.001998 0.002188 0.006292 0.047773 0.011849 0.031405 0.019719 0.041935 0.000402 0.002507 0.023851 0.009492 0.019258 0.004602 0.001591 0.000689 0.003496 0.000610 
0.000268 0.003366 0.002567 0.000128 0.000013 0.004368 0.000212 0.002807 0.000080 0.013799 0.004569 0.000263 0.002425 0.000099 0.000122 0.003816 0.006109 0.000306 0.002885 0.003956 0.044442 0.000060 0.009654 0.000387 0.000307 0.001013 0.021094 0.000580 0.103760 0.129018 0.003205 0.015557 0.004867 0.002147 0.126802 0.089518 0.019572 0.058382 0.000625 0.055698 0.332975 0.006357 0.353916 0.001393 0.222304 0.007019 0.368300 0.028584 0.119566 0.004287 0.024931 0.032619 0.000109 0.002999 0.199263 0.020588 0.029863 0.001035 0.003165 0.019123 0.002434 0.011456 0.000956 0.001466 0.000755 0.000748 0.020417 0.001666 
0.000302 0.003029 0.003530 0.000144 0.000079 0.005448 0.000439 0.004462 0.000400 0.010777 0.005461 0.000526 0.005322 0.000496 0.001463 0.006802 0.011464 0.000778 0.005578 0.005023 0.041952 0.000095 0.014094 0.000823 0.001469 0.002410 0.028931 0.002237 0.096566 0.082526 0.006514 0.040329 0.013417 0.003764 0.056930 0.221574 0.056466 0.167246 0.001694 0.164452 0.098956 0.018957 0.466677 0.004189 0.090479 0.021448 0.107827 0.086878 0.057468 0.014630 0.014912 0.020078 0.000334 0.008971 0.169171 0.053194 0.067658 0.003673 0.002236 0.013585 0.006940 0.023374 0.002049 0.003205 0.001599 0.001407 0.020252 0.002293 
0.000034 0.003197 0.000909 0.000016 -0.000000 0.002489 -0.000000 0.000072 -0.000000 0.024039 0.001211 -0.000000 0.000067 -0.000000 -0.000000 0.000427 0.000302 -0.000000 0.000082 0.000727 0.020416 -0.000000 0.000624 0.000011 0.000040 0.000027 0.002801 -0.000000 0.022595 0.078985 0.000124 0.000151 0.000160 0.000184 0.537025 0.004937 0.000487 0.001616 0.000008 0.000898 0.170575 0.000128 0.014591 0.000019 1.956019 0.000249 0.024816 0.000615 0.051493 0.000093 0.192555 0.274314 -0.000000 0.000082 0.064650 0.000892 0.002844 -0.000000 0.009243 0.080109 0.000104 0.001290 0.000091 0.000086 0.000078 0.000147 0.017383 0.000624 
0.000335 0.000976 0.002139 0.001247 0.000323 0.002912 0.001217 0.010148 0.001840 0.001712 0.002593 0.003756 0.018056 0.004709 0.014508 0.004432 0.022325 0.004514 0.007996 0.001794 0.008527 0.000647 0.007758 0.001635 0.008937 0.021666 0.008916 0.036370 0.014687 0.006457 0.029508 0.349666 0.067119 0.000420 0.003367 0.011245 0.005595 0.014064 0.013896 0.034406 0.004457 0.016583 0.006329 0.028658 0.005313 0.002104 0.002946 0.172423 0.002559 0.077840 0.001477 0.001646 0.011644 0.065170 0.009357 0.035243 0.021426 0.072351 0.000255 0.001399 0.034080 0.010474 0.031004 0.004680 0.001711 0.000707 0.002804 0.000562 
0.000168 0.001616 0.002727 0.000591 0.000218 0.002536 0.000835 0.006549 0.001080 0.001981 0.002189 0.001803 0.009904 0.001834 0.006461 0.003602 0.013878 0.002458 0.005496 0.001555 0.008092 0.000281 0.005663 0.000850 0.002992 0.007532 0.006655 0.008865 0.009871 0.008748 0.010939 0.099991 0.023056 0.000328 0.005016 0.009818 0.005121 0.012508 0.005136 0.025879 0.005393 0.010123 0.007677 0.013555 0.007259 0.001596 0.004227 0.110441 0.003451 0.050599 0.002172 0.002599 0.007347 0.051809 0.011002 0.031792 0.018992 0.052619 0.000373 0.002332 0.029471 0.010339 0.021216 0.004680 0.001902 0.000831 0.003661 0.000644 
0.000101 0.000202 0.000321 0.000160 0.000046 0.000564 0.000241 0.001583 0.000360 0.000369 0.000446 0.000639 0.002762 0.000793 0.002682 0.001066 0.004148 0.000792 0.001154 0.000304 0.002054 0.000118 0.001422 0.000294 0.001523 0.004081 0.001387 0.008616 0.003151 0.001333 0.005480 0.064949 0.012361 0.000108 0.000772 0.002551 0.001265 0.003232 0.002750 0.007480 0.001022 0.004047 0.001830 0.006744 0.001631 0.000545 0.000988 0.055835 0.000825 0.024849 0.000550 0.000433 0.007612 0.025577 0.002351 0.012446 0.007679 0.091216 0.000083 0.000175 0.028176 0.004197 0.057274 0.003034 0.001004 0.000397 0.001385 0.000221 
0.000201 0.001077 0.001658 0.000160 0.000053 0.002818 0.000184 0.002447 0.000160 0.003592 0.001976 0.000507 0.002089 0.000273 0.000853 0.002299 0.006109 0.000639 0.002940 0.001656 0.015187 0.000069 0.006211 0.000477 0.000882 0.002246 0.009841 0.002485 0.031931 0.026787 0.005149 0.041386 0.014538 0.001277 0.027465 0.062668 0.025253 0.070053 0.002551 0.141714 0.044198 0.028672 0.119014 0.007830 0.062756 0.021852 0.063485 0.218628 0.054001 0.036839 0.016794 0.025493 0.001006 0.030540 0.261186 0.198470 0.316643 0.012754 0.004037 0.018715 0.025275 0.110805 0.009379 0.014793 0.007227 0.006789 0.060197 0.008883 
0.000134 0.000841 0.001497 0.000352 0.000099 0.001503 0.000580 0.003598 0.000520 0.000470 0.001403 0.001052 0.005727 0.001091 0.003048 0.001943 0.005958 0.001194 0.002610 0.000837 0.004482 0.000149 0.002719 0.000417 0.001817 0.003561 0.002724 0.005717 0.005946 0.003916 0.005687 0.044709 0.010952 0.000184 0.002526 0.005979 0.002542 0.005925 0.002378 0.013812 0.002782 0.005055 0.004499 0.006004 0.003998 0.000875 0.001922 0.057987 0.002171 0.022892 0.001361 0.001191 0.006172 0.025386 0.006959 0.017796 0.011598 0.072719 0.000183 0.001166 0.022686 0.006392 0.028910 0.003428 0.001163 0.000556 0.001979 0.000337 
0.000201 0.000875 0.001230 0.000224 0.000079 0.001597 0.000382 0.003526 0.000480 0.001276 0.001658 0.000883 0.005188 0.000620 0.002316 0.002180 0.007391 0.001403 0.003820 0.001178 0.007282 0.000196 0.004440 0.000602 0.002298 0.005122 0.005987 0.009113 0.012606 0.006874 0.010008 0.100293 0.026707 0.000547 0.005788 0.017086 0.008113 0.023191 0.007159 0.061981 0.008005 0.026859 0.016091 0.023998 0.011257 0.004713 0.008034 0.495551 0.006750 0.152420 0.003214 0.003379 0.007664 0.216614 0.031737 0.218476 0.105358 0.097893 0.000718 0.004256 0.180579 0.062478 0.061326 0.033905 0.010342 0.004160 0.011808 0.002549 
0.000101 0.001515 0.002086 0.000256 0.000046 0.002161 0.000283 0.002159 0.000120 0.005137 0.002338 0.000244 0.002425 0.000223 0.001463 0.002939 0.004978 0.000694 0.002528 0.001444 0.015250 0.000058 0.005114 0.000362 0.000721 0.001671 0.007040 0.001988 0.028660 0.028411 0.003805 0.025224 0.009126 0.000936 0.037287 0.041687 0.016227 0.043390 0.001719 0.080880 0.058051 0.016430 0.097026 0.005245 0.098579 0.011089 0.068170 0.125194 0.074032 0.020687 0.029100 0.042214 0.000889 0.019278 0.404638 0.113677 0.169887 0.010651 0.007406 0.039180 0.019992 0.092745 0.008104 0.014304 0.007507 0.008031 0.108354 0.013387 
0.000034 0.000875 0.000160 -0.000000 -0.000000 0.000845 -0.000000 0.000216 -0.000000 0.007017 0.000468 -0.000000 0.000067 -0.000000 -0.000000 0.000379 0.000075 -0.000000 0.000055 0.000230 0.005540 -0.000000 0.000249 0.000011 0.000013 -0.000000 0.000951 0.000083 0.005530 0.015414 0.000021 -0.000000 0.000096 0.000031 0.039952 0.001646 0.000219 0.000928 0.000021 0.001197 0.014080 0.000306 0.004499 0.000019 0.077801 0.000263 0.005875 0.001537 0.013551 0.000124 0.414441 0.121530 0.000006 0.000218 0.046924 0.001977 0.004456 0.000100 0.049059 1.503001 0.000233 0.002946 0.000046 0.000489 0.000191 0.000500 0.102252 0.002252 
0.000034 0.000067 0.000160 0.000064 0.000013 0.000235 0.000071 0.001080 0.000120 0.000101 0.000128 0.000188 0.000876 0.000223 0.000366 0.000142 0.000980 0.000222 0.000302 0.000092 0.000124 0.000034 0.000624 0.000057 0.000427 0.000986 0.000514 0.001906 0.001070 0.000333 0.001365 0.014349 0.003330 0.000037 0.000386 0.000960 0.000511 0.001107 0.000752 0.003790 0.000284 0.001417 0.000661 0.002219 0.000894 0.000219 0.000476 0.019261 0.000202 0.009039 0.000174 0.000217 0.002537 0.011534 0.001646 0.006979 0.004361 0.042770 0.000039 0.000292 0.014217 0.002099 0.081540 0.001980 0.000661 0.000216 0.000396 0.000153 
-0.000000 -0.000000 -0.000000 -0.000000 -0.000000 -0.000000 -0.000000 0.000072 0.000040 -0.000000 -0.000000 -0.000000 0.000067 -0.000000 -0.000000 0.000024 0.000226 -0.000000 0.000055 0.000028 -0.000000 0.000001 0.000150 0.000030 0.000067 0.000438 0.000334 0.000746 0.000357 0.000250 0.000434 0.009365 0.002658 0.000036 0.000105 0.001947 0.000876 0.002005 0.001132 0.016555 0.000653 0.011336 0.004499 0.006456 0.000421 0.002010 0.001391 0.453956 0.001397 0.102224 0.000145 0.000455 0.004309 0.277748 0.011190 0.502398 0.144480 0.082535 0.000136 0.000641 0.524646 0.141438 0.071296 0.127195 0.019086 0.004488 0.003496 0.001448 
-0.000000 0.000236 0.000214 0.000032 0.000026 0.000329 0.000071 0.000576 0.000040 0.000906 0.000446 0.000244 0.000808 0.000149 0.000488 0.000687 0.002112 0.000250 0.001264 0.000331 0.002614 0.000045 0.001621 0.000213 0.000427 0.001506 0.002133 0.002154 0.007016 0.004249 0.002461 0.029151 0.007653 0.000282 0.004770 0.010916 0.004756 0.013137 0.002141 0.032312 0.007948 0.012000 0.015353 0.007272 0.013467 0.003771 0.010450 0.176521 0.009107 0.043797 0.003417 0.005740 0.002463 0.058407 0.049416 0.193158 0.150453 0.039431 0.001188 0.006005 0.102448 0.203512 0.038107 0.114974 0.044555 0.015439 0.026849 0.007056 
0.000168 0.000303 0.000481 0.000176 0.000046 0.000939 0.000184 0.001799 0.000320 0.000873 0.000808 0.000526 0.002560 0.000372 0.001219 0.001375 0.004224 0.000736 0.001566 0.000442 0.002801 0.000074 0.002270 0.000346 0.001002 0.002903 0.003340 0.003314 0.006362 0.003333 0.005687 0.051204 0.012072 0.000263 0.003788 0.008255 0.004318 0.010862 0.003561 0.027575 0.005024 0.011413 0.009837 0.010683 0.008259 0.002128 0.005051 0.173550 0.004579 0.056781 0.002519 0.003292 0.005692 0.083794 0.021487 0.097587 0.057830 0.104003 0.000635 0.003148 0.272073 0.045131 0.114001 0.048672 0.014691 0.004748 0.010060 0.002620 
-0.000000 0.000639 0.000909 0.000256 0.000033 0.001503 0.000241 0.002231 0.000440 0.001108 0.001296 0.000714 0.003032 0.000694 0.001951 0.001588 0.006335 0.000889 0.002363 0.000764 0.005602 0.000092 0.003193 0.000384 0.001336 0.003122 0.004496 0.003977 0.007373 0.005166 0.005625 0.054678 0.013994 0.000333 0.005262 0.010943 0.005267 0.014154 0.003409 0.032312 0.006983 0.011630 0.010447 0.010472 0.009995 0.002390 0.006607 0.172526 0.006447 0.051997 0.003214 0.004527 0.004552 0.071550 0.025766 0.098014 0.063518 0.069547 0.000667 0.004664 0.173691 0.051196 0.078171 0.051783 0.015274 0.005198 0.010720 0.002797 
0.000134 0.001212 0.001658 0.000288 0.000040 0.002255 0.000453 0.002519 0.000320 0.002921 0.001275 0.000451 0.002560 0.000248 0.001463 0.002038 0.003469 0.000389 0.001456 0.000966 0.007905 0.000040 0.001846 0.000183 0.000374 0.000822 0.002852 0.001077 0.008860 0.010206 0.001220 0.007552 0.001729 0.000187 0.015679 0.005540 0.002518 0.005895 0.000334 0.007879 0.011780 0.001800 0.008871 0.000778 0.029879 0.000673 0.007430 0.011884 0.008770 0.002733 0.032141 0.020251 0.000143 0.002563 0.026095 0.006242 0.007300 0.001669 0.005260 0.084948 0.001606 0.003812 0.001047 0.001097 0.000533 0.000491 0.025563 0.001049 
-0.000000 0.001178 0.000963 0.000032 -0.000000 0.001409 0.000099 0.000576 -0.000000 0.004935 0.000956 0.000075 0.000404 0.000025 -0.000000 0.000853 0.001358 0.000111 0.000797 0.000718 0.007967 0.000008 0.001322 0.000095 0.000067 0.000247 0.002235 0.000083 0.011773 0.014914 0.000414 0.004229 0.001153 0.000177 0.037041 0.006390 0.001971 0.006254 0.000215 0.010471 0.028585 0.001545 0.017082 0.000615 0.090373 0.001188 0.017569 0.011270 0.027556 0.001895 0.127665 0.092030 0.000100 0.002454 0.097892 0.011438 0.016780 0.000868 0.034824 0.312972 0.002383 0.011629 0.001184 0.001963 0.001272 0.001527 0.208824 0.006147 
-0.000000 0.000101 0.000267 0.000080 0.000033 0.000235 0.000085 0.000792 0.000080 0.000235 0.000234 0.000169 0.000741 0.000173 0.000122 0.000166 0.001282 0.000194 0.000714 0.000138 0.000809 0.000041 0.000748 0.000095 0.000334 0.001123 0.001028 0.001657 0.001308 0.001208 0.001261 0.013292 0.003522 0.000052 0.000421 0.001289 0.000900 0.002155 0.000832 0.004837 0.000880 0.002004 0.001703 0.002392 0.001473 0.000387 0.001007 0.029301 0.000892 0.010281 0.000319 0.000541 0.001783 0.013497 0.002962 0.011476 0.006826 0.036359 0.000068 0.000875 0.025457 0.005507 0.187392 0.004448 0.001560 0.000526 0.001385 0.000365 
-0.000000 0.000404 0.000107 -0.000000 -0.000000 0.000235 0.000014 0.000072 -0.000000 0.003089 0.000234 -0.000000 0.000135 -0.000000 -0.000000 0.000190 0.000075 0.000014 0.000082 0.000221 0.003548 0.000003 0.000225 0.000011 0.000013 -0.000000 0.000591 -0.000000 0.004043 0.008707 0.000103 0.000302 0.000160 0.000053 0.023536 0.002770 0.000742 0.001766 0.000046 0.003341 0.015556 0.000562 0.008388 0.000115 0.059495 0.000552 0.009590 0.005020 0.020099 0.000559 0.133167 0.081807 0.000023 0.000736 0.082799 0.005661 0.010966 0.000367 0.039740 0.514235 0.001217 0.008260 0.000546 0.000934 0.000638 0.001318 0.276080 0.006082 
0.000101 0.000269 0.000642 0.000096 0.000040 0.000376 0.000156 0.000792 0.000040 0.000604 0.000446 0.000263 0.001886 -0.000000 0.000853 0.000853 0.002715 0.000417 0.001127 0.000451 0.003050 0.000042 0.001522 0.000204 0.000761 0.001397 0.002338 0.002734 0.004876 0.003416 0.003391 0.030058 0.008998 0.000161 0.003858 0.007624 0.003613 0.009785 0.002120 0.022190 0.005138 0.007825 0.008770 0.006437 0.009626 0.002202 0.005783 0.116998 0.005084 0.037212 0.003388 0.003812 0.003095 0.049382 0.024591 0.086576 0.060516 0.056025 0.000754 0.004256 0.128112 0.060611 0.071433 0.087685 0.028713 0.008125 0.014942 0.004627 
0.000101 0.000505 0.000535 0.000128 0.000020 0.000611 0.000212 0.002015 0.000160 0.000906 0.000723 0.000451 0.002897 0.000397 0.001707 0.001043 0.003545 0.000556 0.001676 0.000469 0.002739 0.000051 0.001921 0.000248 0.000828 0.002109 0.002390 0.002237 0.005887 0.004458 0.003929 0.036553 0.009575 0.000227 0.004244 0.007515 0.003978 0.009516 0.002184 0.020195 0.005933 0.007468 0.008388 0.007215 0.009416 0.001892 0.005142 0.122223 0.005605 0.038454 0.003214 0.003119 0.003609 0.051863 0.021957 0.072851 0.048350 0.060098 0.000624 0.003615 0.126817 0.042493 0.085501 0.050043 0.017036 0.005388 0.011874 0.003118 
-0.000000 0.000034 -0.000000 -0.000000 -0.000000 -0.000000 -0.000000 -0.000000 -0.000000 -0.000000 0.000021 -0.000000 0.000067 -0.000000 -0.000000 0.000047 0.000075 -0.000000 -0.000000 0.000018 0.000124 -0.000000 0.000025 0.000003 -0.000000 0.000027 0.000206 0.000083 0.000595 0.000500 0.000083 0.001510 0.000352 0.000022 0.001158 0.001591 0.000511 0.001257 0.000139 0.005036 0.001476 0.001289 0.005491 0.000701 0.003577 0.000912 0.003020 0.028174 0.003855 0.005187 0.001187 0.002512 0.000386 0.011889 0.033054 0.045052 0.051857 0.010450 0.000682 0.002624 0.039234 0.116851 0.020852 0.072515 0.100701 0.069053 0.026552 0.013622 
-0.000000 0.000236 0.000053 -0.000000 -0.000000 0.000188 -0.000000 -0.000000 -0.000000 0.002283 0.000106 -0.000000 -0.000000 -0.000000 -0.000000 0.000047 -0.000000 -0.000000 -0.000000 0.000055 0.001992 -0.000000 0.000075 -0.000000 0.000013 -0.000000 0.000128 -0.000000 0.001189 0.003166 0.000021 -0.000000 -0.000000 0.000012 0.011295 0.000494 0.000158 0.000359 0.000008 0.000648 0.004599 0.000102 0.002161 0.000019 0.024566 0.000145 0.002269 0.000922 0.006043 0.000186 0.097899 0.035456 -0.000000 0.000109 0.029574 0.001241 0.003476 0.000033 0.020324 0.762024 0.000207 0.002099 0.000182 0.000266 0.000140 0.000402 0.122801 0.002457 
0.000034 0.000168 0.000053 -0.000000 0.000007 0.000282 0.000014 0.000216 -0.000000 0.000772 0.000213 0.000056 -0.000000 -0.000000 0.000122 0.000190 0.000302 0.000042 0.000385 0.000184 0.001743 0.000004 0.000723 0.000041 0.000120 0.000301 0.000848 0.000663 0.003806 0.004832 0.000724 0.004682 0.001793 0.000159 0.007156 0.006994 0.002445 0.006942 0.000443 0.017054 0.010673 0.004174 0.018505 0.001355 0.021673 0.002397 0.012133 0.043849 0.016968 0.009008 0.010221 0.013061 0.000494 0.012380 0.097798 0.058622 0.082416 0.008881 0.003326 0.015858 0.023022 0.095576 0.012884 0.027469 0.020848 0.036641 0.110135 0.050853 
-0.000000 0.000673 0.000321 0.000048 -0.000000 0.000564 0.000028 0.000216 0.000080 0.002082 0.000446 -0.000000 0.000135 -0.000000 -0.000000 0.000403 0.000754 0.000028 0.000330 0.000294 0.003050 0.000005 0.000698 0.000033 0.000040 0.000082 0.001208 0.000166 0.007076 0.008207 0.000331 0.001964 0.000929 0.000089 0.019853 0.005129 0.001533 0.004429 0.000135 0.006582 0.018423 0.001685 0.014438 0.000355 0.055918 0.001161 0.013652 0.013011 0.024475 0.002112 0.061328 0.054560 0.000083 0.002236 0.103769 0.013764 0.021015 0.001569 0.019746 0.149140 0.002564 0.014094 0.001593 0.002597 0.001910 0.002656 0.548531 0.012242 
-0.000000 -0.000000 0.000160 0.000016 0.000013 0.000047 0.000028 0.000432 0.000040 0.000101 0.000021 0.000038 0.000404 0.000099 0.000853 0.000190 0.000679 0.000167 0.000275 0.000092 0.000685 0.000015 0.000324 0.000049 0.000281 0.001068 0.000360 0.001574 0.001011 0.000417 0.001840 0.015860 0.004003 0.000046 0.000386 0.001563 0.000815 0.001556 0.001149 0.005236 0.000738 0.002962 0.002034 0.003987 0.001526 0.000569 0.001098 0.055118 0.001094 0.021029 0.000637 0.000671 0.003838 0.039456 0.006206 0.035204 0.019182 0.097760 0.000144 0.000583 0.127232 0.017232 0.335448 0.023955 0.008176 0.002289 0.003430 0.001356 
-0.000000 0.000269 0.000267 -0.000000 -0.000000 0.000611 -0.000000 0.000216 -0.000000 0.002149 0.000276 0.000019 0.000135 -0.000000 -0.000000 0.000308 0.000528 0.000083 0.000192 0.000313 0.003361 0.000003 0.000499 0.000019 0.000053 0.000055 0.001105 -0.000000 0.004935 0.007415 0.000393 0.002115 0.000704 0.000094 0.017223 0.004662 0.001496 0.004519 0.000144 0.007978 0.016862 0.001557 0.013879 0.000413 0.049868 0.001148 0.013250 0.011884 0.023280 0.002112 0.046995 0.046654 0.000091 0.002018 0.103111 0.014384 0.021394 0.001402 0.016363 0.108094 0.003289 0.017925 0.001502 0.003265 0.002139 0.003143 0.863631 0.015762 
0.000067 0.000269 0.000535 0.000096 0.000040 0.000658 0.000141 0.001943 -0.000000 0.000705 0.000765 0.000545 0.002021 0.000446 0.000610 0.000901 0.003319 0.000431 0.001346 0.000488 0.002614 0.000052 0.001796 0.000207 0.000668 0.001999 0.002184 0.001408 0.004341 0.003874 0.002502 0.028698 0.007717 0.000148 0.002946 0.006006 0.002567 0.006883 0.001787 0.016156 0.003520 0.005489 0.004931 0.005303 0.006155 0.001273 0.004026 0.077452 0.003737 0.026465 0.002085 0.002404 0.002643 0.033621 0.014152 0.043734 0.028441 0.047177 0.000380 0.003265 0.079581 0.023778 0.082177 0.025583 0.009179 0.003235 0.007751 0.001888 
-0.000000 0.000236 0.000160 0.000016 -0.000000 0.000141 -0.000000 -0.000000 -0.000000 0.002283 0.000234 -0.000000 -0.000000 -0.000000 -0.000000 0.000118 0.000302 0.000014 0.000110 0.000101 0.001992 0.000003 0.000249 0.000008 0.000027 -0.000000 0.000540 -0.000000 0.003627 0.005874 0.000021 0.000604 0.000224 0.000039 0.014311 0.001892 0.000389 0.001556 0.000030 0.002493 0.009822 0.000396 0.005338 0.000096 0.039558 0.000387 0.006131 0.003074 0.012406 0.000590 0.084550 0.048755 0.000020 0.000464 0.055528 0.003606 0.008058 0.000234 0.021465 0.354309 0.000622 0.005410 0.000637 0.000840 0.000475 0.001003 0.204141 0.004985 
-0.000000 -0.000000 -0.000000 -0.000000 -0.000000 -0.000000 -0.000000 -0.000000 -0.000000 0.000067 0.000021 -0.000000 -0.000000 -0.000000 -0.000000 0.000024 -0.000000 -0.000000 -0.000000 0.000009 0.000062 -0.000000 -0.000000 0.000003 -0.000000 -0.000000 0.000026 -0.000000 0.000654 0.000583 -0.000000 -0.000000 0.000032 0.000003 0.001719 0.001097 0.000146 0.001017 0.000008 0.001247 0.002754 0.000166 0.005389 0.000019 0.012835 0.000653 0.003312 0.002356 0.009275 0.000093 0.011698 0.016656 0.000006 0.000245 0.086984 0.004226 0.016907 0.000200 0.009190 0.052007 0.000932 0.014864 0.000728 0.001200 0.001455 0.003917 1.348469 0.049722 
-0.000000 0.000236 0.000053 0.000016 0.000020 0.000188 0.000113 0.000720 0.000080 0.000537 0.000468 0.000169 0.000876 0.000050 0.000488 0.000569 0.001584 0.000208 0.000714 0.000230 0.001556 0.000032 0.000823 0.000106 0.000481 0.001013 0.001310 0.001408 0.004341 0.003208 0.001758 0.021146 0.005316 0.000137 0.003017 0.004717 0.002591 0.006374 0.001254 0.013812 0.004769 0.004953 0.008033 0.004083 0.007733 0.001417 0.004703 0.072740 0.004764 0.022706 0.002751 0.003725 0.001835 0.029231 0.022710 0.053233 0.044873 0.034356 0.000718 0.004489 0.071087 0.043725 0.049534 0.048038 0.024037 0.008458 0.015833 0.005155 
-0.000000 0.000034 -0.000000 -0.000000 -0.000000 -0.000000 -0.000000 -0.000000 -0.000000 0.000101 -0.000000 -0.000000 -0.000000 -0.000000 -0.000000 -0.000000 -0.000000 -0.000000 -0.000000 -0.000000 0.000062 0.000001 -0.000000 -0.000000 -0.000000 -0.000000 0.000026 -0.000000 0.000059 0.000292 -0.000000 0.000151 0.000032 0.000006 0.001298 0.000740 0.000122 0.001047 -0.000000 0.001695 0.002157 0.000357 0.006609 0.000019 0.011468 0.000818 0.003898 0.003278 0.008770 0.000217 0.006457 0.012584 0.000003 0.000245 0.099067 0.005854 0.023511 0.000467 0.005992 0.025537 0.001916 0.022123 0.001411 0.002340 0.002769 0.007707 0.642570 0.120882 
