# Flux Network Reconstruction using RW method
# Walkers leave from emitting cells
# Probability involves emitting fluxes, then absorbing flux is shared among connections
# Seed: 1684539231
# Threshold: 0.5
# Precision: 100000.0
# Dt: 1.0
# Radius step: 3.000000
# Matrix output


0.000157 0.000317 -0.000000 0.000708 0.111780 0.041871 0.000720 0.056576 0.081086 0.000123 0.000103 0.002302 0.002572 0.000338 0.000043 0.018122 0.000219 0.000228 0.000045 0.003257 0.000323 0.012971 0.000001 -0.000000 0.000270 0.000161 -0.000000 0.003997 0.000097 -0.000000 0.002115 0.001560 0.000033 0.000439 0.000232 -0.000000 0.000065 -0.000000 0.000702 -0.000000 0.000152 0.000014 0.000132 0.000020 0.000094 0.000023 -0.000000 -0.000000 0.000573 -0.000000 0.000039 -0.000000 -0.000000 0.000035 -0.000000 -0.000000 -0.000000 0.000039 0.000099 -0.000000 0.000008 -0.000000 -0.000000 -0.000000 -0.000000 -0.000000 -0.000000 -0.000000 
0.056568 0.008813 0.050991 0.317521 0.002213 0.003819 0.031261 0.019339 0.001247 0.009925 0.016309 0.005727 0.001306 0.013814 0.009283 0.002780 0.005624 0.001127 0.005208 0.000990 0.000837 0.000612 0.000176 0.002400 0.001374 0.003313 0.004684 0.004373 0.000957 0.002529 0.000585 0.000355 0.001798 0.000413 0.001622 0.000071 0.001664 0.000677 0.000648 0.000057 0.001217 0.000731 0.000265 0.000824 0.000105 0.000053 0.000529 0.000404 0.000208 -0.000000 0.000388 0.000125 0.000079 0.000276 0.000019 0.000061 0.000026 0.000386 0.000025 0.000324 0.000047 0.000036 0.000294 0.000037 0.000006 0.000100 0.000020 0.000216 
0.128354 0.263656 0.010303 0.205969 0.016094 0.035706 0.094449 0.136743 0.000986 0.008678 0.003331 0.024446 0.003179 0.013871 0.002904 0.002662 0.007644 0.001099 0.000721 0.000347 0.000230 0.000280 0.000013 0.000056 0.000113 0.000884 0.000112 0.000564 0.000079 0.000113 0.000093 0.000038 0.000216 0.000026 0.000077 0.000005 0.000033 -0.000000 -0.000000 0.000005 0.000030 -0.000000 -0.000000 -0.000000 -0.000000 -0.000000 -0.000000 -0.000000 -0.000000 -0.000000 -0.000000 -0.000000 -0.000000 -0.000000 -0.000000 -0.000000 -0.000000 -0.000000 -0.000000 -0.000000 -0.000000 -0.000000 -0.000000 -0.000000 -0.000000 -0.000000 -0.000000 -0.000000 
0.002204 0.001842 0.001174 0.009149 0.193563 0.124141 0.007077 0.159374 0.025483 0.002174 0.001202 0.012072 0.007004 0.005526 0.001706 0.021692 0.004187 0.001826 0.000802 0.005227 0.001806 0.008613 0.000043 0.000367 0.002793 0.004237 0.001115 0.014201 0.001493 0.000510 0.003325 0.002080 0.001032 0.001537 0.002137 0.000039 0.002284 0.000226 0.002674 0.000010 0.001734 0.000420 0.000542 0.000491 0.000232 0.000135 0.000347 0.000379 0.001093 -0.000000 0.000582 0.000075 0.000132 0.000069 0.000024 0.000040 0.000012 0.000424 0.000149 0.000324 0.000070 0.000029 0.000294 0.000067 0.000006 0.000134 0.000118 0.000539 
0.030855 0.005578 0.711137 0.305239 0.000945 0.001587 0.034142 0.007681 0.000232 0.013919 0.081788 0.002647 0.000529 0.012743 0.020467 0.000335 0.003725 0.000436 0.007685 0.000133 0.000192 0.000127 0.000286 0.003572 0.000315 0.001446 0.005353 0.000705 0.000255 0.002963 0.000106 0.000013 0.000849 0.000065 0.000463 0.000035 0.000620 0.000301 0.000081 0.000036 0.000091 0.000271 0.000024 0.000196 -0.000000 0.000008 0.000055 0.000076 -0.000000 -0.000000 0.000078 -0.000000 -0.000000 -0.000000 0.000010 -0.000000 -0.000000 -0.000000 -0.000000 0.000081 -0.000000 -0.000000 -0.000000 -0.000000 -0.000000 -0.000000 -0.000000 0.000216 
0.065699 0.012562 0.304903 0.721271 0.002213 0.004900 0.074803 0.021602 0.000667 0.026329 0.082783 0.007180 0.001312 0.027253 0.031402 0.001933 0.008472 0.001255 0.012785 0.000572 0.000591 0.000306 0.000439 0.005604 0.000980 0.003233 0.009591 0.001881 0.000764 0.003983 0.000186 0.000076 0.001864 0.000129 0.000850 0.000070 0.001011 0.000783 0.000135 0.000129 0.000517 0.000677 0.000096 0.000608 0.000017 0.000015 0.000201 0.000252 -0.000000 0.000375 0.000039 0.000075 0.000053 0.000173 0.000005 0.000020 -0.000000 0.000039 -0.000000 0.000081 -0.000000 0.000014 -0.000000 0.000006 0.000013 0.000067 -0.000000 0.000108 
0.013381 0.008839 0.005477 0.043367 0.090453 0.166841 0.036213 0.471470 0.020873 0.010318 0.005700 0.045568 0.017031 0.024490 0.005592 0.035752 0.017625 0.005563 0.003784 0.008974 0.004641 0.010652 0.000128 0.001271 0.006353 0.013193 0.002565 0.027555 0.003785 0.002227 0.005200 0.002676 0.002797 0.002260 0.004531 0.000130 0.004274 0.000948 0.002539 0.000129 0.003072 0.001056 0.000927 0.001256 0.000331 0.000222 0.000748 0.000429 0.001093 0.000375 0.000621 0.000150 0.000079 0.000276 0.000062 0.000074 0.000020 0.000771 0.000298 0.001537 0.000086 0.000050 0.000823 0.000043 0.000013 0.000268 0.000118 0.000971 
0.017842 0.002845 2.879107 0.283504 0.000184 0.000368 0.031225 0.002880 -0.000000 0.015445 0.359186 0.001050 0.000117 0.008439 0.039681 0.000020 0.001522 0.000144 0.011307 0.000010 0.000033 0.000025 0.000390 0.006522 0.000056 0.000462 0.008420 0.000235 0.000123 0.001472 -0.000000 -0.000000 0.000449 -0.000000 0.000077 0.000029 0.000294 0.000135 -0.000000 0.000015 -0.000000 0.000095 -0.000000 0.000039 -0.000000 -0.000000 -0.000000 -0.000000 -0.000000 -0.000000 -0.000000 -0.000000 -0.000000 -0.000000 -0.000000 -0.000000 -0.000000 -0.000000 -0.000000 -0.000000 -0.000000 -0.000000 -0.000000 -0.000000 -0.000000 -0.000000 -0.000000 -0.000000 
0.004146 0.000832 0.697052 0.038111 0.000254 0.000598 0.007923 0.003292 0.000203 0.003945 0.061083 0.001165 0.000209 0.005300 0.008172 0.000414 0.002008 0.000312 0.004099 0.000123 0.000126 0.000102 0.000186 0.002993 0.000338 0.001064 0.004740 0.000799 0.000193 0.002737 0.000093 0.000063 0.000866 0.000090 0.000360 0.000039 0.000294 0.000316 0.000054 0.000057 0.000152 0.000122 0.000072 0.000137 0.000011 0.000011 0.000073 0.000151 -0.000000 -0.000000 0.000078 0.000075 0.000079 0.000069 0.000019 0.000013 0.000003 -0.000000 -0.000000 0.000081 -0.000000 -0.000000 -0.000000 -0.000000 0.000003 0.000067 0.000020 0.000216 
0.068113 0.025059 0.106938 0.663701 0.006663 0.012170 0.432862 0.064669 0.001392 0.094079 0.061049 0.021770 0.003721 0.075932 0.051372 0.003490 0.023322 0.003133 0.017875 0.000919 0.000974 0.000484 0.000470 0.004969 0.001476 0.005884 0.008086 0.002915 0.001010 0.004285 0.000412 0.000266 0.002713 0.000142 0.001416 0.000098 0.001990 0.001008 0.000054 0.000113 0.000365 0.000501 0.000072 0.000549 0.000022 0.000019 0.000256 0.000227 -0.000000 -0.000000 0.000116 0.000037 0.000105 0.000207 0.000014 0.000013 0.000003 0.000039 0.000050 -0.000000 0.000016 -0.000000 0.000059 -0.000000 0.000003 -0.000000 -0.000000 -0.000000 
0.000682 0.000594 -0.000000 0.001769 0.168408 0.112707 0.002935 0.306198 0.642891 0.000476 0.000240 0.012633 0.020712 0.001616 0.000205 0.188559 0.001741 0.001247 0.000135 0.033987 0.003164 0.140818 0.000004 -0.000000 0.002861 0.002229 -0.000000 0.052335 0.001045 0.000057 0.026665 0.017474 0.000166 0.004558 0.002291 0.000006 0.001305 -0.000000 0.006915 0.000005 0.003072 0.000068 0.001084 0.000039 0.001055 0.000124 0.000292 0.000025 0.005361 -0.000000 0.000039 -0.000000 0.000026 0.000069 0.000005 0.000007 -0.000000 0.000501 0.000696 0.000324 0.000070 -0.000000 0.000470 0.000006 -0.000000 0.000201 0.000216 0.000108 
0.001522 0.001822 0.000391 0.005459 0.197783 0.286127 0.007833 1.554856 0.136255 0.001263 0.000206 0.042964 0.076648 0.003815 0.000302 0.311373 0.004394 0.003073 0.000180 0.028086 0.004609 0.044519 0.000003 0.000028 0.003008 0.002671 0.000056 0.030705 0.000861 0.000019 0.012289 0.006074 0.000166 0.001924 0.001133 0.000002 0.000620 0.000045 0.001594 -0.000000 0.000821 0.000027 0.000205 0.000020 0.000243 0.000030 0.000037 -0.000000 0.001301 -0.000000 0.000039 0.000012 -0.000000 -0.000000 -0.000000 -0.000000 -0.000000 0.000154 0.000124 -0.000000 0.000031 -0.000000 0.000059 -0.000000 -0.000000 -0.000000 0.000020 -0.000000 
0.005825 0.001162 0.268258 0.059996 0.000415 0.000575 0.014622 0.003772 0.000058 0.008301 0.440596 0.002086 0.000352 0.011014 0.021535 0.000355 0.003445 0.000408 0.011911 0.000082 0.000175 0.000051 0.000612 0.011209 0.000439 0.002088 0.019461 0.000846 0.000448 0.007154 0.000120 0.000038 0.001831 0.000039 0.000669 0.000072 0.001370 0.000933 0.000054 0.000185 0.000122 0.000460 0.000072 0.000667 0.000011 0.000011 0.000073 0.000328 0.000052 -0.000000 0.000194 0.000075 0.000132 0.000173 0.000005 0.000007 0.000009 -0.000000 -0.000000 0.000081 0.000008 0.000007 0.000059 -0.000000 0.000006 -0.000000 -0.000000 -0.000000 
0.000052 0.000040 -0.000000 -0.000000 0.010537 0.008121 0.000288 0.021739 0.259638 0.000025 0.000034 0.001065 0.002050 0.000150 0.000022 0.020272 0.000183 0.000120 0.000027 0.007473 0.000542 0.168875 -0.000000 -0.000000 0.000383 0.000442 -0.000000 0.016787 0.000422 -0.000000 0.013233 0.025818 0.000017 0.004416 0.001339 -0.000000 0.000750 0.000015 0.015505 0.000005 0.001916 0.000041 0.001758 0.000059 0.002872 0.000199 0.000219 -0.000000 0.018582 -0.000000 0.000116 -0.000000 -0.000000 0.000069 0.000005 0.000013 -0.000000 0.001427 0.001963 0.000647 0.000172 0.000007 0.001411 0.000061 -0.000000 0.000301 0.000433 0.000216 
0.014221 0.004575 0.143323 0.152190 0.002652 0.004072 0.065187 0.022151 0.001073 0.044767 0.233071 0.010676 0.001789 0.066703 0.154893 0.002741 0.020559 0.002873 0.067474 0.001123 0.001336 0.000764 0.002470 0.030831 0.003041 0.011868 0.054035 0.006677 0.003346 0.025991 0.000745 0.000342 0.009721 0.000762 0.004223 0.000399 0.005514 0.004906 0.000567 0.000730 0.001825 0.002640 0.000313 0.002669 0.000083 0.000098 0.001205 0.001186 0.000416 0.001125 0.000970 0.000361 0.000475 0.000656 0.000086 0.000108 0.000032 0.000193 0.000050 0.000566 0.000055 0.000079 0.000176 0.000061 0.000022 0.000134 0.000039 0.000216 
0.008711 0.003723 0.029212 0.071672 0.006225 0.010583 0.059749 0.050199 0.004001 0.051830 0.033924 0.021410 0.005418 0.102789 0.056046 0.010432 0.034033 0.006078 0.030354 0.005462 0.004554 0.004256 0.001115 0.011773 0.009068 0.024097 0.022528 0.025627 0.007000 0.015761 0.003990 0.002194 0.011869 0.003486 0.011998 0.000544 0.014226 0.006095 0.004538 0.000797 0.007848 0.004915 0.002228 0.006338 0.000530 0.000598 0.004125 0.003912 0.001666 0.002251 0.005240 0.001358 0.001319 0.003073 0.000424 0.000613 0.000147 0.001542 0.000472 0.005015 0.000344 0.000337 0.001528 0.000274 0.000118 0.001406 0.000393 0.003776 
0.011282 0.003776 0.159103 0.133286 0.001430 0.002991 0.051789 0.016664 0.000551 0.038534 0.331683 0.007928 0.001332 0.055783 0.157581 0.001854 0.017966 0.002554 0.084025 0.000766 0.000947 0.000306 0.003291 0.041165 0.002129 0.009056 0.072437 0.003009 0.002257 0.032409 0.000545 0.000241 0.009122 0.000374 0.003270 0.000440 0.006330 0.005252 0.000378 0.000668 0.001490 0.002464 0.000241 0.002296 0.000066 0.000068 0.000803 0.000782 0.000156 0.000750 0.000543 0.000262 0.000290 0.000518 0.000057 0.000040 0.000038 0.000077 0.000025 0.000324 0.000070 0.000014 0.000059 0.000043 0.000010 0.000167 0.000039 -0.000000 
0.003831 0.001340 0.047600 0.039020 0.001752 0.002117 0.017197 0.011452 0.000957 0.010835 0.217242 0.004906 0.001345 0.020205 0.029383 0.002544 0.008581 0.001762 0.023957 0.001103 0.001412 0.001096 0.001685 0.030041 0.002760 0.006988 0.064128 0.005925 0.002292 0.023670 0.001170 0.000634 0.007175 0.000775 0.004120 0.000359 0.006395 0.004530 0.000972 0.000658 0.002373 0.002884 0.000542 0.003277 0.000116 0.000222 0.001698 0.001691 0.000573 -0.000000 0.001591 0.000486 0.000475 0.001692 0.000167 0.000202 0.000069 0.000501 0.000099 0.001132 0.000055 0.000093 0.000588 0.000055 0.000070 0.000569 0.000098 0.001079 
0.000577 0.000158 0.003652 0.003791 0.000208 0.000368 0.002359 0.002469 0.000319 0.001058 0.024138 0.000978 0.000261 0.002819 0.002742 0.000611 0.001071 0.000288 0.002171 0.000439 0.000241 0.000357 0.000197 0.003854 0.000698 0.001145 0.009368 0.001881 0.000509 0.003190 0.000346 0.000139 0.001182 0.000155 0.000927 0.000061 0.001631 0.000737 0.000351 0.000087 0.000608 0.000582 0.000217 0.000706 0.000072 0.000090 0.000529 0.000631 0.000104 0.000750 0.000582 0.000224 0.000105 0.000449 0.000072 0.000047 0.000020 0.000154 0.000075 0.000485 0.000031 0.000050 0.000235 0.000055 0.000013 0.000134 0.000039 0.000324 
0.000262 0.000416 0.000391 0.002224 0.037583 0.038788 0.002863 0.194623 0.120107 0.000656 0.000103 0.020834 0.041562 0.002143 0.000335 0.678651 0.003883 0.004492 0.000369 0.162586 0.014291 0.106009 0.000014 0.000056 0.013190 0.010904 0.000167 0.196692 0.005682 0.000283 0.059063 0.022863 0.000932 0.009787 0.007415 0.000035 0.004242 0.000196 0.010130 0.000015 0.005779 0.000352 0.001879 0.000373 0.001005 0.000248 0.000511 0.000050 0.003852 0.000375 0.000621 -0.000000 0.000053 0.000069 0.000019 0.000013 -0.000000 0.000848 0.000547 0.000081 0.000102 0.000007 0.000705 0.000018 -0.000000 0.000268 0.000275 -0.000000 
0.003358 0.000614 0.066510 0.036645 0.000231 0.000552 0.011849 0.003155 0.000145 0.008448 0.458485 0.001712 0.000189 0.013626 0.039627 0.000256 0.004516 0.000559 0.036625 0.000082 0.000290 0.000051 0.003665 0.099228 0.000529 0.003193 0.217979 0.001223 0.000887 0.038147 0.000040 0.000089 0.004644 0.000090 0.001442 0.000244 0.002643 0.003657 0.000054 0.000581 0.000669 0.001070 0.000048 0.000805 -0.000000 0.000015 0.000383 0.000227 0.000052 0.000750 0.000311 0.000187 0.000264 0.000138 0.000014 0.000020 0.000014 -0.000000 -0.000000 0.000081 0.000016 -0.000000 -0.000000 0.000006 0.000006 0.000033 -0.000000 -0.000000 
0.001102 0.000819 0.001043 0.004347 0.022342 0.030805 0.007113 0.217665 0.041195 0.002313 0.000652 0.062259 0.094664 0.010187 0.001587 0.305733 0.016165 0.017164 0.001559 0.154378 0.053366 0.036415 0.000073 0.000282 0.044730 0.042571 0.000335 0.276770 0.015185 0.000944 0.033701 0.010702 0.003729 0.008470 0.013157 0.000110 0.009136 0.000677 0.007591 0.000082 0.008851 0.001015 0.001903 0.001295 0.000608 0.000335 0.001278 0.000227 0.002707 0.000375 0.001009 0.000075 0.000053 0.000069 0.000029 0.000020 0.000014 0.000848 0.000323 0.000404 0.000102 0.000029 0.000353 0.000018 -0.000000 0.000167 0.000138 0.000539 
0.003516 0.002126 0.004825 0.017640 0.020106 0.030667 0.021375 0.202098 0.022178 0.009162 0.004052 0.110287 0.052574 0.037515 0.007643 0.083000 0.048944 0.047568 0.007775 0.040195 0.054980 0.019622 0.000310 0.003049 0.061198 0.104178 0.004796 0.147037 0.026497 0.005719 0.018872 0.006974 0.011503 0.007889 0.023661 0.000393 0.020751 0.003100 0.008239 0.000427 0.013171 0.004333 0.002962 0.005102 0.000779 0.000779 0.003486 0.002650 0.003279 -0.000000 0.004114 0.000598 0.000316 0.001312 0.000205 0.000249 0.000081 0.001272 0.000472 0.002589 0.000274 0.000122 0.001587 0.000183 0.000064 0.000937 0.000334 0.002158 
0.004250 0.001994 0.006912 0.024211 0.004681 0.007776 0.036267 0.061583 0.002000 0.026723 0.013013 0.062762 0.010013 0.177443 0.030311 0.010294 0.354939 0.040566 0.035976 0.005309 0.013180 0.002293 0.001423 0.008089 0.024330 0.123816 0.011822 0.027837 0.022606 0.019555 0.003272 0.001179 0.033825 0.002350 0.019181 0.001016 0.029756 0.007810 0.001297 0.000823 0.006996 0.006228 0.001084 0.006554 0.000122 0.000271 0.003340 0.002499 0.000156 0.001125 0.002018 0.000586 0.000554 0.000794 0.000129 0.000121 0.000032 0.000308 0.000025 0.000809 0.000063 0.000057 0.000176 0.000061 0.000022 0.000268 0.000098 0.000539 
0.007294 0.003096 0.025561 0.057419 0.004957 0.007891 0.050619 0.047318 0.003044 0.041577 0.046250 0.028791 0.006064 0.170526 0.080679 0.009860 0.083282 0.012313 0.095792 0.005483 0.007187 0.003313 0.003269 0.024945 0.016108 0.052671 0.039090 0.029671 0.015449 0.042942 0.004389 0.001623 0.038852 0.003099 0.019954 0.001537 0.030768 0.014372 0.002917 0.001630 0.009673 0.011292 0.001698 0.011087 0.000348 0.000598 0.006005 0.005149 0.001093 0.005252 0.005201 0.001632 0.001820 0.002762 0.000377 0.000256 0.000139 0.001349 0.000174 0.003640 0.000251 0.000272 0.001528 0.000128 0.000124 0.000669 0.000374 0.001834 
0.003096 0.001149 0.042645 0.037150 0.001499 0.001633 0.016189 0.007886 0.000696 0.011926 0.184795 0.004288 0.000888 0.025430 0.044366 0.001282 0.010237 0.001571 0.047779 0.000643 0.001111 0.000586 0.005637 0.124991 0.002512 0.008534 0.222552 0.004937 0.002503 0.070235 0.000559 0.000279 0.012967 0.000439 0.004480 0.000660 0.007178 0.008713 0.000405 0.001373 0.001947 0.003398 0.000277 0.003454 0.000066 0.000124 0.001515 0.001868 0.000156 0.003001 0.001436 0.000548 0.000949 0.000898 0.000124 0.000094 0.000066 0.000386 0.000025 0.000485 0.000023 0.000057 0.000118 0.000024 0.000035 0.000201 0.000020 0.000647 
0.004303 0.002060 0.018779 0.030782 0.002859 0.005268 0.036951 0.039226 0.001623 0.037443 0.029563 0.032144 0.004954 0.233640 0.067035 0.005127 0.160380 0.020297 0.096594 0.003481 0.008254 0.001223 0.003552 0.018931 0.018496 0.103655 0.027659 0.025674 0.024003 0.046282 0.003059 0.000748 0.062473 0.002105 0.026777 0.001940 0.041763 0.017005 0.001783 0.001810 0.007635 0.010913 0.001168 0.010655 0.000144 0.000327 0.005202 0.003483 0.000312 0.002251 0.002639 0.001209 0.001371 0.001588 0.000110 0.000215 0.000081 0.000463 0.000124 0.000971 0.000102 0.000050 0.000118 0.000067 0.000038 0.000368 0.000059 0.000647 
0.002309 0.001307 0.016432 0.025778 0.002744 0.003980 0.015270 0.019613 0.002551 0.010327 0.037014 0.008878 0.002441 0.026745 0.027861 0.004476 0.013487 0.002749 0.034787 0.003093 0.002671 0.003007 0.003165 0.031678 0.005947 0.013916 0.056544 0.015470 0.005032 0.036599 0.002926 0.001496 0.014732 0.002815 0.009578 0.000753 0.012855 0.009165 0.003863 0.001414 0.006570 0.006973 0.001987 0.008163 0.000458 0.000617 0.004673 0.004896 0.001405 0.003376 0.004891 0.002068 0.001661 0.004005 0.000562 0.000660 0.000300 0.002005 0.000273 0.006229 0.000321 0.000616 0.002351 0.000299 0.000169 0.001975 0.000531 0.004532 
0.001050 0.000422 0.020344 0.014506 0.000277 0.000414 0.005528 0.001989 0.000029 0.004134 0.106200 0.001223 0.000268 0.009491 0.017520 0.000414 0.003566 0.000567 0.018011 0.000214 0.000296 0.000204 0.002654 0.123579 0.000766 0.002791 0.443654 0.001646 0.000966 0.051096 0.000213 0.000076 0.005343 0.000155 0.001493 0.000305 0.003263 0.004951 0.000189 0.000843 0.000517 0.001557 0.000120 0.001374 0.000006 0.000026 0.000383 0.000606 -0.000000 0.000750 0.000388 0.000249 0.000343 0.000311 0.000033 0.000007 0.000006 0.000077 0.000025 0.000162 0.000008 0.000007 0.000059 0.000030 0.000016 0.000067 -0.000000 0.000108 
0.000105 0.000205 0.000522 0.000657 0.023403 0.018060 0.000576 0.069880 0.231778 0.000221 0.000172 0.004489 0.008930 0.000695 0.000119 0.111633 0.000986 0.001031 0.000117 0.059971 0.003974 0.807526 0.000010 0.000028 0.004889 0.003715 -0.000000 0.137162 0.003803 0.000076 0.124762 0.104818 0.000766 0.024856 0.009861 0.000022 0.004535 0.000090 0.039412 -0.000000 0.012076 0.000338 0.005118 0.000451 0.004302 0.000779 0.000639 0.000252 0.021549 -0.000000 0.000660 0.000012 -0.000000 0.000035 0.000029 0.000054 0.000012 0.003933 0.002112 0.000890 0.000235 0.000007 0.001646 0.000128 -0.000000 0.000335 0.000885 0.000647 
0.001207 0.000852 0.001956 0.007784 0.014365 0.018083 0.007977 0.103963 0.028353 0.003970 0.002369 0.033137 0.025778 0.014378 0.003789 0.085149 0.018636 0.014131 0.003955 0.095990 0.063661 0.036670 0.000203 0.001722 0.096263 0.086326 0.003234 0.503367 0.045292 0.003983 0.049753 0.016853 0.012734 0.020272 0.044568 0.000411 0.039936 0.002859 0.021178 0.000339 0.029474 0.005903 0.007743 0.007123 0.002021 0.001636 0.006663 0.003407 0.006871 0.000750 0.005240 0.000909 0.000580 0.001864 0.000315 0.000471 0.000107 0.003239 0.001342 0.005015 0.000572 0.000186 0.003233 0.000360 0.000083 0.002310 0.000964 0.004424 
0.001679 0.000977 0.008477 0.015416 0.001337 0.002577 0.017089 0.022631 0.001160 0.017577 0.018816 0.023151 0.003884 0.116416 0.039660 0.004950 0.110498 0.020413 0.075088 0.003726 0.009392 0.001758 0.004308 0.021204 0.025930 0.165684 0.032733 0.038558 0.044993 0.067272 0.004110 0.001052 0.143174 0.004041 0.052138 0.003989 0.090542 0.030685 0.002404 0.003095 0.014570 0.021582 0.001915 0.019505 0.000215 0.000594 0.008232 0.005704 0.000573 0.003376 0.003765 0.001557 0.001872 0.001933 0.000224 0.000155 0.000055 0.000501 0.000099 0.001537 0.000117 0.000100 0.000353 0.000122 0.000073 0.000435 -0.000000 0.000971 
0.001364 0.000667 0.002087 0.005762 0.007816 0.010215 0.005780 0.053559 0.018003 0.003240 0.002987 0.019942 0.013029 0.013946 0.003940 0.045611 0.016238 0.010478 0.005045 0.052048 0.040197 0.030987 0.000315 0.001976 0.120244 0.114539 0.004517 0.499041 0.092384 0.006040 0.053091 0.018362 0.021740 0.030085 0.090449 0.000741 0.074130 0.004921 0.029120 0.000483 0.052043 0.009897 0.013355 0.013520 0.002701 0.002836 0.011098 0.006082 0.008172 0.001501 0.012265 0.001296 0.001081 0.003038 0.000601 0.000849 0.000242 0.004897 0.001541 0.011163 0.000900 0.000480 0.005349 0.000646 0.000134 0.003080 0.001259 0.011221 
-0.000000 0.000007 0.001043 0.000758 -0.000000 -0.000000 0.000234 0.000069 -0.000000 0.000287 0.005150 0.000115 0.000013 0.000752 0.001339 -0.000000 0.000548 0.000068 0.002090 0.000031 0.000038 -0.000000 0.000644 0.038271 0.000158 0.000663 0.494901 0.000188 0.000334 0.059552 0.000040 0.000013 0.003146 0.000013 0.000463 0.000225 0.000685 0.008021 -0.000000 0.002324 0.000091 0.000704 0.000012 0.000549 -0.000000 0.000008 0.000183 0.000278 -0.000000 0.001501 0.000116 0.000162 0.000343 0.000242 0.000024 -0.000000 0.000012 0.000039 -0.000000 -0.000000 -0.000000 -0.000000 -0.000000 -0.000000 0.000013 -0.000000 -0.000000 -0.000000 
0.002571 0.000937 0.010172 0.017084 0.003274 0.005498 0.013920 0.026951 0.004262 0.009359 0.017580 0.012144 0.003858 0.030974 0.019171 0.008637 0.021459 0.005491 0.025309 0.005717 0.005539 0.005555 0.002665 0.025495 0.013551 0.034538 0.050076 0.032210 0.013148 0.058382 0.006863 0.003487 0.064870 0.006288 0.029043 0.003181 0.047180 0.032431 0.007537 0.004061 0.019163 0.023992 0.005238 0.026843 0.001110 0.001546 0.013891 0.017061 0.002290 0.004502 0.017428 0.005644 0.005301 0.012947 0.001540 0.001852 0.000747 0.003778 0.000969 0.015208 0.000893 0.001275 0.005231 0.000725 0.000535 0.003816 0.001082 0.011221 
-0.000000 0.000033 0.000130 0.000152 0.003205 0.002830 0.000504 0.014333 0.021656 0.000254 0.000275 0.002777 0.004067 0.001748 0.000605 0.029481 0.002775 0.001854 0.000847 0.055611 0.011642 0.056292 0.000067 0.000311 0.036721 0.027992 0.000390 0.887017 0.046258 0.001284 0.289662 0.054628 0.009322 0.121567 0.150414 0.000190 0.065516 0.001159 0.059698 0.000103 0.112877 0.003601 0.021977 0.005082 0.003143 0.002569 0.006334 0.002120 0.008797 0.000750 0.004697 0.000249 0.000132 0.000276 0.000095 0.000222 0.000009 0.002815 0.001044 0.003074 0.000376 0.000021 0.002057 0.000311 0.000003 0.001339 0.000512 0.001403 
0.000682 0.000508 0.008738 0.008643 0.000784 0.001564 0.009670 0.010492 0.000957 0.009621 0.016103 0.010647 0.002167 0.057569 0.025216 0.003076 0.048469 0.009527 0.053203 0.002848 0.005638 0.001249 0.005182 0.027867 0.016806 0.091145 0.045001 0.029106 0.031960 0.110610 0.003950 0.001268 0.266790 0.003964 0.050335 0.008389 0.102320 0.063793 0.002404 0.006323 0.015908 0.038181 0.001987 0.031906 0.000232 0.000824 0.012504 0.010701 0.000416 0.010504 0.007802 0.003825 0.004351 0.004523 0.000396 0.000364 0.000179 0.000617 0.000124 0.003155 0.000157 0.000193 0.000647 0.000165 0.000127 0.000770 0.000118 0.001187 
0.001364 0.000720 0.007694 0.014001 0.002767 0.003842 0.010732 0.021053 0.002870 0.007677 0.015691 0.010144 0.003264 0.025824 0.015728 0.006922 0.018295 0.004628 0.022245 0.004819 0.004817 0.004638 0.002629 0.025975 0.011456 0.030944 0.053421 0.030141 0.013508 0.073104 0.005519 0.003119 0.086794 0.005552 0.030484 0.004850 0.054162 0.054688 0.006996 0.006292 0.018889 0.031073 0.004118 0.034202 0.001033 0.001587 0.016720 0.020418 0.002863 0.014255 0.018282 0.007650 0.007885 0.014915 0.001768 0.001919 0.000808 0.003817 0.000621 0.013833 0.000720 0.001562 0.004349 0.000860 0.000720 0.003950 0.001003 0.011869 
0.001784 0.000555 0.003391 0.008946 0.003712 0.005475 0.008734 0.027362 0.007624 0.005668 0.006524 0.015410 0.006090 0.022761 0.008916 0.017077 0.024953 0.009515 0.012199 0.016325 0.015462 0.013990 0.000908 0.007242 0.049787 0.119378 0.011989 0.136551 0.083496 0.018101 0.022543 0.010652 0.089390 0.022945 0.179714 0.002720 0.235637 0.018390 0.024122 0.002149 0.074887 0.038872 0.015462 0.045818 0.002480 0.004168 0.031707 0.019711 0.006402 0.007503 0.028529 0.004984 0.003534 0.009425 0.001583 0.001960 0.000560 0.005976 0.001416 0.020061 0.001354 0.001096 0.007171 0.001329 0.000417 0.005590 0.001653 0.012300 
0.001102 0.000634 0.007042 0.011373 0.001222 0.002899 0.010030 0.014744 0.001768 0.007907 0.016790 0.009770 0.002474 0.033211 0.017768 0.005403 0.025123 0.005751 0.029931 0.003992 0.005205 0.002778 0.003186 0.026342 0.013765 0.051707 0.048458 0.028965 0.019972 0.088073 0.004735 0.002219 0.234462 0.004984 0.046293 0.010232 0.085386 0.081130 0.005051 0.007984 0.019954 0.048485 0.003733 0.047702 0.000525 0.001249 0.019458 0.021629 0.001457 0.015381 0.016496 0.007064 0.008201 0.011807 0.001220 0.001279 0.000540 0.001658 0.000224 0.008979 0.000532 0.000724 0.002175 0.000482 0.000424 0.002243 0.000512 0.005179 
0.001259 0.000581 0.003391 0.009300 0.003482 0.005821 0.006879 0.025099 0.005711 0.004355 0.006249 0.008518 0.003466 0.014416 0.006369 0.009899 0.011198 0.003812 0.007001 0.006983 0.005495 0.008104 0.000574 0.006296 0.013145 0.027872 0.013160 0.038229 0.013736 0.013458 0.008392 0.005389 0.062507 0.008780 0.038363 0.002157 0.066919 0.016810 0.013858 0.001933 0.028622 0.026795 0.007888 0.032102 0.001889 0.002422 0.019458 0.019206 0.006350 0.006377 0.023560 0.006304 0.004615 0.014776 0.002136 0.002956 0.001007 0.006709 0.001690 0.026128 0.001542 0.001841 0.007993 0.001634 0.000777 0.006962 0.002735 0.021040 
0.000892 0.000482 0.003782 0.006773 0.001453 0.002646 0.006086 0.013167 0.001768 0.003650 0.009854 0.005022 0.001560 0.011258 0.007848 0.004772 0.008289 0.002002 0.009920 0.002716 0.002332 0.002446 0.001396 0.017745 0.005452 0.013574 0.040150 0.015893 0.006183 0.051888 0.003112 0.002232 0.038220 0.003318 0.016349 0.002756 0.028125 0.056780 0.004943 0.008272 0.011923 0.019429 0.003348 0.022782 0.000685 0.001049 0.012285 0.018121 0.001978 0.015381 0.014478 0.006765 0.007569 0.014707 0.001702 0.001825 0.000796 0.003162 0.000472 0.014803 0.000650 0.001562 0.003762 0.000786 0.000621 0.003782 0.000944 0.013379 
0.000105 0.000059 0.000391 0.000758 0.000115 0.000322 0.000576 0.000960 0.000145 0.000435 0.001339 0.000504 0.000124 0.000977 0.000842 0.000454 0.000755 0.000216 0.000865 0.000306 0.000219 0.000433 0.000132 0.002626 0.000541 0.001225 0.007918 0.002351 0.000483 0.005681 0.000293 0.000241 0.002780 0.000374 0.001519 0.000193 0.002969 0.004439 0.000513 0.001712 0.001247 0.001720 0.000397 0.002472 0.000127 0.000143 0.000876 0.001691 0.000052 0.001125 0.001785 0.000673 0.000844 0.001726 0.000224 0.000236 0.000101 0.000347 0.000199 0.001618 0.000117 0.000158 0.000353 0.000104 0.000070 0.000368 0.000177 0.001834 
0.000682 0.000211 0.000391 0.001971 0.005188 0.005130 0.001855 0.024482 0.023540 0.000976 0.000790 0.004849 0.003264 0.002988 0.000972 0.015105 0.002873 0.001459 0.001108 0.010802 0.003350 0.069313 0.000065 0.000621 0.006939 0.010502 0.001729 0.053040 0.005621 0.001548 0.027131 0.059675 0.005210 0.031079 0.023481 0.000204 0.021763 0.001926 0.090601 0.000206 0.041793 0.004048 0.021519 0.006593 0.014316 0.004431 0.007995 0.004745 0.066313 0.001876 0.014788 0.001383 0.000738 0.004039 0.000753 0.001347 0.000317 0.026218 0.012276 0.021194 0.003594 0.000838 0.027096 0.001890 0.000226 0.011080 0.008322 0.023953 
0.000052 0.000020 -0.000000 0.000051 0.002237 0.001587 0.000108 0.005898 0.024149 0.000033 -0.000000 0.000604 0.000960 0.000188 0.000043 0.010550 0.000268 0.000236 0.000090 0.009495 0.001144 0.120381 0.000006 0.000042 0.002861 0.002088 0.000056 0.062163 0.004058 0.000113 0.075341 0.321808 0.001165 0.175243 0.024640 0.000023 0.011550 0.000075 0.516431 0.000021 0.056728 0.000663 0.040907 0.001138 0.029582 0.004943 0.002902 0.000555 0.085728 -0.000000 0.005046 0.000100 0.000053 0.000104 0.000076 0.000236 0.000009 0.017543 0.010710 0.005986 0.001816 0.000064 0.012049 0.000567 0.000013 0.003247 0.004073 0.003021 
0.000367 0.000178 0.000913 0.001466 0.003735 0.004325 0.002017 0.018516 0.016090 0.001058 0.001099 0.004216 0.003068 0.003609 0.001133 0.014297 0.003627 0.001946 0.001315 0.012476 0.004247 0.045105 0.000114 0.001016 0.011061 0.014980 0.002231 0.083134 0.011075 0.002341 0.040816 0.051990 0.009572 0.133085 0.068075 0.000408 0.057555 0.003371 0.249220 0.000360 0.165438 0.009153 0.094060 0.013481 0.019248 0.014203 0.021485 0.011231 0.054081 0.001876 0.034234 0.002666 0.001741 0.005524 0.001516 0.002929 0.000597 0.037245 0.011729 0.039961 0.006264 0.001275 0.042260 0.003450 0.000319 0.019548 0.011844 0.040570 
0.000892 0.000449 0.002217 0.004448 0.002121 0.003037 0.003764 0.015704 0.004233 0.002346 0.003228 0.005842 0.002507 0.008063 0.003163 0.006862 0.006561 0.001946 0.003784 0.005391 0.003519 0.006116 0.000327 0.003812 0.007829 0.016667 0.007026 0.031740 0.008642 0.008230 0.006916 0.004654 0.032244 0.008793 0.037642 0.001572 0.069921 0.013604 0.014101 0.001553 0.027162 0.035555 0.008502 0.042718 0.001983 0.002682 0.025738 0.025062 0.007183 0.009754 0.029577 0.007500 0.005432 0.019575 0.002607 0.003610 0.001209 0.008752 0.001590 0.031063 0.002020 0.002378 0.012402 0.001981 0.000946 0.009205 0.002597 0.027730 
-0.000000 0.000013 0.000130 0.000202 0.000231 0.000322 0.000144 0.000892 0.002116 0.000205 0.000240 0.000460 0.000457 0.001278 0.000464 0.002485 0.001522 0.000555 0.000856 0.004278 0.001751 0.006575 0.000060 0.000282 0.007524 0.012470 0.000725 0.074906 0.017723 0.001265 0.022237 0.009231 0.016846 0.059706 0.584559 0.000384 0.341187 0.002137 0.039385 0.000154 0.804468 0.016004 0.060511 0.030925 0.003596 0.019183 0.075771 0.011812 0.006298 0.000375 0.059580 0.001495 0.000580 0.002244 0.000882 0.002330 0.000167 0.009369 0.001466 0.032600 0.002725 0.000416 0.008934 0.002201 0.000067 0.009473 0.001653 0.015322 
-0.000000 0.000013 0.000130 0.000152 0.000738 0.000782 0.000342 0.004115 0.006001 0.000131 0.000137 0.000950 0.000770 0.000977 0.000248 0.004772 0.001095 0.000611 0.000523 0.006912 0.001949 0.019418 0.000041 0.000254 0.006330 0.008514 0.000558 0.076222 0.010574 0.000793 0.034219 0.031308 0.007208 0.169910 0.133858 0.000205 0.080036 0.001294 0.181796 0.000103 0.691500 0.006052 0.225523 0.010282 0.013416 0.022941 0.025683 0.006562 0.023891 0.001125 0.029383 0.000735 0.000607 0.001657 0.000663 0.001556 0.000147 0.019779 0.004473 0.025805 0.003633 0.000444 0.017750 0.001957 0.000067 0.011716 0.004328 0.015861 
-0.000000 -0.000000 -0.000000 -0.000000 0.000369 0.000161 -0.000000 0.001029 0.009103 0.000008 -0.000000 0.000043 0.000046 0.000019 -0.000000 0.002130 0.000037 0.000016 0.000018 0.001460 0.000082 0.051985 -0.000000 -0.000000 0.000304 0.000141 -0.000000 0.012414 0.000632 0.000038 0.014895 0.105097 0.000200 0.060145 0.005845 0.000003 0.002545 0.000015 1.200098 -0.000000 0.027771 0.000095 0.057982 0.000412 0.097206 0.008418 0.001752 0.000328 0.149699 -0.000000 0.003843 0.000025 -0.000000 0.000104 0.000024 0.000162 0.000012 0.033891 0.015506 0.007280 0.003296 0.000021 0.013989 0.000902 -0.000000 0.004921 0.005391 0.002697 
0.000262 0.000059 0.001174 0.001365 0.000300 0.000506 0.001477 0.002332 0.000377 0.001280 0.003399 0.001468 0.000366 0.005394 0.003152 0.000631 0.003591 0.000871 0.005415 0.000653 0.000876 0.000459 0.000878 0.010150 0.002196 0.007651 0.026042 0.006254 0.003566 0.037524 0.001091 0.000533 0.047975 0.001369 0.012281 0.005323 0.028549 0.361073 0.001621 0.039338 0.006783 0.039968 0.001361 0.047349 0.000282 0.000636 0.017542 0.042527 0.000677 0.097913 0.017971 0.023884 0.038898 0.035836 0.002612 0.001953 0.001411 0.000964 0.000075 0.010840 0.000298 0.001941 0.001058 0.000347 0.001615 0.001607 0.000295 0.006150 
0.000630 0.000205 0.003391 0.003589 0.000945 0.001196 0.003007 0.007406 0.001507 0.002116 0.004841 0.003367 0.001201 0.008307 0.004814 0.003234 0.006634 0.001886 0.006820 0.002767 0.002419 0.003185 0.000836 0.007609 0.005880 0.016928 0.018290 0.018903 0.009029 0.024085 0.003937 0.002726 0.101992 0.004932 0.036844 0.009896 0.085713 0.096209 0.007185 0.009356 0.025064 0.130994 0.005889 0.135885 0.001049 0.002313 0.046182 0.074605 0.002811 0.040516 0.044831 0.026600 0.022996 0.045434 0.005019 0.004606 0.002404 0.004819 0.001069 0.034946 0.001292 0.003811 0.006407 0.001518 0.001886 0.006159 0.001279 0.023414 
0.000525 0.000231 0.002478 0.004044 0.001038 0.001472 0.003295 0.006583 0.001913 0.002411 0.004532 0.003827 0.001247 0.008871 0.004124 0.003707 0.006731 0.002018 0.005739 0.002971 0.002594 0.003211 0.000679 0.006818 0.006894 0.018153 0.015279 0.022664 0.009292 0.021084 0.005147 0.002866 0.100210 0.005901 0.043178 0.008028 0.094946 0.072100 0.008023 0.007208 0.030508 0.172371 0.006804 0.164808 0.001243 0.002720 0.051841 0.077558 0.004060 0.034888 0.051274 0.025179 0.020148 0.046574 0.005420 0.005131 0.002340 0.005205 0.001069 0.037777 0.001566 0.004026 0.008229 0.001786 0.001803 0.007130 0.002086 0.024277 
-0.000000 0.000046 0.000261 0.000253 0.001153 0.001242 0.000414 0.005898 0.006494 0.000295 0.000446 0.001424 0.001116 0.001334 0.000399 0.006133 0.001680 0.000775 0.000766 0.006309 0.002239 0.020998 0.000052 0.000282 0.006657 0.009578 0.000948 0.058730 0.008704 0.001170 0.025468 0.026579 0.008606 0.096453 0.104919 0.000325 0.081145 0.002333 0.164481 0.000185 0.510458 0.008300 0.268416 0.015482 0.016663 0.031295 0.032072 0.011004 0.035759 0.001125 0.045723 0.002218 0.001002 0.004695 0.001168 0.003185 0.000338 0.033351 0.007306 0.048131 0.006264 0.001032 0.034149 0.003377 0.000277 0.018812 0.008165 0.033988 
0.000315 0.000172 0.000391 0.001466 0.000922 0.001518 0.001747 0.006515 0.003856 0.001140 0.001614 0.003122 0.001586 0.005319 0.001900 0.004831 0.005197 0.001862 0.002910 0.005932 0.003864 0.009352 0.000263 0.001892 0.010712 0.023655 0.005521 0.054921 0.017627 0.006833 0.014323 0.008788 0.048940 0.028084 0.239524 0.001941 0.500247 0.014101 0.036359 0.001532 0.189467 0.060657 0.035235 0.106864 0.005059 0.014730 0.142178 0.053354 0.011712 0.008628 0.117452 0.009867 0.005591 0.022096 0.004567 0.007394 0.001457 0.018430 0.003280 0.074826 0.004596 0.002980 0.023040 0.004279 0.000733 0.020084 0.004781 0.051360 
0.000315 0.000152 0.001826 0.002679 0.000669 0.000667 0.002197 0.004320 0.001073 0.001493 0.002884 0.002331 0.000770 0.005075 0.003195 0.001893 0.003615 0.001191 0.004469 0.001542 0.001626 0.001911 0.000559 0.006000 0.003864 0.009759 0.016506 0.010815 0.004312 0.018234 0.002660 0.001395 0.039302 0.003396 0.020932 0.003758 0.037163 0.103116 0.005105 0.014749 0.013870 0.046264 0.003890 0.060614 0.000696 0.001512 0.027162 0.071374 0.002394 0.093036 0.036563 0.036180 0.045596 0.065389 0.005868 0.004734 0.003134 0.003277 0.000696 0.028717 0.001026 0.004986 0.005290 0.001335 0.003128 0.005757 0.000984 0.024385 
0.000315 0.000145 0.001956 0.002477 0.000899 0.001127 0.002395 0.006103 0.001450 0.001050 0.002060 0.002129 0.000796 0.003627 0.001889 0.002702 0.002909 0.000871 0.002352 0.001582 0.001193 0.002192 0.000271 0.003628 0.002861 0.005462 0.007249 0.009028 0.003171 0.008022 0.002288 0.001522 0.017096 0.002763 0.011586 0.001368 0.019577 0.032897 0.003755 0.005891 0.010646 0.016951 0.003095 0.025293 0.000806 0.001132 0.013672 0.027560 0.003227 0.039390 0.020921 0.015312 0.019409 0.030485 0.002812 0.002929 0.001760 0.003162 0.000820 0.018686 0.000877 0.002715 0.006289 0.001298 0.001500 0.004686 0.001299 0.018343 
0.000105 0.000066 0.000130 0.000505 0.001545 0.002048 0.000504 0.008366 0.012118 0.000230 0.000481 0.001324 0.001214 0.000789 0.000345 0.007454 0.000986 0.000536 0.000378 0.005391 0.001445 0.038759 0.000026 0.000212 0.003233 0.004137 0.000446 0.026990 0.003048 0.000604 0.015627 0.035227 0.002347 0.029039 0.019259 0.000116 0.018043 0.000783 0.117749 0.000154 0.043740 0.002803 0.030237 0.004572 0.054944 0.008452 0.009017 0.004644 0.335418 -0.000000 0.019252 0.000984 0.000686 0.002589 0.000744 0.001818 0.000260 0.087946 0.057427 0.031548 0.010069 0.000802 0.080699 0.003463 0.000143 0.024603 0.027269 0.038520 
0.000105 0.000119 0.000913 0.002527 0.000646 0.001081 0.002017 0.006035 0.001189 0.001288 0.002094 0.002288 0.000894 0.005281 0.002807 0.002465 0.003798 0.001199 0.003253 0.002073 0.001565 0.002599 0.000417 0.004532 0.004359 0.010261 0.010037 0.014059 0.005287 0.012722 0.003471 0.002257 0.042681 0.004868 0.028734 0.003655 0.057555 0.057337 0.008401 0.007799 0.023969 0.074426 0.006057 0.118519 0.001370 0.002610 0.058558 0.153500 0.004060 0.070527 0.076232 0.057647 0.043513 0.098878 0.010258 0.009125 0.005200 0.006169 0.001118 0.050153 0.001722 0.008339 0.009933 0.002444 0.004087 0.010745 0.001889 0.038520 
-0.000000 0.000040 0.000261 0.000657 0.000184 0.000230 0.000486 0.001372 0.000319 0.000271 0.000515 0.000734 0.000261 0.000959 0.000464 0.000454 0.000816 0.000280 0.000595 0.000459 0.000328 0.000561 0.000069 0.000918 0.000721 0.001546 0.001450 0.002774 0.000826 0.003001 0.000758 0.000393 0.003945 0.000478 0.002884 0.000338 0.004862 0.008533 0.001459 0.003259 0.002616 0.004211 0.000795 0.006299 0.000204 0.000282 0.004162 0.008707 0.000885 0.057772 0.005706 0.005046 0.013423 0.012084 0.000949 0.001003 0.000629 0.000694 0.000174 0.005905 0.000258 0.001017 0.001469 0.000341 0.000723 0.001674 0.000413 0.005719 
0.000105 0.000026 0.000130 0.000303 0.000277 0.000253 0.000198 0.001166 0.000667 0.000246 0.000172 0.000504 0.000209 0.001297 0.000291 0.001065 0.001169 0.000348 0.000685 0.001736 0.000865 0.003975 0.000068 0.000395 0.002951 0.006707 0.000948 0.020831 0.006315 0.001680 0.006490 0.004945 0.018877 0.018555 0.126057 0.000747 0.214429 0.006185 0.032875 0.000596 0.223565 0.033862 0.047819 0.081080 0.007141 0.035117 0.337712 0.075160 0.016604 0.004127 0.365050 0.009070 0.003666 0.017193 0.006750 0.016075 0.001365 0.031732 0.003951 0.201342 0.011118 0.003611 0.044258 0.010985 0.000628 0.050143 0.007771 0.103151 
0.000262 0.000086 0.000782 0.001264 0.000507 0.000598 0.000918 0.003429 0.000812 0.000459 0.001133 0.001094 0.000561 0.001598 0.001047 0.001085 0.001448 0.000408 0.001243 0.001133 0.000777 0.001300 0.000125 0.001313 0.001870 0.003353 0.003792 0.006630 0.001783 0.003983 0.001423 0.000989 0.007840 0.001627 0.006926 0.000669 0.011615 0.013213 0.002809 0.003074 0.006540 0.009951 0.001975 0.013049 0.000514 0.000692 0.008616 0.020645 0.001405 0.058898 0.014284 0.013231 0.025844 0.027930 0.002593 0.002216 0.001541 0.002005 0.000422 0.015774 0.000658 0.002780 0.004937 0.000780 0.001577 0.004352 0.000905 0.014027 
-0.000000 0.000033 0.000130 0.000556 0.000115 0.000161 0.000126 0.000617 0.000348 0.000213 0.000378 0.000489 0.000189 0.001522 0.000486 0.000493 0.001266 0.000284 0.000928 0.000776 0.000427 0.000994 0.000101 0.000861 0.001622 0.004056 0.002231 0.007382 0.003311 0.003454 0.001995 0.001205 0.022822 0.004261 0.038543 0.001600 0.092206 0.021189 0.006834 0.002411 0.041702 0.068185 0.008779 0.188493 0.001453 0.005725 0.337438 0.407625 0.003956 0.034138 0.308419 0.044515 0.017801 0.082237 0.020201 0.021199 0.005168 0.007943 0.001168 0.108882 0.002803 0.008038 0.011990 0.004127 0.002310 0.015665 0.001948 0.049849 
0.000052 -0.000000 -0.000000 0.000404 0.000115 0.000115 0.000324 0.000686 0.000203 0.000271 0.000618 0.000489 0.000098 0.001447 0.000637 0.000296 0.001181 0.000292 0.001261 0.000429 0.000405 0.000459 0.000190 0.001750 0.001093 0.003574 0.004071 0.004608 0.002670 0.006361 0.000878 0.000520 0.029797 0.001795 0.019027 0.002946 0.050410 0.053108 0.002674 0.006935 0.016669 0.080939 0.003239 0.162964 0.000464 0.002027 0.097657 0.529148 0.001874 0.105415 0.107865 0.126170 0.058307 0.170482 0.017170 0.010997 0.006591 0.002892 0.000348 0.043197 0.001041 0.007759 0.003820 0.001622 0.004610 0.006293 0.000708 0.024925 
0.000052 0.000026 0.000522 0.000758 0.000069 0.000069 0.000324 0.000823 0.000058 0.000320 0.000927 0.000403 0.000085 0.001316 0.000799 0.000237 0.001217 0.000272 0.001595 0.000255 0.000290 0.000204 0.000254 0.002259 0.000766 0.003353 0.005576 0.002821 0.001625 0.011363 0.000465 0.000139 0.025286 0.000788 0.008471 0.003126 0.023296 0.096118 0.000783 0.018867 0.006023 0.047009 0.001156 0.070464 0.000155 0.000771 0.029553 0.144187 0.000625 0.415659 0.034739 0.125884 0.209230 0.174590 0.007794 0.004377 0.005209 0.001157 0.000224 0.016907 0.000258 0.005882 0.001763 0.000567 0.007502 0.002243 0.000216 0.010358 
-0.000000 -0.000000 -0.000000 0.000051 -0.000000 0.000023 -0.000000 0.000137 0.000406 0.000025 0.000034 0.000101 0.000026 0.000244 0.000065 0.000335 0.000341 0.000088 0.000180 0.000398 0.000181 0.001503 0.000018 0.000085 0.000957 0.002349 0.000112 0.008417 0.002398 0.000415 0.002420 0.002485 0.007391 0.010381 0.078940 0.000243 0.133284 0.002092 0.023960 0.000108 0.201512 0.016220 0.045651 0.045347 0.008743 0.056519 0.306225 0.052016 0.017801 0.001501 0.615092 0.003974 0.001108 0.006560 0.005930 0.020283 0.000693 0.049891 0.004200 0.350184 0.018658 0.002586 0.055896 0.018648 0.000213 0.086495 0.007811 0.126241 
-0.000000 -0.000000 -0.000000 -0.000000 0.000208 0.000230 -0.000000 0.000617 0.004841 -0.000000 -0.000000 0.000043 0.000104 -0.000000 -0.000000 0.000887 0.000024 -0.000000 -0.000000 0.000623 0.000071 0.020590 0.000001 -0.000000 0.000068 0.000040 -0.000000 0.003056 0.000237 -0.000000 0.003524 0.020302 0.000050 0.009129 0.002420 0.000006 0.001860 0.000015 0.075312 -0.000000 0.010585 0.000162 0.014535 0.000451 0.071888 0.006342 0.002702 0.000858 1.805603 -0.000000 0.007258 0.000012 -0.000000 0.000104 0.000091 0.000478 0.000020 0.206429 0.216912 0.015370 0.010178 0.000057 0.077231 0.001768 0.000006 0.014929 0.048321 0.010142 
0.000315 0.000145 0.000391 0.002477 0.001061 0.001564 0.001333 0.006789 0.002377 0.001009 0.001408 0.001914 0.001090 0.003064 0.001403 0.003313 0.002532 0.000975 0.001622 0.002920 0.001861 0.005071 0.000170 0.001878 0.004247 0.007932 0.003290 0.018197 0.004839 0.004077 0.005346 0.005174 0.015115 0.009000 0.032467 0.000943 0.052204 0.011407 0.016829 0.001470 0.039329 0.024100 0.013668 0.046368 0.003192 0.005473 0.083420 0.101862 0.009890 0.013130 0.247054 0.024606 0.011999 0.065148 0.015130 0.022627 0.005982 0.018892 0.003156 0.157336 0.005911 0.012967 0.030152 0.007913 0.003813 0.033172 0.007535 0.124730 
-0.000000 -0.000000 -0.000000 -0.000000 -0.000000 -0.000000 -0.000000 -0.000000 0.000029 -0.000000 -0.000000 0.000014 -0.000000 0.000150 -0.000000 -0.000000 0.000037 0.000012 0.000045 0.000031 0.000016 0.000127 0.000004 0.000042 0.000079 0.000201 0.000167 0.000658 0.000202 0.000170 0.000213 0.000114 0.001998 0.000736 0.005896 0.000169 0.014487 0.002769 0.001270 0.000360 0.010768 0.008313 0.002384 0.030984 0.000541 0.002787 0.119982 0.303845 0.000781 0.005252 0.841497 0.025777 0.004615 0.075436 0.103014 0.113013 0.009018 0.003586 0.000224 0.192120 0.001636 0.018677 0.004526 0.003895 0.001551 0.010611 0.000453 0.053841 
0.000052 0.000007 0.000130 0.000101 0.000046 0.000138 0.000090 0.000480 0.000261 0.000221 0.000240 0.000317 0.000104 0.000752 0.000345 0.000375 0.000694 0.000168 0.000469 0.000194 0.000263 0.000637 0.000079 0.000748 0.000642 0.001888 0.002565 0.002445 0.001168 0.002775 0.000519 0.000431 0.009189 0.001227 0.008805 0.000829 0.018043 0.015169 0.002620 0.002334 0.009794 0.018806 0.002481 0.039421 0.000525 0.001441 0.040450 0.243828 0.001718 0.060773 0.092961 0.188028 0.045807 0.583360 0.039407 0.017940 0.022531 0.003431 0.000373 0.069891 0.001167 0.023505 0.005466 0.002268 0.011882 0.008134 0.001043 0.042296 
-0.000000 -0.000000 -0.000000 0.000051 0.000254 0.000023 0.000036 0.000411 0.002986 -0.000000 -0.000000 0.000058 0.000039 0.000019 0.000022 0.000710 0.000012 0.000004 0.000009 0.000449 0.000082 0.011212 -0.000000 0.000014 0.000180 0.000241 0.000056 0.002727 0.000316 0.000019 0.003032 0.011019 0.000316 0.007205 0.003424 0.000011 0.003100 0.000060 0.048569 0.000005 0.012897 0.000271 0.012933 0.000883 0.041666 0.006282 0.003413 0.001161 0.967787 -0.000000 0.009820 0.000125 0.000053 0.000173 0.000129 0.000593 0.000043 0.301392 0.385466 0.020547 0.014688 0.000150 0.142824 0.002591 0.000019 0.021590 0.096051 0.019961 
0.000262 0.000046 0.000130 0.000101 0.000945 0.001035 0.000342 0.003360 0.004204 0.000303 0.000240 0.000964 0.000744 0.000658 0.000237 0.003175 0.000876 0.000280 0.000387 0.002420 0.000826 0.011951 0.000022 0.000184 0.002084 0.003092 0.000279 0.014248 0.002143 0.000547 0.006078 0.011336 0.002647 0.012266 0.013054 0.000120 0.014324 0.001204 0.046570 0.000118 0.030478 0.002410 0.018232 0.004729 0.022087 0.006827 0.008561 0.005250 0.214191 0.001876 0.022551 0.001532 0.000765 0.004557 0.000996 0.002620 0.000390 0.208935 0.085234 0.048697 0.019472 0.001118 0.178149 0.005535 0.000271 0.040302 0.071655 0.064200 
-0.000000 -0.000000 -0.000000 -0.000000 -0.000000 -0.000000 -0.000000 -0.000000 -0.000000 0.000008 -0.000000 -0.000000 -0.000000 0.000038 0.000022 0.000020 -0.000000 -0.000000 0.000036 -0.000000 -0.000000 -0.000000 0.000002 0.000028 0.000023 0.000080 0.000056 0.000282 0.000088 0.000057 0.000066 0.000051 0.000716 0.000284 0.001802 0.000039 0.004437 0.001279 0.000513 0.000113 0.003924 0.002410 0.000975 0.008614 0.000237 0.001249 0.036672 0.102771 0.000468 0.003376 0.342460 0.011823 0.002347 0.045503 0.146963 0.214289 0.012988 0.002236 0.000124 0.192201 0.000877 0.050779 0.002175 0.002841 0.002144 0.007431 0.000295 0.068623 
-0.000000 -0.000000 0.000130 0.000101 0.000069 0.000115 0.000162 0.000411 0.000145 0.000115 0.000309 0.000317 0.000072 0.000282 0.000227 0.000177 0.000316 0.000064 0.000270 0.000174 0.000066 0.000229 0.000032 0.000452 0.000293 0.000743 0.000725 0.001411 0.000378 0.000982 0.000253 0.000342 0.002497 0.000478 0.002163 0.000220 0.003328 0.004485 0.000702 0.001116 0.001673 0.003249 0.000566 0.005023 0.000133 0.000267 0.003742 0.012670 0.000364 0.130550 0.008500 0.012347 0.134863 0.032142 0.001978 0.001758 0.001798 0.000733 0.000124 0.010840 0.000243 0.003073 0.001293 0.000347 0.002934 0.001741 0.000374 0.008632 
-0.000000 -0.000000 -0.000000 -0.000000 0.000138 0.000046 -0.000000 0.000617 0.002000 -0.000000 -0.000000 0.000014 0.000013 -0.000000 -0.000000 0.000375 -0.000000 0.000004 -0.000000 0.000296 0.000005 0.007441 0.000001 -0.000000 0.000056 0.000020 -0.000000 0.001317 0.000123 -0.000000 0.001569 0.007862 0.000166 0.003835 0.001802 0.000002 0.002088 0.000030 0.037791 -0.000000 0.007604 0.000190 0.011006 0.000412 0.040606 0.006361 0.002902 0.000707 0.721898 0.000375 0.010247 0.000050 -0.000000 0.000173 0.000110 0.000492 0.000014 0.510751 0.409744 0.017635 0.017577 0.000115 0.172447 0.002377 0.000010 0.024000 0.164696 0.013056 
0.000052 0.000020 -0.000000 0.000455 0.000254 0.000276 0.000342 0.001646 0.000406 0.000197 0.000309 0.000561 0.000281 0.000620 0.000237 0.000631 0.000536 0.000164 0.000225 0.000459 0.000246 0.000815 0.000033 0.000212 0.000698 0.001084 0.000446 0.002022 0.000703 0.000793 0.000705 0.000571 0.001748 0.001136 0.002703 0.000119 0.004666 0.001490 0.001621 0.000159 0.002768 0.002072 0.001072 0.004238 0.000348 0.000448 0.004600 0.009565 0.001614 0.006753 0.010868 0.006292 0.004378 0.023580 0.002474 0.002431 0.002409 0.002429 0.000298 0.016179 0.000611 0.004857 0.003527 0.000853 0.002730 0.004084 0.000590 0.014674 
-0.000000 0.000013 0.000130 0.000051 0.000046 0.000023 0.000252 0.000343 0.000116 0.000107 0.000378 0.000259 0.000078 0.000357 0.000248 0.000296 0.000316 0.000168 0.000469 0.000204 0.000175 0.000280 0.000064 0.000480 0.000552 0.001125 0.001394 0.001740 0.000632 0.001944 0.000386 0.000254 0.004961 0.000659 0.003527 0.000439 0.008353 0.010369 0.001351 0.002252 0.003650 0.007541 0.001132 0.013402 0.000254 0.000515 0.011098 0.043839 0.000833 0.109917 0.026200 0.050346 0.136340 0.156258 0.008470 0.005879 0.008709 0.001542 0.000398 0.034460 0.000634 0.016141 0.003938 0.001225 0.022121 0.003950 0.000728 0.027514 
-0.000000 -0.000000 -0.000000 -0.000000 -0.000000 -0.000000 0.000018 -0.000000 0.000029 -0.000000 -0.000000 0.000029 -0.000000 0.000019 0.000022 0.000020 0.000037 0.000008 0.000009 0.000031 0.000011 0.000229 0.000002 0.000113 0.000034 0.000241 0.000056 0.000188 0.000123 0.000038 0.000027 0.000101 0.000866 0.000374 0.001931 0.000056 0.003883 0.000948 0.001026 0.000129 0.003802 0.002058 0.001409 0.005396 0.000331 0.001234 0.017268 0.038362 0.001145 0.009003 0.138179 0.012322 0.006276 0.056206 0.051095 0.127478 0.020589 0.003624 0.000273 0.426709 0.001809 0.175440 0.007935 0.007084 0.010461 0.020519 0.001062 0.244929 
0.000052 0.000026 -0.000000 0.000556 0.000346 0.000391 0.000198 0.001989 0.001131 0.000115 0.000378 0.000417 0.000320 0.000376 0.000151 0.001282 0.000341 0.000208 0.000225 0.001021 0.000372 0.002829 0.000016 0.000155 0.000766 0.001265 0.000223 0.004279 0.000685 0.000321 0.001742 0.002498 0.000999 0.002724 0.003450 0.000040 0.003491 0.000436 0.007023 0.000046 0.005597 0.000975 0.003227 0.001648 0.002927 0.001106 0.002464 0.001439 0.050490 -0.000000 0.003843 0.000573 0.000211 0.001795 0.000338 0.000761 0.000162 0.026527 0.058769 0.010921 0.003030 0.000279 0.026978 0.001128 0.000105 0.007900 0.012002 0.013595 
-0.000000 -0.000000 -0.000000 -0.000000 -0.000000 -0.000000 -0.000000 -0.000000 0.000058 0.000008 -0.000000 0.000014 0.000007 0.000038 0.000011 -0.000000 0.000012 -0.000000 -0.000000 0.000020 0.000005 0.000484 -0.000000 -0.000000 0.000011 0.000120 -0.000000 0.000470 0.000053 0.000019 0.000133 0.000710 0.000216 0.001149 0.002497 0.000006 0.003230 0.000090 0.006564 0.000015 0.008426 0.000555 0.005286 0.001118 0.004352 0.006267 0.008470 0.001540 0.014158 0.000375 0.041803 0.000237 0.000053 0.000414 0.000586 0.003569 0.000092 0.079965 0.003951 0.169551 0.128975 0.001053 0.298756 0.055095 0.000099 1.416515 0.041809 0.428464 
0.000052 -0.000000 -0.000000 0.000152 0.000346 0.000184 0.000072 0.001097 0.001855 0.000008 -0.000000 0.000158 0.000144 0.000094 0.000054 0.000828 0.000097 0.000056 0.000072 0.000643 0.000137 0.005326 0.000004 0.000071 0.000372 0.000482 0.000056 0.004279 0.000299 0.000132 0.002514 0.006378 0.000483 0.005449 0.004017 0.000023 0.003915 0.000166 0.025878 0.000026 0.012349 0.000609 0.008730 0.001393 0.014802 0.003600 0.003450 0.001716 0.249169 -0.000000 0.011062 0.000374 0.000079 0.000863 0.000281 0.001010 0.000113 0.229717 0.225584 0.023135 0.015283 0.000287 0.180264 0.003097 0.000061 0.025440 0.113581 0.034096 
-0.000000 -0.000000 -0.000000 -0.000000 -0.000000 -0.000000 -0.000000 -0.000000 -0.000000 -0.000000 -0.000000 -0.000000 -0.000000 -0.000000 -0.000000 -0.000000 -0.000000 -0.000000 -0.000000 -0.000000 -0.000000 0.000051 -0.000000 -0.000000 -0.000000 -0.000000 -0.000000 -0.000000 -0.000000 -0.000000 0.000013 0.000190 -0.000000 0.000129 0.000257 -0.000000 0.000489 -0.000000 0.001297 -0.000000 0.001460 0.000027 0.000987 0.000078 0.001370 0.001064 0.000767 0.000227 0.009109 -0.000000 0.004697 0.000012 0.000026 0.000035 0.000076 0.000404 0.000012 0.129278 0.006759 0.020789 0.168576 0.000193 2.255040 0.006578 0.000022 0.187818 0.266788 0.124299 
