# Flux Network Reconstruction using RW method
# Walkers leave from emitting cells
# Probability involves emitting fluxes, then absorbing flux is shared among connections
# Seed: 1684539231
# Threshold: 0.5
# Precision: 100000.0
# Dt: 1.0
# Radius step: 3.000000
# Matrix output


0.002562 0.000402 0.006053 0.020905 0.000785 0.013631 0.019168 0.000292 0.000798 0.000343 0.010180 0.021656 0.005677 0.000485 0.004605 0.003553 0.000615 0.000250 0.000260 0.000261 0.000002 0.000078 0.000665 0.000663 0.000066 0.000078 0.001463 0.000168 0.000044 0.000081 0.000579 0.000024 0.000014 -0.000000 0.000009 0.000013 0.000024 -0.000000 0.000009 -0.000000 -0.000000 0.000006 0.000005 -0.000000 -0.000000 -0.000000 -0.000000 -0.000000 -0.000000 -0.000000 -0.000000 -0.000000 -0.000000 0.000009 -0.000000 -0.000000 -0.000000 -0.000000 -0.000000 -0.000000 -0.000000 -0.000000 -0.000000 -0.000000 -0.000000 
0.016397 0.002998 0.000500 0.000323 0.004855 0.007567 0.000356 0.001575 0.003121 0.000232 0.005039 0.001699 0.000644 0.001276 0.004904 0.001184 0.001916 0.004130 0.000110 0.001527 0.000031 0.000152 0.000287 0.000429 0.001941 0.002288 0.001645 0.002406 0.001575 0.000261 0.002603 0.000309 0.000178 0.001298 0.000218 0.000354 0.000503 0.000433 0.000146 0.000628 0.000892 0.000109 0.000091 0.000181 0.000831 0.000399 0.000181 0.000111 0.000572 0.000122 0.000272 0.000169 0.000143 0.000074 0.000003 0.000064 0.000168 0.000214 -0.000000 0.000010 0.000048 0.000391 0.000107 0.000005 0.000360 
0.031144 0.003802 0.019844 0.007865 0.009711 0.067619 0.006653 0.001925 0.006315 0.001090 0.022627 0.013871 0.003976 0.003970 0.017343 0.004582 0.003867 0.005445 0.000342 0.001888 0.000017 0.000248 0.000791 0.000897 0.001711 0.001939 0.002011 0.001678 0.001181 0.000207 0.002748 0.000403 0.000096 0.000312 0.000064 0.000144 0.000263 0.000096 0.000043 0.000114 0.000105 0.000012 0.000010 -0.000000 0.000069 0.000080 0.000030 0.000042 0.000041 0.000024 0.000019 -0.000000 -0.000000 0.000018 0.000001 -0.000000 -0.000000 0.000036 0.000044 -0.000000 -0.000000 -0.000000 -0.000000 -0.000000 -0.000000 
0.150082 0.332079 0.000285 0.000059 0.072278 0.007131 0.000119 0.069753 0.016163 0.000075 0.001008 0.000142 0.000092 0.002464 0.001914 0.000051 0.000949 0.033419 0.000005 0.001326 0.000391 0.000022 0.000023 -0.000000 0.001447 0.001047 -0.000000 0.008112 0.005251 0.000009 0.000579 0.000071 0.000014 0.002753 0.000200 0.000184 0.000072 0.000192 0.000034 -0.000000 0.000682 0.000012 -0.000000 0.000036 0.000069 -0.000000 0.000453 0.000111 0.000163 -0.000000 -0.000000 -0.000000 0.000020 -0.000000 0.000001 0.000193 -0.000000 0.000036 -0.000000 -0.000000 -0.000000 0.000087 -0.000000 -0.000000 -0.000000 
0.026874 0.283765 0.000034 0.000007 0.037680 0.001649 -0.000000 0.393320 0.019889 0.000009 0.000050 -0.000000 -0.000000 0.001059 0.000120 -0.000000 0.000141 0.062895 -0.000000 0.000402 0.001135 0.000002 -0.000000 -0.000000 0.000493 0.000194 -0.000000 0.010127 0.008839 -0.000000 0.000145 0.000024 -0.000000 0.005142 0.000182 0.000066 0.000048 0.000096 -0.000000 0.000057 0.000945 0.000012 -0.000000 0.000012 -0.000000 -0.000000 0.001028 0.000097 -0.000000 -0.000000 -0.000000 -0.000000 -0.000000 -0.000000 0.000003 0.000387 -0.000000 -0.000000 -0.000000 -0.000000 -0.000000 0.000043 -0.000000 -0.000000 -0.000000 
0.033877 0.002998 0.079267 0.046650 0.008548 0.121511 0.025941 0.000525 0.004694 0.001737 0.041122 0.030573 0.011377 0.003549 0.016266 0.010383 0.003673 0.003067 0.000541 0.001306 0.000005 0.000213 0.000951 0.000994 0.000362 0.000543 0.003199 0.000504 0.000088 0.000153 0.000868 0.000119 0.000007 0.000208 0.000036 0.000066 0.000024 -0.000000 -0.000000 0.000029 -0.000000 -0.000000 0.000005 -0.000000 -0.000000 -0.000000 -0.000000 -0.000000 -0.000000 -0.000000 -0.000000 -0.000000 -0.000000 -0.000000 -0.000000 -0.000000 -0.000000 -0.000000 -0.000000 -0.000000 -0.000000 -0.000000 -0.000000 -0.000000 -0.000000 
0.247442 0.026584 0.027845 0.007852 0.064486 0.255732 0.007881 0.007873 0.033366 0.003373 0.054376 0.019108 0.006160 0.018330 0.054241 0.008821 0.016960 0.025158 0.000551 0.007874 0.000108 0.000637 0.001444 0.001014 0.005494 0.005468 0.002194 0.008560 0.002713 0.000523 0.004628 0.000641 0.000151 0.001402 0.000209 0.000525 0.000527 0.000192 0.000068 0.000429 0.000367 0.000012 0.000025 0.000048 0.000277 0.000159 0.000091 0.000028 0.000123 0.000073 0.000039 0.000024 0.000041 0.000028 0.000003 0.000161 0.000021 -0.000000 -0.000000 0.000003 -0.000000 0.000043 0.000018 0.000002 -0.000000 
0.161640 0.183520 0.001013 0.000653 0.090827 0.025563 0.001188 0.047824 0.033633 0.000675 0.012800 0.005520 0.001678 0.010135 0.020154 0.003089 0.008173 0.060955 0.000304 0.009582 0.000575 0.000487 0.001089 0.000975 0.013159 0.013845 0.001280 0.027862 0.017240 0.001163 0.013017 0.001922 0.000746 0.009556 0.001590 0.002112 0.002538 0.003148 0.000685 0.003428 0.005405 0.000699 0.000258 0.000892 0.002977 0.000718 0.002025 0.000848 0.002534 0.000758 0.000698 0.000447 0.000738 0.000111 0.000024 0.000806 0.000293 0.000660 0.000220 0.000066 0.000103 0.000825 0.000302 0.000015 0.003240 
0.026133 0.004018 0.053224 0.093201 0.009187 0.134463 0.064000 0.001575 0.006146 0.003413 0.096203 0.117057 0.032568 0.004774 0.049098 0.026207 0.009087 0.006258 0.001961 0.004138 0.000030 0.000880 0.004837 0.005458 0.003125 0.004072 0.014168 0.003748 0.001531 0.001289 0.012728 0.001543 0.000212 0.000312 0.000073 0.000512 0.000527 0.000072 0.000146 0.000257 0.000105 0.000036 0.000056 0.000036 0.000831 0.000266 0.000030 0.000014 0.000163 0.000122 0.000097 0.000060 0.000143 0.000037 -0.000000 0.000032 0.000168 -0.000000 -0.000000 0.000003 0.000006 0.000043 -0.000000 0.000002 -0.000000 
0.177354 0.025904 0.035648 0.012342 0.056113 0.331258 0.014931 0.012131 0.035544 0.005478 0.101343 0.040482 0.012572 0.023066 0.091977 0.019462 0.025502 0.035797 0.001391 0.012414 0.000175 0.001380 0.003553 0.004191 0.011448 0.012759 0.008044 0.014826 0.007088 0.001424 0.012728 0.002184 0.000616 0.001870 0.000372 0.001181 0.001508 0.000697 0.000394 0.001200 0.001260 0.000146 0.000106 0.000253 0.000969 0.000399 0.000514 0.000111 0.000368 0.000342 0.000175 0.000048 0.000225 0.000065 0.000006 0.000097 0.000084 0.000107 -0.000000 0.000023 0.000018 0.000304 -0.000000 0.000001 0.000180 
0.001594 0.000247 0.002595 0.016462 0.000581 0.010963 0.064872 0.000292 0.000411 0.000434 0.014866 0.064827 0.012595 0.000536 0.007535 0.005149 0.000984 0.000438 0.000493 0.000502 -0.000000 0.000141 0.001295 0.001618 0.000428 0.000504 0.003473 0.000615 0.000175 0.000298 0.003760 0.000451 0.000082 0.000104 -0.000000 0.000118 0.000120 0.000024 0.000051 0.000057 -0.000000 0.000012 0.000010 0.000048 0.000208 0.000133 -0.000000 -0.000000 -0.000000 0.000049 0.000019 -0.000000 -0.000000 -0.000000 -0.000000 -0.000000 -0.000000 -0.000000 -0.000000 -0.000000 -0.000000 -0.000000 -0.000000 -0.000000 -0.000000 
0.002676 0.000185 0.007411 0.077912 0.000669 0.024593 0.379091 0.000117 0.000532 0.000826 0.031043 0.205522 0.050105 0.000460 0.006578 0.014245 0.000879 0.000563 0.001141 0.000241 -0.000000 0.000159 0.002957 0.002963 0.000033 0.000233 0.008866 0.000056 0.000044 0.000316 0.001591 0.000095 0.000007 0.000052 -0.000000 -0.000000 -0.000000 -0.000000 -0.000000 0.000029 -0.000000 -0.000000 0.000005 -0.000000 -0.000000 -0.000000 -0.000000 -0.000000 -0.000000 -0.000000 -0.000000 -0.000000 -0.000000 -0.000000 -0.000000 -0.000000 -0.000000 -0.000000 -0.000000 -0.000000 -0.000000 -0.000000 -0.000000 -0.000000 -0.000000 
0.549713 0.667094 0.001711 0.000587 0.596540 0.052534 0.000634 0.123992 0.118609 0.000790 0.011238 0.002265 0.000758 0.023219 0.019316 0.001854 0.011336 0.170723 0.000128 0.012113 0.001193 0.000330 0.000183 0.000468 0.013159 0.011208 0.000183 0.044423 0.026516 0.000460 0.002459 0.000593 0.000322 0.008829 0.001308 0.001286 0.001436 0.001754 0.000197 0.001714 0.003149 0.000219 0.000025 0.000350 0.000831 0.000133 0.001058 0.000487 0.000981 0.000098 0.000136 0.000060 0.000143 -0.000000 0.000006 0.000644 0.000042 0.000036 0.000044 -0.000000 0.000006 0.000174 0.000036 0.000002 0.000360 
0.063654 0.014930 0.032971 0.015506 0.028725 0.293955 0.024990 0.010906 0.023882 0.007231 0.145590 0.087049 0.022248 0.016633 0.119187 0.032333 0.028894 0.032981 0.002652 0.017154 0.000178 0.002255 0.008332 0.009785 0.016547 0.021407 0.018464 0.019861 0.009364 0.003796 0.041509 0.006195 0.001526 0.004103 0.000972 0.001902 0.003615 0.001514 0.001138 0.002514 0.002572 0.000450 0.000354 0.000723 0.005124 0.001754 0.000846 0.000403 0.001961 0.001394 0.001145 0.000495 0.001024 0.000240 0.000012 0.000580 0.000733 0.000696 0.000616 0.000063 0.000097 0.000608 0.000213 0.000011 0.001620 
0.002619 0.000155 0.004449 0.031942 0.000843 0.017366 0.307724 0.000117 0.000653 0.000643 0.023131 0.192358 0.038935 0.000574 0.009210 0.009611 0.001178 0.000626 0.001011 0.000522 0.000002 0.000200 0.003014 0.003411 0.000526 0.000698 0.010877 0.000392 -0.000000 0.000442 0.003616 0.000546 0.000075 -0.000000 0.000009 0.000039 0.000120 -0.000000 0.000026 -0.000000 0.000052 -0.000000 0.000005 0.000012 -0.000000 0.000027 -0.000000 -0.000000 -0.000000 0.000024 0.000039 0.000012 -0.000000 0.000018 -0.000000 -0.000000 0.000021 0.000018 -0.000000 -0.000000 -0.000000 -0.000000 -0.000000 -0.000000 -0.000000 
0.058985 0.285001 0.000134 0.000040 0.100683 0.006743 0.000040 1.829720 0.076629 0.000081 0.000605 0.000142 -0.000000 0.007646 0.001854 0.000086 0.001494 0.294134 0.000003 0.004279 0.006445 0.000041 -0.000000 -0.000000 0.008191 0.003296 0.000091 0.070326 0.067078 0.000054 0.000289 0.000214 0.000075 0.028410 0.002153 0.001259 0.000646 0.001826 0.000086 0.001028 0.008134 0.000140 0.000005 0.000229 -0.000000 0.000027 0.004897 0.001071 0.000450 -0.000000 -0.000000 0.000036 -0.000000 -0.000000 0.000021 0.002062 -0.000000 0.000018 -0.000000 -0.000000 -0.000000 0.000174 0.000018 -0.000000 0.000180 
0.249435 0.306484 0.001319 0.000554 0.357465 0.055541 0.000752 0.302980 0.339471 0.001020 0.013506 0.001982 0.000758 0.048672 0.031157 0.001956 0.020722 0.626568 0.000148 0.033003 0.003683 0.000621 0.000630 0.000487 0.038193 0.031025 0.000731 0.151898 0.083661 0.000748 0.004339 0.001733 0.000643 0.028825 0.003979 0.004146 0.003160 0.004373 0.000642 0.004742 0.008659 0.000668 0.000121 0.000832 0.001108 0.000372 0.003869 0.001113 0.001757 0.000147 0.000369 0.000205 0.000266 0.000028 0.000033 0.001418 0.000021 0.000161 0.000044 -0.000000 0.000018 0.000304 0.000142 0.000002 0.000900 
0.027898 0.003617 0.032600 0.063428 0.010816 0.240791 0.161347 0.001633 0.008783 0.010985 0.388743 0.446854 0.147671 0.007480 0.131088 0.143218 0.017751 0.009262 0.010214 0.006528 0.000034 0.003146 0.024470 0.024814 0.004902 0.008377 0.056398 0.004140 0.001663 0.004490 0.032687 0.004391 0.000842 0.000156 0.000100 0.000656 0.000958 0.000072 0.000471 0.000343 0.000315 0.000049 0.000177 0.000048 0.000831 0.000611 0.000030 -0.000000 0.000204 0.000489 0.000039 0.000072 0.000102 0.000129 -0.000000 0.000032 0.000126 0.000036 0.000132 0.000003 -0.000000 0.000087 0.000018 0.000001 -0.000000 
0.020497 0.005440 0.009829 0.017036 0.010757 0.118213 0.068594 0.005424 0.012413 0.007231 0.243758 0.318191 0.090257 0.011042 0.145740 0.114145 0.025256 0.020840 0.010811 0.015025 0.000123 0.004526 0.030911 0.037133 0.015725 0.022493 0.066270 0.016057 0.005907 0.009430 0.101242 0.014739 0.002840 0.003428 0.000736 0.002952 0.005195 0.001874 0.002054 0.003400 0.001942 0.000359 0.000813 0.000772 0.009971 0.004067 0.000544 0.000431 0.001961 0.002592 0.001261 0.000893 0.001352 0.000637 0.000012 0.000548 0.001006 0.000678 0.001056 0.000106 0.000157 0.000694 0.000231 0.000020 0.003060 
0.017422 0.003895 0.009286 0.020958 0.007472 0.098131 0.112991 0.003149 0.007961 0.005636 0.194371 0.556126 0.175389 0.007659 0.116675 0.104534 0.019245 0.013643 0.012621 0.010485 0.000076 0.003885 0.039289 0.045008 0.010692 0.018770 0.100090 0.010294 0.004113 0.009286 0.101242 0.013362 0.002395 0.002077 0.000500 0.002047 0.003591 0.000793 0.001678 0.001571 0.001155 0.000273 0.000586 0.000362 0.006647 0.003004 0.000302 0.000236 0.001308 0.002103 0.001028 0.000543 0.001086 0.000443 0.000006 0.000290 0.000817 0.000339 0.000880 0.000056 0.000085 0.000391 0.000196 0.000015 0.000900 
0.008654 0.009953 0.000116 0.000132 0.007443 0.003784 0.000317 0.097689 0.008420 0.000164 0.002621 0.000991 0.000299 0.002808 0.005741 0.000875 0.002162 0.035046 0.000077 0.004580 0.001659 0.000193 0.000367 0.000546 0.008619 0.008377 0.001005 0.029429 0.033473 0.000478 0.008822 0.001282 0.000513 0.035940 0.004233 0.002873 0.003424 0.008699 0.000916 0.006342 0.022304 0.001708 0.000293 0.003026 0.004293 0.000930 0.010700 0.004506 0.007519 0.000758 0.001319 0.000905 0.001537 0.000129 0.000156 0.005703 0.000419 0.001071 0.000220 0.000119 0.000266 0.003429 0.000765 0.000016 0.007921 
0.001139 0.000093 0.000944 0.003659 0.000204 0.006209 0.085783 -0.000000 0.000266 0.000477 0.021619 2.333917 0.215795 0.000204 0.006459 0.017420 0.001301 0.000063 0.004858 0.000603 0.000001 0.000504 0.023152 0.054734 0.000526 0.001474 0.422299 0.000168 0.000088 0.003318 0.045269 0.003062 0.000493 0.000104 -0.000000 0.000118 0.000359 0.000024 0.000257 0.000086 0.000052 -0.000000 0.000101 -0.000000 0.000346 0.000638 -0.000000 -0.000000 0.000041 0.000611 0.000039 -0.000000 -0.000000 0.000277 -0.000000 -0.000000 0.000210 0.000018 0.000264 -0.000000 -0.000000 -0.000000 -0.000000 0.000003 -0.000000 
0.070828 0.069921 0.000867 0.000534 0.074604 0.029735 0.000950 0.216956 0.148395 0.000941 0.013002 0.004529 0.001149 0.039673 0.033549 0.003638 0.022233 1.356958 0.000332 0.054135 0.005851 0.001165 0.001330 0.001832 0.102408 0.082565 0.002194 0.445064 0.231294 0.002281 0.025166 0.005435 0.002512 0.075309 0.012400 0.013486 0.013551 0.017109 0.002388 0.019369 0.032643 0.002953 0.000556 0.004726 0.007686 0.002127 0.009400 0.004465 0.009644 0.001027 0.001630 0.000953 0.002315 0.000231 0.000115 0.004640 0.000503 0.001535 0.000264 0.000096 0.000260 0.003646 0.000694 0.000017 0.003600 
0.010419 0.006090 0.000418 0.000323 0.007705 0.009459 0.001109 0.011023 0.013961 0.000456 0.010734 0.005237 0.001609 0.007174 0.017283 0.003038 0.006837 0.043619 0.000388 0.012354 0.000256 0.000578 0.001673 0.002242 0.019014 0.017762 0.003199 0.028366 0.015927 0.001515 0.022852 0.003987 0.001287 0.009764 0.002035 0.003503 0.004788 0.004878 0.001429 0.005656 0.006927 0.001149 0.000697 0.001869 0.007894 0.002924 0.002055 0.001113 0.006170 0.001956 0.002173 0.001207 0.002008 0.000332 0.000047 0.000967 0.000964 0.001517 0.000660 0.000152 0.000284 0.001996 0.000907 0.000031 0.006660 
0.039570 0.012859 0.002940 0.002242 0.023986 0.116175 0.006931 0.014930 0.050376 0.007282 0.147152 0.033121 0.011239 0.066403 0.507248 0.043918 0.258256 0.090118 0.004917 0.149026 0.000399 0.021240 0.017479 0.018615 0.113133 0.185838 0.029342 0.075529 0.028398 0.020267 0.180210 0.032041 0.008986 0.009868 0.002934 0.012817 0.020757 0.004181 0.006299 0.009570 0.005038 0.001222 0.001687 0.001507 0.017588 0.006513 0.001269 0.000765 0.004781 0.003301 0.002561 0.001629 0.002602 0.000877 0.000025 0.000644 0.001509 0.001285 0.001056 0.000096 0.000206 0.001215 0.000551 0.000019 0.003420 
0.004840 0.001051 0.001711 0.003751 0.002122 0.020082 0.039406 0.001225 0.003097 0.001314 0.041172 0.504462 0.094624 0.002553 0.036779 0.024387 0.007241 0.004694 0.006318 0.004379 0.000030 0.001799 0.034281 0.070640 0.005264 0.007950 0.426778 0.004364 0.002450 0.008745 0.125395 0.014098 0.002416 0.001558 0.000372 0.001561 0.003400 0.000841 0.001481 0.001885 0.000682 0.000176 0.000742 0.000325 0.008586 0.004200 0.000121 0.000097 0.000654 0.002763 0.000718 0.000471 0.000881 0.000803 0.000007 0.000193 0.001111 0.000357 0.001144 0.000093 0.000085 0.000174 0.000142 0.000020 0.001800 
0.051242 0.025687 0.001073 0.000547 0.043669 0.050884 0.001426 0.050448 0.153185 0.001740 0.025046 0.003822 0.001839 0.122313 0.094249 0.007036 0.076718 0.474870 0.000687 0.367795 0.001333 0.003846 0.002797 0.003859 0.383710 0.328940 0.004662 0.348946 0.085062 0.005914 0.048885 0.011369 0.004223 0.022593 0.005841 0.016923 0.018387 0.007762 0.003586 0.015598 0.010181 0.001610 0.000606 0.001929 0.007894 0.002047 0.002569 0.001210 0.005271 0.000734 0.001804 0.000881 0.001701 0.000286 0.000033 0.000967 0.000440 0.000750 0.000220 0.000063 0.000127 0.001259 0.000356 0.000006 0.001980 
0.028809 0.032488 0.000362 0.000224 0.026225 0.010623 0.000396 0.330858 0.033463 0.000373 0.006199 0.002123 0.000690 0.009854 0.014771 0.002008 0.007259 0.165341 0.000209 0.014242 0.015785 0.000465 0.000711 0.001131 0.029739 0.029861 0.001828 0.133379 0.178087 0.001406 0.014029 0.003370 0.001266 0.151033 0.016515 0.009275 0.010175 0.029725 0.001874 0.021569 0.075834 0.004716 0.000581 0.007969 0.007271 0.001648 0.031465 0.012309 0.021372 0.001516 0.002619 0.001702 0.002951 0.000259 0.000332 0.016788 0.000817 0.002088 0.000176 0.000172 0.000502 0.008333 0.002063 0.000014 0.014401 
0.018276 0.005873 0.003444 0.004819 0.011978 0.085519 0.021703 0.008107 0.017784 0.006579 0.199058 0.131777 0.035740 0.017156 0.257810 0.109906 0.049774 0.034795 0.018511 0.035313 0.000202 0.019043 0.061375 0.066566 0.043621 0.062205 0.083820 0.033345 0.014877 0.032627 0.303146 0.045735 0.009465 0.006336 0.001980 0.007583 0.015346 0.003532 0.005880 0.009056 0.006193 0.000942 0.002469 0.001555 0.026728 0.010447 0.001330 0.000626 0.004699 0.006944 0.004210 0.002353 0.003586 0.001542 0.000028 0.000902 0.003018 0.001928 0.002023 0.000212 0.000399 0.001779 0.000569 0.000044 0.004140 
0.055114 0.041730 0.001138 0.000705 0.052391 0.040116 0.002139 0.107836 0.120593 0.001435 0.022980 0.006936 0.002413 0.047958 0.058487 0.006384 0.033271 0.809118 0.000694 0.091979 0.003289 0.002279 0.002865 0.003801 0.192579 0.157024 0.005027 0.664995 0.200971 0.004932 0.052067 0.010870 0.004455 0.069596 0.014108 0.023575 0.024468 0.021603 0.004622 0.030168 0.032748 0.004363 0.001328 0.006317 0.013849 0.004173 0.008826 0.004910 0.015283 0.002812 0.003589 0.002498 0.004610 0.000517 0.000136 0.004415 0.001006 0.002802 0.000924 0.000212 0.000424 0.004514 0.001281 0.000017 0.011881 
0.042702 0.024667 0.001798 0.001180 0.036866 0.051952 0.004158 0.056863 0.073750 0.002161 0.041979 0.023779 0.004964 0.044460 0.084980 0.012700 0.042533 0.263531 0.001550 0.103871 0.001599 0.003244 0.006040 0.008538 0.198829 0.188592 0.013345 0.256968 0.095913 0.007988 0.094299 0.017468 0.006830 0.048977 0.010438 0.020675 0.026455 0.020714 0.006882 0.029368 0.036579 0.004570 0.002596 0.007547 0.030952 0.009915 0.008584 0.004548 0.019574 0.006162 0.006635 0.004586 0.007991 0.001201 0.000173 0.004286 0.003416 0.005051 0.002023 0.000562 0.000883 0.006597 0.002170 0.000070 0.016741 
0.006263 0.002658 0.001608 0.003138 0.003489 0.025224 0.022812 0.003674 0.004718 0.001639 0.049034 0.230575 0.052863 0.004136 0.042221 0.026035 0.009491 0.010952 0.006857 0.008015 0.000092 0.002396 0.039725 0.085240 0.010790 0.014465 0.287931 0.010462 0.004638 0.011720 0.164445 0.021100 0.003963 0.003739 0.000672 0.002978 0.006296 0.001898 0.002542 0.003714 0.003464 0.000444 0.001530 0.000844 0.014333 0.007177 0.000544 0.000473 0.002411 0.004572 0.002677 0.001376 0.002192 0.001256 0.000018 0.000290 0.002326 0.001749 0.001979 0.000165 0.000303 0.001215 0.000267 0.000032 0.005760 
0.038261 0.040679 0.000375 0.000178 0.040907 0.015813 0.000317 0.170882 0.094341 0.000492 0.006702 0.001274 0.000414 0.028734 0.022007 0.001905 0.016240 0.891976 0.000243 0.056545 0.006313 0.000980 0.000894 0.001072 0.147214 0.105096 0.002194 1.221955 0.437253 0.002299 0.020682 0.005577 0.002649 0.099563 0.019359 0.023981 0.017836 0.023742 0.003081 0.031939 0.035372 0.003883 0.000449 0.005075 0.007132 0.001781 0.010247 0.004395 0.011483 0.000856 0.001688 0.001291 0.002725 0.000120 0.000096 0.004672 0.000482 0.001303 0.000396 0.000089 0.000236 0.002778 0.000729 0.000002 0.005400 
0.003929 0.000989 0.001052 0.002209 0.002326 0.017269 0.016396 0.002100 0.003508 0.001135 0.035830 0.195331 0.043026 0.003370 0.033848 0.022482 0.007259 0.007447 0.006073 0.006428 0.000053 0.002247 0.039370 0.118299 0.008751 0.011595 0.791490 0.008001 0.003500 0.015317 0.251947 0.028410 0.004592 0.001714 0.000536 0.002309 0.005435 0.001081 0.002790 0.003142 0.001994 0.000407 0.001606 0.000627 0.016341 0.009038 0.000393 0.000264 0.001675 0.006504 0.002231 0.001219 0.001844 0.002106 0.000012 0.000193 0.002598 0.001178 0.002287 0.000215 0.000236 0.000608 0.000320 0.000046 0.004680 
0.021237 0.009119 0.002043 0.002301 0.013665 0.054765 0.010337 0.013472 0.026616 0.003820 0.093331 0.055202 0.014710 0.023258 0.172471 0.036641 0.053412 0.066086 0.006083 0.060221 0.000455 0.014861 0.029341 0.038205 0.085203 0.129334 0.057769 0.075362 0.034042 0.045754 0.457467 0.082025 0.019943 0.019009 0.005196 0.020518 0.037013 0.009852 0.014148 0.021540 0.014799 0.002899 0.005126 0.004376 0.057610 0.021584 0.003748 0.002392 0.013853 0.013693 0.009778 0.005551 0.008729 0.002881 0.000078 0.001901 0.006266 0.005426 0.004002 0.000701 0.000896 0.004383 0.002063 0.000097 0.015121 
0.000057 -0.000000 0.000043 0.000066 -0.000000 0.000388 0.001228 -0.000000 0.000024 0.000032 0.001209 0.040057 0.007125 0.000026 0.001017 0.001442 0.000105 0.000063 0.000636 0.000201 -0.000000 0.000187 0.006109 0.041987 0.000197 0.000465 1.424024 0.000056 -0.000000 0.003931 0.112089 0.006764 0.000876 -0.000000 -0.000000 0.000079 0.000263 -0.000000 0.000351 0.000029 -0.000000 -0.000000 0.000379 -0.000000 0.001731 0.003137 -0.000000 -0.000000 0.000041 0.002372 0.000078 0.000036 0.000041 0.001293 -0.000000 -0.000000 0.000754 0.000018 0.001232 0.000010 0.000006 -0.000000 -0.000000 0.000003 -0.000000 
0.022945 0.016383 0.000961 0.000705 0.021137 0.032791 0.002099 0.043450 0.048368 0.001571 0.032202 0.010899 0.003287 0.029819 0.070328 0.010486 0.034519 0.198697 0.001478 0.099853 0.001479 0.004161 0.006659 0.010760 0.389303 0.369815 0.015173 0.351576 0.133674 0.012432 0.146222 0.032112 0.013647 0.059987 0.017124 0.054076 0.065981 0.029389 0.015167 0.056479 0.042089 0.007384 0.003742 0.010331 0.045701 0.012786 0.007980 0.004924 0.027869 0.009022 0.010263 0.007157 0.012212 0.001514 0.000160 0.003673 0.004044 0.006568 0.002331 0.000532 0.001083 0.007725 0.003024 0.000073 0.025202 
0.011672 0.011252 0.000216 0.000145 0.013752 0.009216 0.000277 0.042925 0.043093 0.000402 0.007005 0.001840 0.000552 0.022951 0.032652 0.002918 0.021038 0.292131 0.000485 0.091437 0.001819 0.002757 0.002246 0.002885 0.535464 0.391959 0.003382 0.972540 0.251947 0.008294 0.067976 0.019723 0.011382 0.064402 0.024519 0.088750 0.069692 0.025592 0.011675 0.074763 0.026135 0.006654 0.001550 0.006426 0.018349 0.004173 0.004050 0.002072 0.017694 0.002176 0.003764 0.003222 0.005963 0.000286 0.000059 0.001611 0.000901 0.002624 0.000308 0.000152 0.000309 0.002908 0.001120 0.000015 0.006840 
0.008654 0.012457 0.000099 0.000046 0.011426 0.004657 0.000040 0.074710 0.028043 0.000106 0.002016 0.000142 0.000161 0.009714 0.009748 0.000927 0.006450 0.267912 0.000133 0.029267 0.004664 0.000880 0.000550 0.000819 0.136226 0.097573 0.000640 1.013102 1.113720 0.002389 0.019381 0.006978 0.004024 0.190557 0.061320 0.064243 0.038761 0.055894 0.005272 0.089304 0.063029 0.009237 0.000717 0.009741 0.009694 0.001462 0.011456 0.005104 0.019737 0.001027 0.002600 0.002257 0.004364 0.000139 0.000104 0.004253 0.000293 0.002231 0.000132 0.000079 0.000309 0.003515 0.000978 0.000007 0.006840 
0.021294 0.012766 0.000806 0.000778 0.018142 0.030560 0.002455 0.033418 0.037117 0.001622 0.035175 0.018259 0.004666 0.025006 0.076906 0.011979 0.034852 0.148694 0.001876 0.084908 0.001195 0.004910 0.008837 0.012436 0.263077 0.329987 0.019287 0.255122 0.114247 0.017499 0.205086 0.048845 0.019615 0.057442 0.016406 0.068979 0.089563 0.028812 0.021406 0.069306 0.038101 0.008672 0.005414 0.012043 0.068066 0.020628 0.008433 0.005174 0.033631 0.012372 0.014338 0.009872 0.015654 0.002179 0.000174 0.004253 0.005826 0.008495 0.003211 0.000906 0.001422 0.009374 0.003735 0.000111 0.028082 
0.000171 0.000031 0.000168 0.000409 0.000116 0.002231 0.003604 -0.000000 0.000218 0.000243 0.010583 0.075018 0.019743 0.000536 0.014831 0.011293 0.002812 0.000876 0.005272 0.002712 0.000007 0.003146 0.060596 0.344703 0.003948 0.008532 0.910136 0.002574 0.000831 0.070439 1.802244 0.103172 0.012039 0.000364 0.000154 0.001535 0.004094 0.000096 0.004553 0.000828 0.000052 0.000018 0.003772 0.000036 0.018765 0.031048 0.000091 -0.000000 0.000163 0.019365 0.001222 0.000483 0.000430 0.009152 -0.000000 -0.000000 0.005784 0.000321 0.007917 0.000076 0.000079 -0.000000 0.000053 0.000041 -0.000000 
0.002107 0.000958 0.000289 0.000343 0.002093 0.008489 0.001465 0.001983 0.004597 0.000715 0.022879 0.014862 0.004091 0.006944 0.068056 0.015497 0.022831 0.015333 0.003679 0.032782 0.000078 0.011880 0.023335 0.038751 0.054412 0.108587 0.047531 0.034016 0.012602 0.188281 1.538727 0.444205 0.069131 0.004155 0.001817 0.020885 0.047451 0.002211 0.022776 0.010770 0.002414 0.000857 0.005585 0.000976 0.046670 0.022249 0.000212 0.000153 0.003719 0.010587 0.004928 0.002209 0.003811 0.002752 0.000006 0.000161 0.003311 0.001249 0.002199 0.000175 0.000121 0.000651 0.000427 0.000034 0.001440 
0.018276 0.008655 0.000966 0.000936 0.013461 0.026534 0.003525 0.022687 0.021123 0.001533 0.034571 0.021939 0.005654 0.014488 0.061717 0.012322 0.022233 0.067776 0.001769 0.036117 0.000722 0.003305 0.008951 0.013313 0.083295 0.104166 0.020018 0.092426 0.050188 0.014263 0.199301 0.043220 0.016679 0.037654 0.009720 0.034109 0.060140 0.020882 0.018565 0.042224 0.033325 0.006022 0.006338 0.010235 0.082192 0.024934 0.008856 0.005355 0.030525 0.017825 0.016938 0.010837 0.018564 0.003214 0.000220 0.004286 0.008676 0.010851 0.005278 0.001173 0.002118 0.010676 0.004642 0.000190 0.042843 
0.008597 0.014219 0.000091 0.000040 0.009013 0.004075 0.000119 0.121950 0.014324 0.000115 0.001915 0.000708 0.000138 0.004327 0.004425 0.000584 0.003058 0.102571 0.000066 0.008959 0.007285 0.000280 0.000252 0.000370 0.025133 0.022415 0.001097 0.142163 0.336614 0.000784 0.009980 0.002350 0.001252 0.988672 0.059757 0.015336 0.012425 0.103426 0.001883 0.042852 0.293628 0.010319 0.000449 0.020000 0.005262 0.001170 0.089891 0.038611 0.042498 0.001002 0.002561 0.001605 0.003996 0.000111 0.000818 0.035767 0.000650 0.002356 0.000308 0.000185 0.000611 0.017534 0.003450 0.000016 0.020521 
0.014632 0.013755 0.000224 0.000138 0.012909 0.007858 0.000515 0.087599 0.020276 0.000311 0.005997 0.003114 0.000781 0.007748 0.013934 0.001630 0.007452 0.114462 0.000243 0.015326 0.004397 0.000678 0.001054 0.001598 0.043358 0.038316 0.001463 0.174445 0.317843 0.002092 0.028926 0.007168 0.002922 0.555154 0.071321 0.024742 0.023031 0.117339 0.004348 0.069678 0.235374 0.015272 0.001313 0.028607 0.016757 0.003934 0.055887 0.029000 0.062767 0.003619 0.006441 0.004767 0.008360 0.000591 0.000747 0.024940 0.001928 0.005551 0.001407 0.000489 0.001416 0.020615 0.005033 0.000049 0.036182 
0.016853 0.014250 0.000375 0.000336 0.013752 0.015231 0.001426 0.055405 0.026495 0.000641 0.012447 0.005662 0.001701 0.013250 0.029961 0.004273 0.014060 0.137867 0.000605 0.031697 0.002464 0.001471 0.002797 0.004093 0.091684 0.092492 0.006033 0.277501 0.269449 0.005427 0.075642 0.016044 0.007727 0.171859 0.058549 0.070186 0.060547 0.090498 0.011769 0.137441 0.123539 0.020784 0.002934 0.030536 0.045077 0.011696 0.023818 0.016231 0.075312 0.007751 0.014086 0.010077 0.017273 0.001302 0.000481 0.011729 0.005092 0.010851 0.002463 0.000995 0.002311 0.017751 0.006100 0.000095 0.042123 
0.001879 0.008253 0.000009 0.000013 0.004303 0.000291 -0.000000 0.170182 0.005638 0.000004 0.000050 -0.000000 -0.000000 0.000638 0.000299 0.000034 0.000352 0.055134 0.000003 0.001386 0.011142 0.000022 -0.000000 0.000019 0.005691 0.003490 -0.000000 0.062438 0.252209 0.000063 0.000579 0.000261 0.000178 1.063669 0.027553 0.003804 0.001748 0.042029 0.000163 0.008656 0.337659 0.001841 0.000010 0.008125 0.000485 -0.000000 0.241655 0.063006 0.014221 0.000049 0.000039 0.000145 0.000471 -0.000000 0.000811 0.086712 0.000042 0.000286 -0.000000 0.000026 0.000115 0.009244 0.000729 0.000001 0.001260 
-0.000000 -0.000000 -0.000000 0.000033 0.000029 0.000340 0.000356 -0.000000 0.000048 0.000015 0.000857 0.008634 0.002413 0.000051 0.000957 0.000892 0.000228 -0.000000 0.000419 0.000281 -0.000000 0.000254 0.004963 0.027679 0.000658 0.000698 0.187384 0.000168 0.000044 0.006239 0.237339 0.019462 0.002874 0.000052 -0.000000 0.000157 0.000718 0.000024 0.001190 0.000200 -0.000000 0.000012 0.001182 -0.000000 0.006232 0.012201 -0.000000 -0.000000 0.000082 0.008827 0.000388 0.000169 0.000143 0.005291 0.000001 -0.000000 0.002054 0.000143 0.003651 0.000046 0.000006 0.000043 -0.000000 0.000032 -0.000000 
0.016397 0.008841 0.000806 0.000785 0.011571 0.022847 0.002931 0.024553 0.021752 0.001146 0.030438 0.017976 0.004022 0.014526 0.054779 0.010400 0.023024 0.086300 0.001555 0.043529 0.000910 0.003389 0.008332 0.011734 0.111619 0.136121 0.019561 0.136960 0.080205 0.015759 0.219694 0.049082 0.023352 0.053080 0.016079 0.084420 0.136224 0.032224 0.031335 0.079162 0.047127 0.010319 0.009004 0.014744 0.113697 0.030543 0.010095 0.007107 0.048056 0.020930 0.024679 0.016485 0.027395 0.003675 0.000245 0.005575 0.010729 0.014956 0.006949 0.001716 0.002626 0.013020 0.005691 0.000204 0.045543 
0.002107 0.000680 0.000422 0.000738 0.001832 0.007325 0.004713 0.001516 0.003025 0.000673 0.019906 0.051947 0.011699 0.002757 0.029543 0.011653 0.007452 0.008386 0.003520 0.008256 0.000071 0.002766 0.024653 0.069568 0.014869 0.023307 0.180162 0.013707 0.005732 0.043383 1.263639 0.148765 0.024474 0.002908 0.000908 0.006743 0.020541 0.001898 0.013934 0.006913 0.002834 0.000790 0.010019 0.001001 0.095902 0.065817 0.000695 0.000459 0.004577 0.045993 0.011505 0.004972 0.007540 0.016244 0.000013 0.000419 0.019091 0.004515 0.020848 0.000740 0.000762 0.001649 0.000889 0.000211 0.007020 
0.008313 0.003957 0.000526 0.000600 0.005902 0.015959 0.001941 0.009273 0.012122 0.001011 0.025399 0.019250 0.005792 0.009689 0.052447 0.012082 0.021143 0.042180 0.002224 0.034409 0.000363 0.004912 0.012390 0.021617 0.073722 0.104204 0.033638 0.072229 0.032423 0.037595 0.567820 0.162815 0.106752 0.018801 0.006277 0.041967 0.120232 0.012231 0.059229 0.039395 0.016059 0.004193 0.015756 0.005992 0.168192 0.055264 0.003597 0.002198 0.021576 0.032569 0.025940 0.014205 0.020592 0.005975 0.000083 0.001772 0.011966 0.010726 0.007521 0.001054 0.001779 0.006640 0.002775 0.000164 0.022681 
0.015430 0.008562 0.000703 0.000646 0.010292 0.017899 0.002139 0.027819 0.021438 0.001001 0.024441 0.014013 0.004068 0.013007 0.045570 0.008375 0.018331 0.086926 0.001259 0.036478 0.000988 0.002568 0.005662 0.009083 0.096125 0.111960 0.014442 0.147590 0.092981 0.011973 0.166615 0.036052 0.017240 0.062844 0.019277 0.114200 0.127701 0.039097 0.024967 0.093818 0.058673 0.012361 0.007716 0.018879 0.101026 0.027512 0.012937 0.008637 0.057414 0.018583 0.024310 0.015773 0.028440 0.003435 0.000335 0.006992 0.009975 0.016295 0.005982 0.001610 0.002711 0.017360 0.007701 0.000227 0.053823 
0.006320 0.003246 0.000392 0.000409 0.004274 0.008149 0.001109 0.009681 0.007041 0.000488 0.011188 0.007785 0.002023 0.004544 0.015310 0.003295 0.006345 0.026973 0.000587 0.010184 0.000324 0.000780 0.002636 0.003976 0.021778 0.026371 0.006581 0.032450 0.023847 0.003976 0.056406 0.010704 0.004880 0.020983 0.005660 0.025044 0.036630 0.013817 0.007729 0.027568 0.023564 0.004205 0.003015 0.006715 0.041684 0.013769 0.006861 0.004061 0.021780 0.009658 0.011544 0.007422 0.012314 0.001708 0.000167 0.004221 0.005113 0.007585 0.003211 0.000942 0.001646 0.008420 0.003468 0.000118 0.032042 
0.005921 0.003246 0.000612 0.000633 0.004303 0.013922 0.003644 0.006240 0.007936 0.000867 0.021518 0.022930 0.005033 0.005744 0.033430 0.008650 0.010967 0.023406 0.001864 0.014242 0.000225 0.002151 0.009719 0.019785 0.028719 0.035872 0.037202 0.028254 0.017152 0.020898 0.445029 0.096075 0.032071 0.014387 0.003897 0.016202 0.041921 0.008771 0.026422 0.020283 0.014957 0.003002 0.016605 0.005365 0.182940 0.083122 0.004171 0.002364 0.017612 0.055064 0.025785 0.014772 0.020224 0.010758 0.000116 0.001998 0.023847 0.013993 0.017857 0.001785 0.002578 0.007204 0.004251 0.000389 0.041763 
0.002448 0.001113 0.000371 0.000554 0.001919 0.007810 0.003208 0.002216 0.003266 0.000635 0.016126 0.025903 0.006734 0.003268 0.022486 0.008512 0.007505 0.011265 0.002083 0.008376 0.000094 0.001897 0.012504 0.030252 0.015133 0.023889 0.071571 0.017679 0.008707 0.024342 0.653008 0.102863 0.023557 0.005661 0.001799 0.008921 0.026503 0.004061 0.018522 0.011084 0.006560 0.001434 0.013822 0.002074 0.149081 0.092797 0.001421 0.000890 0.009726 0.069710 0.019751 0.009944 0.012212 0.022957 0.000038 0.000902 0.029904 0.009763 0.028413 0.001666 0.001706 0.004036 0.002241 0.000445 0.023942 
0.000228 -0.000000 0.000069 0.000066 0.000087 0.000728 0.000594 0.000117 0.000290 0.000072 0.002318 0.011465 0.002620 0.000255 0.004186 0.001562 0.000932 0.000563 0.000689 0.000944 0.000004 0.000539 0.006029 0.022904 0.002533 0.004033 0.095429 0.001231 0.000831 0.010188 0.347692 0.041155 0.007734 0.000260 0.000109 0.001259 0.004381 0.000120 0.004151 0.001200 0.000105 0.000085 0.004489 0.000121 0.037184 0.044418 0.000060 0.000014 0.000695 0.037532 0.003997 0.001267 0.001537 0.025848 0.000001 -0.000000 0.015717 0.001571 0.028369 0.000344 0.000290 0.000347 0.000142 0.000189 0.002880 
0.003473 0.002257 0.000069 0.000066 0.003256 0.002231 0.000079 0.018080 0.005952 0.000126 0.002167 0.001274 0.000299 0.002515 0.005322 0.000824 0.002988 0.038112 0.000146 0.008256 0.001017 0.000426 0.000562 0.001189 0.027666 0.028271 0.001554 0.087223 0.108734 0.001614 0.021550 0.006266 0.003340 0.143865 0.075164 0.057658 0.050635 0.225139 0.007113 0.370271 0.195384 0.109273 0.001702 0.096889 0.028182 0.005502 0.022458 0.020140 0.171955 0.004132 0.011117 0.008641 0.021986 0.000508 0.000595 0.009860 0.002745 0.012547 0.000968 0.000909 0.002293 0.025259 0.008519 0.000066 0.052023 
0.004042 0.003895 0.000099 0.000125 0.003983 0.004705 0.000515 0.015630 0.008469 0.000238 0.004082 0.002972 0.000667 0.004710 0.011422 0.001922 0.006274 0.048313 0.000294 0.014804 0.000825 0.000936 0.001650 0.002456 0.046977 0.050532 0.004113 0.103112 0.093988 0.004490 0.058575 0.015285 0.008890 0.080918 0.032595 0.141685 0.143287 0.072475 0.019985 0.513968 0.088377 0.037423 0.005353 0.044231 0.081361 0.016747 0.016080 0.011906 0.164396 0.012739 0.030325 0.023256 0.049954 0.001985 0.000468 0.008732 0.007523 0.025058 0.003343 0.001934 0.004532 0.030944 0.012717 0.000142 0.088026 
0.004555 0.002380 0.000362 0.000435 0.003663 0.007713 0.001465 0.005366 0.004912 0.000483 0.012548 0.010333 0.002620 0.003523 0.017642 0.004634 0.005607 0.016396 0.000832 0.007493 0.000162 0.001017 0.004206 0.007641 0.015133 0.017490 0.014351 0.019638 0.012820 0.007330 0.144631 0.030735 0.011012 0.014023 0.003134 0.008422 0.022696 0.007449 0.012685 0.013798 0.012910 0.002084 0.010267 0.004268 0.112382 0.051197 0.003143 0.002392 0.014302 0.034378 0.019770 0.010560 0.014384 0.006280 0.000090 0.001998 0.015905 0.009995 0.009324 0.001326 0.002160 0.006770 0.003646 0.000268 0.036002 
0.000057 0.001175 0.000004 -0.000000 0.000930 0.000097 -0.000000 0.023795 0.000992 -0.000000 -0.000000 -0.000000 -0.000000 0.000230 0.000359 -0.000000 0.000070 0.010764 -0.000000 0.000522 0.001708 0.000011 0.000011 -0.000000 0.001546 0.001125 -0.000000 0.016561 0.057977 0.000063 0.000145 0.000047 0.000082 0.780716 0.025345 0.002388 0.001676 0.116979 0.000223 0.010427 1.938100 0.006606 0.000015 0.037540 0.000554 0.000053 0.203057 0.162773 0.070613 0.000098 0.000233 0.000434 0.001824 -0.000000 0.001631 0.044178 0.000063 0.001606 -0.000000 0.000069 0.000363 0.026691 0.003361 0.000003 0.012961 
0.001423 0.000773 0.000220 0.000376 0.001425 0.004948 0.001980 0.001633 0.002008 0.000311 0.010532 0.016278 0.004942 0.002068 0.014472 0.005114 0.004359 0.007635 0.001442 0.005765 0.000054 0.001464 0.009605 0.024268 0.010790 0.015900 0.064899 0.011581 0.004857 0.018662 0.495505 0.078014 0.019601 0.003791 0.001281 0.007045 0.021092 0.002427 0.015723 0.007571 0.003464 0.001070 0.014559 0.001555 0.151920 0.118661 0.000846 0.000682 0.006579 0.096851 0.020430 0.009812 0.011720 0.040559 0.000028 0.000838 0.043839 0.009459 0.047325 0.001722 0.001640 0.002864 0.002170 0.000631 0.021241 
0.007231 0.005039 0.000315 0.000376 0.006135 0.010720 0.001782 0.015222 0.010114 0.000532 0.012599 0.011607 0.002069 0.006651 0.021828 0.005200 0.009561 0.041554 0.000743 0.017375 0.000591 0.001430 0.003989 0.006764 0.042240 0.051695 0.011152 0.073180 0.048132 0.008357 0.129300 0.028861 0.014331 0.049600 0.014562 0.071656 0.193037 0.034075 0.034014 0.110701 0.058358 0.013777 0.011120 0.022001 0.169923 0.042318 0.013904 0.009249 0.086100 0.032153 0.051530 0.036978 0.061818 0.004553 0.000403 0.008281 0.018169 0.033679 0.008884 0.003425 0.005555 0.026518 0.012112 0.000350 0.102607 
0.003131 0.001731 0.000228 0.000264 0.002442 0.005239 0.001267 0.003266 0.003460 0.000364 0.009323 0.012031 0.002046 0.002234 0.014293 0.003535 0.004341 0.012391 0.000694 0.005544 0.000114 0.000819 0.004149 0.007914 0.010494 0.014465 0.017733 0.015218 0.009539 0.007086 0.150850 0.027057 0.008575 0.009401 0.002335 0.007622 0.019799 0.004662 0.010065 0.011827 0.009604 0.001981 0.009413 0.002954 0.117921 0.073685 0.002267 0.001808 0.012504 0.071079 0.021361 0.010898 0.016105 0.023964 0.000081 0.001740 0.036861 0.013493 0.033559 0.002162 0.002705 0.006553 0.003788 0.000549 0.038342 
0.001822 0.000866 0.000177 0.000264 0.001628 0.004075 0.001149 0.001925 0.002226 0.000264 0.006652 0.007785 0.001931 0.001685 0.010944 0.003158 0.003005 0.007009 0.000651 0.004459 0.000076 0.000700 0.003198 0.007368 0.008882 0.011169 0.016910 0.009679 0.006957 0.006158 0.144486 0.025538 0.007795 0.005869 0.001626 0.005812 0.017549 0.003605 0.009107 0.009142 0.007085 0.001483 0.008732 0.002712 0.110858 0.064753 0.002146 0.001433 0.009930 0.073353 0.020507 0.010536 0.014343 0.045379 0.000056 0.001031 0.048282 0.012975 0.054538 0.002344 0.002801 0.005295 0.003753 0.000755 0.038342 
0.000512 0.000093 0.000034 0.000079 0.000291 0.000922 0.000475 0.000350 0.000484 0.000066 0.001663 0.003256 0.000575 0.000268 0.002811 0.000841 0.000685 0.001126 0.000243 0.001105 0.000010 0.000206 0.001547 0.004093 0.002171 0.002443 0.011700 0.002070 0.000831 0.002885 0.076220 0.014051 0.003347 0.000831 0.000291 0.001666 0.004549 0.000457 0.003073 0.001914 0.000892 0.000213 0.003136 0.000398 0.041061 0.028070 0.000121 0.000223 0.002534 0.033351 0.007528 0.003186 0.004692 0.039063 0.000015 0.000193 0.028101 0.003926 0.081675 0.000972 0.000986 0.001128 0.000943 0.000566 0.011701 
0.001480 0.000896 0.000138 0.000112 0.000843 0.002668 0.000634 0.001458 0.001863 0.000187 0.004787 0.007077 0.001241 0.001008 0.006219 0.001939 0.002461 0.005319 0.000431 0.003154 0.000055 0.000517 0.002625 0.005594 0.005954 0.007407 0.012706 0.007217 0.004507 0.004986 0.112089 0.019225 0.005954 0.004830 0.000963 0.004093 0.011611 0.002331 0.006556 0.006685 0.004303 0.001003 0.006525 0.001652 0.080945 0.053297 0.001390 0.000932 0.007151 0.058780 0.016744 0.008086 0.010962 0.061420 0.000042 0.000806 0.045956 0.010209 0.081368 0.002192 0.002130 0.003515 0.002810 0.000823 0.028622 
0.002391 0.001020 0.000069 0.000059 0.001483 0.002619 0.000119 0.006999 0.002758 0.000121 0.002721 0.001415 0.000529 0.001966 0.006399 0.001064 0.002847 0.017648 0.000248 0.006348 0.000321 0.000465 0.001146 0.002027 0.018653 0.021368 0.003108 0.037149 0.031023 0.002642 0.048885 0.012650 0.007453 0.039940 0.012482 0.047268 0.106825 0.037295 0.021809 0.140841 0.066545 0.020893 0.008100 0.036130 0.143403 0.030038 0.017350 0.015439 0.229042 0.026945 0.083621 0.074703 0.198404 0.003740 0.000711 0.010988 0.020620 0.101410 0.008577 0.007487 0.016149 0.077556 0.041351 0.000522 0.296839 
0.002448 0.001020 0.000147 0.000178 0.001541 0.002813 0.000475 0.003033 0.002541 0.000230 0.005947 0.004954 0.001425 0.001557 0.009688 0.002300 0.002847 0.010326 0.000462 0.005042 0.000124 0.000550 0.002625 0.005126 0.012073 0.015667 0.010695 0.014826 0.009408 0.005328 0.108907 0.020910 0.008925 0.011011 0.002798 0.011466 0.033110 0.008603 0.017640 0.019255 0.015639 0.003318 0.016948 0.005678 0.273926 0.110846 0.004504 0.003435 0.026970 0.156365 0.083116 0.039464 0.053335 0.023548 0.000157 0.003029 0.110604 0.047278 0.044334 0.008363 0.008955 0.015060 0.011098 0.001581 0.108547 
0.001708 0.001329 0.000060 0.000040 0.002035 0.002134 0.000277 0.007523 0.003194 0.000089 0.002016 0.001557 0.000276 0.001723 0.004724 0.000892 0.002250 0.014769 0.000130 0.004540 0.000374 0.000395 0.000722 0.001559 0.014014 0.014426 0.002742 0.030827 0.028398 0.001938 0.034711 0.007571 0.004332 0.049288 0.013372 0.027733 0.054586 0.044456 0.012026 0.107616 0.090948 0.021726 0.004752 0.045497 0.083438 0.019006 0.031737 0.026093 0.337373 0.018094 0.049241 0.041322 0.107449 0.003131 0.001332 0.020655 0.017016 0.083777 0.006773 0.007831 0.019489 0.135539 0.064579 0.000529 0.466950 
0.000171 0.000278 -0.000000 -0.000000 0.000087 0.000097 -0.000000 0.006882 0.000242 -0.000000 -0.000000 -0.000000 -0.000000 0.000038 -0.000000 -0.000000 0.000018 0.001815 0.000003 0.000040 0.000320 0.000004 -0.000000 -0.000000 0.000230 0.000078 0.000091 0.002965 0.008532 0.000009 -0.000000 -0.000000 0.000007 0.048301 0.001672 0.000564 0.000790 0.006752 0.000077 0.003028 0.061087 0.000942 0.000030 0.005594 0.000623 0.000080 0.484821 0.079808 0.036205 0.000073 0.000252 0.000459 0.002438 0.000009 0.009555 0.977770 0.000084 0.001785 -0.000000 0.000129 0.000744 0.133803 0.007577 0.000006 0.038162 
-0.000000 -0.000000 0.000004 0.000026 0.000087 0.000194 0.000119 0.000058 0.000073 0.000011 0.000655 0.000566 0.000161 0.000102 0.000658 0.000275 0.000228 0.000313 0.000059 0.000301 0.000001 0.000061 0.000458 0.000838 0.000461 0.001551 0.002285 0.000783 0.000131 0.000694 0.017645 0.003062 0.000931 0.000364 0.000136 0.000643 0.002227 0.000144 0.000890 0.000914 0.000472 0.000158 0.001126 0.000205 0.014610 0.010447 0.000091 0.000153 0.001022 0.013057 0.003221 0.001521 0.002520 0.018709 0.000004 0.000064 0.016303 0.002285 0.134279 0.000645 0.000641 0.000694 0.000925 0.000445 0.007560 
-0.000000 -0.000000 -0.000000 -0.000000 -0.000000 -0.000000 -0.000000 0.000058 0.000024 -0.000000 0.000050 -0.000000 0.000023 0.000026 0.000060 -0.000000 0.000088 -0.000000 0.000013 0.000080 0.000002 0.000017 0.000057 0.000507 0.000197 0.000465 0.001554 0.000392 0.000306 0.000361 0.015620 0.003346 0.001485 0.000260 0.000145 0.001679 0.009959 0.000384 0.005658 0.003885 0.000787 0.000468 0.007509 0.000687 0.284036 0.079427 0.000363 0.000223 0.008663 0.248619 0.213941 0.055527 0.066633 0.026420 0.000028 -0.000000 0.452976 0.142656 0.057529 0.038529 0.016180 0.005078 0.006723 0.005001 0.092346 
0.001310 0.000927 0.000065 0.000132 0.001308 0.002474 0.000554 0.003324 0.002613 0.000170 0.003931 0.003822 0.000712 0.001251 0.006219 0.001287 0.001933 0.007698 0.000291 0.003937 0.000124 0.000367 0.001352 0.002359 0.008751 0.010548 0.004479 0.013763 0.012164 0.002434 0.047728 0.010728 0.004449 0.015789 0.003997 0.009813 0.024851 0.010021 0.009449 0.023854 0.020205 0.004576 0.006530 0.008089 0.112382 0.035859 0.007556 0.005313 0.038003 0.043694 0.060533 0.037340 0.066387 0.009281 0.000281 0.004705 0.053751 0.100625 0.027797 0.023853 0.024215 0.029599 0.025398 0.001718 0.272358 
0.000171 -0.000000 0.000004 0.000007 0.000058 0.000388 0.000079 0.000525 0.000315 0.000013 0.000454 0.000425 0.000345 0.000115 0.001136 0.000463 0.000334 0.001064 0.000094 0.000663 0.000013 0.000139 0.000630 0.001813 0.001316 0.002327 0.004936 0.001902 0.001619 0.001136 0.040931 0.007500 0.002888 0.001402 0.000500 0.002978 0.010414 0.001490 0.005178 0.006656 0.002939 0.000614 0.006242 0.001615 0.110858 0.054759 0.000877 0.000890 0.011891 0.106754 0.046602 0.020685 0.029936 0.049165 0.000051 0.000806 0.411212 0.045851 0.178569 0.017057 0.013511 0.008420 0.010173 0.009567 0.124568 
0.001879 0.001391 0.000039 0.000026 0.001250 0.001358 0.000238 0.008398 0.002299 0.000070 0.001008 0.000566 0.000092 0.000842 0.002512 0.000275 0.000967 0.007510 0.000049 0.001908 0.000329 0.000096 0.000275 0.000409 0.004935 0.004964 0.000731 0.013539 0.015752 0.000406 0.007521 0.001305 0.000671 0.045445 0.005442 0.004172 0.005746 0.018816 0.001498 0.015284 0.063659 0.004041 0.000576 0.011115 0.009071 0.002259 0.090617 0.035314 0.044542 0.002029 0.003977 0.003307 0.006741 0.000296 0.002674 0.151576 0.001781 0.006015 0.000704 0.000697 0.002202 0.085672 0.012254 0.000058 0.076325 
0.000057 0.000093 -0.000000 -0.000000 0.000058 0.000243 0.000040 0.000233 0.000242 0.000004 0.000554 0.000708 0.000161 0.000166 0.000718 0.000240 0.000334 0.001126 0.000077 0.000402 0.000010 0.000059 0.000401 0.001189 0.001612 0.002055 0.003565 0.002294 0.002144 0.001199 0.032253 0.006195 0.002546 0.001558 0.000663 0.003700 0.011994 0.001754 0.005640 0.007228 0.003149 0.001143 0.006045 0.002471 0.119652 0.049814 0.001269 0.001474 0.017858 0.096484 0.062570 0.027938 0.044484 0.031712 0.000078 0.000902 0.285101 0.073497 0.113475 0.032021 0.023065 0.015451 0.017732 0.010107 0.216194 
0.000569 0.000927 0.000009 0.000033 0.000640 0.000291 -0.000000 0.007290 0.001089 0.000015 0.000202 0.000142 0.000046 0.000319 0.001316 0.000206 0.000281 0.005695 0.000013 0.000864 0.000289 0.000048 0.000023 0.000117 0.002862 0.001861 0.000366 0.009455 0.013127 0.000216 0.004773 0.000712 0.000500 0.050639 0.005541 0.003988 0.006201 0.022540 0.001036 0.018826 0.089059 0.005713 0.000525 0.017444 0.007063 0.001675 0.130968 0.064022 0.093088 0.001638 0.004385 0.003946 0.011884 0.000342 0.006567 0.167720 0.002242 0.009888 0.001144 0.001230 0.003963 0.298638 0.030858 0.000081 0.184152 
0.001879 0.001144 0.000121 0.000171 0.001715 0.003201 0.000634 0.004083 0.002153 0.000185 0.002419 0.003680 0.000690 0.001430 0.005382 0.001442 0.002250 0.008511 0.000263 0.003656 0.000115 0.000341 0.001158 0.002047 0.006744 0.008454 0.003930 0.011581 0.008751 0.002272 0.042088 0.008259 0.003148 0.011842 0.002607 0.006743 0.015155 0.007618 0.006163 0.015884 0.014012 0.002656 0.004530 0.005087 0.072428 0.025492 0.004745 0.003700 0.023824 0.030564 0.031721 0.019551 0.032210 0.007425 0.000156 0.003383 0.038076 0.038069 0.024014 0.014002 0.011999 0.016102 0.014691 0.001476 0.155890 
0.000057 0.000124 0.000017 0.000033 0.000262 0.000534 0.000238 0.000467 0.000436 0.000034 0.001159 0.000425 0.000299 0.000281 0.001316 0.000378 0.000316 0.001064 0.000112 0.001105 0.000017 0.000150 0.000585 0.001657 0.002105 0.002947 0.004113 0.003413 0.002582 0.001415 0.035290 0.007737 0.002998 0.002857 0.000954 0.003529 0.011779 0.002331 0.005889 0.008170 0.004776 0.001222 0.005787 0.002158 0.098602 0.045801 0.001481 0.001377 0.015161 0.081569 0.046117 0.021566 0.036185 0.032026 0.000081 0.001482 0.227620 0.049724 0.129748 0.019721 0.017166 0.010850 0.014015 0.010530 0.172631 
0.000399 0.000124 0.000022 0.000020 0.000204 0.000728 0.000158 0.000583 0.000411 0.000032 0.000957 0.000425 0.000138 0.000204 0.001316 0.000326 0.000281 0.000876 0.000066 0.000301 0.000011 0.000052 0.000218 0.000682 0.001053 0.000931 0.001097 0.001790 0.001138 0.000469 0.011137 0.001851 0.000630 0.001298 0.000327 0.000656 0.001939 0.000601 0.000847 0.001686 0.000840 0.000286 0.000707 0.000506 0.012810 0.005476 0.000514 0.000417 0.002288 0.006773 0.003007 0.001690 0.002479 0.004248 0.000013 0.000258 0.009891 0.002749 0.069228 0.000697 0.000744 0.001389 0.000960 0.000455 0.012241 
0.000342 0.000525 -0.000000 -0.000000 0.000174 0.000049 -0.000000 0.004083 0.000266 -0.000000 0.000101 -0.000000 -0.000000 0.000064 -0.000000 0.000017 0.000088 0.002754 0.000003 0.000281 0.000235 0.000020 -0.000000 0.000039 0.001184 0.000970 0.000091 0.003693 0.007876 0.000045 0.001157 0.000095 0.000205 0.033136 0.002698 0.002099 0.002993 0.012183 0.000582 0.009942 0.061140 0.003178 0.000141 0.011621 0.003254 0.000505 0.136772 0.055190 0.076089 0.000513 0.002289 0.001955 0.006372 0.000083 0.006697 0.277439 0.000985 0.007246 0.000264 0.000714 0.003068 0.340953 0.028065 0.000025 0.158230 
0.000683 0.000216 0.000034 0.000053 0.000465 0.000631 0.000198 0.001108 0.000823 0.000053 0.001260 0.000566 0.000276 0.000498 0.002093 0.000532 0.000967 0.002879 0.000110 0.001205 0.000043 0.000183 0.000665 0.001442 0.003388 0.004382 0.003656 0.005651 0.005294 0.001686 0.037604 0.007239 0.002957 0.005298 0.001544 0.005130 0.014532 0.004325 0.006094 0.012656 0.009761 0.002242 0.005267 0.003942 0.092301 0.035380 0.003597 0.002420 0.023905 0.053988 0.044003 0.024330 0.043008 0.016881 0.000123 0.002094 0.113349 0.059379 0.066985 0.026385 0.022866 0.020311 0.021396 0.006424 0.263177 
0.000285 0.000216 0.000017 0.000020 0.000204 0.000534 0.000040 0.000525 0.000557 0.000045 0.001310 0.000708 0.000253 0.000460 0.001914 0.000360 0.000756 0.002879 0.000105 0.001205 0.000035 0.000189 0.000585 0.001306 0.003191 0.003994 0.004388 0.004196 0.003544 0.001632 0.032397 0.007120 0.002498 0.004103 0.001027 0.004224 0.011420 0.003244 0.005341 0.008599 0.006980 0.001331 0.005030 0.002785 0.084338 0.034689 0.002539 0.001919 0.016672 0.055186 0.037523 0.019515 0.032005 0.021009 0.000093 0.001160 0.130428 0.044923 0.092671 0.018194 0.017323 0.015754 0.015278 0.009729 0.187752 
0.000057 0.000093 0.000004 -0.000000 0.000145 0.000146 -0.000000 0.000408 0.000194 0.000006 0.000252 -0.000000 0.000046 0.000115 0.000419 0.000069 0.000193 0.001064 0.000015 0.000362 0.000020 0.000033 0.000080 0.000351 0.001086 0.001241 0.000183 0.002014 0.002144 0.000469 0.007376 0.001851 0.000862 0.003999 0.000981 0.003660 0.009696 0.003220 0.002756 0.012370 0.008607 0.002018 0.001959 0.004014 0.046462 0.014248 0.003476 0.002907 0.037840 0.023131 0.034263 0.020408 0.052003 0.005550 0.000201 0.002288 0.050524 0.111298 0.022519 0.065463 0.129304 0.041447 0.057073 0.003078 0.773690 
0.000171 0.000247 0.000004 0.000007 0.000087 0.000437 -0.000000 0.000817 0.000436 0.000013 0.000605 0.000708 0.000184 0.000243 0.001256 0.000189 0.000369 0.001940 0.000031 0.000844 0.000036 0.000100 0.000309 0.000916 0.001744 0.002753 0.001554 0.003525 0.003019 0.000658 0.020248 0.003940 0.001581 0.004415 0.001254 0.003831 0.011803 0.004133 0.004023 0.012456 0.009132 0.002036 0.003348 0.004111 0.064396 0.023312 0.003385 0.002990 0.031016 0.036237 0.041694 0.023051 0.048971 0.010130 0.000183 0.002900 0.073785 0.086454 0.037649 0.063866 0.054808 0.031769 0.039555 0.004595 0.499712 
-0.000000 0.000185 -0.000000 -0.000000 0.000233 -0.000000 -0.000000 0.002391 0.000073 -0.000000 -0.000000 -0.000000 -0.000000 0.000026 -0.000000 -0.000000 0.000035 0.000814 -0.000000 0.000020 0.000122 -0.000000 -0.000000 -0.000000 0.000296 -0.000000 -0.000000 0.000783 0.003150 0.000009 -0.000000 0.000047 0.000021 0.012673 0.000572 0.000380 0.000814 0.002739 0.000034 0.002000 0.022724 0.000723 0.000010 0.003484 0.000346 0.000027 0.098627 0.024535 0.025336 0.000098 0.000388 0.000314 0.002008 -0.000000 0.003570 0.432978 0.000231 0.001785 -0.000000 0.000192 0.000774 0.161666 0.010031 0.000012 0.049323 
0.000228 0.000124 -0.000000 -0.000000 0.000233 0.000146 0.000079 0.001283 0.000363 0.000009 0.000252 0.000142 0.000023 0.000243 0.001136 0.000154 0.000352 0.002316 0.000038 0.000743 0.000060 0.000076 0.000126 0.000370 0.002204 0.002792 0.000548 0.005707 0.004419 0.000370 0.007810 0.001661 0.001150 0.010439 0.002426 0.005602 0.012617 0.008459 0.003603 0.022140 0.020362 0.004151 0.001944 0.009355 0.032821 0.010420 0.010005 0.008345 0.074045 0.011957 0.023146 0.018187 0.047209 0.002817 0.000522 0.008281 0.021144 0.077031 0.009896 0.016782 0.082677 0.110367 0.188703 0.001190 2.306309 
0.000455 0.000495 0.000009 -0.000000 0.000436 0.000582 0.000040 0.003033 0.000750 0.000019 0.000504 -0.000000 0.000046 0.000370 0.000718 0.000103 0.000281 0.004881 0.000020 0.001024 0.000160 0.000072 0.000046 0.000195 0.002763 0.002870 0.000274 0.006378 0.008182 0.000189 0.005351 0.001353 0.000506 0.027423 0.004197 0.004382 0.006895 0.016100 0.001532 0.018626 0.054475 0.005281 0.000616 0.015286 0.010733 0.002951 0.050477 0.028652 0.087040 0.002421 0.006946 0.005757 0.016023 0.000573 0.002511 0.053877 0.003332 0.015867 0.001715 0.001977 0.007067 0.871262 0.063298 0.000144 0.394945 
-0.000000 0.000309 -0.000000 -0.000000 0.000320 0.000146 0.000040 0.003033 0.000508 0.000002 0.000050 -0.000000 0.000023 0.000191 0.000179 0.000051 0.000228 0.002128 0.000010 0.000482 0.000152 0.000030 0.000069 0.000117 0.001612 0.001745 0.000274 0.006210 0.008270 0.000144 0.003182 0.000783 0.000342 0.028981 0.003289 0.003358 0.005937 0.015091 0.001147 0.015998 0.054160 0.004400 0.000429 0.014225 0.008309 0.001568 0.065318 0.037289 0.093170 0.001516 0.004831 0.003826 0.013646 0.000305 0.003755 0.083264 0.002221 0.013225 0.001012 0.001514 0.005815 0.696054 0.056984 0.000093 0.342202 
0.000114 0.000155 -0.000000 -0.000000 0.000087 0.000291 0.000158 0.000233 0.000339 0.000023 0.000605 0.000991 0.000253 0.000204 0.000658 0.000309 0.000246 0.000751 0.000054 0.000542 0.000010 0.000074 0.000436 0.001209 0.000954 0.001357 0.002285 0.001846 0.000919 0.000929 0.019236 0.003703 0.001704 0.001195 0.000318 0.001456 0.004238 0.001081 0.002294 0.002800 0.001574 0.000486 0.002323 0.000772 0.039469 0.021744 0.000484 0.000612 0.005844 0.033791 0.014241 0.006819 0.011290 0.024564 0.000024 0.000226 0.084283 0.015617 0.220968 0.005917 0.006263 0.003863 0.004606 0.009208 0.068764 
0.000228 0.000278 0.000017 0.000046 0.000320 0.000679 0.000079 0.001108 0.000629 0.000049 0.000806 0.001699 0.000299 0.000396 0.001854 0.000309 0.000598 0.002128 0.000089 0.001326 0.000035 0.000111 0.000481 0.000858 0.002796 0.003296 0.002651 0.004756 0.003982 0.001082 0.026034 0.005198 0.001800 0.005921 0.001208 0.004106 0.011516 0.003965 0.004228 0.008856 0.009289 0.001732 0.003414 0.003689 0.059411 0.021850 0.003506 0.002810 0.021699 0.032691 0.029122 0.017403 0.030960 0.009835 0.000148 0.001966 0.061463 0.047046 0.041915 0.021711 0.025625 0.022047 0.023601 0.005231 0.307640 
0.000171 0.000402 0.000004 -0.000000 0.000145 -0.000000 -0.000000 0.003266 0.000194 -0.000000 -0.000000 -0.000000 -0.000000 0.000038 0.000120 0.000017 0.000053 0.001565 -0.000000 0.000181 0.000128 0.000013 0.000011 0.000019 0.000691 0.000853 0.000091 0.003301 0.005338 0.000108 0.000434 0.000071 0.000075 0.021917 0.001980 0.001299 0.002634 0.008338 0.000325 0.007056 0.037156 0.002115 0.000121 0.007667 0.002216 0.000266 0.081912 0.033131 0.047770 0.000734 0.001824 0.001702 0.005245 0.000111 0.003622 0.179997 0.000733 0.004694 0.000352 0.000608 0.002221 0.262615 0.021378 0.000036 0.129608 
-0.000000 -0.000000 -0.000000 -0.000000 -0.000000 -0.000000 -0.000000 -0.000000 0.000024 -0.000000 -0.000000 -0.000000 -0.000000 -0.000000 -0.000000 -0.000000 -0.000000 -0.000000 -0.000000 0.000020 0.000011 -0.000000 -0.000000 -0.000000 -0.000000 0.000078 -0.000000 0.000504 0.000263 -0.000000 -0.000000 -0.000000 0.000014 0.002441 0.000182 0.001089 0.002538 0.001634 0.000205 0.006171 0.013015 0.001027 0.000025 0.005268 0.001731 0.000080 0.012060 0.011183 0.076620 0.000269 0.001203 0.001436 0.010040 0.000018 0.001527 0.025295 0.000419 0.011958 0.000132 0.000935 0.006456 1.848550 0.217089 0.000049 0.881157 
-0.000000 0.000124 -0.000000 -0.000000 -0.000000 -0.000000 -0.000000 0.001516 0.000073 -0.000000 -0.000000 -0.000000 -0.000000 0.000013 -0.000000 -0.000000 -0.000000 0.000438 -0.000000 -0.000000 0.000077 -0.000000 0.000011 -0.000000 0.000066 0.000155 -0.000000 0.000951 0.002844 0.000009 -0.000000 0.000024 0.000014 0.013140 0.000590 0.000485 0.001173 0.002788 0.000128 0.002914 0.021622 0.000693 0.000015 0.003978 0.000485 0.000053 0.082335 0.023255 0.031383 0.000049 0.000563 0.000543 0.002069 0.000009 0.003534 0.281080 0.000210 0.002160 0.000088 0.000205 0.000920 0.214832 0.013303 0.000006 0.064984 
-0.000000 -0.000000 -0.000000 -0.000000 -0.000000 -0.000000 -0.000000 0.000117 -0.000000 -0.000000 -0.000000 -0.000000 -0.000000 -0.000000 -0.000000 -0.000000 -0.000000 0.000063 -0.000000 0.000040 0.000004 -0.000000 -0.000000 -0.000000 -0.000000 0.000078 -0.000000 0.000056 0.000088 0.000009 -0.000000 0.000024 0.000021 0.001766 0.000127 0.001063 0.002586 0.001202 0.000300 0.006628 0.010863 0.001015 0.000035 0.004292 0.001316 0.000106 0.006136 0.007997 0.083444 0.000367 0.001164 0.001653 0.012827 0.000018 0.000992 0.013308 0.000503 0.015884 0.000132 0.001339 0.010952 0.867573 0.539948 0.000087 2.134038 
