# Flux Network Reconstruction using RW method
# Walkers leave from emitting cells
# Probability involves emitting fluxes, then absorbing flux is shared among connections
# Seed: 1684539207
# Threshold: 0.5
# Precision: 100000.0
# Dt: 1.0
# Radius step: 5.000000
# Matrix output


0.002267 0.011737 0.013091 0.000312 0.014546 0.019883 0.003104 0.014477 0.009416 0.006958 0.026868 0.001709 0.005712 0.001127 0.001278 0.001738 0.000005 0.001655 0.000591 0.002918 0.001383 0.001247 0.001907 0.001326 0.000939 0.000837 0.000558 0.000764 0.001198 0.000044 0.003222 0.000144 0.000072 0.000715 0.000363 0.000383 0.000160 0.000024 0.001220 0.000037 0.000117 0.000402 -0.000000 0.000042 0.000014 0.000068 0.000017 -0.000000 0.000481 0.000015 0.000029 -0.000000 0.000022 0.000070 0.000068 0.000071 0.000091 0.000091 0.000019 -0.000000 0.000034 -0.000000 -0.000000 -0.000000 -0.000000 -0.000000 -0.000000 
0.007309 0.025546 0.021573 0.001425 0.026264 0.022792 0.007519 0.015000 0.022825 0.013214 0.074187 0.007689 0.012467 0.003000 0.003664 0.003651 0.000017 0.003884 0.001971 0.005777 0.005686 0.003118 0.007071 0.003067 0.002924 0.005115 0.002667 0.001461 0.005418 0.000297 0.009477 0.000460 0.000347 0.001966 0.002060 0.000980 0.000962 0.000400 0.005228 0.000439 0.000467 0.001206 0.000576 0.000092 0.000084 0.000203 0.000140 0.000446 0.002647 0.000103 0.000146 0.000031 0.000054 0.000316 0.000205 0.000095 0.000274 0.000548 0.000038 0.000739 0.000171 0.000099 0.000010 0.000008 0.000003 0.000098 0.000055 
0.006623 0.411722 0.003429 0.282717 0.001642 0.000323 0.049050 0.000174 0.025537 0.000575 0.008221 0.173200 0.000181 0.000702 0.010026 0.000019 0.000004 0.000032 0.117048 -0.000000 0.016521 -0.000000 0.001271 -0.000000 0.001264 0.013951 0.022703 -0.000000 0.000057 0.000070 -0.000000 0.005659 0.000657 -0.000000 0.000202 0.000072 0.005534 0.000059 -0.000000 -0.000000 0.000894 0.001708 0.000096 -0.000000 0.000021 -0.000000 0.000122 -0.000000 0.000120 -0.000000 -0.000000 0.000207 0.000162 0.000035 -0.000000 -0.000000 -0.000000 -0.000000 0.000266 0.000246 -0.000000 -0.000000 -0.000000 -0.000000 0.000002 -0.000000 -0.000000 
0.110979 0.217943 0.092795 0.006590 0.079111 0.046232 0.045990 0.031745 0.110810 0.032109 0.234593 0.036737 0.025887 0.010615 0.014514 0.007437 0.000049 0.006876 0.010641 0.008870 0.014523 0.003741 0.019943 0.004145 0.006643 0.013858 0.006823 0.001959 0.008441 0.000823 0.014026 0.001494 0.000896 0.004156 0.002585 0.001626 0.002647 0.000376 0.006448 0.000403 0.000778 0.001507 0.000640 0.000050 0.000125 0.000389 0.000175 0.000481 0.001564 0.000051 0.000058 0.000056 0.000152 0.000316 0.000205 0.000047 0.000457 0.000274 0.000057 0.000369 0.000137 0.000049 0.000004 0.000017 -0.000000 0.000049 0.000055 
0.016199 0.581566 0.014026 0.057933 0.016278 0.004688 0.082538 0.005930 0.093786 0.007405 0.084413 0.131648 0.007888 0.005148 0.027550 0.001796 0.000048 0.001910 0.066702 0.002801 0.035886 0.000959 0.021611 0.001243 0.011733 0.037667 0.026735 0.000531 0.004277 0.000880 0.008340 0.006808 0.001960 0.002503 0.003958 0.001817 0.012672 0.001034 0.009585 0.000220 0.003772 0.008341 0.001985 0.000063 0.000363 0.000863 0.000927 0.000446 0.001925 0.000051 0.000058 0.000251 0.000455 0.001193 0.000273 0.000095 0.000732 0.000456 0.000417 0.002093 0.000171 0.000197 0.000012 0.000042 0.000012 0.000122 0.000248 
0.082966 0.214031 0.147519 0.007214 0.109251 0.078238 0.045772 0.046048 0.126780 0.044843 0.309983 0.033786 0.037357 0.012668 0.014883 0.010025 0.000052 0.010378 0.009754 0.010387 0.013832 0.005516 0.020658 0.005886 0.007112 0.011161 0.005707 0.002358 0.009752 0.000671 0.014215 0.001063 0.000454 0.003039 0.003433 0.002056 0.001684 0.000458 0.005925 0.000342 0.000817 0.001407 0.000512 0.000063 0.000119 0.000271 0.000175 0.000412 0.001444 0.000059 0.000073 0.000063 0.000022 0.000035 0.000273 0.000095 0.000183 0.000274 0.000019 0.000616 0.000068 0.000025 0.000004 0.000025 -0.000000 0.000049 0.000083 
0.002625 0.124276 0.004764 0.017322 0.008025 0.004526 0.028066 0.004884 0.032618 0.004756 0.045114 0.043106 0.005803 0.002829 0.011673 0.001970 0.000035 0.002706 0.024927 0.003676 0.023591 0.001343 0.018910 0.001326 0.008700 0.025112 0.014205 0.001528 0.006102 0.001297 0.018006 0.005285 0.001924 0.003665 0.006058 0.002271 0.009945 0.001458 0.019170 0.000671 0.004705 0.009949 0.003073 0.000198 0.000760 0.001471 0.001469 0.001305 0.006980 0.000220 0.000451 0.000345 0.000617 0.002668 0.001264 0.000473 0.001921 0.002465 0.000664 0.003571 0.000717 0.000690 0.000045 0.000183 0.000014 0.000707 0.000551 
0.019451 0.090560 0.143178 0.003251 0.149787 0.204647 0.025181 0.159423 0.076008 0.073345 0.342064 0.017320 0.068140 0.010264 0.010282 0.020553 0.000047 0.018623 0.004532 0.026260 0.009759 0.013527 0.016526 0.012766 0.006751 0.007906 0.002853 0.004816 0.015798 0.000715 0.028620 0.000890 0.000538 0.005229 0.003191 0.002797 0.001363 0.000388 0.007494 0.000525 0.000389 0.000603 0.000672 0.000105 0.000028 0.000271 0.000175 0.000549 0.002286 0.000110 0.000175 0.000038 0.000043 0.000211 0.000342 0.000142 0.000503 0.000183 0.000038 0.000246 0.000102 0.000049 0.000010 0.000058 0.000003 0.000073 0.000028 
0.012351 0.053047 0.100298 0.002538 0.131412 0.305354 0.015607 0.223610 0.054238 0.071015 0.279305 0.010641 0.073490 0.007829 0.006277 0.021403 0.000033 0.023239 0.003054 0.029937 0.007915 0.014870 0.011680 0.018403 0.004260 0.005766 0.002481 0.006609 0.014315 0.000608 0.026725 0.000402 0.000383 0.004648 0.002827 0.002271 0.001123 0.000353 0.007494 0.000500 0.000428 0.001306 0.000608 0.000105 0.000035 0.000372 0.000122 0.000378 0.001685 0.000088 0.000218 0.000006 0.000011 0.000211 0.000308 0.000095 0.000229 0.000183 0.000019 0.000616 0.000102 0.000025 0.000004 0.000042 0.000001 0.000122 -0.000000 
0.000895 0.005178 0.010397 0.000223 0.018877 0.173772 0.001880 0.117387 0.005951 0.012001 0.040101 0.001553 0.015505 0.001074 0.000710 0.006007 0.000004 0.006622 0.000591 0.009045 0.000845 0.005037 0.001986 0.006632 0.000325 0.000744 0.000372 0.001627 0.002795 0.000070 0.008150 0.000086 0.000060 0.001162 0.000444 0.000406 0.000160 0.000024 0.001220 0.000146 -0.000000 0.000301 0.000064 0.000029 0.000021 0.000034 -0.000000 0.000103 0.000241 0.000007 0.000029 -0.000000 -0.000000 0.000035 0.000034 0.000047 0.000046 -0.000000 -0.000000 -0.000000 0.000102 -0.000000 -0.000000 0.000017 -0.000000 0.000024 0.000028 
0.001462 0.031069 0.002093 0.002494 0.003420 0.001293 0.005858 0.001570 0.009266 0.001500 0.016041 0.008777 0.002312 0.001000 0.003096 0.000792 0.000010 0.000796 0.004631 0.001342 0.004841 0.000720 0.005641 0.000829 0.002816 0.006045 0.003350 0.000565 0.002053 0.000278 0.004738 0.000862 0.000406 0.001251 0.002181 0.000765 0.001524 0.000353 0.006274 0.000232 0.001050 0.002211 0.001024 0.000092 0.000160 0.000423 0.000472 0.000790 0.002166 0.000073 0.000160 0.000069 0.000173 0.000527 0.000547 0.000118 0.000869 0.000365 0.000076 0.001601 0.000239 0.000345 0.000020 0.000100 0.000004 0.000195 0.000358 
0.008502 0.040275 0.084090 0.001158 0.123523 0.517599 0.009574 0.353555 0.033597 0.067600 0.216346 0.006679 0.075439 0.005829 0.003522 0.026058 0.000022 0.026073 0.002168 0.034489 0.003765 0.019475 0.007071 0.021802 0.002455 0.002697 0.001055 0.005679 0.013003 0.000380 0.018575 0.000287 0.000060 0.002950 0.001010 0.001411 0.000241 0.000118 0.002963 0.000354 0.000156 0.000201 0.000224 0.000042 0.000035 0.000169 0.000052 0.000481 0.001203 0.000095 0.000131 0.000006 0.000043 0.000070 0.000103 0.000095 0.000183 0.000183 -0.000000 0.000246 0.000068 0.000025 -0.000000 -0.000000 -0.000000 -0.000000 -0.000000 
0.001939 0.012313 0.021529 0.000891 0.038758 0.331703 0.005290 0.257797 0.017778 0.027832 0.107872 0.004971 0.035770 0.003042 0.002329 0.013715 0.000018 0.014835 0.001872 0.022351 0.003765 0.012855 0.008263 0.013098 0.002311 0.003534 0.001055 0.005779 0.010665 0.000367 0.022934 0.000488 0.000239 0.004112 0.001414 0.001411 0.000962 0.000247 0.002440 0.000586 0.000272 0.000603 0.000256 0.000113 0.000049 0.000254 0.000052 0.000996 0.001925 0.000081 0.000233 0.000013 0.000022 0.000176 0.000342 0.000213 0.000137 0.000730 -0.000000 0.000616 0.000102 0.000099 0.000008 0.000008 -0.000000 0.000049 0.000028 
0.000209 0.002532 0.003362 0.000134 0.006429 0.070317 0.000568 0.059304 0.003164 0.004883 0.021254 0.000699 0.005894 0.000532 0.000369 0.002376 0.000003 0.003056 0.000197 0.004085 0.000768 0.002542 0.001669 0.002653 0.000578 0.000465 0.000496 0.000930 0.001540 0.000051 0.003412 0.000086 0.000048 0.000492 0.000363 0.000287 0.000241 0.000082 0.001046 0.000073 0.000078 0.000301 0.000128 0.000008 0.000014 0.000068 0.000035 0.000275 0.000120 0.000022 0.000029 0.000006 -0.000000 0.000035 0.000068 -0.000000 0.000137 0.000091 -0.000000 0.000123 0.000102 0.000025 0.000004 -0.000000 -0.000000 0.000024 -0.000000 
0.007130 0.475126 0.014694 0.034599 0.024440 0.011154 0.076155 0.007500 0.098080 0.012958 0.116494 0.113706 0.012875 0.007584 0.032010 0.004134 0.000073 0.005125 0.050347 0.006886 0.057018 0.003502 0.042587 0.004642 0.019062 0.056455 0.034551 0.002690 0.010722 0.002405 0.025398 0.009536 0.004064 0.006927 0.011309 0.005379 0.019088 0.002810 0.035378 0.001269 0.008166 0.016983 0.006402 0.000345 0.001032 0.002436 0.002834 0.002609 0.012154 0.000279 0.000553 0.000496 0.001180 0.004914 0.002084 0.000449 0.003934 0.002009 0.000721 0.008004 0.001093 0.001011 0.000063 0.000266 0.000028 0.000732 0.000744 
0.001790 0.006559 0.016542 0.000178 0.028225 0.447929 0.001705 0.308205 0.006403 0.018735 0.053134 0.001165 0.023076 0.001585 0.000767 0.009987 0.000005 0.010824 0.000099 0.015114 0.000768 0.008107 0.001907 0.010362 0.000686 0.000372 0.000248 0.002159 0.005133 0.000070 0.007202 -0.000000 0.000060 0.001296 0.000242 0.000454 0.000080 0.000059 0.000697 0.000159 -0.000000 -0.000000 -0.000000 0.000029 -0.000000 0.000051 -0.000000 0.000103 0.000361 0.000044 0.000058 -0.000000 0.000011 -0.000000 -0.000000 0.000024 -0.000000 -0.000000 -0.000000 0.000123 -0.000000 -0.000000 0.000004 0.000008 -0.000000 -0.000000 -0.000000 
0.025865 0.143033 0.314029 0.005655 0.288586 0.235845 0.042318 0.167795 0.125199 0.126455 0.621570 0.029902 0.107764 0.019454 0.014542 0.029747 0.000076 0.029925 0.008572 0.035773 0.016060 0.016693 0.030033 0.019481 0.010217 0.015439 0.005583 0.007971 0.024295 0.001285 0.044352 0.000776 0.000825 0.007732 0.005735 0.005188 0.002005 0.000623 0.012374 0.000976 0.000661 0.001407 0.000736 0.000139 0.000098 0.000643 0.000262 0.000893 0.003490 0.000139 0.000277 0.000044 0.000097 0.000176 0.000683 0.000284 0.000686 0.000822 0.000057 0.001601 0.000341 0.000099 0.000008 0.000025 0.000001 0.000049 0.000055 
0.021241 1.998773 0.023488 0.215567 0.024851 0.005334 0.508822 0.003488 0.304861 0.007437 0.110479 0.983903 0.006030 0.010541 0.124403 0.001584 0.000110 0.001751 0.243752 0.001050 0.134399 0.000624 0.038693 0.000166 0.025055 0.118583 0.093789 0.000465 0.003536 0.001449 0.004738 0.020279 0.004471 0.001117 0.003756 0.001578 0.023900 0.001034 0.007842 0.000122 0.004666 0.011657 0.002049 0.000008 0.000397 0.000321 0.000630 0.000206 0.000602 0.000015 0.000015 0.000653 0.000682 0.000807 0.000171 0.000047 0.000549 -0.000000 0.000588 0.001108 0.000068 -0.000000 0.000004 0.000017 0.000022 0.000024 0.000138 
0.001014 0.009666 0.011043 0.000668 0.026811 0.541038 0.003760 0.438151 0.013409 0.020267 0.084614 0.004349 0.029559 0.002776 0.003039 0.012556 0.000017 0.018942 0.001773 0.027136 0.004611 0.016597 0.007389 0.020807 0.003177 0.005115 0.001861 0.007572 0.013060 0.000513 0.026346 0.000431 0.000418 0.005542 0.002262 0.002176 0.000642 0.000623 0.008714 0.000805 0.000778 0.001206 0.000736 0.000198 0.000119 0.000474 0.000227 0.001133 0.003971 0.000213 0.000320 0.000031 0.000087 0.000456 0.000854 0.000520 0.001281 0.001369 0.000057 0.001847 0.000307 0.000271 0.000022 0.000025 0.000001 0.000146 0.000138 
0.007130 0.554294 0.009284 0.591483 0.011627 0.002101 0.160441 0.002791 0.109831 0.004596 0.053736 0.636026 0.004126 0.005361 0.069103 0.001352 0.000069 0.000955 0.542087 0.001284 0.143620 0.000624 0.041474 0.000580 0.027329 0.153646 0.151043 0.000531 0.003023 0.002184 0.005876 0.044896 0.008606 0.001207 0.007472 0.001626 0.067530 0.002140 0.017950 0.000207 0.013065 0.040901 0.005986 0.000080 0.001185 0.001285 0.003096 0.000618 0.003249 0.000044 0.000073 0.001795 0.002804 0.003440 0.000239 0.000047 0.000640 0.000091 0.002334 0.002340 0.000171 0.000173 0.000020 0.000025 0.000047 0.000537 0.000524 
0.001223 0.014384 0.011688 0.001959 0.032876 0.457304 0.007170 0.376405 0.018757 0.027449 0.118098 0.009864 0.042571 0.004574 0.005482 0.022291 0.000029 0.031389 0.003941 0.050187 0.009990 0.030363 0.017638 0.040288 0.006679 0.009952 0.004528 0.013882 0.024010 0.001196 0.060463 0.001149 0.001351 0.011441 0.005533 0.005140 0.003449 0.001093 0.018473 0.001745 0.002216 0.004422 0.002305 0.000454 0.000425 0.001302 0.000770 0.004155 0.009386 0.000565 0.001223 0.000138 0.000357 0.001123 0.002016 0.001252 0.002653 0.005387 0.000247 0.005172 0.001229 0.000715 0.000035 0.000216 0.000009 0.000293 0.000303 
0.003401 0.046604 0.042902 0.004319 0.143358 0.179592 0.025574 0.151399 0.068626 0.143690 0.495451 0.027262 0.192678 0.016391 0.014911 0.055419 0.000098 0.059722 0.013005 0.078781 0.028816 0.041252 0.051803 0.045345 0.018917 0.029018 0.014019 0.023713 0.063761 0.003329 0.125095 0.002987 0.002857 0.026145 0.015590 0.012648 0.008742 0.003115 0.047751 0.004088 0.004744 0.010451 0.005089 0.001072 0.000899 0.003214 0.001994 0.007004 0.024068 0.001087 0.001718 0.000282 0.000596 0.003159 0.005057 0.001631 0.006267 0.007213 0.000436 0.009851 0.002595 0.001578 0.000114 0.000357 0.000014 0.000829 0.000772 
0.000656 0.054428 0.001135 0.225096 0.001596 0.000485 0.018711 0.000174 0.014162 0.000638 0.007820 0.089086 0.001133 0.000840 0.010537 0.000328 0.000014 0.000127 0.536964 0.000233 0.037423 -0.000000 0.007707 0.000414 0.006895 0.049479 0.078964 0.000100 0.000627 0.000740 0.000379 0.057219 0.005104 0.000626 0.002908 0.000789 0.091189 0.001258 0.008888 0.000061 0.015126 0.050749 0.004513 0.000013 0.001060 0.000693 0.003604 0.000412 0.001444 0.000007 0.000029 0.004582 0.005370 0.005300 0.000137 -0.000000 0.001281 0.000183 0.006908 0.002832 0.000102 0.000148 0.000033 0.000033 0.000124 0.000732 0.001654 
0.002476 0.032450 0.025959 0.003473 0.076923 0.217094 0.018492 0.185761 0.043013 0.072452 0.294945 0.020116 0.128029 0.010222 0.011617 0.058355 0.000074 0.066280 0.010247 0.094713 0.020825 0.047248 0.041713 0.054215 0.014729 0.022414 0.009863 0.024477 0.055548 0.002335 0.123579 0.002959 0.002128 0.025653 0.014419 0.010257 0.005534 0.002774 0.046009 0.004271 0.003733 0.008341 0.004801 0.000975 0.000809 0.003366 0.001539 0.006901 0.020337 0.001285 0.001893 0.000282 0.000585 0.003370 0.004988 0.001985 0.005443 0.009952 0.000455 0.010960 0.002492 0.001282 0.000100 0.000415 0.000008 0.001024 0.000551 
0.004863 0.300794 0.011622 0.119695 0.021020 0.010184 0.203590 0.006454 0.181696 0.010086 0.138951 1.170540 0.013782 0.012190 0.173965 0.003747 0.000220 0.004998 0.322277 0.006536 0.440466 0.002207 0.141267 0.002570 0.095200 0.433966 0.255501 0.002624 0.015626 0.008032 0.030516 0.051014 0.021360 0.009698 0.028353 0.010257 0.090627 0.008746 0.083826 0.001342 0.028619 0.066627 0.018725 0.000534 0.003416 0.005852 0.007697 0.003124 0.014681 0.000323 0.000306 0.001927 0.003670 0.009302 0.002153 0.000331 0.006358 0.001917 0.002562 0.011699 0.001229 0.001405 0.000102 0.000183 0.000071 0.001268 0.001516 
0.000805 0.004373 0.010197 0.000089 0.029046 1.045705 0.001355 1.350557 0.007834 0.029045 0.077195 0.000699 0.062065 0.002159 0.000710 0.050918 0.000009 0.102189 0.000197 0.239495 0.000922 0.291835 0.005164 0.429743 0.001227 0.000558 0.000310 0.050216 0.033876 0.000342 0.066717 0.000029 0.000120 0.007866 0.001737 0.002247 0.000080 0.000094 0.004357 0.001171 0.000078 -0.000000 0.000064 0.000181 -0.000000 0.000237 -0.000000 0.001167 0.001685 0.000220 0.000306 -0.000000 -0.000000 0.000070 0.000513 0.000756 0.000320 0.000913 -0.000000 -0.000000 0.000171 0.000049 -0.000000 0.000008 -0.000000 -0.000000 -0.000000 
0.004952 0.199647 0.021952 0.032017 0.054580 0.026672 0.188770 0.023198 0.338307 0.033864 0.364922 0.234636 0.045608 0.035058 0.227589 0.012961 0.000707 0.016936 0.086801 0.022876 0.279940 0.009210 0.349512 0.011937 0.165670 0.255766 0.089819 0.009332 0.046765 0.014367 0.109364 0.020049 0.014009 0.028380 0.052223 0.024793 0.041624 0.010921 0.138026 0.004857 0.018898 0.041504 0.018405 0.001286 0.002956 0.008643 0.005948 0.010094 0.037907 0.001065 0.001573 0.001142 0.002295 0.010004 0.005501 0.001536 0.011069 0.006939 0.001936 0.022905 0.003005 0.002096 0.000209 0.000615 0.000043 0.001732 0.001874 
0.006026 0.121860 0.038828 0.013982 0.112306 0.066276 0.082275 0.056513 0.251602 0.085729 0.902078 0.093590 0.126397 0.090082 0.066377 0.038845 0.000567 0.046320 0.041184 0.061449 0.112038 0.025663 0.276257 0.028102 0.085669 0.109189 0.040816 0.021654 0.108017 0.012525 0.233322 0.009623 0.008511 0.059128 0.053192 0.035982 0.021494 0.009346 0.150051 0.008322 0.011549 0.024319 0.013219 0.002207 0.002015 0.008812 0.004443 0.013974 0.055356 0.001652 0.002490 0.000678 0.001408 0.008354 0.009123 0.002812 0.011801 0.011412 0.000797 0.023767 0.004234 0.002663 0.000231 0.000615 0.000032 0.001756 0.001599 
0.001044 0.049710 0.005321 0.014561 0.014682 0.011477 0.039345 0.008198 0.049718 0.009033 0.074388 0.087299 0.011289 0.005712 0.038855 0.004462 0.000089 0.006303 0.041085 0.009454 0.099896 0.004893 0.067773 0.005388 0.036210 0.101562 0.044724 0.004484 0.016026 0.004209 0.044541 0.011806 0.006610 0.012469 0.018013 0.008535 0.028231 0.005349 0.069884 0.002526 0.013648 0.032158 0.010979 0.000815 0.002189 0.005176 0.005266 0.005871 0.023225 0.000793 0.001150 0.000992 0.001992 0.008179 0.004544 0.001252 0.008737 0.006391 0.001347 0.017117 0.002834 0.002490 0.000172 0.000615 0.000054 0.002098 0.001461 
0.000537 0.007595 0.009907 0.000579 0.028818 0.464093 0.003541 0.547339 0.012053 0.028757 0.108875 0.003184 0.057622 0.003670 0.002840 0.044273 0.000021 0.098306 0.000887 0.239437 0.003996 0.303347 0.010647 0.480643 0.002996 0.003069 0.001613 0.067287 0.055605 0.000835 0.129644 0.000172 0.000418 0.019486 0.004120 0.005762 0.000642 0.000623 0.012199 0.003258 0.000194 0.000402 0.000672 0.000551 0.000070 0.000913 0.000087 0.002644 0.007822 0.000639 0.001427 0.000025 0.000011 0.000456 0.001674 0.001371 0.001052 0.003378 0.000019 0.001601 0.000854 0.000222 0.000014 0.000066 -0.000000 0.000098 0.000028 
0.002208 0.140386 0.004319 0.213830 0.007068 0.002748 0.069510 0.003140 0.060339 0.003319 0.049525 0.305703 0.005259 0.004457 0.050074 0.001738 0.000076 0.001815 1.530692 0.002684 0.183041 0.000863 0.058954 0.001243 0.039820 0.242001 0.305993 0.000996 0.005646 0.004278 0.017058 0.122509 0.021480 0.004827 0.019669 0.004949 0.202589 0.007359 0.060473 0.000805 0.049306 0.132149 0.021734 0.000265 0.004922 0.005091 0.011266 0.002747 0.017690 0.000250 0.000364 0.005247 0.008651 0.015269 0.001469 0.000402 0.005901 0.001096 0.007439 0.016132 0.001093 0.001233 0.000149 0.000316 0.000160 0.002146 0.003887 
0.000835 0.012313 0.005789 0.002271 0.018285 0.021014 0.008918 0.019361 0.022147 0.017171 0.116294 0.011961 0.031781 0.005169 0.007243 0.011764 0.000041 0.013816 0.007586 0.018849 0.015830 0.010217 0.026378 0.010611 0.009856 0.020647 0.009615 0.007572 0.026862 0.001766 0.065201 0.002470 0.001542 0.012961 0.010582 0.006455 0.006897 0.002198 0.033461 0.002404 0.004044 0.009044 0.004577 0.000635 0.000781 0.002689 0.001959 0.005803 0.017690 0.000639 0.001063 0.000276 0.000487 0.003264 0.003075 0.001063 0.005626 0.005661 0.000455 0.009851 0.002049 0.001233 0.000110 0.000390 0.000018 0.000659 0.000551 
0.004206 0.085037 0.037781 0.009084 0.135880 0.103940 0.051761 0.090351 0.170246 0.128115 1.032809 0.058484 0.238740 0.059076 0.039423 0.080337 0.000387 0.100852 0.018917 0.117355 0.070158 0.051229 0.200935 0.050485 0.062492 0.075707 0.026239 0.043939 0.219455 0.011348 0.402200 0.005601 0.006622 0.090412 0.058483 0.050734 0.013554 0.008111 0.162773 0.010958 0.009060 0.015878 0.011107 0.002589 0.001820 0.009100 0.003166 0.016858 0.056920 0.002305 0.003451 0.000395 0.000888 0.006108 0.009669 0.003568 0.011984 0.013330 0.000531 0.018718 0.004370 0.002564 0.000215 0.000681 0.000023 0.001293 0.001130 
0.003222 0.191132 0.010909 0.069733 0.023939 0.011477 0.145053 0.009768 0.163391 0.015129 0.150179 0.509504 0.018542 0.014040 0.159622 0.005486 0.000270 0.008404 0.227594 0.008987 0.640873 0.004749 0.211820 0.004062 0.134298 0.604352 0.252275 0.005513 0.023896 0.012962 0.051554 0.048486 0.027923 0.016938 0.047578 0.015780 0.094958 0.013225 0.132275 0.002685 0.038146 0.078385 0.026375 0.000815 0.004950 0.009218 0.009587 0.006386 0.029242 0.000719 0.000903 0.002140 0.004732 0.016252 0.004339 0.000992 0.011390 0.005661 0.003017 0.018348 0.002390 0.001627 0.000209 0.000482 0.000085 0.002342 0.002453 
0.000835 0.010126 0.007213 0.001737 0.020884 0.094403 0.007607 0.091572 0.017627 0.019054 0.096644 0.009243 0.037765 0.003733 0.005027 0.023025 0.000034 0.053196 0.005123 0.117413 0.011911 0.081497 0.021134 0.090027 0.008845 0.014695 0.005769 0.029093 0.039009 0.001481 0.109743 0.001896 0.001578 0.019933 0.010016 0.008009 0.005213 0.002140 0.034681 0.003868 0.002877 0.007035 0.002689 0.000975 0.000537 0.002875 0.001434 0.006077 0.020578 0.001094 0.001966 0.000226 0.000368 0.003054 0.004510 0.002032 0.004986 0.008582 0.000417 0.008497 0.002014 0.001430 0.000108 0.000307 0.000009 0.000585 0.000524 
0.002476 0.090676 0.011644 0.019370 0.030185 0.021984 0.071215 0.019535 0.118645 0.019118 0.190882 0.126211 0.030149 0.015136 0.082026 0.010257 0.000299 0.013689 0.067687 0.019199 0.194644 0.009929 0.217938 0.011191 0.120832 0.185175 0.071024 0.008668 0.034561 0.010607 0.095717 0.018154 0.013053 0.026145 0.046528 0.020466 0.045153 0.011415 0.139943 0.004893 0.024692 0.044921 0.021126 0.001652 0.003953 0.010588 0.008380 0.012635 0.046210 0.001549 0.002257 0.001469 0.002869 0.014778 0.008678 0.002292 0.016787 0.011139 0.002012 0.027707 0.004882 0.004043 0.000323 0.001171 0.000062 0.003147 0.003060 
0.003043 0.065705 0.021774 0.009396 0.074005 0.065629 0.046209 0.058432 0.128061 0.063866 0.494850 0.054756 0.116604 0.032782 0.039849 0.046572 0.000326 0.068636 0.027686 0.095413 0.089676 0.043507 0.231525 0.046340 0.072564 0.094215 0.039079 0.041681 0.230519 0.015671 0.487682 0.008043 0.009897 0.126122 0.081707 0.071510 0.024221 0.013331 0.244333 0.017035 0.013376 0.024721 0.020069 0.004233 0.003430 0.014952 0.006193 0.029562 0.104333 0.003803 0.005534 0.000822 0.001711 0.011373 0.017152 0.006073 0.024426 0.024742 0.001309 0.037682 0.007648 0.005301 0.000360 0.001205 0.000036 0.002634 0.002233 
0.000119 0.000805 0.001358 0.000045 0.002781 0.031198 0.000393 0.039071 0.001808 0.003192 0.014236 0.000544 0.009294 0.000659 0.000483 0.007688 0.000005 0.021202 0.000394 0.074405 0.000922 0.164001 0.003258 0.546215 0.000650 0.000279 0.000124 0.104085 0.026006 0.000310 0.113154 -0.000000 0.000143 0.012782 0.001252 0.002678 0.000080 0.000176 0.005403 0.003307 0.000156 0.000100 0.000256 0.000635 0.000007 0.000288 0.000052 0.003639 0.006859 0.001021 0.001791 -0.000000 -0.000000 0.000035 0.002084 0.002198 0.000778 0.003835 -0.000000 0.001231 0.000717 0.000271 0.000010 0.000058 -0.000000 0.000024 0.000028 
0.001790 0.075946 0.007035 0.027475 0.015822 0.009376 0.067499 0.007849 0.102825 0.012033 0.137547 0.170249 0.019495 0.014264 0.087366 0.006722 0.000389 0.010569 0.100299 0.012197 0.600530 0.004653 0.469882 0.004808 0.387406 0.772600 0.203334 0.006343 0.043515 0.049500 0.099697 0.034038 0.052307 0.031374 0.151135 0.038541 0.077635 0.035231 0.332516 0.005211 0.044212 0.071953 0.047404 0.001433 0.006916 0.020330 0.011843 0.010953 0.055717 0.000786 0.001252 0.001764 0.003421 0.017691 0.006833 0.001158 0.018434 0.006208 0.002467 0.030293 0.003175 0.002589 0.000258 0.000499 0.000067 0.002781 0.003363 
0.001313 0.048790 0.007570 0.012780 0.020063 0.016003 0.036460 0.013954 0.062373 0.014969 0.127723 0.068892 0.022396 0.009828 0.036100 0.008422 0.000182 0.011620 0.047391 0.020075 0.124102 0.010025 0.195374 0.011440 0.093720 0.159877 0.058680 0.009067 0.037754 0.019525 0.118651 0.017062 0.015910 0.031910 0.067813 0.027064 0.049725 0.015682 0.198150 0.007212 0.025936 0.050046 0.027463 0.002051 0.004901 0.015121 0.009971 0.017099 0.070037 0.001946 0.003043 0.001575 0.003833 0.017481 0.011446 0.003285 0.022230 0.014151 0.002201 0.042977 0.006999 0.005794 0.000440 0.001687 0.000072 0.004000 0.003804 
0.000984 0.073990 0.003406 0.048492 0.007022 0.003556 0.053247 0.002267 0.052882 0.004596 0.049525 0.207064 0.007435 0.005659 0.059645 0.002492 0.000147 0.003374 0.259713 0.004085 0.488032 0.001343 0.146908 0.002072 0.117041 1.003255 0.794540 0.002292 0.015398 0.018278 0.034117 0.101310 0.119078 0.013855 0.079849 0.016808 0.216945 0.031317 0.222549 0.002245 0.100283 0.171140 0.064529 0.000702 0.012326 0.016829 0.022340 0.005906 0.033815 0.000492 0.000582 0.003785 0.007536 0.027449 0.003451 0.000307 0.015049 0.002922 0.004403 0.030293 0.001775 0.002170 0.000245 0.000449 0.000140 0.003269 0.003804 
0.001372 0.034521 0.010063 0.006724 0.036159 0.044130 0.021072 0.040292 0.052882 0.030194 0.213740 0.033630 0.056534 0.011775 0.018660 0.025865 0.000139 0.050872 0.019311 0.076155 0.050409 0.035544 0.103765 0.046340 0.039098 0.061570 0.028658 0.046098 0.260517 0.008525 0.698638 0.008301 0.007184 0.179082 0.061795 0.065748 0.021013 0.010498 0.198848 0.022905 0.012288 0.027837 0.018501 0.005742 0.003095 0.013920 0.005860 0.038489 0.116487 0.005213 0.008664 0.000741 0.001700 0.012180 0.024395 0.008554 0.029961 0.036337 0.001328 0.048395 0.011540 0.006583 0.000507 0.001952 0.000036 0.003537 0.002619 
0.001313 0.035096 0.006679 0.008817 0.019880 0.019398 0.024962 0.016570 0.049944 0.016182 0.123913 0.043261 0.024844 0.009137 0.022807 0.009368 0.000138 0.014803 0.035075 0.022876 0.076075 0.012232 0.125535 0.013761 0.049892 0.093936 0.041250 0.012421 0.053438 0.014607 0.165656 0.012667 0.011547 0.050994 0.095075 0.043418 0.037133 0.015423 0.264375 0.009506 0.020648 0.047131 0.026311 0.003081 0.004420 0.017404 0.009219 0.024652 0.092299 0.003062 0.004369 0.001193 0.003118 0.018463 0.016127 0.004419 0.028360 0.020634 0.001917 0.050242 0.008570 0.007372 0.000527 0.001712 0.000066 0.004634 0.003611 
0.001074 0.049135 0.001692 0.050006 0.003146 0.001132 0.026711 0.001570 0.028625 0.002138 0.022858 0.117124 0.003264 0.002553 0.025363 0.000947 0.000053 0.001433 0.405629 0.002101 0.156530 0.000720 0.052518 0.001161 0.038665 0.261905 0.512305 0.000598 0.006330 0.006304 0.014594 0.378815 0.061523 0.006704 0.032715 0.007794 0.802093 0.017680 0.124432 0.001355 0.195861 0.475937 0.066385 0.000509 0.016816 0.013193 0.038661 0.004361 0.025873 0.000330 0.000379 0.010175 0.021287 0.044263 0.002323 0.000354 0.014546 0.002465 0.011481 0.033249 0.001775 0.002170 0.000327 0.000499 0.000302 0.005708 0.008077 
0.000149 0.000690 0.000623 0.000223 0.002143 0.008406 0.000612 0.008023 0.002109 0.002266 0.010426 0.000699 0.005440 0.000457 0.000568 0.003361 0.000007 0.008786 0.000493 0.025619 0.001460 0.026718 0.004767 0.042858 0.001336 0.001860 0.000496 0.042644 0.022869 0.000342 0.113344 0.000115 0.000347 0.019888 0.002746 0.004136 0.000481 0.000505 0.012722 0.005906 0.000272 0.000402 0.000832 0.001177 0.000091 0.000846 0.000297 0.006455 0.014802 0.002489 0.004645 0.000025 0.000054 0.000702 0.006013 0.006380 0.003156 0.017256 0.000076 0.004679 0.002766 0.000863 0.000039 0.000233 0.000002 0.000171 0.000138 
0.000418 0.012543 0.004965 0.002004 0.015321 0.038472 0.008175 0.035059 0.020414 0.015895 0.095842 0.011883 0.030012 0.005297 0.006873 0.017810 0.000055 0.041703 0.008079 0.089752 0.016982 0.062406 0.038217 0.088950 0.013358 0.022321 0.008932 0.110827 0.139555 0.003487 0.693899 0.002901 0.002713 0.118792 0.026132 0.030842 0.007058 0.004749 0.105785 0.030703 0.005599 0.011155 0.007170 0.007482 0.001206 0.007746 0.002659 0.042953 0.106620 0.011123 0.019062 0.000251 0.000780 0.006248 0.035363 0.020228 0.023557 0.070940 0.000361 0.036081 0.014340 0.007101 0.000415 0.002077 0.000016 0.002000 0.001268 
0.000686 0.028653 0.001625 0.043193 0.003693 0.002910 0.020547 0.000698 0.022674 0.002681 0.025665 0.066872 0.003536 0.001947 0.014997 0.001256 0.000035 0.001878 0.306119 0.002218 0.073616 0.001247 0.033529 0.001409 0.020217 0.103702 0.137644 0.001162 0.006387 0.003158 0.017248 0.161344 0.017153 0.005855 0.017852 0.005308 0.424425 0.008135 0.076681 0.001513 0.088890 0.316756 0.033417 0.000488 0.010046 0.008930 0.028952 0.004086 0.025993 0.000389 0.000728 0.019138 0.029613 0.039665 0.003451 0.000685 0.012762 0.004017 0.026150 0.035712 0.002868 0.003452 0.000405 0.000715 0.000649 0.007318 0.011357 
0.000925 0.024970 0.006523 0.004809 0.019607 0.021499 0.016962 0.020233 0.036384 0.017842 0.122309 0.027262 0.027746 0.008031 0.014712 0.013348 0.000103 0.024895 0.023449 0.039566 0.045875 0.023168 0.085094 0.028600 0.031156 0.063430 0.030022 0.028662 0.114461 0.008532 0.473277 0.009249 0.008403 0.175909 0.069307 0.093674 0.023980 0.013836 0.290516 0.036926 0.018587 0.035072 0.023398 0.009659 0.003730 0.022918 0.007627 0.062077 0.196512 0.008039 0.011227 0.001073 0.002729 0.018112 0.039053 0.012028 0.043958 0.051584 0.001613 0.071793 0.017618 0.012673 0.000875 0.003473 0.000048 0.005830 0.003418 
0.000895 0.033946 0.003139 0.017144 0.007752 0.006143 0.021203 0.007500 0.029303 0.006830 0.050127 0.054057 0.009294 0.004255 0.018802 0.003689 0.000066 0.005030 0.101284 0.008403 0.083452 0.003550 0.057047 0.004559 0.033394 0.126116 0.119470 0.004749 0.018706 0.005949 0.052123 0.055352 0.031425 0.017788 0.038531 0.015206 0.185105 0.017057 0.175146 0.004210 0.125947 0.229326 0.060080 0.001379 0.015700 0.018098 0.035950 0.013734 0.062095 0.001476 0.002432 0.005210 0.012408 0.048686 0.010831 0.002718 0.025753 0.012508 0.007135 0.066497 0.007409 0.007199 0.000740 0.002011 0.000234 0.008537 0.009565 
0.000418 0.009896 0.002738 0.002137 0.011719 0.019236 0.007650 0.016396 0.017175 0.010309 0.060954 0.009942 0.019495 0.003861 0.006987 0.009620 0.000042 0.022189 0.008769 0.044935 0.016521 0.030459 0.032734 0.038050 0.013213 0.022600 0.010049 0.047327 0.086117 0.003494 0.468159 0.003504 0.003383 0.104759 0.029242 0.033568 0.009704 0.005901 0.128963 0.046213 0.007738 0.013868 0.010947 0.012908 0.001666 0.010875 0.003271 0.074472 0.170158 0.022906 0.038181 0.000439 0.001050 0.008319 0.065703 0.039628 0.036776 0.134849 0.000797 0.056400 0.029465 0.012328 0.000758 0.003514 0.000027 0.003586 0.002536 
0.000149 0.002877 0.000623 0.000490 0.001642 0.001132 0.001574 0.002267 0.003691 0.001564 0.010025 0.003728 0.001949 0.000819 0.001591 0.001101 0.000009 0.001655 0.003251 0.003035 0.005686 0.001775 0.009058 0.002321 0.002996 0.006975 0.003536 0.001428 0.005874 0.000810 0.020281 0.001551 0.001148 0.006391 0.006301 0.004686 0.005133 0.001599 0.030672 0.001672 0.002644 0.004924 0.003521 0.000765 0.000551 0.003095 0.001452 0.006524 0.024188 0.000705 0.001034 0.000232 0.000368 0.002843 0.004066 0.001229 0.006633 0.005569 0.000323 0.012437 0.002663 0.001874 0.000108 0.000507 0.000014 0.001098 0.000717 
0.000626 0.025891 0.002471 0.016342 0.006612 0.002910 0.015738 0.004709 0.022750 0.005585 0.036492 0.048620 0.008297 0.003606 0.016218 0.002782 0.000064 0.004425 0.093599 0.007061 0.076997 0.002782 0.064039 0.003233 0.035055 0.125744 0.114507 0.004118 0.017451 0.007905 0.061031 0.053599 0.041932 0.020603 0.061997 0.019988 0.188633 0.032269 0.301147 0.005552 0.206127 0.322685 0.181904 0.001845 0.056067 0.036195 0.082448 0.018987 0.104213 0.001894 0.002869 0.006647 0.018233 0.113870 0.014487 0.002670 0.048944 0.015795 0.010361 0.117109 0.010413 0.010577 0.001223 0.002567 0.000355 0.014806 0.015547 
0.000179 0.003337 0.001314 0.001202 0.004833 0.011154 0.002973 0.007849 0.007156 0.004309 0.027870 0.003495 0.007798 0.001734 0.002329 0.004848 0.000015 0.010633 0.002759 0.022292 0.008222 0.016645 0.015652 0.023377 0.003899 0.007533 0.003660 0.026669 0.035245 0.001367 0.158454 0.001092 0.001279 0.036335 0.009814 0.011141 0.003930 0.002292 0.046880 0.013191 0.002644 0.005728 0.004577 0.003968 0.000579 0.004516 0.001504 0.026060 0.066667 0.010102 0.023488 0.000232 0.000368 0.003194 0.028529 0.034382 0.014043 0.081074 0.000285 0.025121 0.013862 0.005547 0.000323 0.001828 0.000010 0.001610 0.001020 
0.000626 0.027847 0.003028 0.013136 0.009393 0.005819 0.018449 0.005930 0.031940 0.007979 0.055540 0.043883 0.011289 0.004457 0.018092 0.004655 0.000082 0.007481 0.054485 0.010563 0.085450 0.005276 0.076036 0.007129 0.040506 0.116722 0.084981 0.006676 0.029542 0.010424 0.099697 0.030563 0.032847 0.034726 0.091279 0.031201 0.100893 0.052512 0.533281 0.008640 0.090018 0.163603 0.210967 0.003253 0.023871 0.066285 0.043210 0.032412 0.167511 0.003150 0.004572 0.004456 0.011271 0.091440 0.025864 0.004395 0.072043 0.027755 0.006965 0.146294 0.015910 0.015755 0.001597 0.003755 0.000227 0.015123 0.013148 
0.000060 0.004488 0.001848 0.000579 0.005563 0.015680 0.002710 0.012384 0.007985 0.005617 0.036492 0.003262 0.014462 0.002372 0.002613 0.008151 0.000027 0.020947 0.003153 0.046393 0.007070 0.032426 0.020896 0.045097 0.006715 0.009022 0.003660 0.069379 0.097865 0.002342 0.602731 0.001092 0.001518 0.122233 0.021648 0.031822 0.002887 0.003691 0.100208 0.064200 0.002994 0.004020 0.005665 0.018339 0.000941 0.008389 0.001434 0.098678 0.176055 0.047450 0.088289 0.000201 0.000390 0.004879 0.094882 0.088709 0.033117 0.236009 0.000133 0.045440 0.036328 0.011613 0.000579 0.003747 0.000011 0.002659 0.001351 
0.000089 0.006789 0.000223 0.019682 0.000091 -0.000000 0.004547 -0.000000 0.002637 0.000223 0.001203 0.023378 0.000181 0.000149 0.002727 0.000039 0.000006 -0.000000 0.178824 0.000058 0.022285 0.000048 0.004767 0.000166 0.004116 0.040737 0.103652 0.000066 0.000741 0.000930 0.000948 0.165538 0.017141 0.000939 0.005331 0.001554 1.005163 0.005231 0.030324 0.000207 0.251000 2.131468 0.035753 0.000092 0.016181 0.005565 0.086349 0.001373 0.013959 0.000051 0.000044 0.041828 0.121039 0.092914 0.000923 0.000142 0.010200 0.000274 0.039168 0.043346 0.000785 0.001923 0.000419 0.000474 0.000785 0.012098 0.022300 
0.000537 0.013233 0.003317 0.004097 0.008481 0.011154 0.009880 0.009070 0.019812 0.008681 0.062357 0.016932 0.016230 0.004638 0.009515 0.006993 0.000068 0.013689 0.018818 0.022292 0.034042 0.011944 0.062132 0.014839 0.024585 0.052269 0.024936 0.017403 0.067582 0.008120 0.295111 0.008876 0.009802 0.105161 0.083080 0.078468 0.025183 0.020090 0.540078 0.043614 0.022747 0.041001 0.038730 0.020243 0.005961 0.051079 0.011423 0.209958 1.037797 0.014845 0.018829 0.001356 0.003486 0.033171 0.119140 0.019802 0.161057 0.105999 0.002277 0.201462 0.048414 0.031214 0.002196 0.007635 0.000072 0.011513 0.008159 
0.000089 0.001726 0.000223 0.000223 0.001003 0.001616 0.000831 0.001919 0.001959 0.000989 0.007820 0.001631 0.001587 0.000404 0.000625 0.000753 0.000004 0.001051 0.001182 0.002626 0.002075 0.001247 0.002622 0.001492 0.001119 0.003069 0.001551 0.001926 0.004391 0.000323 0.019143 0.000689 0.000490 0.005855 0.002746 0.002152 0.001524 0.000741 0.012199 0.002038 0.001594 0.002713 0.001472 0.000773 0.000349 0.001336 0.000647 0.006730 0.017329 0.002276 0.006669 0.000100 0.000238 0.001615 0.008337 0.016849 0.005306 0.034237 0.000133 0.009359 0.006863 0.002737 0.000135 0.000731 0.000003 0.000634 0.000441 
0.000239 0.007480 0.001069 0.006323 0.003921 0.003071 0.006601 0.002965 0.009567 0.003000 0.021454 0.018951 0.004307 0.002106 0.006277 0.002627 0.000035 0.003725 0.032710 0.005369 0.035194 0.003502 0.039647 0.004062 0.018051 0.053292 0.042739 0.005380 0.020132 0.005772 0.084155 0.019303 0.018384 0.026234 0.067247 0.030412 0.071620 0.032857 0.519513 0.011093 0.067037 0.135465 0.135076 0.004678 0.021926 0.108112 0.048738 0.051743 0.384481 0.004765 0.006931 0.004507 0.014476 0.168242 0.047185 0.006593 0.274770 0.045376 0.008198 0.648103 0.038923 0.049878 0.005545 0.010718 0.000335 0.049052 0.036138 
0.000239 0.009551 0.002160 0.003562 0.005380 0.006466 0.007170 0.005233 0.012806 0.004883 0.030878 0.011262 0.007118 0.001968 0.006021 0.003264 0.000033 0.005412 0.014385 0.010096 0.023130 0.005372 0.028921 0.008207 0.012383 0.030506 0.018051 0.006410 0.019733 0.002867 0.077900 0.007669 0.005271 0.023017 0.026293 0.016975 0.023659 0.008676 0.164167 0.009396 0.016254 0.037283 0.021862 0.004119 0.004141 0.019011 0.009114 0.042369 0.228763 0.005506 0.008766 0.001186 0.003042 0.020675 0.043973 0.009074 0.130318 0.056332 0.002106 0.168706 0.030762 0.027885 0.001758 0.006987 0.000076 0.009903 0.006533 
0.000418 0.008400 0.002004 0.002672 0.005882 0.009052 0.005552 0.007675 0.010019 0.004436 0.031279 0.011184 0.006800 0.002202 0.005993 0.003747 0.000026 0.005285 0.011330 0.010329 0.017213 0.006859 0.026696 0.007875 0.011192 0.024554 0.014577 0.008768 0.024523 0.002987 0.100076 0.005515 0.004805 0.032804 0.024960 0.018744 0.018607 0.007853 0.160159 0.013863 0.013648 0.028239 0.019621 0.006498 0.003186 0.017303 0.007347 0.072069 0.271483 0.011967 0.017795 0.000998 0.002599 0.020885 0.108036 0.020039 0.093588 0.133115 0.002144 0.171908 0.079586 0.044675 0.002425 0.012338 0.000078 0.010732 0.006064 
0.000030 0.001151 0.000178 0.001559 0.000365 0.000485 0.001180 0.000698 0.002034 0.000255 0.004211 0.003728 0.000907 0.000372 0.001420 0.000444 0.000007 0.000573 0.016651 0.000817 0.010912 0.000432 0.010567 0.000663 0.005126 0.020368 0.021959 0.000930 0.006045 0.002633 0.022745 0.011691 0.012192 0.009385 0.033402 0.014058 0.059108 0.023923 0.336350 0.004125 0.064432 0.143203 0.166604 0.001833 0.027971 0.097457 0.073421 0.028017 0.284600 0.001696 0.002374 0.007400 0.025401 0.445685 0.028939 0.002221 0.288859 0.023099 0.013834 1.127869 0.025539 0.050593 0.008507 0.009314 0.000676 0.124228 0.091488 
-0.000000 0.003912 0.000067 0.007615 0.000046 -0.000000 0.001180 -0.000000 0.001281 0.000032 0.000401 0.008000 0.000091 0.000106 0.001250 0.000019 0.000002 0.000032 0.054780 0.000117 0.006378 -0.000000 0.001827 -0.000000 0.001588 0.011905 0.019974 -0.000000 0.000513 0.000323 0.002085 0.032631 0.003407 0.000492 0.002948 0.000980 0.117495 0.001893 0.019867 0.000220 0.036785 0.196666 0.015140 0.000130 0.004978 0.004753 0.025768 0.001373 0.012756 0.000059 0.000204 0.078019 0.079300 0.061358 0.001913 0.000165 0.011801 0.001917 0.339554 0.059478 0.001912 0.003230 0.000722 0.000715 0.007657 0.025953 0.064612 
-0.000000 0.001036 0.000200 0.000401 0.000319 0.000808 0.000525 0.000349 0.000979 0.000351 0.004411 0.001165 0.001179 0.000287 0.000682 0.000522 0.000005 0.001210 0.002956 0.002684 0.003151 0.001919 0.007230 0.001575 0.002635 0.005115 0.003164 0.004151 0.010323 0.001291 0.052502 0.001178 0.002187 0.021318 0.017408 0.017262 0.005694 0.006007 0.177063 0.012996 0.007349 0.012863 0.021766 0.008058 0.002844 0.029599 0.005668 0.128412 0.704099 0.019089 0.023794 0.000603 0.002230 0.028467 0.279075 0.029207 0.390863 0.291336 0.000987 0.662634 0.379358 0.235507 0.008211 0.050898 0.000061 0.024050 0.010337 
-0.000000 0.000115 0.000045 0.000045 0.000091 0.000162 0.000044 -0.000000 -0.000000 0.000128 -0.000000 -0.000000 0.000181 0.000011 0.000199 0.000058 0.000000 0.000032 0.000296 0.000350 0.000077 0.000048 0.000477 0.000083 0.000253 -0.000000 0.000310 0.000100 0.000627 0.000032 0.001327 0.000057 0.000060 0.000268 0.000162 0.000167 0.000321 0.000082 0.000871 0.000159 0.000233 0.000201 0.000288 0.000071 0.000042 0.000068 0.000105 0.000515 0.002046 0.000139 0.000422 0.000006 0.000022 0.000176 0.000854 0.000922 0.000366 0.002739 0.000019 0.001478 0.000854 0.000296 0.000014 0.000091 -0.000000 0.000049 -0.000000 
-0.000000 0.001496 0.000468 0.000623 0.000912 0.000808 0.001180 0.001047 0.002034 0.000766 0.005414 0.002408 0.001723 0.000351 0.000994 0.000560 0.000004 0.001178 0.001971 0.002509 0.003304 0.001631 0.003814 0.001243 0.001588 0.003813 0.002171 0.001428 0.004677 0.000405 0.022745 0.000948 0.000634 0.004648 0.004322 0.002726 0.003208 0.001058 0.020390 0.002087 0.001633 0.004321 0.002273 0.000984 0.000460 0.002114 0.001102 0.009202 0.024549 0.002878 0.006334 0.000113 0.000357 0.002457 0.012608 0.011744 0.010017 0.066283 0.000190 0.023520 0.019427 0.006953 0.000341 0.002858 0.000012 0.001561 0.000689 
-0.000000 -0.000000 0.000045 0.000223 0.000046 -0.000000 0.000219 0.000174 0.000377 0.000160 0.001404 0.000544 0.000181 0.000096 0.000114 0.000212 0.000002 0.000350 0.001971 0.000700 0.002305 0.000624 0.002542 0.000580 0.000939 0.003720 0.002853 0.000864 0.003080 0.000589 0.015542 0.001379 0.001542 0.007106 0.009774 0.007029 0.005053 0.004432 0.107702 0.004405 0.006883 0.014572 0.017957 0.002400 0.002733 0.022512 0.007452 0.043605 0.311796 0.005315 0.006961 0.000916 0.002729 0.040999 0.082957 0.008294 0.316167 0.100612 0.002106 1.509490 0.167401 0.527302 0.026887 0.069326 0.000090 0.049394 0.020619 
0.000119 0.004603 0.000913 0.001514 0.003146 0.003880 0.003410 0.002791 0.005876 0.002553 0.015238 0.006058 0.003854 0.001021 0.003181 0.001777 0.000014 0.003502 0.006798 0.005894 0.011219 0.003070 0.012395 0.003813 0.006390 0.014881 0.010111 0.004185 0.011976 0.001513 0.052502 0.003792 0.002701 0.015464 0.013651 0.009492 0.011389 0.004549 0.083303 0.007053 0.007855 0.019898 0.012899 0.003106 0.001896 0.009590 0.004723 0.031348 0.120338 0.006784 0.011285 0.000835 0.001711 0.013479 0.045989 0.014793 0.052237 0.107368 0.001309 0.130039 0.127420 0.054242 0.002498 0.020381 0.000043 0.010440 0.004548 
0.000030 0.001151 0.000022 0.003473 0.000091 -0.000000 0.000962 0.000174 0.000753 0.000064 0.000401 0.004194 0.000045 0.000032 0.000767 -0.000000 0.000001 -0.000000 0.033696 -0.000000 0.003919 0.000048 0.002145 -0.000000 0.001444 0.007347 0.014639 -0.000000 0.000456 0.000316 0.001516 0.020222 0.002642 0.000581 0.002706 0.000956 0.072582 0.002128 0.019867 0.000183 0.029008 0.136169 0.013283 0.000139 0.004671 0.004381 0.021675 0.001373 0.013117 0.000110 0.000175 0.040566 0.054916 0.063709 0.001708 0.000213 0.014363 0.001643 0.222524 0.065389 0.002083 0.003994 0.000820 0.000889 0.013988 0.033563 0.090137 
0.000239 0.005408 0.000445 0.005878 0.001049 0.000647 0.003191 0.000698 0.004444 0.000479 0.005614 0.011417 0.001043 0.000479 0.003295 0.000464 0.000011 0.000541 0.038918 0.001576 0.014984 0.000336 0.008899 0.001078 0.004874 0.024275 0.026301 0.000731 0.003194 0.001152 0.010993 0.022347 0.006168 0.003888 0.009451 0.003825 0.081805 0.005067 0.056291 0.001257 0.043084 0.146721 0.023430 0.000492 0.007076 0.008694 0.026503 0.004876 0.033334 0.000749 0.000801 0.021272 0.036261 0.060620 0.005467 0.000922 0.022185 0.007487 0.070632 0.085585 0.004712 0.007569 0.001077 0.001952 0.003832 0.029563 0.065025 
0.000060 0.003452 0.000111 0.004542 0.000228 0.000162 0.001574 -0.000000 0.001431 0.000192 0.001203 0.006136 0.000227 0.000106 0.001108 0.000135 0.000004 0.000032 0.033893 0.000292 0.006993 0.000192 0.003973 0.000083 0.002419 0.012184 0.018361 0.000365 0.000855 0.000671 0.004928 0.019102 0.003753 0.001609 0.005008 0.001865 0.076592 0.003080 0.029801 0.000427 0.033557 0.142198 0.019589 0.000231 0.006135 0.006546 0.025961 0.002506 0.022263 0.000184 0.000451 0.028226 0.047467 0.069677 0.003178 0.000378 0.018480 0.003652 0.119707 0.087432 0.003448 0.006534 0.001124 0.001587 0.008635 0.043491 0.105794 
0.000030 0.002186 0.000712 0.000534 0.001505 0.001778 0.002011 0.002267 0.003691 0.001596 0.010627 0.003650 0.002856 0.000649 0.001647 0.001120 0.000012 0.001783 0.004434 0.003035 0.006762 0.001967 0.008343 0.001990 0.003610 0.009022 0.005397 0.002591 0.006730 0.000899 0.029378 0.002240 0.001530 0.008492 0.007108 0.005116 0.006095 0.002328 0.040955 0.003002 0.004822 0.010351 0.005665 0.001442 0.001248 0.004601 0.002677 0.014421 0.051505 0.003282 0.005752 0.000289 0.001050 0.006810 0.018928 0.008034 0.024380 0.051128 0.000626 0.058124 0.049677 0.023940 0.001219 0.009563 0.000037 0.005000 0.003060 
-0.000000 -0.000000 0.000045 -0.000000 -0.000000 0.000162 -0.000000 -0.000000 0.000151 -0.000000 -0.000000 -0.000000 -0.000000 0.000032 -0.000000 0.000019 0.000000 0.000064 -0.000000 0.000058 0.000077 -0.000000 0.000159 -0.000000 0.000072 0.000186 -0.000000 -0.000000 0.000057 0.000013 0.000379 0.000057 0.000024 0.000089 0.000121 0.000024 0.000241 0.000035 0.000697 0.000073 0.000039 0.000100 0.000096 0.000021 0.000014 0.000051 -0.000000 0.000103 0.001444 0.000051 0.000248 0.000025 0.000011 0.000070 0.000547 0.000307 0.000320 0.001643 -0.000000 0.000369 0.000444 0.000296 0.000012 0.000133 -0.000000 0.000073 -0.000000 
0.000089 0.003912 0.000757 0.001781 0.002280 0.002425 0.002317 0.002267 0.003691 0.001660 0.010627 0.005670 0.003672 0.000840 0.002840 0.001371 0.000011 0.002228 0.006010 0.005194 0.008837 0.002974 0.011838 0.003399 0.004440 0.012091 0.007878 0.003421 0.010094 0.001392 0.043025 0.003217 0.002187 0.012290 0.010420 0.006814 0.010346 0.003585 0.068839 0.005308 0.008282 0.018692 0.009731 0.002404 0.001896 0.008051 0.004094 0.024378 0.095428 0.005661 0.008854 0.000703 0.001797 0.013444 0.036183 0.012902 0.045925 0.086278 0.001120 0.133610 0.081976 0.061145 0.002901 0.031124 0.000051 0.011025 0.006588 
0.000089 0.005293 0.000468 0.004052 0.001003 0.000808 0.002055 0.001221 0.003767 0.000830 0.007218 0.010252 0.001360 0.000542 0.002357 0.000676 0.000012 0.001051 0.026897 0.001109 0.016060 0.000384 0.010249 0.000829 0.005848 0.020740 0.022827 0.001129 0.003422 0.001272 0.013647 0.017263 0.005618 0.005050 0.009936 0.004447 0.061755 0.005560 0.068316 0.001355 0.035657 0.119386 0.027847 0.000715 0.007502 0.010960 0.025104 0.007348 0.044886 0.000903 0.001019 0.011863 0.026863 0.073257 0.007688 0.001465 0.032294 0.008126 0.034462 0.128931 0.006999 0.012821 0.001681 0.002900 0.002018 0.054930 0.131981 
-0.000000 -0.000000 -0.000000 0.000089 0.000091 -0.000000 0.000044 -0.000000 -0.000000 -0.000000 0.000401 0.000155 0.000091 0.000011 0.000085 0.000039 0.000000 0.000096 0.000197 0.000117 0.000384 0.000048 0.000477 -0.000000 0.000217 0.000651 0.000992 0.000232 0.000399 0.000095 0.002085 0.000431 0.000622 0.001341 0.001575 0.001793 0.002406 0.001352 0.026141 0.000586 0.002333 0.008341 0.007938 0.000500 0.001227 0.008135 0.004146 0.011090 0.080747 0.001505 0.002388 0.000716 0.001960 0.025027 0.025489 0.004490 0.097521 0.053867 0.001252 0.765951 0.097443 0.370420 0.050768 0.119534 0.000075 0.085347 0.026131 
0.000179 0.004833 0.000891 0.003162 0.002006 0.003071 0.004284 0.001570 0.006554 0.001628 0.016442 0.007767 0.002720 0.000925 0.003181 0.001294 0.000018 0.002165 0.012808 0.003968 0.014293 0.002159 0.014063 0.002570 0.006101 0.019345 0.013709 0.002059 0.008327 0.001424 0.030705 0.006549 0.003765 0.008223 0.013248 0.006431 0.023258 0.005701 0.079644 0.003539 0.015359 0.036982 0.018181 0.001475 0.003716 0.010250 0.010584 0.015451 0.073045 0.002247 0.003437 0.001827 0.005035 0.029169 0.016127 0.004088 0.046885 0.025290 0.003890 0.232371 0.021203 0.031263 0.004813 0.008342 0.000150 0.054565 0.023761 
-0.000000 0.000575 0.000067 0.002137 0.000091 -0.000000 0.000612 0.000349 0.000377 0.000128 0.000802 0.001320 0.000091 0.000064 0.000426 0.000058 0.000003 0.000032 0.014582 0.000117 0.002690 -0.000000 0.002384 0.000083 0.001191 0.006696 0.008188 0.000166 0.000684 0.000399 0.004170 0.009192 0.002976 0.001341 0.006381 0.001937 0.041063 0.003797 0.053328 0.000671 0.029280 0.106825 0.028359 0.000391 0.006965 0.013632 0.031454 0.004258 0.042961 0.000382 0.000655 0.011995 0.032666 0.129665 0.005638 0.000662 0.044324 0.006482 0.030875 0.297022 0.008297 0.017900 0.004066 0.004412 0.001973 0.239601 0.661115 
0.000030 0.001726 0.000334 0.000534 0.001368 0.001293 0.001137 0.001744 0.002034 0.000926 0.008421 0.002408 0.001587 0.000521 0.001022 0.000637 0.000007 0.001401 0.002857 0.002918 0.004303 0.001775 0.004767 0.001741 0.002347 0.005952 0.003226 0.002225 0.006216 0.000646 0.026535 0.001206 0.001243 0.008223 0.005452 0.004399 0.003930 0.001716 0.035204 0.003746 0.003305 0.007838 0.004577 0.001601 0.000927 0.004025 0.002327 0.016549 0.055235 0.004420 0.008883 0.000257 0.000855 0.006073 0.027026 0.014793 0.023145 0.100429 0.000474 0.064034 0.062720 0.026110 0.001415 0.011457 0.000018 0.005269 0.002867 
0.000089 0.002532 0.000534 0.001469 0.001778 0.001616 0.002273 0.001744 0.004369 0.001021 0.009624 0.003262 0.002312 0.000617 0.001789 0.001140 0.000010 0.001815 0.005714 0.003793 0.008299 0.001727 0.009693 0.002653 0.004260 0.008836 0.006389 0.002757 0.008269 0.001196 0.031653 0.003188 0.002379 0.010816 0.010865 0.007244 0.011228 0.004303 0.070930 0.004527 0.008943 0.021405 0.011523 0.002106 0.002510 0.009759 0.005930 0.025991 0.109267 0.004501 0.007587 0.000967 0.002425 0.017726 0.035875 0.010917 0.063215 0.070301 0.001651 0.245671 0.080406 0.104242 0.006430 0.051579 0.000070 0.024026 0.011522 
0.000060 0.002186 0.000312 0.001024 0.001049 0.001778 0.001399 0.000872 0.002938 0.001213 0.005815 0.003417 0.002221 0.000702 0.001221 0.001062 0.000008 0.001751 0.003645 0.003385 0.005302 0.002207 0.007389 0.002155 0.002491 0.007254 0.005148 0.002757 0.006559 0.000835 0.033927 0.002298 0.001638 0.010235 0.009128 0.006766 0.007539 0.002904 0.059079 0.004625 0.006027 0.012863 0.009410 0.002295 0.001778 0.007087 0.003814 0.023554 0.101806 0.005653 0.010645 0.000496 0.001516 0.011548 0.038199 0.014982 0.048578 0.109012 0.001271 0.157993 0.107549 0.067260 0.003541 0.036474 0.000049 0.013659 0.006891 
0.000030 0.001726 0.000178 0.002939 0.000730 0.000485 0.001749 0.000174 0.002712 0.000383 0.002807 0.005747 0.000725 0.000394 0.001335 0.000328 0.000006 0.000605 0.019705 0.000584 0.009221 0.000384 0.007151 0.000414 0.003574 0.013579 0.015818 0.000498 0.002224 0.000918 0.007771 0.012639 0.004052 0.003888 0.007714 0.003443 0.048762 0.004326 0.056988 0.001245 0.030369 0.099187 0.022310 0.000605 0.006519 0.010537 0.022917 0.006318 0.042239 0.000595 0.001107 0.010099 0.023246 0.073573 0.007107 0.000969 0.032065 0.009495 0.028883 0.158362 0.007989 0.012845 0.002286 0.003681 0.001771 0.085957 0.284552 
0.000089 0.002877 0.000223 0.003073 0.000502 0.000323 0.001705 0.000698 0.002034 0.000575 0.003208 0.005825 0.000725 0.000298 0.001647 0.000328 0.000006 0.000414 0.020789 0.001050 0.007992 0.000288 0.004290 0.000414 0.002852 0.013021 0.012902 0.000332 0.001483 0.000715 0.007392 0.011231 0.003251 0.002235 0.004685 0.002463 0.043229 0.002433 0.029104 0.000586 0.021736 0.073963 0.012067 0.000261 0.003646 0.004753 0.013120 0.003090 0.015163 0.000323 0.000481 0.011016 0.017226 0.032574 0.002904 0.000614 0.012259 0.004291 0.043704 0.050858 0.003448 0.004043 0.000705 0.001138 0.004882 0.021172 0.051877 
-0.000000 0.000805 -0.000000 0.000802 -0.000000 -0.000000 0.000131 -0.000000 0.000301 0.000032 0.000201 0.001476 0.000136 0.000096 0.000483 0.000097 0.000002 0.000064 0.006404 0.000117 0.002152 0.000048 0.001827 -0.000000 0.001083 0.004278 0.005645 0.000166 0.000684 0.000247 0.003222 0.005601 0.002259 0.001475 0.003716 0.001674 0.023980 0.003127 0.042175 0.000696 0.018276 0.060397 0.022662 0.000252 0.005480 0.010554 0.020100 0.004807 0.045247 0.000507 0.000568 0.006101 0.017259 0.091018 0.006321 0.000851 0.046382 0.007030 0.016073 0.341353 0.011096 0.025074 0.006045 0.006713 0.000973 0.526108 0.430122 
-0.000000 0.000690 0.000111 0.000312 0.000638 0.000485 0.000656 0.000174 0.001281 0.000287 0.002807 0.000621 0.000499 0.000308 0.000511 0.000386 0.000003 0.000923 0.001281 0.001342 0.001767 0.000863 0.001271 0.001078 0.000830 0.001674 0.001055 0.001229 0.002966 0.000278 0.013078 0.000747 0.000598 0.004246 0.003312 0.002869 0.001764 0.000835 0.016033 0.002123 0.001516 0.004924 0.002817 0.000748 0.000439 0.002486 0.000717 0.009957 0.033213 0.002797 0.005854 0.000100 0.000303 0.003300 0.016742 0.010350 0.014226 0.075596 0.000171 0.041622 0.038069 0.016198 0.000758 0.007228 0.000009 0.003390 0.001351 
0.000089 0.004488 0.000445 0.002583 0.001094 0.000162 0.002710 0.000872 0.004670 0.000638 0.005013 0.006679 0.001269 0.000447 0.002698 0.000502 0.000010 0.000860 0.013597 0.001342 0.010297 0.000624 0.008501 0.001161 0.003718 0.014416 0.010669 0.000731 0.003194 0.001044 0.010993 0.008732 0.002976 0.004112 0.006906 0.002606 0.030236 0.003033 0.044266 0.001208 0.016409 0.047131 0.014468 0.000492 0.003625 0.005734 0.011091 0.004429 0.026234 0.000675 0.000859 0.004212 0.009041 0.028538 0.004886 0.000945 0.016741 0.006939 0.011652 0.060710 0.004165 0.006583 0.000877 0.001620 0.000785 0.027587 0.076603 
