# Flux Network Reconstruction using RW method
# Walkers leave from emitting cells
# Probability involves emitting fluxes, then absorbing flux is shared among connections
# Seed: 1684539207
# Threshold: 0.5
# Precision: 100000.0
# Dt: 1.0
# Radius step: 5.000000
# Matrix output


0.004944 0.030432 0.010255 0.027488 0.019471 0.015486 0.001182 0.007002 0.010490 0.001731 0.022509 0.001910 0.002324 0.000874 0.000374 0.000752 0.000287 0.001454 0.000203 0.002362 0.001215 0.002117 0.000682 0.000241 0.000742 0.001049 0.000291 0.000461 0.000600 0.000011 0.001826 0.000003 0.000421 0.000246 0.000332 0.000182 0.000089 0.000023 0.000186 0.000743 0.000028 0.000048 0.000094 0.000378 -0.000000 0.000021 0.000002 0.000077 0.000024 0.000094 0.000017 0.000003 0.000024 0.000043 -0.000000 -0.000000 -0.000000 -0.000000 0.000117 -0.000000 -0.000000 -0.000000 -0.000000 -0.000000 -0.000000 -0.000000 0.000000 -0.000000 
0.004601 0.008600 0.011592 0.019251 0.014187 0.006783 0.001493 0.010573 0.012260 0.003612 0.031444 0.001498 0.002715 0.001570 0.000342 0.001774 0.001720 0.001707 0.000541 0.003149 0.005608 0.005292 0.002411 0.000282 0.001196 0.005140 0.001938 0.000999 0.001585 0.000023 0.006639 0.000022 0.001022 0.001231 0.000902 0.000769 0.001505 0.000204 0.000745 0.005348 0.000112 0.000314 0.000256 0.001323 0.001005 0.000457 0.000056 0.000540 0.000178 0.001223 0.000083 0.000023 0.000262 0.000652 0.000382 0.000018 0.000260 0.000736 0.000587 0.000237 0.000015 0.000696 0.000060 0.000182 0.000001 0.000153 -0.000000 0.000118 
0.017717 0.000882 0.455331 0.007154 0.003265 0.000256 0.018972 0.022897 0.000983 0.222430 0.003608 0.000046 0.001172 0.009579 0.000019 0.000617 0.154548 0.000042 0.000864 0.000046 0.031500 0.001465 0.001774 -0.000000 -0.000000 0.024755 0.055232 -0.000000 0.000024 0.000009 -0.000000 0.000447 -0.000000 0.000192 0.000071 0.000020 0.010977 0.000657 0.000373 0.000446 -0.000000 0.000460 -0.000000 0.003214 0.000317 0.000021 0.000012 -0.000000 0.000071 0.000094 -0.000000 0.000164 -0.000000 0.000174 -0.000000 -0.000000 -0.000000 -0.000000 -0.000000 0.000887 0.000341 0.000099 -0.000000 -0.000000 -0.000000 -0.000000 -0.000000 -0.000000 
0.159661 0.032417 0.169537 0.167326 0.096759 0.033916 0.016248 0.091238 0.060318 0.038526 0.162890 0.007913 0.020115 0.011209 0.001274 0.009585 0.010031 0.005142 0.002360 0.008105 0.019816 0.021330 0.010692 0.000764 0.002764 0.015524 0.010853 0.002997 0.003938 0.000079 0.015769 0.000076 0.002826 0.002024 0.001781 0.001458 0.004603 0.000521 0.001331 0.006240 0.000285 0.000774 0.000498 0.001796 0.001481 0.000603 0.000066 0.000887 0.000237 0.002163 0.000183 0.000040 0.000166 0.000652 0.000521 0.000018 0.000454 0.000368 0.001056 0.000473 0.000124 0.000796 0.000022 0.000061 0.000000 0.000153 0.000001 0.000088 
0.253260 0.077184 0.246893 0.372495 0.166509 0.061177 0.020367 0.127649 0.080250 0.035065 0.210486 0.009937 0.025256 0.009440 0.001458 0.008293 0.006592 0.005627 0.001609 0.007364 0.011310 0.015550 0.005505 0.000835 0.002970 0.009755 0.006298 0.002421 0.002954 0.000033 0.007303 0.000050 0.001112 0.001313 0.001116 0.000648 0.001328 0.000181 0.000532 0.001634 0.000078 0.000218 0.000202 0.000378 0.000423 0.000166 0.000012 -0.000000 0.000012 0.000752 0.000100 0.000013 0.000024 0.000130 0.000069 -0.000000 0.000065 0.000046 0.000235 0.000177 -0.000000 0.000099 -0.000000 0.000061 0.000000 -0.000000 0.000000 -0.000000 
0.021151 0.003528 0.415984 0.023628 0.022082 0.006399 0.024979 0.070301 0.016194 0.101583 0.057390 0.001875 0.010304 0.017588 0.000371 0.008061 0.038189 0.002128 0.003841 0.003474 0.044773 0.025645 0.015833 0.000342 0.000784 0.043426 0.038856 0.001268 0.002473 0.000109 0.010291 0.000304 0.001894 0.003228 0.001805 0.001174 0.014961 0.001961 0.002528 0.014113 0.000179 0.002613 0.000768 0.009547 0.004496 0.001289 0.000195 0.001080 0.000805 0.003480 0.000200 0.000144 0.000262 0.001695 0.000660 0.000018 0.000454 0.001150 0.000587 0.002307 0.000372 0.001592 0.000045 0.000303 0.000001 0.000384 0.000001 0.000382 
0.005906 0.002646 0.147801 0.011532 0.012347 0.003456 0.012293 0.037601 0.012392 0.055231 0.044331 0.001955 0.006088 0.010394 0.000384 0.006403 0.022928 0.001644 0.002826 0.003057 0.035986 0.022714 0.014968 0.000282 0.000825 0.033147 0.024321 0.002190 0.002473 0.000109 0.012283 0.000255 0.002706 0.003994 0.002873 0.001903 0.014341 0.001802 0.003486 0.017976 0.000408 0.002951 0.001293 0.009641 0.005448 0.001912 0.000287 0.001736 0.001101 0.005360 0.000583 0.000144 0.000785 0.004128 0.001251 0.000042 0.000844 0.002530 0.003873 0.002898 0.000418 0.004378 0.000150 0.000788 0.000001 0.001457 0.000006 0.000676 
0.032207 0.203765 0.082260 0.273558 0.180518 0.148591 0.009946 0.067781 0.124833 0.020467 0.245710 0.019063 0.020423 0.006558 0.003483 0.008466 0.004586 0.014120 0.001744 0.022602 0.011123 0.020516 0.007143 0.002493 0.006558 0.011119 0.005426 0.007455 0.007180 0.000070 0.028882 0.000029 0.004299 0.002763 0.002446 0.001822 0.001505 0.000272 0.001144 0.006834 0.000402 0.000484 0.000525 0.001512 0.000899 0.000561 0.000041 0.001080 0.000095 0.001787 0.000283 0.000008 0.000285 0.000217 0.000347 0.000006 0.000454 0.000552 0.001761 0.000296 0.000015 0.000796 0.000052 0.000243 0.000001 0.000537 0.000001 0.000029 
0.018335 0.326377 0.048710 0.171703 0.147810 0.185835 0.005974 0.046844 0.117097 0.014673 0.203269 0.019166 0.016742 0.004770 0.003605 0.005901 0.002651 0.016438 0.001376 0.024732 0.009534 0.016608 0.005915 0.002755 0.009157 0.008811 0.004360 0.008300 0.007660 0.000054 0.027720 0.000032 0.003607 0.002052 0.002493 0.001964 0.001505 0.000204 0.000958 0.007577 0.000324 0.000339 0.000512 0.000473 0.000899 0.000520 0.000022 0.000926 0.000083 0.001975 0.000417 0.000015 0.000452 0.000304 0.000486 0.000042 0.000389 0.000644 0.000587 0.000355 0.000031 0.000895 0.000067 0.000061 0.000000 0.000077 0.000001 -0.000000 
0.012155 0.641947 0.033885 0.116634 0.115102 0.260578 0.004021 0.031159 0.096903 0.007675 0.158766 0.017439 0.012896 0.003061 0.003547 0.004262 0.001935 0.016817 0.001037 0.023852 0.006169 0.011968 0.004732 0.003298 0.010023 0.006923 0.003585 0.008569 0.005907 0.000050 0.023902 0.000029 0.003247 0.001696 0.002137 0.001660 0.000708 0.000091 0.000506 0.003714 0.000290 0.000145 0.000404 0.000945 0.000688 0.000499 0.000034 0.000772 0.000071 0.001505 0.000317 0.000005 0.000404 0.000261 0.000521 0.000042 0.000714 0.000230 0.000235 0.000237 0.000046 0.000696 0.000052 0.000273 0.000000 0.000307 0.000000 0.000147 
-0.000000 -0.000000 0.000223 -0.000000 0.000059 0.000128 0.000016 0.000070 0.000066 -0.000000 0.000344 0.000011 -0.000000 0.000020 -0.000000 0.000019 -0.000000 -0.000000 0.000008 -0.000000 0.000187 0.000081 0.000045 -0.000000 -0.000000 -0.000000 -0.000000 -0.000000 -0.000000 0.000001 -0.000000 -0.000000 -0.000000 -0.000000 -0.000000 0.000020 0.000177 -0.000000 -0.000000 -0.000000 -0.000000 -0.000000 -0.000000 -0.000000 0.000053 -0.000000 -0.000000 -0.000000 -0.000000 -0.000000 -0.000000 -0.000000 -0.000000 -0.000000 0.000035 -0.000000 -0.000000 -0.000000 -0.000000 -0.000000 -0.000000 -0.000000 -0.000000 -0.000000 -0.000000 -0.000000 -0.000000 -0.000000 
0.002060 0.596078 0.009697 0.024993 0.032708 0.131697 0.001805 0.012674 0.033831 0.005042 0.062716 0.006415 0.005018 0.002126 0.001545 0.002738 0.001433 0.007882 0.000699 0.013756 0.005328 0.007653 0.003321 0.001860 0.006393 0.004615 0.003391 0.006148 0.003698 0.000036 0.013943 0.000025 0.002315 0.001313 0.002256 0.001600 0.000797 0.000204 0.001224 0.004308 0.000385 0.000435 0.000458 0.000945 0.000952 0.000457 0.000044 0.000926 0.000154 0.001881 0.000400 0.000018 0.000357 0.000478 0.000556 0.000030 0.000909 0.000920 0.001878 0.000059 -0.000000 0.001293 0.000090 0.000212 0.000000 0.000460 0.000002 0.000147 
0.001991 1.799041 0.004459 0.023958 0.025763 0.188010 0.000607 0.006022 0.025439 0.001580 0.039176 0.004940 0.002859 0.000676 0.001251 0.000964 0.000645 0.005964 0.000248 0.009773 0.001215 0.003501 0.000910 0.001448 0.004743 0.000944 0.000581 0.003305 0.001753 0.000011 0.007137 0.000001 0.001082 0.000492 0.000641 0.000425 0.000089 0.000079 0.000240 0.000743 0.000045 0.000097 0.000135 0.000284 0.000106 0.000166 0.000002 0.000309 -0.000000 0.000564 0.000117 0.000003 0.000119 0.000043 0.000035 0.000012 0.000260 0.000184 0.000235 -0.000000 -0.000000 0.000099 0.000015 0.000030 -0.000000 -0.000000 -0.000000 0.000059 
0.006867 0.001764 0.160731 0.013273 0.014306 0.004863 0.011012 0.036131 0.013441 0.047932 0.043300 0.002024 0.006520 0.009460 0.000368 0.006383 0.016981 0.001686 0.002864 0.002872 0.032995 0.025238 0.012466 0.000392 0.001856 0.032098 0.023256 0.001998 0.002545 0.000123 0.017595 0.000233 0.002976 0.004706 0.003681 0.001984 0.013279 0.001780 0.004471 0.019759 0.000458 0.003363 0.001212 0.010492 0.006558 0.002224 0.000275 0.002855 0.001267 0.006677 0.000633 0.000151 0.000595 0.004389 0.001981 0.000030 0.001168 0.002622 0.002348 0.003371 0.000387 0.004676 0.000254 0.000970 0.000002 0.001457 0.000008 0.000969 
0.050886 0.199795 0.138661 0.740848 0.433576 0.200937 0.016182 0.116025 0.258321 0.031002 0.497777 0.035701 0.041833 0.010155 0.005279 0.012979 0.006592 0.021938 0.002263 0.032189 0.018507 0.029146 0.011147 0.003569 0.008662 0.013007 0.008915 0.009184 0.010806 0.000092 0.040335 0.000057 0.005261 0.002736 0.003420 0.002632 0.002567 0.000419 0.001251 0.008617 0.000419 0.000121 0.000566 0.001323 0.000740 0.000582 0.000049 0.001466 0.000154 0.002163 0.000383 0.000010 0.000357 0.000391 0.000730 0.000048 0.000454 0.000506 0.000587 0.000355 0.000046 0.000398 0.000007 0.000030 0.000000 0.000077 0.000000 -0.000000 
0.020052 0.002426 0.661985 0.017745 0.012941 0.002048 0.057557 0.091448 0.005901 0.696183 0.037114 0.000549 0.006684 0.047578 0.000116 0.007753 0.536226 0.000485 0.006427 0.000463 0.169557 0.018969 0.021884 0.000040 0.000124 0.154824 0.269765 0.000231 0.000576 0.000133 0.001328 0.002217 0.000481 0.003392 0.000997 0.000182 0.073387 0.005849 0.004285 0.008914 0.000034 0.007015 0.000067 0.027883 0.007458 0.000977 0.000304 0.000309 0.001208 0.000846 -0.000000 0.000759 -0.000000 0.003129 0.000069 -0.000000 -0.000000 0.000552 -0.000000 0.007038 0.002107 0.001592 -0.000000 0.000061 0.000000 -0.000000 -0.000000 0.000294 
0.001854 0.000662 0.042356 0.005083 0.008429 0.001792 0.007435 0.021286 0.008392 0.052898 0.028695 0.000915 0.004360 0.008466 0.000316 0.005477 0.067279 0.001644 0.002842 0.003566 0.040940 0.021981 0.014377 0.000342 0.000701 0.048776 0.049903 0.001768 0.002233 0.000128 0.011785 0.000585 0.002585 0.005827 0.002636 0.002005 0.031426 0.003831 0.005562 0.021541 0.000430 0.006507 0.001697 0.022590 0.009626 0.003014 0.000528 0.002739 0.002238 0.009968 0.000717 0.000401 0.000595 0.005910 0.001876 0.000030 0.001493 0.004095 0.002934 0.006742 0.001177 0.008358 0.000366 0.001394 0.000003 0.001918 0.000010 0.001234 
0.038113 0.003528 1.725018 0.050316 0.034548 0.005759 0.169010 0.275744 0.018423 1.028398 0.101549 0.001910 0.021986 0.094062 0.000277 0.016894 0.205706 0.001138 0.010539 0.001714 0.173296 0.041765 0.029982 0.000151 0.000536 0.133110 0.162111 0.000653 0.001633 0.000139 0.004316 0.001123 0.001233 0.003830 0.001591 0.000790 0.038420 0.003729 0.003699 0.007874 0.000061 0.003048 0.000229 0.016163 0.004601 0.001164 0.000182 0.000231 0.000699 0.000846 0.000017 0.000331 0.000048 0.001912 0.000104 -0.000000 -0.000000 0.000322 -0.000000 0.003430 0.000697 0.001293 0.000007 0.000061 0.000000 -0.000000 0.000001 0.000235 
0.002816 0.375995 0.012818 0.041655 0.054138 0.918678 0.001937 0.014494 0.060056 0.002935 0.100518 0.013208 0.006006 0.001570 0.003705 0.002488 0.001146 0.018882 0.000511 0.034459 0.004206 0.008793 0.003230 0.005238 0.018808 0.003252 0.002132 0.012066 0.006988 0.000035 0.030874 0.000013 0.003487 0.001286 0.001900 0.001964 0.000885 0.000136 0.000639 0.003714 0.000369 0.000242 0.000566 0.000189 0.000529 0.000333 0.000019 0.001389 0.000083 0.002351 0.000450 0.000010 0.000357 0.000304 0.000521 0.000048 0.000649 0.000414 0.000939 0.000118 0.000031 0.000995 0.000030 0.000243 0.000000 0.000614 -0.000000 0.000059 
0.005700 0.036166 0.035557 0.065424 0.116170 0.086518 0.006975 0.044814 0.165614 0.022123 0.264095 0.031276 0.020649 0.008029 0.005666 0.011860 0.009458 0.027122 0.003390 0.044972 0.028696 0.041846 0.019427 0.005017 0.015797 0.032307 0.018604 0.018291 0.017962 0.000211 0.081002 0.000139 0.012626 0.009603 0.009214 0.007937 0.009826 0.001428 0.005589 0.036249 0.001491 0.002661 0.003205 0.010303 0.008727 0.003804 0.000328 0.007331 0.001196 0.016645 0.002283 0.000108 0.002355 0.004563 0.004483 0.000209 0.005388 0.005935 0.007277 0.003075 0.000356 0.007363 0.000546 0.002425 0.000004 0.003452 0.000014 0.001351 
0.004670 0.055131 0.028646 0.051822 0.088983 0.168429 0.006138 0.037181 0.118014 0.016479 0.220967 0.026141 0.017173 0.006737 0.006917 0.009469 0.005875 0.035741 0.002473 0.056134 0.022340 0.030041 0.013149 0.007279 0.022108 0.022552 0.012403 0.023171 0.018346 0.000186 0.085981 0.000085 0.013287 0.007906 0.007789 0.007228 0.008498 0.001440 0.004923 0.028227 0.001385 0.001911 0.002869 0.007940 0.005448 0.002910 0.000221 0.005903 0.000758 0.016551 0.002317 0.000091 0.002164 0.003129 0.003753 0.000274 0.004284 0.004187 0.009390 0.002188 0.000248 0.007263 0.000479 0.001516 0.000003 0.003989 0.000013 0.001204 
0.001236 0.014775 0.007245 0.010543 0.012703 0.095605 0.001428 0.008403 0.020784 0.004816 0.041410 0.003957 0.003538 0.001809 0.001335 0.002179 0.002006 0.007608 0.000782 0.014034 0.005141 0.008386 0.004504 0.002483 0.007672 0.006608 0.004748 0.006379 0.004202 0.000047 0.023570 0.000038 0.003427 0.002435 0.002398 0.001903 0.002479 0.000385 0.001517 0.011142 0.000514 0.000726 0.001158 0.002174 0.002539 0.001019 0.000117 0.001968 0.000343 0.005266 0.000783 0.000056 0.001047 0.001043 0.001772 0.000030 0.002142 0.001656 0.003639 0.001124 0.000108 0.002885 0.000150 0.000394 0.000001 0.001227 0.000005 0.000382 
0.004464 0.034843 0.029538 0.049939 0.095750 0.134768 0.006302 0.044604 0.131652 0.021069 0.229043 0.032671 0.021122 0.007155 0.008333 0.012053 0.006592 0.041579 0.003127 0.065444 0.025798 0.039485 0.018153 0.008325 0.025325 0.028216 0.017635 0.025668 0.022861 0.000189 0.097102 0.000135 0.015482 0.008973 0.010306 0.008504 0.008764 0.001508 0.006041 0.033724 0.001759 0.002153 0.003650 0.009074 0.007722 0.004199 0.000221 0.008179 0.001161 0.017774 0.002533 0.000106 0.003092 0.003868 0.004448 0.000179 0.005063 0.006303 0.009860 0.002543 0.000279 0.009452 0.000561 0.001607 0.000004 0.004526 0.000012 0.000764 
0.011125 0.004631 0.293373 0.027864 0.029087 0.006399 0.078433 0.172533 0.028717 1.029451 0.121996 0.003774 0.024351 0.127470 0.000797 0.037586 0.198255 0.003730 0.026167 0.005697 0.467356 0.139949 0.110966 0.000654 0.001444 0.407828 0.325869 0.002959 0.006628 0.000633 0.028550 0.002146 0.006914 0.020272 0.009166 0.004596 0.089321 0.012752 0.019347 0.069230 0.000693 0.017804 0.003165 0.059453 0.026128 0.006984 0.001216 0.003472 0.004737 0.011567 0.000617 0.000792 0.000737 0.013385 0.002224 0.000036 0.001103 0.006073 0.001526 0.013957 0.002231 0.011243 0.000299 0.001061 0.000004 0.002378 0.000008 0.001792 
0.001991 0.000662 0.064984 0.002212 0.002315 0.000384 0.008222 0.014985 0.001311 0.110387 0.005327 0.000126 0.001501 0.009897 0.000026 0.002276 0.587097 0.000126 0.002142 0.000139 0.066365 0.009688 0.009600 0.000020 -0.000000 0.069125 0.176452 0.000192 0.000432 0.000075 0.001328 0.003950 0.000210 0.002681 0.000689 0.000202 0.156954 0.008626 0.004125 0.008765 0.000078 0.011781 0.000296 0.082327 0.009203 0.001476 0.000530 0.000347 0.004133 0.001505 0.000033 0.002940 0.000048 0.007388 0.000139 -0.000000 -0.000000 0.001380 0.000470 0.029216 0.009140 0.003681 0.000022 0.000394 0.000001 0.000153 0.000002 0.001675 
0.001579 0.069245 0.004347 0.024616 0.037160 0.908055 0.000656 0.006652 0.053369 0.001129 0.063232 0.016867 0.003908 0.000537 0.007182 0.001890 0.000358 0.059660 0.000233 0.163632 0.000841 0.004966 0.001729 0.049558 0.200334 0.001469 0.000291 0.053297 0.013784 0.000020 0.054610 0.000004 0.004659 0.001067 0.001639 0.002146 -0.000000 -0.000000 0.000160 0.002971 0.000542 -0.000000 0.000404 0.000095 0.000159 0.000291 -0.000000 0.001157 0.000024 0.001129 0.000683 -0.000000 0.000523 0.000087 0.000660 0.000072 0.001168 0.000368 0.001643 0.000059 -0.000000 0.000099 0.000082 0.000091 0.000000 0.000384 0.000000 0.000029 
0.010575 0.021170 0.119824 0.088346 0.187760 0.043515 0.033579 0.292969 0.233865 0.078934 1.227174 0.034409 0.268215 0.046902 0.008017 0.136923 0.016766 0.033971 0.021131 0.053216 0.114689 0.355937 0.113105 0.004615 0.014478 0.102167 0.050000 0.027590 0.059025 0.001185 0.210637 0.000269 0.039200 0.037754 0.037852 0.023811 0.013456 0.003038 0.016739 0.098496 0.003368 0.004209 0.008108 0.010208 0.015127 0.007317 0.000411 0.010571 0.001457 0.029341 0.002683 0.000172 0.002069 0.004128 0.004865 0.000191 0.003765 0.006855 0.007160 0.002839 0.000325 0.007562 0.000419 0.001273 0.000003 0.001841 0.000007 0.001087 
0.011125 0.010585 0.175444 0.042832 0.064763 0.014974 0.071835 0.346956 0.064187 0.244025 0.303786 0.008668 0.072273 0.176419 0.001948 0.170170 0.054024 0.009336 0.090252 0.013061 0.346311 0.436862 0.252370 0.001639 0.003217 0.285312 0.141375 0.006532 0.016761 0.001122 0.071374 0.000690 0.013738 0.032228 0.018831 0.010245 0.034082 0.007266 0.019294 0.082452 0.001419 0.008636 0.005118 0.023630 0.019517 0.007171 0.000732 0.005479 0.002155 0.015893 0.001350 0.000298 0.001118 0.007649 0.003023 0.000119 0.001882 0.006717 0.003873 0.005618 0.000960 0.009353 0.000239 0.001152 0.000003 0.002378 0.000010 0.001028 
0.004807 0.004631 0.089060 0.016285 0.027841 0.008447 0.025389 0.083255 0.031143 0.159448 0.109624 0.004140 0.018675 0.050956 0.001090 0.026594 0.054597 0.005374 0.016260 0.009958 0.230967 0.108849 0.077754 0.001297 0.003630 0.211781 0.125193 0.006033 0.009629 0.000582 0.056436 0.000949 0.011333 0.021175 0.012610 0.008848 0.056833 0.008093 0.018123 0.087651 0.001536 0.013644 0.005010 0.045559 0.026234 0.009978 0.001242 0.009877 0.005128 0.026050 0.002367 0.000578 0.002664 0.015732 0.006950 0.000221 0.004674 0.011916 0.011268 0.012716 0.002091 0.018706 0.000785 0.003789 0.000007 0.005293 0.000029 0.003819 
0.001854 0.037930 0.009029 0.024193 0.039535 0.316252 0.001838 0.013654 0.059728 0.004289 0.094160 0.015015 0.008330 0.002206 0.006872 0.004223 0.001218 0.054982 0.001000 0.158445 0.006450 0.013840 0.004459 0.046139 0.174597 0.005874 0.002519 0.070050 0.022116 0.000068 0.114033 0.000021 0.013047 0.003557 0.005842 0.005244 0.000885 0.000227 0.001650 0.012479 0.001368 0.000363 0.001576 0.000756 0.001534 0.001081 0.000063 0.004090 0.000166 0.006959 0.002167 0.000013 0.002450 0.000565 0.002815 0.000197 0.004544 0.001426 0.003404 0.000651 0.000077 0.001691 0.000194 0.000637 0.000001 0.001381 0.000004 0.000294 
0.004532 0.018965 0.045366 0.047397 0.097768 0.059257 0.011357 0.070441 0.152829 0.035065 0.400180 0.032819 0.036897 0.014468 0.009310 0.024338 0.012754 0.046679 0.005766 0.074938 0.050942 0.082634 0.038718 0.007601 0.022727 0.049825 0.032170 0.036428 0.048099 0.000453 0.200512 0.000256 0.033999 0.020737 0.021705 0.018425 0.017528 0.002959 0.011789 0.081115 0.003591 0.005080 0.007960 0.017864 0.015391 0.007421 0.000627 0.016359 0.002274 0.040062 0.004450 0.000207 0.005375 0.007388 0.009938 0.000322 0.008958 0.011962 0.016315 0.004672 0.000620 0.014029 0.001114 0.003456 0.000006 0.007057 0.000025 0.002115 
0.003434 0.002646 0.093073 0.011108 0.014128 0.004096 0.019465 0.052656 0.015473 0.170961 0.055499 0.001990 0.009625 0.026710 0.000458 0.013634 0.523616 0.002402 0.008186 0.004724 0.172267 0.060246 0.046134 0.000593 0.001402 0.201711 0.310075 0.003228 0.004346 0.000370 0.023570 0.003608 0.004960 0.016661 0.007908 0.004677 0.165630 0.016731 0.018043 0.070567 0.000748 0.024965 0.003623 0.105674 0.037500 0.009707 0.001960 0.005787 0.008918 0.018338 0.001117 0.001731 0.000904 0.023467 0.003440 0.000042 0.002337 0.010536 0.003873 0.028861 0.004740 0.019302 0.000546 0.003516 0.000007 0.003222 0.000021 0.004612 
0.009408 0.027566 0.072340 0.082369 0.180281 0.078455 0.018923 0.143684 0.306903 0.052974 1.034386 0.058938 0.109334 0.023073 0.014728 0.060381 0.015620 0.069923 0.011298 0.104719 0.070010 0.207847 0.069064 0.010175 0.027759 0.077307 0.035562 0.052413 0.101144 0.000892 0.340771 0.000241 0.058830 0.037453 0.044430 0.032052 0.012039 0.002856 0.017671 0.105330 0.005178 0.003967 0.010882 0.012004 0.017295 0.009603 0.000489 0.016552 0.001563 0.036394 0.005150 0.000134 0.004709 0.005867 0.008861 0.000322 0.008439 0.010904 0.012911 0.003489 0.000434 0.012736 0.000763 0.002486 0.000005 0.004909 0.000017 0.001498 
0.007279 0.004631 0.167753 0.023252 0.030452 0.009087 0.048054 0.137242 0.031143 0.387596 0.132992 0.004688 0.025627 0.101754 0.001087 0.042697 0.149390 0.004931 0.032452 0.008522 0.730571 0.188390 0.151868 0.001015 0.002764 0.609644 0.372380 0.005187 0.009629 0.000945 0.046144 0.002060 0.010311 0.031297 0.015150 0.008767 0.104990 0.016674 0.029514 0.113947 0.001368 0.021868 0.005684 0.078546 0.042365 0.011495 0.001773 0.007331 0.006561 0.024639 0.001467 0.001045 0.001736 0.021425 0.004656 0.000078 0.002921 0.011962 0.006104 0.017506 0.002850 0.019899 0.000636 0.003516 0.000007 0.003375 0.000019 0.003055 
0.001236 0.016539 0.014713 0.020051 0.035379 0.115187 0.003364 0.017435 0.057237 0.009933 0.118044 0.013814 0.010140 0.004154 0.005888 0.006480 0.004657 0.052200 0.001962 0.141818 0.016731 0.028413 0.011329 0.026966 0.082617 0.017308 0.012500 0.057562 0.023149 0.000149 0.130964 0.000059 0.017916 0.006621 0.009143 0.009253 0.005489 0.000975 0.004897 0.029415 0.002162 0.001742 0.003354 0.005388 0.005236 0.003243 0.000226 0.008449 0.000782 0.017492 0.003583 0.000071 0.003163 0.002477 0.005664 0.000286 0.006232 0.005751 0.011972 0.002188 0.000170 0.007363 0.000479 0.002334 0.000003 0.003375 0.000013 0.000734 
0.005288 0.005734 0.098311 0.022593 0.034489 0.011263 0.027391 0.105872 0.037568 0.159899 0.136944 0.005798 0.024372 0.060277 0.001274 0.043063 0.072151 0.006575 0.029437 0.013107 0.490817 0.196449 0.160740 0.001347 0.004125 0.381604 0.181394 0.008992 0.012991 0.000965 0.072370 0.001237 0.015091 0.033869 0.019757 0.010488 0.070997 0.011653 0.028236 0.127615 0.002167 0.018869 0.007960 0.060777 0.041149 0.014488 0.001639 0.011459 0.006774 0.037052 0.002850 0.000699 0.003235 0.022381 0.007819 0.000268 0.005907 0.015412 0.013968 0.017033 0.002370 0.024974 0.001077 0.005032 0.000009 0.008208 0.000033 0.003555 
0.004807 0.017201 0.060525 0.044950 0.089042 0.046331 0.016609 0.099920 0.131258 0.054328 0.445542 0.023854 0.057197 0.021921 0.007620 0.051529 0.022355 0.041874 0.011832 0.076142 0.092630 0.214279 0.083668 0.008405 0.024129 0.101013 0.052810 0.048532 0.096485 0.001130 0.419283 0.000406 0.078309 0.052336 0.061457 0.045335 0.024698 0.005078 0.027597 0.180651 0.007579 0.007765 0.017617 0.026560 0.027450 0.016317 0.000975 0.029862 0.003719 0.072412 0.008200 0.000315 0.007801 0.013168 0.017618 0.000692 0.012333 0.021715 0.026057 0.007215 0.000914 0.027063 0.001623 0.005517 0.000013 0.010816 0.000039 0.003731 
0.003571 0.003308 0.074124 0.013885 0.021964 0.008575 0.025159 0.090678 0.025963 0.145828 0.126463 0.003877 0.025914 0.057813 0.001213 0.062387 0.075877 0.006406 0.043044 0.009680 0.737955 0.456808 0.468661 0.001066 0.002640 0.900725 0.314047 0.006878 0.016473 0.003451 0.072702 0.001544 0.016534 0.088202 0.031108 0.014740 0.083036 0.020335 0.070684 0.243493 0.002028 0.024602 0.010101 0.066920 0.072090 0.021847 0.002534 0.010340 0.007580 0.040062 0.001833 0.000616 0.002141 0.022077 0.005907 0.000197 0.002467 0.016102 0.007277 0.012597 0.001843 0.020397 0.000696 0.002759 0.000007 0.003835 0.000013 0.003878 
-0.000000 0.003749 0.000780 0.001789 0.003265 0.030077 0.000049 0.000700 0.005442 0.000150 0.009279 0.001807 0.000884 0.000079 0.001080 0.000463 -0.000000 0.013445 0.000060 0.055439 0.000280 0.002524 0.000591 0.044179 0.304399 0.000315 0.000194 0.131071 0.011959 0.000014 0.102746 -0.000000 0.008988 0.000657 0.001923 0.002247 0.000089 0.000011 0.000186 0.002080 0.001340 -0.000000 0.000673 -0.000000 0.000106 0.000270 -0.000000 0.003279 -0.000000 0.003668 0.002633 -0.000000 0.003163 -0.000000 0.001459 0.000405 0.005777 0.000598 0.004930 -0.000000 -0.000000 0.000398 0.000127 0.000182 0.000000 0.000767 0.000001 -0.000000 
0.002335 0.005293 0.052723 0.017745 0.034489 0.011903 0.014886 0.070231 0.039535 0.071936 0.130243 0.005752 0.021472 0.027843 0.001525 0.036796 0.040052 0.009420 0.016042 0.017183 0.179652 0.234958 0.149684 0.002192 0.006063 0.200872 0.113855 0.011874 0.019139 0.001900 0.115693 0.000891 0.022967 0.055536 0.029280 0.017879 0.056479 0.010315 0.039121 0.194764 0.003469 0.017635 0.013078 0.058035 0.049612 0.021202 0.001938 0.018481 0.007070 0.059152 0.005083 0.000661 0.004567 0.024206 0.012162 0.000364 0.008244 0.025074 0.022536 0.016796 0.001952 0.035521 0.001593 0.006487 0.000012 0.010892 0.000045 0.004965 
0.002266 0.000662 0.062420 0.004613 0.005164 0.001536 0.015542 0.039002 0.006884 0.178260 0.031788 0.001018 0.007445 0.037561 0.000274 0.019574 0.194744 0.001349 0.017447 0.002408 0.707764 0.137018 0.144042 0.000221 0.000454 1.410615 1.534287 0.001306 0.004875 0.001750 0.019918 0.004908 0.005531 0.058546 0.012562 0.005001 0.246453 0.065813 0.086492 0.205164 0.000653 0.059364 0.005387 0.145278 0.125034 0.020225 0.004294 0.004167 0.011476 0.020313 0.000533 0.001410 0.000618 0.029725 0.002085 0.000024 0.000454 0.012054 0.001056 0.021291 0.003067 0.017810 0.000277 0.001667 0.000004 0.001227 0.000010 0.003555 
0.003159 0.009703 0.030987 0.026076 0.054375 0.038140 0.007451 0.050485 0.081692 0.027841 0.266672 0.017519 0.030686 0.012520 0.006179 0.028619 0.009529 0.043644 0.006788 0.091288 0.057017 0.141496 0.049500 0.009723 0.029697 0.064405 0.034302 0.077851 0.200006 0.000954 1.022314 0.000273 0.209346 0.053950 0.099713 0.095205 0.016466 0.003695 0.025149 0.196547 0.014818 0.005782 0.025994 0.015974 0.026868 0.017440 0.000737 0.050696 0.002759 0.105327 0.014599 0.000237 0.013890 0.011777 0.027174 0.001061 0.023693 0.029537 0.042255 0.005086 0.000511 0.031939 0.002371 0.006608 0.000012 0.011583 0.000047 0.003232 
0.003090 0.007498 0.047930 0.020851 0.041790 0.019966 0.013015 0.067501 0.052582 0.059069 0.190554 0.008737 0.026963 0.022517 0.002548 0.040305 0.034177 0.015953 0.013328 0.030661 0.144413 0.246681 0.109647 0.003348 0.010600 0.163215 0.099611 0.023325 0.041087 0.002562 0.232050 0.000758 0.057778 0.145270 0.088647 0.048817 0.053380 0.011188 0.061635 0.404831 0.007618 0.018216 0.027125 0.052364 0.064950 0.035711 0.002152 0.038890 0.007769 0.112474 0.008883 0.000631 0.008777 0.027378 0.022865 0.000721 0.016228 0.038600 0.031222 0.016382 0.001627 0.049848 0.001989 0.010064 0.000019 0.016339 0.000063 0.007315 
0.001854 0.000221 0.046703 0.005083 0.006648 0.001920 0.011111 0.033190 0.008261 0.103540 0.035224 0.000972 0.005594 0.019119 0.000264 0.011378 0.235298 0.001391 0.006878 0.002733 0.190027 0.060164 0.048863 0.000261 0.000866 0.268843 0.634974 0.001844 0.003482 0.000572 0.024566 0.013031 0.004750 0.024403 0.009285 0.004697 0.712447 0.073317 0.039573 0.125683 0.000905 0.100343 0.005737 0.380728 0.098007 0.017045 0.005561 0.007099 0.025060 0.026990 0.001317 0.004365 0.000928 0.057060 0.004031 0.000107 0.002661 0.017391 0.004108 0.071503 0.010085 0.038505 0.000621 0.004183 0.000010 0.004372 0.000027 0.008461 
0.000687 0.000441 0.018726 0.003765 0.005877 0.002816 0.003660 0.015615 0.006360 0.028293 0.021822 0.001063 0.002962 0.006598 0.000281 0.004821 0.067566 0.001538 0.002639 0.003335 0.043277 0.020842 0.015378 0.000372 0.001196 0.057272 0.075484 0.001921 0.002305 0.000187 0.018757 0.001961 0.003878 0.008645 0.005058 0.003361 0.120128 0.009726 0.011443 0.044866 0.000653 0.018070 0.002721 0.088282 0.025705 0.006860 0.001495 0.004784 0.007793 0.017586 0.001233 0.001834 0.001308 0.021555 0.003788 0.000078 0.002661 0.008419 0.006808 0.028980 0.005422 0.017512 0.000606 0.003122 0.000008 0.004909 0.000021 0.004318 
0.001099 0.001764 0.024634 0.007343 0.010626 0.004863 0.006909 0.026468 0.012785 0.037021 0.046908 0.002287 0.007240 0.011547 0.000590 0.009681 0.035180 0.003730 0.005187 0.005928 0.086461 0.055442 0.035351 0.000955 0.002434 0.113495 0.110561 0.005418 0.007132 0.000425 0.048800 0.001044 0.010582 0.023883 0.011303 0.007978 0.073387 0.015133 0.030099 0.119592 0.001771 0.025957 0.007098 0.073915 0.057651 0.015382 0.002492 0.011304 0.009060 0.039403 0.002850 0.000906 0.003639 0.028161 0.007992 0.000256 0.005907 0.018311 0.013381 0.020759 0.002308 0.034028 0.001152 0.005729 0.000013 0.009665 0.000049 0.005552 
0.000137 0.001103 0.000334 0.001318 0.002849 0.007423 0.000197 0.001821 0.005245 0.000376 0.012028 0.001109 0.000905 0.000298 0.000616 0.000906 0.000502 0.006533 0.000203 0.022602 0.000935 0.003175 0.001137 0.006877 0.026851 0.001888 0.000872 0.058138 0.010782 0.000027 0.120175 0.000001 0.013077 0.001778 0.003586 0.005163 0.000089 0.000113 0.000798 0.008765 0.002899 0.000290 0.001710 0.000284 0.000899 0.000831 0.000022 0.009375 0.000071 0.012414 0.006766 0.000010 0.008848 0.000521 0.006324 0.001157 0.019084 0.002438 0.022184 0.000177 0.000015 0.002885 0.000561 0.000818 0.000001 0.002761 0.000008 0.000176 
0.000961 0.005072 0.009697 0.009461 0.018224 0.028413 0.002199 0.016665 0.029241 0.007374 0.088490 0.007776 0.008885 0.003716 0.003496 0.007695 0.002794 0.030915 0.001714 0.090778 0.014955 0.030937 0.013512 0.017746 0.057456 0.014056 0.008236 0.187365 0.072784 0.000232 0.804705 0.000080 0.092889 0.015594 0.030467 0.042034 0.004692 0.000941 0.009128 0.071458 0.017717 0.001669 0.013374 0.005482 0.010155 0.008294 0.000319 0.058258 0.000853 0.082098 0.032648 0.000103 0.038056 0.005867 0.038607 0.003565 0.065106 0.020105 0.094957 0.002543 0.000232 0.025969 0.003291 0.007215 0.000012 0.020251 0.000056 0.002673 
0.001099 0.003087 0.009586 0.006731 0.013653 0.012927 0.002248 0.012324 0.019800 0.008428 0.058420 0.004231 0.006520 0.003398 0.001564 0.007116 0.005015 0.012939 0.001887 0.033532 0.020377 0.034031 0.015241 0.005309 0.018025 0.024126 0.015310 0.047533 0.032346 0.000245 0.361188 0.000134 0.061595 0.017919 0.028235 0.034968 0.013633 0.002199 0.012535 0.097902 0.018901 0.004088 0.017495 0.011342 0.018300 0.013199 0.000654 0.082604 0.002748 0.127615 0.053647 0.000174 0.057322 0.011125 0.064391 0.004794 0.098276 0.034551 0.151767 0.006210 0.000527 0.049948 0.006118 0.014065 0.000027 0.039197 0.000124 0.004113 
0.001236 0.001323 0.024634 0.005036 0.009082 0.004351 0.006319 0.020866 0.011867 0.041837 0.041066 0.001944 0.006088 0.010772 0.000574 0.010530 0.060974 0.002950 0.005292 0.005975 0.098519 0.063828 0.041629 0.000744 0.002186 0.136467 0.174998 0.004073 0.007468 0.000612 0.052618 0.002194 0.012295 0.038055 0.018712 0.010468 0.196791 0.049558 0.067144 0.247207 0.002357 0.116333 0.012081 0.285357 0.281696 0.042820 0.017388 0.020371 0.046164 0.077302 0.004066 0.002712 0.004495 0.131895 0.013935 0.000197 0.009217 0.046881 0.021715 0.070142 0.008303 0.091737 0.002057 0.012732 0.000030 0.013961 0.000084 0.018655 
0.001305 0.002205 0.020955 0.005836 0.009795 0.004863 0.006007 0.023807 0.012260 0.038903 0.042269 0.002138 0.007795 0.010990 0.000677 0.012439 0.045283 0.004088 0.006044 0.008800 0.105062 0.073109 0.048135 0.000855 0.003506 0.144439 0.147188 0.007109 0.011262 0.000902 0.075690 0.001580 0.017826 0.064154 0.031797 0.018284 0.117738 0.029143 0.131760 0.518183 0.003832 0.057816 0.023758 0.162764 0.419371 0.089528 0.009415 0.034415 0.030911 0.131282 0.006583 0.001908 0.008063 0.119466 0.023560 0.000495 0.013372 0.081571 0.033217 0.053997 0.005654 0.134222 0.003395 0.021280 0.000041 0.026924 0.000142 0.021504 
0.000481 0.002646 0.006131 0.004942 0.010329 0.011775 0.001543 0.008683 0.016915 0.006020 0.042784 0.003636 0.005286 0.002584 0.001425 0.004648 0.003153 0.013719 0.001293 0.035616 0.010749 0.024424 0.009600 0.006083 0.021036 0.017203 0.010659 0.061328 0.034603 0.000196 0.411150 0.000091 0.065173 0.015375 0.029683 0.038025 0.007790 0.001406 0.010326 0.086463 0.022168 0.003121 0.018883 0.008885 0.014598 0.012015 0.000399 0.103052 0.001575 0.139934 0.085745 0.000098 0.101585 0.008518 0.083226 0.009051 0.158644 0.037634 0.242968 0.003608 0.000403 0.044575 0.007771 0.015945 0.000026 0.046945 0.000121 0.003760 
0.000206 -0.000000 0.009029 0.000141 0.000178 -0.000000 0.001198 0.002311 0.000393 0.023627 0.001718 0.000011 0.000329 0.002623 0.000013 0.000714 0.131549 0.000084 0.000744 -0.000000 0.029724 0.004803 0.006870 -0.000000 -0.000000 0.054335 0.161239 0.000077 0.000216 0.000086 0.000498 0.007675 0.000150 0.005417 0.001425 0.000445 1.065395 0.042825 0.012641 0.031049 0.000089 0.152401 0.000875 2.007517 0.063680 0.007566 0.005969 0.001157 0.066996 0.009028 0.000150 0.020385 0.000024 0.122204 0.001042 0.000012 0.000260 0.010904 0.001174 0.319839 0.035227 0.039500 0.000254 0.002637 0.000008 0.002378 0.000014 0.019213 
0.000412 0.001985 0.003121 0.002777 0.005521 0.006399 0.001050 0.005672 0.007802 0.004440 0.023025 0.001761 0.002777 0.001252 0.000690 0.002526 0.002364 0.005964 0.000631 0.018295 0.010562 0.012700 0.005642 0.003408 0.011425 0.008182 0.005814 0.029165 0.014240 0.000097 0.148060 0.000063 0.023508 0.007332 0.011137 0.014315 0.003452 0.000827 0.005456 0.039517 0.006451 0.001863 0.006411 0.003970 0.007510 0.005134 0.000236 0.035148 0.000983 0.055861 0.028882 0.000088 0.044050 0.004476 0.029294 0.007870 0.101327 0.015826 0.115381 0.001715 0.000217 0.019800 0.003650 0.007700 0.000013 0.023703 0.000062 0.002291 
0.000481 0.000882 0.007802 0.004236 0.006708 0.004863 0.001723 0.008823 0.008654 0.008127 0.029038 0.001715 0.003764 0.002623 0.000506 0.003973 0.004944 0.003604 0.001428 0.006623 0.016918 0.020028 0.009554 0.001207 0.004125 0.019300 0.011918 0.008223 0.008453 0.000152 0.067889 0.000143 0.016504 0.008755 0.012562 0.013404 0.010534 0.002029 0.008383 0.058236 0.005898 0.004209 0.008983 0.015501 0.012852 0.007670 0.000511 0.037424 0.002096 0.059622 0.009899 0.000167 0.010893 0.008300 0.022170 0.000841 0.016812 0.019185 0.036034 0.004909 0.000604 0.027760 0.002154 0.007033 0.000013 0.015265 0.000054 0.003232 
0.000893 0.002867 0.011592 0.005742 0.011160 0.006271 0.002626 0.014354 0.015014 0.014297 0.045018 0.002950 0.006931 0.005306 0.001084 0.008389 0.010533 0.007755 0.003097 0.015608 0.035613 0.050883 0.022339 0.001991 0.006393 0.050034 0.036724 0.020981 0.024301 0.000565 0.228564 0.000334 0.059942 0.050065 0.069317 0.064145 0.024167 0.005328 0.041995 0.389083 0.020012 0.011442 0.097403 0.031948 0.059714 0.058244 0.001736 0.244878 0.006680 0.924430 0.035398 0.000452 0.032918 0.035896 0.118497 0.002105 0.049138 0.156194 0.134865 0.015377 0.001720 0.165862 0.009887 0.034951 0.000063 0.067963 0.000226 0.013984 
0.000618 0.001103 0.009697 0.003248 0.005046 0.001792 0.002560 0.010083 0.004131 0.017081 0.018729 0.000835 0.002612 0.003975 0.000171 0.004108 0.030165 0.001728 0.001812 0.002825 0.031874 0.021819 0.013467 0.000302 0.000949 0.042272 0.054069 0.001691 0.002858 0.000162 0.015437 0.001090 0.003818 0.008973 0.005367 0.004293 0.091977 0.009839 0.012561 0.058236 0.000832 0.026900 0.003609 0.132328 0.039509 0.009687 0.002317 0.008411 0.014899 0.025297 0.001750 0.004400 0.001879 0.046717 0.005421 0.000125 0.003505 0.016148 0.009273 0.109708 0.011882 0.036317 0.001129 0.006972 0.000014 0.009972 0.000040 0.009871 
0.000137 0.000221 0.005685 0.001318 0.002493 0.001536 0.001789 0.007492 0.003672 0.011889 0.015636 0.000800 0.002674 0.003458 0.000232 0.004648 0.018844 0.001918 0.002090 0.003613 0.036080 0.029309 0.018381 0.000432 0.001237 0.058846 0.061530 0.004112 0.006195 0.000443 0.048468 0.000808 0.014429 0.041529 0.026026 0.016482 0.068164 0.015779 0.080717 0.470644 0.004033 0.040882 0.031799 0.127508 0.258900 0.144092 0.008029 0.059917 0.035067 0.290683 0.010566 0.001961 0.009252 0.238758 0.047190 0.000638 0.016358 0.317495 0.054345 0.079723 0.006646 0.617879 0.007756 0.058960 0.000134 0.062516 0.000358 0.072827 
0.000687 0.002426 0.006576 0.002965 0.005639 0.003712 0.002199 0.008473 0.006622 0.011738 0.025086 0.001544 0.003887 0.002842 0.000532 0.004937 0.011894 0.003709 0.001812 0.008244 0.022433 0.029716 0.015150 0.001106 0.004042 0.031783 0.034690 0.009261 0.012175 0.000316 0.106730 0.000344 0.025582 0.029574 0.029375 0.025694 0.032223 0.006246 0.033985 0.254635 0.008361 0.014442 0.033576 0.046315 0.069710 0.052049 0.002120 0.127127 0.008752 0.480459 0.028532 0.000739 0.027805 0.053540 0.118879 0.002045 0.052384 0.405737 0.163622 0.025668 0.002695 0.375404 0.019527 0.089728 0.000158 0.126107 0.000534 0.033784 
0.000687 0.002205 0.007022 0.004001 0.005521 0.004224 0.002051 0.009593 0.009507 0.009933 0.030928 0.001555 0.003394 0.003339 0.000558 0.004918 0.008383 0.004341 0.001646 0.009634 0.019629 0.022470 0.012603 0.001207 0.004331 0.026224 0.020349 0.011105 0.011238 0.000252 0.104738 0.000260 0.023688 0.018658 0.021800 0.020713 0.018325 0.004013 0.018815 0.142619 0.007708 0.008588 0.022223 0.029490 0.036495 0.025713 0.001332 0.113585 0.005649 0.265292 0.035881 0.000442 0.040910 0.029291 0.157695 0.002862 0.081724 0.131948 0.225714 0.016382 0.001487 0.199890 0.026228 0.072964 0.000117 0.157327 0.000532 0.018567 
0.000137 -0.000000 0.003790 0.000329 0.000831 0.000256 0.000722 0.002311 0.000918 0.005719 0.005155 0.000343 0.001090 0.001689 0.000103 0.001967 0.016408 0.000548 0.000887 0.001019 0.022807 0.013107 0.009645 0.000161 0.000371 0.039755 0.046027 0.001614 0.002377 0.000253 0.025230 0.000693 0.005832 0.025060 0.013987 0.007471 0.075158 0.014203 0.056685 0.288655 0.002083 0.041560 0.018707 0.159834 0.266939 0.104598 0.009673 0.034608 0.051281 0.198334 0.005433 0.003134 0.004472 0.447312 0.032700 0.000411 0.008958 0.270016 0.032513 0.148978 0.011525 0.819460 0.006118 0.062809 0.000162 0.050320 0.000332 0.144331 
0.000069 -0.000000 0.004013 0.000188 0.000416 -0.000000 0.000837 0.001961 0.000393 0.008578 0.001546 0.000057 0.000350 0.001014 0.000003 0.000675 0.043276 0.000126 0.000368 0.000139 0.011964 0.004315 0.003276 0.000010 0.000082 0.017832 0.041569 0.000038 0.000264 0.000042 0.001660 0.001587 0.000511 0.002681 0.000760 0.000587 0.139161 0.008139 0.006547 0.023176 0.000134 0.026561 0.001643 0.198965 0.030782 0.006672 0.001982 0.002739 0.019719 0.013354 0.000300 0.026360 0.000452 0.071141 0.001807 0.000024 0.001168 0.014170 0.002817 0.597629 0.234288 0.050843 0.000426 0.004668 0.000013 0.003682 0.000029 0.030670 
0.000069 -0.000000 0.000446 0.000282 0.000356 0.001024 0.000164 0.000980 0.001180 0.001053 0.004467 0.000240 0.000452 0.000397 0.000087 0.000579 0.001863 0.000738 0.000263 0.002131 0.004113 0.005943 0.002639 0.000282 0.001114 0.005979 0.005523 0.004457 0.003290 0.000090 0.049298 0.000071 0.011273 0.009685 0.011755 0.012614 0.006462 0.001598 0.013626 0.119147 0.006602 0.004137 0.024364 0.012760 0.031682 0.033549 0.000897 0.153980 0.004299 0.479143 0.040915 0.000270 0.041671 0.033941 0.281057 0.002582 0.081334 0.380295 0.338160 0.014017 0.001069 0.522660 0.080278 0.252480 0.000334 0.398034 0.001414 0.031610 
-0.000000 -0.000000 -0.000000 0.000047 -0.000000 0.000128 0.000033 0.000070 0.000066 0.000075 0.000344 0.000034 -0.000000 -0.000000 0.000003 0.000077 0.000072 0.000063 0.000030 0.000093 -0.000000 0.000163 0.000182 -0.000000 -0.000000 0.000105 -0.000000 0.000115 0.000120 0.000001 0.000830 -0.000000 0.000120 0.000109 0.000119 0.000101 -0.000000 0.000011 0.000106 0.001040 0.000050 0.000048 0.000054 0.000095 0.000106 0.000104 0.000005 0.000386 -0.000000 0.000658 0.000267 0.000005 0.000452 0.000130 0.000486 0.000125 0.001298 0.000092 0.003052 -0.000000 -0.000000 0.000895 0.000090 0.000152 0.000000 0.000153 0.000002 0.000088 
-0.000000 -0.000000 0.000446 0.000235 0.000297 -0.000000 0.000164 0.000560 0.000197 0.000301 0.002234 0.000091 0.000165 0.000199 0.000026 0.000077 0.000215 0.000274 0.000053 0.000278 0.000935 0.000896 0.000455 0.000040 0.000124 0.001049 0.001357 0.000307 0.000432 0.000006 0.003652 0.000013 0.000631 0.000465 0.000475 0.000425 0.000620 0.000136 0.000266 0.003417 0.000156 0.000194 0.000404 0.000851 0.000899 0.000499 0.000032 0.001196 0.000071 0.001881 0.000883 0.000020 0.001356 0.000782 0.001772 0.000250 0.005777 0.001288 0.012442 0.000177 0.000062 0.002885 0.000576 0.001061 0.000002 0.004372 0.000012 0.000499 
-0.000000 -0.000000 0.000557 0.000235 0.000475 0.000384 0.000197 0.000910 0.000918 0.001129 0.002577 0.000126 0.000350 0.000238 0.000055 0.000733 0.002078 0.000443 0.000293 0.000973 0.006076 0.005699 0.002047 0.000201 0.000330 0.007972 0.010465 0.002037 0.002329 0.000081 0.018425 0.000091 0.006343 0.007906 0.007314 0.005629 0.011420 0.002426 0.013120 0.104290 0.002681 0.006773 0.013010 0.020038 0.043053 0.031658 0.001362 0.054670 0.007130 0.220528 0.012933 0.000593 0.014747 0.058364 0.082044 0.000859 0.028237 0.302865 0.118432 0.029512 0.002262 1.125017 0.028861 0.437574 0.000928 0.238790 0.001712 0.077615 
0.000206 0.000221 0.002898 0.001836 0.002968 0.002304 0.000952 0.005462 0.004065 0.003913 0.011684 0.000766 0.001584 0.001828 0.000329 0.002449 0.004371 0.001876 0.000834 0.005048 0.011871 0.014247 0.005824 0.000583 0.002434 0.017412 0.013760 0.005456 0.005835 0.000128 0.049464 0.000164 0.011483 0.008782 0.010472 0.009172 0.012482 0.002539 0.010885 0.069824 0.003524 0.005443 0.009993 0.022212 0.022479 0.013428 0.000749 0.046298 0.003541 0.110781 0.019866 0.000280 0.026330 0.019339 0.067762 0.002439 0.065820 0.071311 0.203647 0.011888 0.001038 0.149047 0.042809 0.095305 0.000157 0.441988 0.001023 0.017861 
0.000069 -0.000000 0.002898 0.000047 0.000059 -0.000000 0.000377 0.001470 0.000131 0.004891 0.000859 0.000011 0.000165 0.000477 0.000013 0.000289 0.023429 0.000105 0.000248 0.000139 0.007197 0.002687 0.001911 -0.000000 -0.000000 0.013007 0.027325 0.000115 0.000240 0.000029 0.000996 0.000940 0.000451 0.002298 0.000760 0.000445 0.086223 0.005248 0.005429 0.020502 0.000156 0.019377 0.001333 0.139228 0.027027 0.006132 0.001753 0.001736 0.017054 0.011285 0.000450 0.014846 0.000428 0.070880 0.002259 0.000006 0.000974 0.015136 0.003169 0.521572 0.173842 0.063877 0.000553 0.005820 0.000016 0.004526 0.000038 0.040982 
0.000137 0.000441 0.005796 0.000518 0.001128 0.000640 0.001018 0.003991 0.001836 0.009857 0.006358 0.000206 0.001069 0.001987 0.000058 0.001659 0.026869 0.000548 0.000842 0.000834 0.017479 0.008874 0.006279 0.000171 0.000165 0.023601 0.035949 0.000730 0.000985 0.000083 0.007469 0.001015 0.002074 0.006210 0.003348 0.002126 0.087020 0.008150 0.010565 0.044271 0.000402 0.026126 0.002976 0.136582 0.042683 0.009936 0.002507 0.005749 0.018736 0.025203 0.001117 0.008215 0.001522 0.077833 0.006185 0.000089 0.003116 0.023142 0.008686 0.356448 0.056620 0.073628 0.001182 0.009155 0.000025 0.011813 0.000059 0.038279 
0.000069 0.000221 0.001449 0.000471 0.000772 0.000512 0.000148 0.000420 0.001115 0.000978 0.002921 0.000126 0.000432 0.000378 0.000068 0.000424 0.000573 0.000358 0.000128 0.001575 0.001122 0.001710 0.001365 0.000171 0.000619 0.002832 0.002035 0.001499 0.001153 0.000027 0.012781 0.000034 0.002826 0.001641 0.001805 0.001903 0.001682 0.000487 0.001650 0.012331 0.000799 0.000919 0.001872 0.002268 0.003068 0.001975 0.000102 0.008758 0.000533 0.020031 0.004883 0.000035 0.010299 0.002564 0.012406 0.001664 0.034403 0.009063 0.081811 0.001597 0.000232 0.016019 0.005295 0.010670 0.000019 0.058451 0.000120 0.002056 
0.000206 0.000221 0.002787 0.001459 0.002196 0.000896 0.001001 0.003991 0.003606 0.005493 0.008076 0.000492 0.001296 0.001610 0.000187 0.002179 0.008096 0.001180 0.000910 0.002594 0.014395 0.012538 0.006415 0.000523 0.001072 0.018356 0.017732 0.003112 0.003506 0.000140 0.034691 0.000302 0.008297 0.011436 0.010069 0.007613 0.024167 0.004375 0.017085 0.110233 0.002770 0.011732 0.010357 0.047449 0.051992 0.025380 0.001918 0.032447 0.010197 0.120373 0.010099 0.000929 0.010679 0.058320 0.038746 0.000847 0.023887 0.128084 0.072891 0.036668 0.003501 0.606038 0.012916 0.145717 0.000443 0.139914 0.001061 0.098444 
0.000206 -0.000000 0.002898 0.000329 0.000356 0.000384 0.000739 0.002031 0.000262 0.006095 0.002577 0.000103 0.000452 0.000934 0.000019 0.000656 0.020062 0.000190 0.000406 0.000232 0.009534 0.004152 0.003867 0.000050 -0.000000 0.015944 0.027907 0.000231 0.000528 0.000044 0.003984 0.000850 0.000962 0.003584 0.001829 0.000952 0.077990 0.007028 0.007106 0.031198 0.000207 0.020973 0.001710 0.127130 0.033215 0.007629 0.002115 0.004591 0.018049 0.015987 0.000767 0.009931 0.000737 0.077963 0.003405 0.000042 0.000909 0.020933 0.005634 0.417719 0.089973 0.074822 0.000883 0.008548 0.000021 0.007057 0.000064 0.048884 
0.000137 0.000662 0.002898 0.001083 0.001900 0.001024 0.000771 0.003641 0.003081 0.003988 0.008248 0.000457 0.001213 0.001053 0.000174 0.001562 0.003726 0.001391 0.000609 0.003474 0.008412 0.009200 0.004959 0.000382 0.001237 0.009231 0.009884 0.004227 0.004250 0.000081 0.038509 0.000150 0.008447 0.007195 0.007433 0.006601 0.009826 0.002018 0.008809 0.061802 0.002715 0.004451 0.007488 0.014556 0.015285 0.012077 0.000674 0.033952 0.003198 0.092161 0.014016 0.000237 0.020193 0.017035 0.047920 0.001938 0.051215 0.060407 0.156228 0.010646 0.001131 0.151534 0.027216 0.112190 0.000192 0.522530 0.001701 0.019859 
-0.000000 -0.000000 0.005350 0.000847 0.000950 0.000512 0.000886 0.002521 0.001180 0.007449 0.004296 0.000217 0.000658 0.001809 0.000064 0.001350 0.021423 0.000337 0.000752 0.000741 0.015516 0.008386 0.005369 0.000101 0.000289 0.024755 0.034011 0.000538 0.001129 0.000089 0.007967 0.000777 0.002225 0.006566 0.002945 0.002409 0.072679 0.008671 0.011603 0.053037 0.000592 0.025255 0.003461 0.132328 0.050987 0.012659 0.002757 0.008141 0.021732 0.032162 0.001717 0.006033 0.001689 0.103908 0.007819 0.000095 0.003830 0.033861 0.008803 0.301446 0.036048 0.130839 0.001870 0.017097 0.000043 0.017796 0.000109 0.084490 
0.000137 -0.000000 0.003901 0.000518 0.000831 0.000128 0.000706 0.002591 0.000590 0.004590 0.002577 0.000229 0.000535 0.001093 0.000045 0.000964 0.011106 0.000358 0.000459 0.000556 0.008693 0.003989 0.002639 0.000111 0.000247 0.012168 0.018023 0.000461 0.000792 0.000055 0.004150 0.000447 0.001052 0.002572 0.001330 0.000891 0.035587 0.003491 0.004657 0.019164 0.000218 0.008999 0.001320 0.050852 0.014175 0.003180 0.000812 0.002161 0.006182 0.007711 0.000483 0.003467 0.000595 0.023293 0.001842 0.000054 0.001688 0.007821 0.003169 0.093858 0.042446 0.021591 0.000449 0.003122 0.000009 0.003145 0.000023 0.011340 
-0.000000 -0.000000 -0.000000 -0.000000 -0.000000 -0.000000 -0.000000 0.000070 -0.000000 0.000226 -0.000000 -0.000000 -0.000000 0.000020 -0.000000 0.000058 0.000645 -0.000000 -0.000000 -0.000000 0.000093 0.000163 0.000091 0.000010 0.000041 0.000839 0.001357 0.000077 0.000048 0.000005 0.001162 0.000029 0.000090 0.000739 0.000522 0.000405 0.003541 0.000476 0.002688 0.018422 0.000212 0.001451 0.002007 0.009641 0.015761 0.010352 0.000484 0.008449 0.003221 0.044764 0.001617 0.000308 0.002046 0.036374 0.017757 0.000191 0.006881 0.093256 0.034391 0.021942 0.001565 0.741653 0.011645 0.340450 0.001969 0.225136 0.003521 0.149884 
0.000206 -0.000000 0.004236 0.001365 0.002731 0.001280 0.001100 0.004411 0.003278 0.005042 0.011856 0.000537 0.001728 0.001590 0.000197 0.001986 0.005589 0.000906 0.000872 0.001992 0.010936 0.011398 0.007143 0.000211 0.001196 0.014580 0.014244 0.001960 0.002762 0.000083 0.018923 0.000202 0.003998 0.006238 0.004868 0.003483 0.015846 0.002596 0.007957 0.043677 0.001067 0.006483 0.003825 0.027222 0.018988 0.008273 0.000846 0.010378 0.004110 0.033479 0.003266 0.000442 0.003449 0.021077 0.010008 0.000304 0.007595 0.025580 0.022771 0.018038 0.001735 0.101189 0.002498 0.022341 0.000052 0.023933 0.000165 0.039278 
0.000069 -0.000000 0.001672 0.000141 0.000059 0.000128 0.000082 0.000210 0.000066 0.002333 0.000344 0.000011 0.000144 0.000397 0.000013 0.000347 0.008598 0.000105 0.000143 0.000046 0.005234 0.002280 0.001501 0.000020 0.000041 0.007028 0.015601 0.000154 0.000336 0.000040 0.001660 0.000502 0.000842 0.003201 0.001544 0.000911 0.050459 0.004795 0.010033 0.045460 0.000285 0.019473 0.003017 0.126374 0.057810 0.018666 0.003066 0.006250 0.028956 0.037523 0.001200 0.005634 0.000880 0.204078 0.007610 0.000066 0.001428 0.063168 0.007512 0.364669 0.033182 0.328242 0.002079 0.027434 0.000088 0.022092 0.000185 0.363987 
-0.000000 0.000221 0.000892 0.000329 0.000475 -0.000000 0.000213 0.001400 0.000590 0.000903 0.001546 0.000114 0.000411 0.000338 0.000058 0.000347 0.000573 0.000211 0.000180 0.000787 0.002056 0.002035 0.000864 0.000101 0.000247 0.001888 0.002519 0.000653 0.000624 0.000014 0.008299 0.000018 0.001323 0.000903 0.000784 0.000790 0.001151 0.000374 0.000772 0.006388 0.000302 0.000556 0.000552 0.001701 0.002486 0.001122 0.000080 0.003781 0.000415 0.007053 0.001550 0.000043 0.002093 0.001695 0.003336 0.000209 0.005258 0.003911 0.014085 0.000769 0.000108 0.007960 0.001586 0.003910 0.000008 0.018410 0.000048 0.000881 
0.000275 0.000221 0.001560 0.000188 0.000475 0.000256 0.000574 0.002101 0.000852 0.005267 0.002062 0.000114 0.000391 0.001073 0.000045 0.000849 0.016909 0.000253 0.000489 0.000509 0.010656 0.005862 0.003867 0.000080 0.000206 0.016154 0.026356 0.000615 0.000840 0.000073 0.005810 0.000624 0.001533 0.006374 0.002588 0.002086 0.067367 0.006994 0.010406 0.047094 0.000525 0.022715 0.003354 0.115882 0.051992 0.014218 0.002920 0.007446 0.023236 0.032727 0.001750 0.005422 0.001974 0.122855 0.007784 0.000119 0.002467 0.040026 0.011620 0.283999 0.032748 0.171633 0.002012 0.019825 0.000054 0.018410 0.000134 0.135401 
0.000206 -0.000000 0.001226 0.000988 0.002078 0.000768 0.000476 0.001751 0.002360 0.003537 0.006186 0.000526 0.000823 0.001133 0.000087 0.001562 0.002651 0.000990 0.000466 0.002177 0.007384 0.007734 0.003549 0.000362 0.001237 0.007762 0.006105 0.002844 0.002834 0.000071 0.026226 0.000088 0.006403 0.004706 0.005343 0.004515 0.007613 0.001315 0.005802 0.036101 0.001793 0.002734 0.004741 0.012193 0.011636 0.006444 0.000440 0.021722 0.002144 0.053886 0.009516 0.000194 0.012796 0.010734 0.026479 0.001342 0.036286 0.032527 0.109042 0.006683 0.000852 0.078503 0.014030 0.044015 0.000083 0.262416 0.000633 0.010752 
0.000137 0.000441 0.001560 0.000471 0.001603 0.000896 0.000460 0.001821 0.002164 0.002182 0.006186 0.000400 0.000761 0.000835 0.000155 0.000964 0.001648 0.000759 0.000361 0.002269 0.006263 0.006187 0.002047 0.000402 0.001072 0.006923 0.006589 0.002728 0.002473 0.000054 0.025728 0.000079 0.006223 0.005362 0.004963 0.004535 0.009207 0.001394 0.005961 0.038329 0.002072 0.003532 0.006209 0.009830 0.012112 0.008294 0.000525 0.029592 0.002771 0.067898 0.012199 0.000217 0.016626 0.014080 0.042013 0.001908 0.049008 0.050102 0.144255 0.008871 0.000929 0.133923 0.023790 0.088394 0.000167 0.489393 0.001434 0.018684 
-0.000000 0.000221 0.000669 0.000188 0.000653 0.000640 0.000230 0.000770 0.000459 0.001129 0.002234 0.000206 0.000452 0.000397 0.000045 0.000405 0.001648 0.000379 0.000158 0.001065 0.002337 0.003501 0.002184 0.000171 0.000495 0.005350 0.004651 0.001652 0.001417 0.000046 0.015437 0.000083 0.004088 0.003912 0.004726 0.003057 0.007171 0.001247 0.006360 0.039815 0.001508 0.003580 0.005360 0.016919 0.017666 0.010019 0.000601 0.024847 0.003506 0.073164 0.009066 0.000315 0.011655 0.026162 0.036592 0.001258 0.029275 0.072507 0.113972 0.016323 0.001410 0.270533 0.022541 0.193218 0.000441 0.416597 0.003356 0.051675 
0.000069 -0.000000 0.002564 0.000518 0.000237 0.000384 0.000706 0.001190 0.000721 0.005267 0.002577 0.000069 0.000411 0.000894 0.000035 0.000752 0.015046 0.000169 0.000286 0.000371 0.008225 0.005536 0.002457 0.000030 0.000041 0.010280 0.020349 0.000384 0.000528 0.000057 0.002988 0.000598 0.001022 0.003119 0.001140 0.000769 0.047095 0.004704 0.005456 0.021244 0.000212 0.013571 0.001387 0.082894 0.023642 0.005675 0.001418 0.003511 0.010600 0.014388 0.000567 0.005140 0.000571 0.045413 0.002849 0.000095 0.002077 0.013802 0.004930 0.213029 0.050377 0.045769 0.000606 0.005850 0.000016 0.006827 0.000045 0.031316 
-0.000000 0.000221 0.000669 0.000377 0.000831 0.000384 0.000115 0.000700 0.000983 0.001053 0.001546 0.000126 0.000206 0.000219 0.000064 0.000366 0.000502 0.000485 0.000120 0.000648 0.001402 0.001303 0.000955 0.000221 0.000577 0.002517 0.000969 0.001191 0.001201 0.000019 0.011619 0.000026 0.002675 0.001641 0.001829 0.002409 0.001505 0.000374 0.001597 0.012182 0.000748 0.000822 0.001764 0.003119 0.004231 0.002681 0.000126 0.009530 0.000568 0.023040 0.006633 0.000066 0.010275 0.003955 0.016819 0.001610 0.034793 0.013572 0.096718 0.002188 0.000186 0.028954 0.008376 0.017733 0.000033 0.113604 0.000245 0.003290 
-0.000000 -0.000000 0.000223 0.000047 0.000119 -0.000000 0.000082 0.000140 0.000066 0.001430 -0.000000 0.000011 0.000041 0.000060 0.000003 0.000212 0.006019 -0.000000 0.000090 0.000046 0.002337 0.000651 0.001137 -0.000000 0.000041 0.005350 0.008818 0.000077 0.000192 0.000027 0.001494 0.000271 0.000631 0.002325 0.001377 0.000567 0.028859 0.003163 0.007904 0.036546 0.000201 0.012047 0.002950 0.072308 0.044904 0.015652 0.002232 0.006443 0.019470 0.033009 0.000917 0.003212 0.000690 0.149712 0.006429 0.000048 0.001818 0.063398 0.007982 0.201201 0.017970 0.363961 0.002199 0.032344 0.000121 0.028305 0.000260 0.666927 
0.000069 -0.000000 0.002675 0.000282 0.000712 0.000128 0.000591 0.002031 0.000721 0.005493 0.003265 0.000160 0.000391 0.001212 0.000068 0.000752 0.013972 0.000253 0.000677 0.000463 0.008693 0.006839 0.004095 0.000131 0.000330 0.017203 0.022577 0.000653 0.000937 0.000070 0.007469 0.000527 0.001834 0.004733 0.002588 0.001458 0.049485 0.005135 0.008649 0.046797 0.000424 0.016498 0.002815 0.088093 0.035860 0.010040 0.001972 0.006597 0.014614 0.025673 0.001333 0.003752 0.001284 0.072444 0.006012 0.000125 0.003246 0.026362 0.011033 0.177721 0.023732 0.097308 0.001249 0.013217 0.000035 0.013654 0.000094 0.077615 
0.000275 0.000221 0.004013 0.000894 0.001840 0.001152 0.000804 0.004481 0.003540 0.005343 0.008419 0.000366 0.001337 0.001550 0.000148 0.001948 0.007165 0.000969 0.000834 0.001806 0.012525 0.010584 0.005687 0.000292 0.000660 0.016573 0.016182 0.001691 0.002161 0.000092 0.018591 0.000273 0.004569 0.007140 0.004797 0.003604 0.020892 0.003333 0.009314 0.053631 0.001095 0.008128 0.004202 0.035918 0.023007 0.010081 0.001118 0.011150 0.005945 0.039121 0.004100 0.000742 0.004067 0.032767 0.011606 0.000370 0.008309 0.035149 0.025353 0.028506 0.002572 0.122780 0.003425 0.026191 0.000071 0.032447 0.000209 0.114484 
