# Flux Network Reconstruction using RW method
# Walkers leave from emitting cells
# Probability involves emitting fluxes, then absorbing flux is shared among connections
# Seed: 1684539207
# Threshold: 0.5
# Precision: 100000.0
# Dt: 1.0
# Radius step: 5.000000
# Matrix output


0.003586 0.004200 0.008490 0.005012 0.011879 0.013140 0.005365 0.024812 0.000380 0.008057 0.003633 0.000118 0.001602 0.005745 0.001043 0.000474 0.011440 0.009402 0.007363 0.002891 0.001371 0.001286 0.000106 0.000211 0.000203 0.001468 0.000287 0.000212 0.003143 0.002279 0.001588 0.000488 0.000255 0.000251 0.000572 0.000336 0.000692 0.000893 0.000440 0.000621 0.000394 0.000025 0.000302 0.000244 0.000455 0.000217 0.000753 0.000659 0.000097 0.000132 0.000449 0.000072 0.000014 0.000158 0.000003 0.000014 0.000021 0.000097 0.000151 0.000145 0.000018 -0.000000 0.000148 0.000006 0.000296 0.000005 0.000034 -0.000000 -0.000000 0.000036 0.000016 
0.000041 0.000081 0.123272 0.000315 0.229896 0.007688 0.022090 0.052482 0.016363 0.000564 -0.000000 0.000004 0.001937 0.001854 -0.000000 0.000026 0.001499 0.000957 0.039152 0.006779 0.001145 0.000032 0.000003 0.000104 0.002465 0.002386 -0.000000 -0.000000 0.000898 0.003798 0.007215 -0.000000 0.000018 0.000010 0.000175 0.000058 -0.000000 0.001030 -0.000000 -0.000000 0.000041 0.000165 0.000020 0.000437 0.000315 0.000017 0.000269 0.002271 -0.000000 0.000072 0.000064 -0.000000 0.000314 0.000057 -0.000000 -0.000000 -0.000000 -0.000000 0.000377 0.000048 -0.000000 -0.000000 -0.000000 -0.000000 -0.000000 -0.000000 0.000011 0.000144 -0.000000 0.000036 -0.000000 
0.133796 0.114771 0.020306 0.108895 0.025975 0.047982 0.013801 0.085564 0.000663 0.077025 0.027057 0.001270 0.005334 0.030447 0.007300 0.004091 0.089076 0.052358 0.016457 0.007742 0.004007 0.005676 0.000763 0.000566 0.000301 0.003120 0.001475 0.000711 0.011785 0.002767 0.002178 0.002748 0.001143 0.000943 0.001367 0.000869 0.002116 0.001545 0.001612 0.000976 0.000748 0.000041 0.000524 0.000283 0.001084 0.000284 0.001183 0.000952 0.000181 0.000132 0.000513 0.000036 0.000071 0.000115 0.000005 0.000006 0.000026 0.000113 0.000075 0.000145 0.000009 0.000048 -0.000000 0.000012 0.000119 0.000005 -0.000000 0.000144 -0.000000 0.000036 0.000005 
0.098911 0.096760 0.032983 0.105720 0.042606 0.082670 0.020975 0.133248 0.000955 0.096161 0.033821 0.001392 0.007204 0.042093 0.006971 0.004458 0.114402 0.067728 0.020962 0.008340 0.005046 0.005595 0.000686 0.000748 0.000399 0.003242 0.001065 0.000786 0.014647 0.004287 0.002224 0.002305 0.000879 0.001113 0.001240 0.000938 0.001654 0.001064 0.001817 0.000710 0.000639 0.000018 0.000705 0.000180 0.000769 0.000335 0.001076 0.000659 0.000153 0.000084 0.000898 0.000057 0.000143 0.000057 -0.000000 0.000011 0.000021 0.000081 0.000075 0.000145 -0.000000 0.000048 -0.000000 0.000006 -0.000000 0.000005 0.000011 0.000144 -0.000000 -0.000000 0.000005 
0.011004 0.058395 0.002237 0.060168 0.004039 0.004680 0.001599 0.014601 0.000175 0.037223 0.121631 0.002937 0.001183 0.006450 0.026622 0.005121 0.045682 0.018128 0.005197 0.002293 0.001551 0.008489 0.001477 0.000254 0.000105 0.001652 0.004670 0.002183 0.006173 0.002225 0.001543 0.005629 0.001433 0.001324 0.001256 0.000811 0.004270 0.000996 0.002081 0.002574 0.000979 0.000029 0.001148 0.000347 0.001084 0.000569 0.001828 0.001026 0.000348 0.000072 0.001603 0.000079 0.000071 0.000215 0.000005 0.000025 0.000099 0.000275 0.000151 0.000241 0.000062 0.000048 0.000297 0.000029 0.000178 0.000028 0.000045 0.000072 0.000149 0.000036 0.000027 
0.002731 0.014659 0.000803 0.016741 0.000554 0.000874 0.000421 0.003574 0.000019 0.014583 0.125013 0.001751 0.000235 0.001410 0.020200 0.002219 0.014596 0.005236 0.001039 0.000598 0.000256 0.004003 0.000534 0.000046 0.000042 0.000306 0.001925 0.000935 0.001066 0.000163 0.000091 0.002305 0.000413 0.000291 0.000270 0.000116 0.000885 0.000034 0.000557 0.000843 0.000068 -0.000000 0.000242 -0.000000 0.000210 0.000201 0.000269 -0.000000 0.000014 -0.000000 0.000064 0.000021 -0.000000 0.000057 -0.000000 -0.000000 0.000005 0.000016 -0.000000 0.000048 0.000009 -0.000000 -0.000000 -0.000000 -0.000000 0.000009 -0.000000 -0.000000 -0.000000 -0.000000 0.000005 
0.026205 0.148734 0.005105 0.180975 0.008315 0.011057 0.004460 0.034512 0.000302 0.088748 0.174492 0.005053 0.002415 0.014962 0.037929 0.009278 0.100279 0.043182 0.010654 0.005981 0.003570 0.015435 0.002228 0.000528 0.000294 0.003517 0.007046 0.003380 0.013917 0.005372 0.001861 0.010284 0.002672 0.002146 0.002242 0.001321 0.006463 0.001957 0.004776 0.004305 0.001400 0.000029 0.002094 0.000476 0.002028 0.000937 0.002743 0.001392 0.000542 0.000276 0.002181 0.000136 0.000171 0.000215 0.000013 0.000030 0.000052 0.000227 0.000075 0.000482 0.000062 0.000048 0.000667 0.000052 0.000415 0.000037 0.000068 0.000505 0.000209 0.000142 -0.000000 
0.000041 0.000323 0.000057 0.000262 0.000079 0.000026 -0.000000 -0.000000 0.000010 0.000363 0.002129 0.000013 0.000008 0.000104 0.000494 0.000041 0.000473 0.000056 0.000173 -0.000000 0.000030 0.000113 0.000006 0.000003 0.000007 0.000061 0.000123 0.000037 -0.000000 0.000054 -0.000000 0.000177 0.000009 0.000050 0.000064 0.000035 0.000038 0.000069 0.000117 -0.000000 -0.000000 -0.000000 0.000081 0.000026 0.000070 -0.000000 0.000054 -0.000000 0.000014 0.000012 -0.000000 -0.000000 -0.000000 -0.000000 -0.000000 -0.000000 -0.000000 -0.000000 -0.000000 0.000096 0.000009 -0.000000 0.000074 -0.000000 0.000059 -0.000000 -0.000000 -0.000000 -0.000000 -0.000000 -0.000000 
0.009455 0.042120 0.001147 0.054657 0.002217 0.003883 0.001262 0.011232 0.000107 0.050880 0.458841 0.006516 0.000755 0.006424 0.081896 0.007136 0.051757 0.018691 0.003205 0.001529 0.001175 0.012316 0.001868 0.000211 0.000077 0.000918 0.007988 0.003617 0.006005 0.001085 0.000590 0.007092 0.001512 0.001213 0.000779 0.000510 0.003193 0.000549 0.002461 0.002441 0.000544 -0.000000 0.000564 0.000116 0.000699 0.000485 0.000592 0.000440 0.000250 0.000036 0.000770 0.000043 0.000029 0.000072 0.000010 0.000014 0.000042 0.000097 -0.000000 0.000096 0.000035 0.000191 0.000371 0.000023 0.000059 0.000005 -0.000000 0.000072 -0.000000 -0.000000 0.000011 
0.003709 0.014982 0.000746 0.019417 0.000792 0.001543 0.000778 0.004186 0.000029 0.018894 0.289359 0.002902 0.000327 0.002402 0.045559 0.003280 0.021066 0.008276 0.000780 0.000698 0.000452 0.005852 0.000754 0.000075 0.000049 0.000306 0.003236 0.001846 0.002469 0.000434 0.000318 0.003635 0.000738 0.000481 0.000238 0.000336 0.001269 0.000206 0.000967 0.001243 0.000326 0.000002 0.000302 0.000039 0.000524 0.000284 0.000484 0.000659 0.000125 0.000024 0.000385 0.000050 -0.000000 0.000014 0.000006 0.000003 0.000016 0.000032 -0.000000 -0.000000 -0.000000 -0.000000 0.000074 0.000006 0.000059 -0.000000 -0.000000 -0.000000 0.000030 -0.000000 0.000005 
0.052451 0.134761 0.016922 0.249539 0.027955 0.042171 0.014979 0.106598 0.001150 0.319663 0.156204 0.006928 0.007833 0.053217 0.040180 0.020448 0.327504 0.137540 0.033002 0.013724 0.008841 0.031915 0.003538 0.001548 0.000567 0.007004 0.008930 0.004340 0.033615 0.009442 0.003948 0.014051 0.004782 0.004171 0.004452 0.003070 0.009579 0.003879 0.007795 0.005859 0.002746 0.000070 0.003303 0.000566 0.003042 0.001539 0.005324 0.002271 0.000959 0.000408 0.003078 0.000337 0.000200 0.000474 0.000008 0.000030 0.000120 0.000453 0.000226 0.000820 0.000053 0.000143 0.000593 0.000006 0.000474 0.000041 0.000113 0.000289 0.000090 0.000071 0.000022 
0.017117 0.045957 0.017037 0.069037 0.029697 0.031448 0.015147 0.105781 0.001754 0.192603 0.078540 0.003165 0.008404 0.045722 0.024975 0.011328 0.237167 0.119242 0.045908 0.021831 0.012486 0.024133 0.003001 0.002114 0.001198 0.013946 0.009790 0.005089 0.042538 0.019644 0.011526 0.017686 0.005301 0.005736 0.007648 0.005144 0.015503 0.008411 0.012483 0.008345 0.004799 0.000206 0.006565 0.002289 0.008846 0.003496 0.011239 0.008204 0.002725 0.001285 0.007568 0.000623 0.000614 0.001622 0.000032 0.000138 0.000486 0.001506 0.001509 0.002798 0.000413 0.000858 0.002670 0.000204 0.002074 0.000156 0.000405 0.002236 0.000746 0.001104 0.000148 
0.001141 0.002060 0.070843 0.003831 0.178817 0.027977 0.045064 0.211869 0.047627 0.012529 0.003758 0.000195 0.015113 0.026713 0.001921 0.000933 0.029744 0.031640 0.251107 0.064331 0.021057 0.002589 0.000341 0.002867 0.016592 0.038414 0.001188 0.000549 0.035074 0.065334 0.068295 0.002571 0.001257 0.001755 0.008411 0.004472 0.004078 0.027396 0.003546 0.002796 0.003236 0.001848 0.003222 0.009221 0.014756 0.001255 0.013498 0.042267 0.001488 0.004479 0.006991 0.000315 0.004286 0.003790 0.000010 0.000102 0.000340 0.001522 0.011169 0.003666 0.000255 0.000334 0.001854 0.000251 0.003378 0.000289 0.001182 0.006204 0.001552 0.002386 0.000384 
0.002282 0.003675 0.164458 0.005878 0.525285 0.106789 0.226202 1.558129 0.040055 0.016275 0.001879 0.000105 0.073562 0.071521 0.000494 0.000556 0.036372 0.047460 0.718846 0.151823 0.042987 0.001238 0.000152 0.002948 0.014183 0.037527 0.000287 0.000112 0.024356 0.055784 0.062713 0.000355 0.000431 0.000572 0.003625 0.001645 0.000692 0.014419 0.000645 0.000266 0.000693 0.001029 0.000584 0.003922 0.003776 0.000134 0.003011 0.016482 0.000153 0.001237 0.000898 0.000021 0.001529 0.000718 -0.000000 0.000003 0.000052 0.000130 0.004151 0.000338 -0.000000 0.000048 -0.000000 0.000017 0.000296 0.000014 0.000214 0.000794 0.000209 0.000071 0.000033 
0.001956 0.008723 0.000803 0.012857 0.001901 0.001260 0.000610 0.006024 0.000078 0.019015 0.806322 0.003787 0.000411 0.003577 0.148369 0.004121 0.026667 0.010134 0.001732 0.000864 0.000678 0.009470 0.001735 0.000133 0.000028 0.000612 0.010446 0.004378 0.004489 0.000760 0.000771 0.008023 0.001301 0.001033 0.000588 0.000348 0.003847 0.000721 0.001993 0.003551 0.000489 0.000014 0.000906 0.000116 0.000210 0.000535 0.000807 0.000513 0.000236 0.000060 0.000962 0.000136 0.000071 0.000014 0.000006 0.000017 0.000042 0.000097 0.000151 0.000096 0.000062 0.000048 -0.000000 0.000017 0.000059 -0.000000 -0.000000 0.000144 0.000030 0.000036 0.000011 
0.000122 0.000121 0.013251 0.000184 0.039517 0.003137 0.008142 0.040332 0.062674 0.000806 0.000125 0.000007 0.002457 0.002742 0.000055 0.000051 0.000947 0.002252 0.073019 0.013657 0.003268 0.000064 0.000003 0.000401 0.031952 0.009328 -0.000000 0.000012 0.004209 0.020349 0.048101 0.000044 0.000009 0.000040 0.001399 0.000324 -0.000000 0.010608 0.000117 -0.000000 0.000258 0.003927 0.000121 0.006559 0.003182 0.000050 0.001936 0.038751 0.000028 0.002222 0.000834 0.000021 0.006858 0.001407 0.000002 0.000003 0.000031 0.000178 0.017056 0.000820 0.000035 -0.000000 0.000148 0.000012 0.000237 0.000046 0.000574 0.003679 0.000358 0.000534 0.000121 
0.010881 0.040303 0.006597 0.064760 0.010770 0.011391 0.005491 0.038392 0.000536 0.174233 0.409362 0.025112 0.003338 0.022352 0.121857 0.038351 0.207659 0.081578 0.015591 0.007510 0.005603 0.063476 0.008140 0.000927 0.000385 0.005719 0.027856 0.013470 0.029294 0.009279 0.004129 0.033555 0.008035 0.006728 0.004627 0.003719 0.019042 0.003433 0.013509 0.014070 0.003902 0.000063 0.005800 0.000553 0.004371 0.003212 0.006615 0.003003 0.001571 0.000348 0.005002 0.000573 0.000214 0.000502 0.000042 0.000119 0.000266 0.000842 0.000226 0.001206 0.000211 0.000668 0.000890 0.000087 0.000415 0.000037 0.000113 0.000577 0.000448 0.000321 0.000027 
0.003831 0.012156 0.007285 0.016767 0.012592 0.010234 0.005617 0.041863 0.000965 0.113080 0.053112 0.002301 0.004294 0.021360 0.020639 0.011930 0.164817 0.072007 0.029970 0.014355 0.007727 0.024792 0.003296 0.001499 0.001121 0.012081 0.010815 0.005164 0.034289 0.018721 0.010482 0.018440 0.006259 0.006638 0.006789 0.005422 0.018465 0.009681 0.014740 0.012872 0.005832 0.000235 0.007814 0.002482 0.009301 0.004884 0.013552 0.011061 0.003184 0.001693 0.012378 0.000989 0.001072 0.001579 0.000060 0.000295 0.000559 0.002412 0.002415 0.005161 0.000677 0.001002 0.004227 0.000408 0.004327 0.000303 0.000360 0.002669 0.001463 0.001817 0.000247 
0.003831 0.013731 0.002811 0.020047 0.004672 0.004526 0.002272 0.015214 0.000292 0.052371 0.758346 0.009655 0.001543 0.008513 0.310460 0.011690 0.075111 0.033273 0.008229 0.003522 0.002576 0.035790 0.006179 0.000592 0.000238 0.003364 0.040964 0.017087 0.015938 0.004938 0.002813 0.036790 0.006171 0.005004 0.003196 0.002294 0.017196 0.002472 0.010901 0.014204 0.003222 0.000043 0.004551 0.000424 0.002797 0.002743 0.004840 0.001831 0.001627 0.000360 0.004746 0.000544 0.000129 0.000603 0.000053 0.000108 0.000272 0.000729 0.000151 0.001447 0.000264 0.000572 0.001706 0.000093 0.001363 0.000096 0.000113 0.000216 0.000597 0.000071 0.000055 
0.001223 0.002342 0.042391 0.003805 0.109207 0.026845 0.038416 0.282628 0.028691 0.014624 0.004134 0.000215 0.032315 0.048072 0.001372 0.000984 0.038897 0.057425 1.368830 0.247854 0.066258 0.002942 0.000428 0.008498 0.023925 0.134570 0.000942 0.000674 0.087882 0.220313 0.186007 0.002881 0.001538 0.002687 0.017775 0.008156 0.004616 0.067667 0.004806 0.002175 0.003916 0.002671 0.004229 0.017335 0.025875 0.001489 0.023231 0.064829 0.001557 0.006857 0.009428 0.000315 0.005458 0.005527 0.000015 0.000061 0.000293 0.002218 0.013509 0.005596 0.000202 0.000334 0.001112 0.000187 0.003141 0.000239 0.001441 0.007574 0.001433 0.002173 0.000362 
0.003994 0.011065 0.027247 0.015613 0.050050 0.036668 0.024152 0.227695 0.004512 0.085969 0.029437 0.001244 0.033355 0.181714 0.011692 0.006697 0.268016 0.407158 0.189175 0.110984 0.077660 0.020853 0.002936 0.015523 0.004272 0.073188 0.007046 0.004328 0.296363 0.103102 0.044517 0.017819 0.009468 0.013828 0.035662 0.021978 0.026813 0.038108 0.024732 0.013582 0.014316 0.000636 0.014761 0.007073 0.031435 0.006992 0.037966 0.025639 0.005117 0.003963 0.020651 0.001160 0.001700 0.004249 0.000060 0.000257 0.000779 0.003692 0.005132 0.006416 0.000694 0.001288 0.004376 0.000373 0.004741 0.000408 0.000732 0.003679 0.002089 0.001603 0.000335 
0.002894 0.006704 0.026043 0.010942 0.053693 0.030882 0.024257 0.214319 0.006296 0.048705 0.021420 0.000776 0.036022 0.115442 0.006752 0.003943 0.139254 0.183705 0.279691 0.163453 0.126778 0.012637 0.001977 0.018607 0.006051 0.097777 0.005448 0.003006 0.236372 0.128552 0.062940 0.012722 0.006224 0.009275 0.033086 0.018549 0.020388 0.046931 0.017465 0.011185 0.011624 0.000948 0.012627 0.008770 0.031400 0.005721 0.035708 0.034942 0.004742 0.004804 0.018663 0.001053 0.002843 0.005570 0.000068 0.000287 0.000826 0.003951 0.007622 0.008393 0.000835 0.001765 0.004672 0.000502 0.004860 0.000418 0.000980 0.006997 0.002388 0.002386 0.000450 
0.005665 0.010904 0.008318 0.020152 0.020036 0.023631 0.010182 0.110070 0.001345 0.161906 0.034448 0.001946 0.016480 0.144426 0.013558 0.015062 0.784717 1.261107 0.062625 0.040672 0.036752 0.056563 0.006961 0.009575 0.001149 0.033275 0.010036 0.006286 0.347375 0.042001 0.014476 0.029831 0.022891 0.029981 0.036059 0.026369 0.036930 0.016822 0.035926 0.015180 0.019931 0.000113 0.019252 0.002379 0.019476 0.005804 0.027318 0.005934 0.003212 0.001129 0.012057 0.000566 0.000271 0.001163 0.000024 0.000094 0.000376 0.001473 0.000830 0.002750 0.000211 0.000382 0.001632 0.000082 0.001363 0.000087 0.000135 0.000866 0.000388 0.000321 0.000055 
0.003668 0.010500 0.009465 0.015954 0.017739 0.012548 0.007679 0.058404 0.001608 0.092011 0.068895 0.002561 0.006835 0.033084 0.026292 0.013843 0.256733 0.133655 0.046947 0.023194 0.013872 0.054408 0.007898 0.002873 0.001450 0.019237 0.022571 0.011213 0.070878 0.031907 0.019195 0.045079 0.016887 0.017748 0.015708 0.012153 0.046855 0.016101 0.036600 0.030271 0.012984 0.000378 0.017037 0.004179 0.018882 0.010321 0.029201 0.016409 0.007495 0.002846 0.024820 0.002013 0.001800 0.003388 0.000131 0.000474 0.001327 0.003902 0.004000 0.008249 0.001371 0.001908 0.007194 0.000624 0.006638 0.000541 0.000833 0.003390 0.003104 0.002280 0.000406 
0.002486 0.007552 0.002467 0.009525 0.004276 0.003754 0.002314 0.015724 0.000322 0.035169 0.182384 0.003766 0.001820 0.008930 0.120100 0.009885 0.070061 0.034624 0.011347 0.005582 0.003208 0.036674 0.009823 0.000728 0.000364 0.005046 0.099379 0.042768 0.021662 0.007706 0.004266 0.087632 0.010197 0.008724 0.004531 0.003696 0.032852 0.004326 0.021304 0.031514 0.005139 0.000090 0.008941 0.001157 0.006329 0.006356 0.009196 0.004322 0.003449 0.000865 0.012121 0.001411 0.000514 0.000976 0.000093 0.000314 0.000523 0.001279 0.000830 0.003087 0.000650 0.001574 0.003708 0.000233 0.003260 0.000147 0.000214 0.001371 0.000895 0.000677 0.000088 
0.000856 0.004483 0.000402 0.007032 0.000238 0.001003 0.000358 0.001838 0.000010 0.021391 0.374163 0.005745 0.000235 0.002193 0.412611 0.009069 0.035031 0.012442 0.000780 0.000465 0.000452 0.040259 0.013410 0.000167 0.000021 0.000551 0.412140 0.115594 0.005668 0.000380 0.000136 0.130229 0.007754 0.003610 0.000811 0.000707 0.017811 0.000206 0.006740 0.025877 0.001074 -0.000000 0.001752 0.000039 0.000769 0.001940 0.001721 -0.000000 0.000556 0.000012 0.000962 0.000552 -0.000000 0.000029 0.000034 0.000086 0.000047 0.000130 -0.000000 0.000048 0.000114 0.000429 0.000222 0.000006 0.000237 -0.000000 0.000011 0.000072 0.000030 -0.000000 -0.000000 
0.005013 0.011388 0.006941 0.021254 0.013542 0.017228 0.006585 0.067492 0.000819 0.190831 0.066766 0.003343 0.009259 0.074341 0.029641 0.026390 0.800417 0.527132 0.041663 0.024922 0.020259 0.123126 0.015368 0.005789 0.000714 0.020889 0.022735 0.014081 0.231938 0.031636 0.010755 0.065913 0.045378 0.050186 0.031099 0.026485 0.072860 0.014728 0.061830 0.034444 0.025832 0.000131 0.026281 0.002366 0.020106 0.010120 0.032857 0.005494 0.004700 0.001321 0.019048 0.001368 0.000600 0.001464 0.000063 0.000210 0.000475 0.002105 0.000679 0.003328 0.000448 0.000715 0.002077 0.000117 0.001363 0.000069 0.000158 0.001226 0.000627 0.000641 0.000093 
0.000530 0.000606 0.027190 0.001023 0.079193 0.011983 0.020344 0.122424 0.059439 0.003706 0.001378 0.000039 0.010559 0.013500 0.000329 0.000194 0.011992 0.015764 0.381814 0.077290 0.020304 0.000836 0.000115 0.003029 0.150828 0.072576 0.000205 0.000100 0.030921 0.159103 0.344107 0.000754 0.000448 0.000692 0.010796 0.004553 0.001231 0.078722 0.001494 0.000755 0.002202 0.009642 0.001430 0.032407 0.024721 0.000703 0.017209 0.151781 0.000640 0.011001 0.004618 0.000107 0.015501 0.007853 0.000008 0.000033 0.000209 0.001927 0.039621 0.004631 0.000229 0.000095 0.000667 0.000122 0.001897 0.000188 0.002286 0.012119 0.001791 0.002565 0.000434 
0.000774 0.001615 0.025928 0.002913 0.066047 0.017794 0.022847 0.171333 0.019774 0.013697 0.003382 0.000187 0.023173 0.039429 0.001043 0.000918 0.038897 0.057257 0.741800 0.233267 0.071244 0.003553 0.000503 0.013288 0.022377 0.273972 0.001311 0.000811 0.132889 0.454463 0.277672 0.003324 0.002083 0.003409 0.030161 0.013915 0.005386 0.109517 0.006505 0.003063 0.005846 0.002997 0.005538 0.023521 0.042204 0.002342 0.032481 0.084974 0.002586 0.008923 0.015200 0.000344 0.007458 0.006905 0.000024 0.000086 0.000465 0.002850 0.015018 0.006609 0.000299 0.000477 0.002447 0.000315 0.002489 0.000294 0.001520 0.009883 0.001851 0.002565 0.000406 
0.000734 0.001737 0.011071 0.002781 0.026450 0.009797 0.010624 0.102105 0.007407 0.012891 0.003382 0.000153 0.020238 0.046088 0.001043 0.001005 0.045918 0.084956 0.413949 0.223796 0.113131 0.003569 0.000577 0.042792 0.007592 0.566814 0.000492 0.000499 0.291088 0.499774 0.134276 0.002704 0.002400 0.004292 0.052881 0.018734 0.005270 0.093965 0.006417 0.002530 0.006975 0.001031 0.005115 0.012307 0.038917 0.001873 0.029254 0.033403 0.001599 0.004648 0.010261 0.000186 0.002557 0.003402 0.000008 0.000050 0.000324 0.001716 0.004528 0.004004 0.000149 0.000095 0.000816 0.000093 0.001008 0.000165 0.000642 0.003246 0.000895 0.001033 0.000203 
0.001223 0.004685 0.002925 0.005458 0.005781 0.004166 0.002714 0.016745 0.000721 0.027877 0.056494 0.001592 0.002264 0.009400 0.030080 0.005493 0.057280 0.035243 0.014552 0.007244 0.004594 0.025564 0.008544 0.000970 0.000616 0.007921 0.046863 0.025344 0.025590 0.012698 0.008304 0.083732 0.012325 0.009827 0.006105 0.004727 0.042123 0.006935 0.027018 0.035198 0.007586 0.000176 0.011640 0.001890 0.009930 0.009652 0.015757 0.008131 0.005201 0.001441 0.016996 0.001898 0.000657 0.001938 0.000132 0.000463 0.001238 0.002639 0.001509 0.005644 0.001090 0.002337 0.008306 0.000671 0.006105 0.000399 0.000507 0.003823 0.001761 0.001710 0.000253 
0.002812 0.009086 0.007973 0.013304 0.016947 0.013345 0.007742 0.069228 0.001676 0.079926 0.048728 0.001966 0.008857 0.047159 0.021846 0.011247 0.261862 0.220975 0.060806 0.033827 0.020650 0.051321 0.008755 0.005833 0.002059 0.034438 0.024947 0.012597 0.210726 0.054807 0.025457 0.065824 0.041062 0.058820 0.042308 0.036426 0.107905 0.030486 0.096320 0.053574 0.039522 0.000452 0.047466 0.005928 0.042519 0.021528 0.067059 0.024320 0.013363 0.004479 0.050538 0.003661 0.001686 0.004938 0.000198 0.000714 0.002054 0.006541 0.003321 0.011432 0.001538 0.003720 0.011347 0.000951 0.010135 0.000606 0.000889 0.004905 0.003641 0.002992 0.000390 
0.000815 0.001535 0.007801 0.002676 0.018214 0.007431 0.006690 0.065858 0.005779 0.014100 0.005011 0.000211 0.009972 0.032484 0.002525 0.001209 0.050495 0.079945 0.189694 0.086495 0.044644 0.005386 0.000863 0.021866 0.007928 0.334376 0.001761 0.001098 0.388734 0.589581 0.165360 0.006250 0.004527 0.008654 0.137003 0.048962 0.013079 0.224389 0.014300 0.005637 0.017674 0.001586 0.015567 0.026260 0.115074 0.005018 0.088785 0.075378 0.005075 0.011277 0.032003 0.000903 0.004800 0.010968 0.000027 0.000146 0.000805 0.006476 0.009585 0.012831 0.000527 0.000572 0.003708 0.000449 0.005393 0.000395 0.001554 0.009666 0.003194 0.003313 0.000544 
0.000163 0.000767 0.000172 0.001181 -0.000000 0.000283 0.000126 0.001123 -0.000000 0.003948 0.025804 0.000595 0.000117 0.001071 0.023877 0.001571 0.011125 0.005011 0.000606 0.000100 0.000211 0.008489 0.003333 0.000092 0.000014 0.000306 0.395140 0.067326 0.002918 0.000597 0.000318 0.202037 0.006382 0.003750 0.000668 0.000776 0.027890 0.000309 0.011780 0.084068 0.001536 0.000002 0.003424 0.000013 0.000769 0.006289 0.002366 0.000366 0.002350 0.000072 0.004425 0.001898 0.000029 0.000100 0.000172 0.000279 0.000256 0.000356 -0.000000 0.000965 0.000229 0.001145 0.001409 0.000058 0.000415 0.000014 -0.000000 0.000144 0.000090 0.000036 0.000005 
0.000815 0.001656 0.006826 0.003175 0.014413 0.006788 0.006669 0.044620 0.002154 0.015067 0.010397 0.000340 0.005686 0.018514 0.003897 0.001816 0.043630 0.042788 0.065830 0.028710 0.015107 0.006222 0.000984 0.004501 0.002823 0.042573 0.003728 0.002420 0.107523 0.074613 0.038617 0.010284 0.005169 0.006568 0.037570 0.018723 0.018465 0.039653 0.017436 0.013760 0.012195 0.000794 0.013412 0.008976 0.037134 0.007444 0.041892 0.037432 0.006758 0.006305 0.034055 0.001497 0.003400 0.006833 0.000090 0.000513 0.001683 0.006444 0.008000 0.014857 0.001688 0.002766 0.010012 0.001067 0.012802 0.000932 0.001554 0.010748 0.004746 0.005806 0.000846 
0.000611 0.001413 0.012505 0.001811 0.029856 0.009874 0.010519 0.074639 0.010223 0.011159 0.003883 0.000178 0.009796 0.020968 0.001208 0.000872 0.035346 0.040986 0.204160 0.074034 0.029401 0.003810 0.000552 0.007926 0.017110 0.178060 0.002048 0.000861 0.120655 0.447789 0.414988 0.005718 0.002804 0.004994 0.047968 0.021943 0.009463 0.310732 0.011751 0.006303 0.011189 0.003854 0.011700 0.052507 0.099374 0.005453 0.079912 0.172878 0.005020 0.021653 0.032773 0.001168 0.011401 0.018174 0.000053 0.000254 0.001359 0.008241 0.029282 0.019151 0.001028 0.001860 0.009271 0.000904 0.012031 0.000941 0.003772 0.022074 0.006447 0.008050 0.001120 
0.001549 0.003513 0.008145 0.004172 0.017422 0.007997 0.005891 0.049725 0.002592 0.024937 0.015658 0.000662 0.006609 0.023866 0.006257 0.002928 0.072113 0.068235 0.066696 0.031102 0.016056 0.012026 0.002210 0.004761 0.003271 0.043674 0.009012 0.005001 0.150566 0.079497 0.045061 0.025620 0.012193 0.020024 0.062261 0.076003 0.050740 0.055273 0.047354 0.028984 0.040188 0.000900 0.040478 0.012718 0.075632 0.020340 0.112285 0.049666 0.016770 0.009403 0.078564 0.004026 0.004400 0.011370 0.000203 0.001001 0.003454 0.013131 0.009886 0.027833 0.003024 0.006582 0.019431 0.002059 0.021929 0.001390 0.002173 0.013778 0.007223 0.009083 0.001252 
0.000408 0.001252 0.010096 0.000971 0.028985 0.006634 0.008121 0.054933 0.015184 0.005438 0.002881 0.000114 0.005577 0.012194 0.000823 0.000474 0.014833 0.019536 0.140408 0.037648 0.013963 0.001849 0.000298 0.002859 0.036553 0.054745 0.000614 0.000599 0.045119 0.120141 0.244455 0.002704 0.001459 0.002106 0.016217 0.009917 0.005424 0.107663 0.005128 0.004261 0.005751 0.014725 0.005880 0.064981 0.053638 0.003178 0.049743 0.359234 0.003323 0.028810 0.024628 0.000745 0.032302 0.023069 0.000042 0.000254 0.000982 0.007075 0.078639 0.017752 0.000976 0.001383 0.007787 0.001026 0.011972 0.001092 0.006823 0.044292 0.008596 0.010401 0.002103 
0.000082 0.000202 0.000229 0.000367 0.000554 0.000283 0.000295 0.001634 0.000068 0.001893 0.003758 0.000097 0.000185 0.000809 0.002086 0.000342 0.004418 0.002815 0.002512 0.000930 0.000482 0.001463 0.000419 0.000156 0.000091 0.000979 0.007005 0.002819 0.003872 0.001682 0.000998 0.014317 0.001793 0.001644 0.000795 0.000765 0.009348 0.001339 0.005421 0.020151 0.001604 0.000018 0.003303 0.000309 0.001748 0.003964 0.003979 0.000879 0.002072 0.000192 0.005708 0.001383 0.000171 0.000459 0.000123 0.000301 0.000434 0.001085 0.000226 0.001688 0.000510 0.001955 0.004821 0.000175 0.001778 0.000161 0.000180 0.000721 0.000746 0.000712 0.000055 
0.000041 0.000162 0.005966 0.000367 0.014888 0.002674 0.004649 0.027977 0.012406 0.001893 0.000125 0.000024 0.002701 0.005405 0.000055 0.000117 0.004182 0.006925 0.094414 0.020934 0.007350 0.000482 0.000084 0.001721 0.035236 0.042084 0.000205 0.000137 0.023963 0.100932 0.291059 0.000443 0.000422 0.000882 0.012719 0.006639 0.001885 0.138664 0.002637 0.000888 0.003535 0.024568 0.003041 0.136495 0.061261 0.001271 0.047915 0.982985 0.002155 0.052637 0.019753 0.000372 0.060890 0.035788 0.000019 0.000105 0.000721 0.006946 0.111015 0.018813 0.000483 0.000620 0.003412 0.000653 0.007942 0.000757 0.010313 0.052733 0.008745 0.011861 0.002268 
0.000408 0.000848 0.004073 0.001338 0.010137 0.003651 0.004081 0.023791 0.002514 0.006043 0.004760 0.000161 0.002784 0.007181 0.001592 0.000775 0.017910 0.017171 0.043916 0.016714 0.006612 0.002589 0.000472 0.001496 0.004707 0.022816 0.001720 0.000898 0.029687 0.046287 0.050733 0.004699 0.002119 0.002848 0.011909 0.007948 0.009194 0.043807 0.008527 0.006969 0.006295 0.002318 0.007471 0.034722 0.040631 0.005219 0.045119 0.193388 0.005145 0.024487 0.031939 0.001447 0.013101 0.019882 0.000056 0.000444 0.001568 0.008646 0.030565 0.024119 0.002013 0.003243 0.014017 0.001674 0.018195 0.001528 0.005089 0.031813 0.009432 0.012609 0.002125 
0.000448 0.001171 0.001090 0.001601 0.002455 0.001749 0.001178 0.007658 0.000361 0.008339 0.011775 0.000370 0.000998 0.004700 0.005599 0.001658 0.024616 0.019536 0.010827 0.005250 0.002696 0.008345 0.002030 0.000840 0.000651 0.007432 0.016631 0.008569 0.025983 0.011667 0.007714 0.057136 0.012351 0.013226 0.008204 0.008898 0.089555 0.009372 0.058783 0.175681 0.019578 0.000219 0.042673 0.002868 0.019231 0.074219 0.047108 0.012233 0.040200 0.003050 0.107104 0.032064 0.001272 0.004335 0.001902 0.005737 0.008240 0.013876 0.003170 0.025807 0.009168 0.028711 0.054956 0.003511 0.028093 0.001698 0.001025 0.009017 0.006805 0.005343 0.000752 
0.000448 0.001252 0.003614 0.002545 0.006890 0.003780 0.003135 0.022667 0.001238 0.012206 0.011023 0.000340 0.002986 0.010445 0.004336 0.001851 0.034478 0.032766 0.032309 0.015817 0.007908 0.008007 0.001580 0.002267 0.002157 0.023122 0.009012 0.003941 0.063302 0.046613 0.031901 0.024778 0.010514 0.016635 0.029414 0.028547 0.056357 0.038520 0.055764 0.043632 0.057237 0.000792 0.074733 0.012037 0.087241 0.046150 0.237101 0.053621 0.053661 0.012478 0.290849 0.010129 0.004915 0.017284 0.000498 0.002665 0.010236 0.035701 0.012603 0.062372 0.008799 0.013688 0.053991 0.005249 0.048421 0.003405 0.003513 0.024382 0.019102 0.014996 0.002218 
0.000652 0.001454 0.005736 0.002257 0.010453 0.004654 0.004439 0.032776 0.002670 0.009467 0.005887 0.000232 0.004219 0.012090 0.002964 0.001280 0.028798 0.029163 0.060200 0.022762 0.010664 0.004325 0.000826 0.002934 0.005246 0.036426 0.003318 0.002008 0.064368 0.077652 0.068476 0.011126 0.004598 0.007490 0.029986 0.022361 0.021235 0.091493 0.019399 0.015535 0.019156 0.002036 0.022414 0.033114 0.177768 0.013984 0.183324 0.144162 0.015087 0.031765 0.099344 0.003739 0.011672 0.038688 0.000211 0.001150 0.004718 0.025420 0.033810 0.062565 0.004580 0.007059 0.032558 0.003820 0.044154 0.003575 0.007071 0.046817 0.022863 0.023295 0.003453 
0.000448 0.000808 0.005908 0.001496 0.012037 0.003986 0.003913 0.032367 0.004561 0.006808 0.003758 0.000133 0.003606 0.009218 0.001427 0.000668 0.017673 0.021112 0.064791 0.023460 0.010242 0.002846 0.000497 0.002729 0.008461 0.041808 0.002417 0.001060 0.052078 0.089970 0.109998 0.005940 0.003103 0.004813 0.026091 0.017599 0.013156 0.126270 0.012190 0.008256 0.014112 0.004546 0.015225 0.083795 0.139201 0.008916 0.141379 0.358062 0.010679 0.081591 0.075486 0.002364 0.024788 0.069165 0.000098 0.000753 0.003715 0.023137 0.059168 0.059960 0.002892 0.004149 0.024474 0.003377 0.040598 0.003129 0.012228 0.073580 0.023609 0.028139 0.004508 
0.000285 0.000283 0.000516 0.000708 0.001109 0.000540 0.000463 0.003369 0.000224 0.002659 0.002255 0.000118 0.000352 0.001723 0.001702 0.000418 0.004892 0.006137 0.005024 0.001994 0.000874 0.002026 0.000438 0.000214 0.000287 0.001896 0.004629 0.002370 0.007127 0.003961 0.002405 0.012943 0.002119 0.002407 0.002067 0.001599 0.013733 0.002918 0.009318 0.028363 0.003644 0.000070 0.005578 0.000913 0.005490 0.007460 0.008282 0.004688 0.004992 0.000817 0.016803 0.004971 0.000586 0.001091 0.000763 0.001277 0.001489 0.002817 0.001057 0.004872 0.001855 0.006629 0.015204 0.000869 0.007527 0.000441 0.000191 0.002669 0.001761 0.001211 0.000220 
-0.000000 0.000081 0.003098 0.000157 0.006811 0.001363 0.001893 0.011538 0.006413 0.000725 0.000501 0.000011 0.001258 0.001958 0.000055 0.000046 0.002998 0.002928 0.044175 0.010035 0.003208 0.000354 0.000043 0.000757 0.018147 0.020675 0.000123 0.000025 0.013468 0.047318 0.124156 0.000355 0.000255 0.000582 0.007504 0.004727 0.001616 0.077726 0.001377 0.001287 0.003032 0.020995 0.002376 0.087807 0.050631 0.001037 0.044688 1.406169 0.002100 0.082888 0.020844 0.000351 0.119923 0.057465 0.000013 0.000119 0.000888 0.009148 0.204823 0.027640 0.000589 0.000668 0.005266 0.000735 0.013217 0.001303 0.020773 0.108639 0.013491 0.020196 0.003898 
0.000326 0.001010 0.003155 0.001522 0.007444 0.003291 0.002882 0.021953 0.002125 0.009306 0.007140 0.000239 0.003187 0.009139 0.003074 0.001173 0.027456 0.027981 0.041663 0.017046 0.008239 0.004679 0.001009 0.002726 0.003418 0.032572 0.004711 0.002307 0.068465 0.064357 0.053728 0.013519 0.006057 0.010699 0.035837 0.033077 0.030313 0.078481 0.029069 0.025078 0.035525 0.001497 0.038867 0.025926 0.211721 0.022230 0.581110 0.112956 0.030564 0.029423 0.227164 0.006182 0.009229 0.038387 0.000280 0.001812 0.008444 0.050613 0.021358 0.098116 0.007024 0.009920 0.050580 0.005814 0.065668 0.004488 0.006958 0.047106 0.025878 0.027142 0.003909 
0.000571 0.001171 0.003786 0.001338 0.010137 0.003651 0.002756 0.021034 0.002095 0.006566 0.005386 0.000163 0.002583 0.008539 0.001921 0.000689 0.017042 0.018579 0.034474 0.014255 0.006507 0.003441 0.000524 0.001666 0.003509 0.020338 0.002335 0.001247 0.033166 0.040318 0.038027 0.006738 0.002857 0.003660 0.013880 0.009500 0.011733 0.041953 0.011633 0.009055 0.009163 0.001296 0.011257 0.019804 0.056471 0.007343 0.069802 0.088197 0.007662 0.020644 0.046497 0.002042 0.007786 0.022897 0.000100 0.000648 0.002487 0.012192 0.020301 0.032513 0.002795 0.003529 0.019802 0.002070 0.024537 0.001918 0.004774 0.032895 0.013013 0.013393 0.002031 
0.000408 0.000727 0.001147 0.001391 0.002059 0.001363 0.001199 0.007658 0.000400 0.006405 0.008267 0.000234 0.000973 0.003708 0.003787 0.000954 0.018225 0.012217 0.009182 0.004486 0.002079 0.005032 0.001182 0.000641 0.000448 0.005719 0.011429 0.004640 0.018295 0.011016 0.006898 0.031737 0.007024 0.008042 0.006010 0.005353 0.047586 0.008240 0.031267 0.086109 0.012141 0.000167 0.024992 0.002405 0.015140 0.035161 0.034148 0.011134 0.023667 0.002534 0.072343 0.024922 0.000943 0.003804 0.001735 0.004653 0.005941 0.010216 0.002490 0.022190 0.007718 0.025516 0.047836 0.002928 0.024774 0.001579 0.000721 0.005915 0.006447 0.004773 0.000631 
0.000245 0.000525 0.002868 0.000656 0.007048 0.002083 0.002735 0.017664 0.003947 0.003102 0.002004 0.000071 0.002172 0.005927 0.000878 0.000342 0.013176 0.014638 0.050325 0.016581 0.006793 0.001736 0.000289 0.002018 0.007830 0.035508 0.000819 0.000636 0.042201 0.081776 0.103827 0.003369 0.002031 0.003510 0.023944 0.017240 0.009463 0.132519 0.009318 0.005681 0.013092 0.004759 0.012264 0.093286 0.165880 0.007310 0.167245 0.455415 0.010179 0.148568 0.081258 0.001870 0.030545 0.114802 0.000082 0.000637 0.003548 0.028949 0.073582 0.075252 0.002760 0.003625 0.019802 0.003155 0.039235 0.003400 0.014603 0.096231 0.028206 0.032093 0.005721 
0.000204 0.000687 0.001606 0.001207 0.003326 0.001517 0.001367 0.008577 0.000614 0.006848 0.006263 0.000202 0.001099 0.005170 0.002305 0.001158 0.024143 0.021169 0.013772 0.006613 0.004022 0.004936 0.001136 0.001317 0.001240 0.012387 0.006513 0.003517 0.040237 0.024690 0.018515 0.023138 0.008800 0.014550 0.018666 0.022048 0.058319 0.027637 0.056995 0.061475 0.050439 0.000459 0.085971 0.007626 0.066436 0.082816 0.195585 0.035381 0.157701 0.009283 0.652887 0.020430 0.003200 0.013796 0.000848 0.004871 0.019448 0.051779 0.008754 0.081378 0.013854 0.023131 0.083064 0.007237 0.063120 0.004052 0.002545 0.020848 0.018296 0.013357 0.002048 
0.000204 0.000565 0.001033 0.000892 0.002851 0.001106 0.000842 0.008475 0.000361 0.004875 0.004635 0.000138 0.001048 0.003395 0.002635 0.000704 0.012860 0.009008 0.008315 0.003722 0.001898 0.003553 0.000782 0.000482 0.000483 0.005077 0.006554 0.002906 0.013861 0.009008 0.006398 0.019503 0.004475 0.005395 0.005056 0.004600 0.029698 0.008137 0.021597 0.045052 0.009530 0.000233 0.019071 0.002469 0.015595 0.026128 0.029846 0.013039 0.020441 0.002654 0.072664 0.036806 0.001243 0.003776 0.002192 0.007685 0.007472 0.011738 0.003019 0.027930 0.010171 0.035102 0.071494 0.003732 0.029278 0.001757 0.000822 0.006997 0.008208 0.006518 0.000933 
0.000163 0.000767 0.002524 0.000367 0.005781 0.001954 0.002104 0.013682 0.001676 0.003062 0.003382 0.000060 0.001384 0.003342 0.000714 0.000270 0.007890 0.007150 0.022001 0.008706 0.004022 0.001367 0.000233 0.000765 0.003229 0.011714 0.001393 0.000524 0.016162 0.021217 0.022871 0.002704 0.000853 0.001514 0.005517 0.003615 0.004962 0.019809 0.005011 0.004217 0.003385 0.002108 0.003927 0.012538 0.017763 0.003228 0.024146 0.098159 0.002739 0.014375 0.019112 0.000888 0.024416 0.014872 0.000056 0.000245 0.001008 0.005926 0.055017 0.018234 0.001380 0.001765 0.009196 0.001213 0.015528 0.001152 0.007881 0.047250 0.008805 0.011719 0.002213 
0.000163 0.000242 0.000574 0.000604 0.001267 0.000489 0.000631 0.003472 0.000322 0.003384 0.003507 0.000131 0.000612 0.001985 0.002525 0.000678 0.011835 0.008783 0.008056 0.002858 0.001612 0.003055 0.000729 0.000537 0.000651 0.005627 0.005121 0.002594 0.020652 0.010636 0.009439 0.017952 0.005406 0.007651 0.008458 0.009002 0.040200 0.012222 0.031794 0.059877 0.020665 0.000217 0.038041 0.003999 0.031540 0.060921 0.087494 0.018680 0.082320 0.005897 0.343888 0.044291 0.001629 0.009345 0.002004 0.014567 0.050449 0.049301 0.004151 0.081764 0.035970 0.060379 0.209662 0.012136 0.087478 0.005401 0.001756 0.014644 0.019580 0.011719 0.001883 
0.000204 0.000525 0.002467 0.000945 0.005148 0.002083 0.001683 0.013580 0.001735 0.005720 0.002380 0.000133 0.001753 0.005640 0.001372 0.000566 0.015385 0.016439 0.030923 0.011564 0.005377 0.002862 0.000549 0.001455 0.003341 0.019513 0.002581 0.001397 0.041191 0.041349 0.040251 0.007713 0.003824 0.006006 0.019540 0.016533 0.018888 0.053591 0.019252 0.018065 0.019632 0.001753 0.024629 0.024189 0.117871 0.016694 0.229787 0.118597 0.023848 0.036809 0.207795 0.005781 0.012944 0.062748 0.000310 0.002072 0.010419 0.087431 0.036225 0.205881 0.009318 0.013116 0.069343 0.010100 0.120846 0.009122 0.011642 0.088585 0.059277 0.054675 0.008378 
0.000204 0.000606 0.002008 0.001102 0.004831 0.001414 0.001788 0.011334 0.001053 0.005197 0.005136 0.000163 0.001199 0.004935 0.001702 0.000862 0.016016 0.013230 0.018883 0.008174 0.004037 0.003344 0.000580 0.001089 0.001534 0.011714 0.003769 0.001709 0.026432 0.022628 0.018787 0.011170 0.003886 0.005675 0.010684 0.009222 0.021004 0.021457 0.019370 0.022459 0.014738 0.000715 0.020783 0.008243 0.042344 0.021244 0.095346 0.039264 0.027241 0.010796 0.198496 0.008281 0.004372 0.015992 0.000455 0.003321 0.016512 0.085326 0.013056 0.138540 0.015471 0.019602 0.106351 0.012042 0.113260 0.007567 0.004526 0.031885 0.031996 0.024826 0.003547 
0.000041 0.000121 0.000229 0.000157 0.000396 0.000283 0.000252 0.001225 0.000088 0.000645 0.000501 0.000007 0.000201 0.000522 0.000659 0.000077 0.002130 0.001745 0.001473 0.000864 0.000422 0.000482 0.000093 0.000090 0.000112 0.001070 0.000655 0.000200 0.002189 0.001845 0.001044 0.001285 0.000492 0.000622 0.000827 0.000602 0.003078 0.001545 0.002344 0.003773 0.001006 0.000034 0.002074 0.000604 0.001818 0.002559 0.003711 0.001685 0.002211 0.000312 0.007504 0.001805 0.000214 0.000761 0.000292 0.001164 0.000852 0.001571 0.000755 0.003811 0.001749 0.007297 0.011644 0.000636 0.004682 0.000335 0.000135 0.001226 0.001343 0.000997 0.000132 
0.000082 -0.000000 0.000402 0.000210 0.001425 0.000206 0.000421 0.004186 0.001072 0.000806 0.000376 0.000026 0.000302 0.001306 0.000220 0.000107 0.003945 0.004335 0.011347 0.003788 0.001702 0.000579 0.000130 0.000621 0.002619 0.010215 0.000328 0.000237 0.017621 0.025776 0.033671 0.002438 0.000897 0.001965 0.011416 0.010022 0.006193 0.047102 0.007209 0.005193 0.011366 0.002002 0.011116 0.028961 0.105563 0.007544 0.196177 0.169068 0.014100 0.067156 0.158668 0.002908 0.021845 0.163381 0.000137 0.000946 0.007906 0.096692 0.064450 0.335304 0.006329 0.006629 0.046427 0.010007 0.136907 0.013628 0.029038 0.231057 0.128702 0.130614 0.020561 
0.000285 0.000525 0.001205 0.000525 0.002772 0.000951 0.000968 0.007556 0.000517 0.004029 0.003132 0.000135 0.001006 0.002977 0.001592 0.000581 0.011361 0.008726 0.011260 0.005150 0.002485 0.002058 0.000556 0.000632 0.000925 0.007799 0.002745 0.001709 0.017397 0.015520 0.013160 0.009264 0.003367 0.004893 0.007298 0.007623 0.020119 0.015071 0.018080 0.024190 0.012984 0.000439 0.019111 0.006108 0.034512 0.021678 0.071415 0.029155 0.029549 0.008190 0.189902 0.011877 0.003529 0.012963 0.000796 0.005795 0.033227 0.059680 0.010188 0.141676 0.035953 0.040634 0.234062 0.021187 0.166778 0.009701 0.003423 0.026547 0.035399 0.024114 0.003404 
-0.000000 -0.000000 0.000229 -0.000000 0.001030 0.000154 0.000400 0.002246 0.001667 0.000040 -0.000000 -0.000000 0.000210 0.000157 -0.000000 -0.000000 0.000316 0.000394 0.007449 0.001595 0.000316 0.000032 0.000006 0.000092 0.004461 0.002141 -0.000000 -0.000000 0.001684 0.008357 0.021646 0.000044 0.000035 0.000100 0.001145 0.000788 0.000231 0.012222 0.000176 0.000133 0.000517 0.006722 0.000644 0.014249 0.011154 0.000184 0.013659 0.197271 0.000403 0.027790 0.006798 0.000143 0.212316 0.030951 0.000005 0.000017 0.000298 0.004825 1.690881 0.016497 0.000246 0.000191 0.002002 0.000432 0.006875 0.000872 0.059314 0.226800 0.012894 0.021941 0.005117 
-0.000000 0.000040 0.000115 -0.000000 0.000158 -0.000000 -0.000000 0.000204 0.000019 -0.000000 -0.000000 0.000004 0.000008 0.000183 -0.000000 0.000005 0.000158 0.000225 0.000606 -0.000000 0.000075 0.000080 0.000009 0.000046 0.000154 0.000642 0.000246 0.000062 0.002076 0.001465 0.002450 0.000355 0.000141 0.000451 0.001145 0.001622 0.001808 0.004635 0.002051 0.002929 0.002991 0.000109 0.003645 0.002456 0.016434 0.005018 0.051142 0.012673 0.010721 0.005909 0.136414 0.003990 0.001772 0.014614 0.000214 0.002152 0.023843 0.134871 0.004453 0.745569 0.028569 0.018457 0.220193 0.085994 1.174853 0.044657 0.002759 0.024743 0.080767 0.037293 0.004052 
-0.000000 -0.000000 -0.000000 0.000026 0.000079 -0.000000 0.000063 0.000408 0.000068 0.000242 0.000251 0.000002 0.000034 0.000104 0.000110 0.000031 0.001026 0.001126 0.000606 0.000432 0.000226 0.000241 0.000062 0.000092 0.000140 0.000887 0.000614 0.000312 0.001852 0.002008 0.002133 0.002039 0.000387 0.000943 0.001526 0.002109 0.004962 0.003879 0.003751 0.009943 0.004051 0.000106 0.007230 0.001890 0.013287 0.010889 0.039956 0.007838 0.018689 0.003279 0.145457 0.010974 0.001029 0.006862 0.000885 0.008145 0.040083 0.061817 0.002264 0.173272 0.118592 0.077263 0.971772 0.079544 0.359811 0.015978 0.001576 0.013201 0.040025 0.020623 0.002273 
0.000082 -0.000000 0.000459 0.000052 0.001346 0.000154 0.000316 0.002451 0.001452 0.000121 0.000251 0.000004 0.000193 0.000261 0.000055 0.000005 0.000473 0.001126 0.007276 0.001628 0.000618 0.000113 0.000012 0.000110 0.003306 0.002905 0.000041 -0.000000 0.003143 0.007054 0.018469 0.000089 0.000114 0.000170 0.001574 0.001274 0.000269 0.011673 0.000557 0.000311 0.000870 0.004162 0.000725 0.012050 0.010840 0.000485 0.014251 0.146580 0.000876 0.023190 0.008722 0.000143 0.102251 0.027304 -0.000000 0.000069 0.000538 0.005100 0.923438 0.020115 0.000387 0.000525 0.003857 0.000606 0.011201 0.001216 0.078308 0.298217 0.016506 0.029706 0.006660 
-0.000000 0.000081 0.001090 0.000079 0.003722 0.000720 0.000778 0.005616 0.001501 0.001007 0.000376 0.000021 0.000528 0.001567 0.000055 0.000102 0.002525 0.003378 0.014205 0.003954 0.001823 0.000498 0.000081 0.000419 0.003509 0.007493 0.000287 0.000137 0.008025 0.014760 0.024641 0.000798 0.000431 0.000722 0.003832 0.002839 0.002000 0.018024 0.002081 0.001909 0.002311 0.003314 0.002396 0.014635 0.019861 0.001623 0.028018 0.136837 0.002725 0.025280 0.018663 0.000623 0.061733 0.031022 0.000032 0.000251 0.001123 0.008775 0.325271 0.034056 0.001266 0.001717 0.008381 0.001633 0.021395 0.002198 0.070787 0.310047 0.023281 0.041140 0.008027 
0.000122 0.000121 0.000516 0.000157 0.000554 0.000334 0.000295 0.001634 0.000312 0.001209 0.001503 0.000043 0.000352 0.000992 0.000659 0.000194 0.004576 0.003772 0.003898 0.001495 0.000663 0.000981 0.000233 0.000248 0.000434 0.002997 0.001761 0.000674 0.007352 0.005806 0.004901 0.004566 0.001644 0.002056 0.003641 0.003337 0.010040 0.007175 0.007912 0.013715 0.006064 0.000195 0.009002 0.002379 0.014616 0.012412 0.035977 0.014504 0.016339 0.004071 0.099152 0.010129 0.001957 0.007020 0.000885 0.006976 0.018482 0.033499 0.006339 0.098358 0.069559 0.074019 0.829822 0.032727 0.199138 0.010586 0.002128 0.017097 0.032981 0.021371 0.003025 
0.000082 0.000121 0.000115 0.000079 0.000079 0.000077 0.000126 0.001327 0.000049 0.000282 0.000376 0.000021 0.000092 0.000392 0.000110 0.000087 0.001183 0.001633 0.001646 0.000698 0.000196 0.000370 0.000059 0.000075 0.000077 0.001040 0.000819 0.000299 0.001796 0.001085 0.001180 0.001551 0.000387 0.000642 0.000668 0.000614 0.002154 0.001751 0.001934 0.003684 0.001224 0.000038 0.002175 0.000489 0.002518 0.002375 0.005378 0.002344 0.002100 0.000516 0.011929 0.002185 0.000157 0.000962 0.000369 0.001456 0.001667 0.003044 0.000604 0.008056 0.004931 0.084893 0.045833 0.001854 0.012742 0.000844 0.000281 0.002164 0.002656 0.002280 0.000307 
0.000041 0.000363 0.000803 0.000446 0.001821 0.000540 0.000673 0.005309 0.000400 0.002538 0.002756 0.000065 0.000595 0.001906 0.000933 0.000311 0.006470 0.005574 0.008662 0.003157 0.001642 0.001399 0.000230 0.000387 0.000609 0.004557 0.001557 0.000823 0.009260 0.007977 0.007714 0.004876 0.001556 0.002397 0.004579 0.003314 0.008963 0.008857 0.007912 0.010741 0.005397 0.000283 0.009143 0.003588 0.014826 0.008648 0.034955 0.019046 0.010985 0.004564 0.065353 0.005702 0.002272 0.007149 0.000434 0.003037 0.009212 0.023250 0.006264 0.080268 0.022495 0.032145 0.236880 0.025286 0.161977 0.009494 0.002590 0.020703 0.030504 0.022796 0.002740 
-0.000000 -0.000000 0.000516 0.000026 0.001188 0.000077 0.000210 0.002144 0.001101 0.000081 -0.000000 -0.000000 0.000143 0.000366 0.000110 0.000010 0.000473 0.000788 0.007536 0.001595 0.000392 0.000064 0.000016 0.000124 0.002886 0.002233 0.000041 0.000050 0.002581 0.006512 0.015883 0.000177 0.000070 0.000221 0.001606 0.000915 0.000192 0.011123 0.000234 0.000399 0.000938 0.003323 0.000906 0.010314 0.011574 0.000703 0.015273 0.127827 0.000876 0.022337 0.011544 0.000115 0.082335 0.029601 0.000008 0.000058 0.000361 0.005829 0.641788 0.023106 0.000457 0.000525 0.003486 0.000688 0.012624 0.001289 0.106558 0.387884 0.019490 0.036616 0.008378 
0.000041 0.000202 0.000574 0.000289 0.001663 0.000411 0.000400 0.002961 0.000292 0.001249 0.001002 0.000026 0.000361 0.000809 0.000604 0.000224 0.004339 0.002533 0.006496 0.001861 0.001069 0.000707 0.000149 0.000176 0.000420 0.002477 0.001024 0.000399 0.005219 0.004775 0.003903 0.002261 0.000686 0.000993 0.001924 0.001402 0.004193 0.004051 0.003018 0.003728 0.002298 0.000147 0.003041 0.001749 0.006609 0.002977 0.013713 0.007838 0.003059 0.001897 0.018086 0.001383 0.001000 0.003072 0.000126 0.000748 0.002195 0.007367 0.003547 0.026000 0.004466 0.007488 0.047539 0.006497 0.054348 0.003533 0.001070 0.008945 0.013640 0.008691 0.001131 
-0.000000 0.000040 0.000631 0.000079 0.001346 0.000386 0.000442 0.003982 0.000565 0.001088 0.000626 0.000015 0.000319 0.000809 0.000055 0.000097 0.002288 0.001802 0.007276 0.002459 0.000934 0.000418 0.000062 0.000228 0.001611 0.003242 0.000123 0.000112 0.004097 0.005915 0.009167 0.000665 0.000237 0.000381 0.001638 0.001437 0.001116 0.006695 0.001084 0.001065 0.000965 0.001063 0.001349 0.004372 0.006609 0.000753 0.008228 0.033550 0.000793 0.005813 0.006285 0.000215 0.016501 0.006747 0.000011 0.000097 0.000334 0.002607 0.172824 0.009262 0.000501 0.000477 0.003708 0.000496 0.006934 0.000574 0.013140 0.059441 0.005761 0.010187 0.001773 
0.000041 0.000081 0.000057 0.000131 0.000554 0.000334 0.000231 0.001940 0.000331 0.001329 0.001127 0.000039 0.000394 0.001071 0.000714 0.000143 0.004734 0.004110 0.004591 0.001695 0.000843 0.000868 0.000171 0.000196 0.000413 0.002997 0.000942 0.000486 0.006678 0.005915 0.004810 0.004122 0.001424 0.001845 0.002655 0.002526 0.008155 0.006935 0.007267 0.010786 0.004487 0.000226 0.007169 0.002533 0.011889 0.009468 0.028502 0.012893 0.011013 0.003903 0.070163 0.006390 0.001743 0.006905 0.000613 0.004546 0.011177 0.025825 0.005434 0.089578 0.035381 0.061095 0.407903 0.027712 0.190425 0.011765 0.002353 0.018107 0.037518 0.026429 0.002932 
0.000041 0.000040 0.000115 -0.000000 0.000158 0.000026 0.000063 0.000511 0.000049 0.000201 -0.000000 0.000006 0.000101 0.000339 -0.000000 0.000031 0.000947 0.000901 0.001906 0.000665 0.000241 0.000145 0.000059 0.000072 0.000287 0.001223 0.000205 0.000075 0.002581 0.002713 0.002904 0.000754 0.000343 0.000592 0.001399 0.001506 0.002000 0.005047 0.002022 0.002796 0.002542 0.000217 0.002920 0.002778 0.012553 0.003379 0.029416 0.017508 0.005979 0.006617 0.054899 0.002615 0.002843 0.013035 0.000213 0.001729 0.007780 0.039684 0.008151 0.227781 0.017379 0.026470 0.186300 0.043294 0.699590 0.083326 0.005236 0.046457 0.195739 0.093036 0.009548 
0.000041 0.000363 0.001090 0.000446 0.001346 0.000463 0.000757 0.004084 0.000478 0.002337 0.001879 0.000045 0.000612 0.001776 0.000823 0.000250 0.005286 0.004729 0.007536 0.003389 0.001325 0.001190 0.000205 0.000381 0.000588 0.004465 0.000860 0.000686 0.009372 0.008845 0.007215 0.003103 0.001090 0.001634 0.003673 0.002862 0.006886 0.008377 0.006154 0.007324 0.004419 0.000308 0.005941 0.003228 0.013287 0.005871 0.026243 0.020657 0.007481 0.004732 0.042778 0.002930 0.002257 0.007336 0.000226 0.001512 0.005173 0.018911 0.007924 0.075300 0.010329 0.013974 0.090258 0.014760 0.165415 0.013215 0.003614 0.026979 0.043846 0.031879 0.003552 
0.000041 0.000121 0.001319 0.000499 0.002851 0.000849 0.000926 0.007045 0.000799 0.002256 0.000376 0.000045 0.000537 0.002037 0.000439 0.000148 0.004339 0.004560 0.011953 0.003622 0.002184 0.000868 0.000133 0.000407 0.001394 0.005811 0.000614 0.000349 0.010045 0.012481 0.014430 0.002261 0.000747 0.001364 0.003816 0.002896 0.004462 0.011947 0.004132 0.004128 0.003045 0.000997 0.004108 0.007587 0.015490 0.003011 0.024630 0.050032 0.003212 0.010977 0.023537 0.001010 0.011444 0.018117 0.000074 0.000408 0.001683 0.009812 0.044904 0.039459 0.002075 0.002814 0.015871 0.002607 0.032775 0.003088 0.032798 0.352392 0.036175 0.065218 0.013352 
0.000082 0.000081 0.000287 0.000105 0.000634 0.000154 0.000252 0.001940 0.000107 0.000967 0.000877 0.000019 0.000252 0.000888 0.000220 0.000133 0.002683 0.002252 0.002425 0.001329 0.000482 0.000514 0.000099 0.000196 0.000161 0.001590 0.000573 0.000424 0.003592 0.002767 0.002042 0.001729 0.000677 0.000943 0.001367 0.001077 0.003462 0.002197 0.003077 0.004261 0.001577 0.000066 0.002819 0.000990 0.003741 0.003345 0.007367 0.005640 0.003143 0.000985 0.015585 0.002135 0.000557 0.001766 0.000218 0.001250 0.002283 0.004663 0.002264 0.013555 0.006408 0.024753 0.067860 0.003237 0.021573 0.001510 0.000563 0.004184 0.005492 0.004702 0.000598 
-0.000000 0.000323 0.001147 0.000367 0.001821 0.000540 0.000421 0.005207 0.000760 0.001370 0.001127 0.000037 0.000587 0.001279 0.000768 0.000173 0.004971 0.003885 0.009441 0.003190 0.001702 0.000772 0.000106 0.000488 0.001401 0.005230 0.000819 0.000212 0.008811 0.012644 0.011798 0.001684 0.000818 0.001153 0.004325 0.002989 0.004462 0.014453 0.004015 0.003906 0.003589 0.000930 0.003907 0.007317 0.018147 0.002844 0.029631 0.050545 0.004366 0.012922 0.030720 0.000989 0.010629 0.020629 0.000085 0.000640 0.002424 0.015122 0.038338 0.058706 0.002945 0.004769 0.024326 0.004380 0.056185 0.005823 0.025153 0.245917 0.074171 0.155833 0.038295 
-0.000000 0.000323 0.000631 0.000315 0.001188 0.000540 0.000484 0.002348 0.000195 0.001249 0.001628 0.000039 0.000377 0.001097 0.000604 0.000194 0.003787 0.002928 0.003032 0.001661 0.000783 0.000836 0.000158 0.000182 0.000336 0.002722 0.001065 0.000486 0.007239 0.004938 0.004492 0.002793 0.000905 0.001705 0.002178 0.002051 0.005309 0.005424 0.005099 0.007279 0.003304 0.000172 0.005236 0.002070 0.009161 0.005587 0.020381 0.011134 0.006536 0.003267 0.040020 0.003832 0.001314 0.004077 0.000390 0.002455 0.005654 0.013325 0.004151 0.044331 0.016667 0.038202 0.184669 0.011284 0.092694 0.005713 0.001509 0.013706 0.020207 0.014176 0.001872 
0.000041 0.000121 0.000516 0.000079 0.001742 0.000514 0.000526 0.005207 0.000789 0.000645 0.000251 0.000017 0.000503 0.001201 0.000110 0.000087 0.001657 0.001914 0.007276 0.002459 0.001310 0.000386 0.000068 0.000286 0.001513 0.004282 0.000369 0.000100 0.004770 0.006403 0.010619 0.000576 0.000246 0.000632 0.001828 0.001379 0.001462 0.008377 0.001553 0.001154 0.001319 0.001206 0.001450 0.005555 0.008182 0.001204 0.013068 0.048420 0.001210 0.008803 0.010775 0.000437 0.018744 0.010307 0.000032 0.000157 0.000596 0.004080 0.137127 0.013893 0.000809 0.000906 0.004969 0.000921 0.010372 0.001037 0.029184 0.123067 0.011282 0.020659 0.003711 
-0.000000 -0.000000 -0.000000 -0.000000 0.000079 -0.000000 0.000021 0.000102 0.000078 -0.000000 -0.000000 -0.000000 0.000008 -0.000000 -0.000000 0.000005 0.000079 0.000056 0.000433 0.000066 -0.000000 -0.000000 -0.000000 0.000003 0.000294 0.000153 -0.000000 -0.000000 0.000168 0.000597 0.001679 -0.000000 0.000009 0.000010 0.000270 0.000243 -0.000000 0.002163 0.000029 0.000044 0.000190 0.000575 0.000141 0.002546 0.004685 0.000067 0.008443 0.040949 0.000264 0.010328 0.005516 0.000064 0.015201 0.023098 0.000010 0.000030 0.000240 0.005149 0.079997 0.031162 0.000255 0.000143 0.003041 0.000612 0.012031 0.001996 0.151144 2.232585 0.049129 0.157827 0.056347 
-0.000000 -0.000000 0.000459 0.000052 0.000475 0.000026 0.000147 0.001123 0.000312 0.000363 0.000251 0.000007 0.000210 0.000470 -0.000000 0.000061 0.000552 0.001126 0.002772 0.001196 0.000497 0.000209 0.000031 0.000162 0.000777 0.002080 0.000123 0.000087 0.003030 0.004233 0.007215 0.000887 0.000308 0.000451 0.002242 0.001865 0.001962 0.007999 0.001494 0.002131 0.002107 0.000482 0.002678 0.004514 0.015665 0.002409 0.029039 0.034795 0.003365 0.010412 0.032708 0.001311 0.006615 0.019552 0.000081 0.000604 0.002910 0.020271 0.023697 0.109404 0.004307 0.006248 0.041384 0.007972 0.121675 0.014945 0.016337 0.160722 0.289997 0.504541 0.043670 
-0.000000 -0.000000 -0.000000 0.000026 -0.000000 -0.000000 0.000021 0.000102 -0.000000 0.000081 -0.000000 0.000004 0.000017 0.000052 -0.000000 0.000015 0.000237 0.000281 -0.000000 -0.000000 0.000030 0.000096 0.000009 0.000009 0.000007 0.000092 0.000164 0.000037 0.000393 0.000271 0.000091 0.000709 0.000114 0.000110 0.000095 0.000116 0.001000 0.000275 0.000938 0.002264 0.000408 0.000011 0.000967 0.000180 0.001014 0.001623 0.002958 0.000733 0.001919 0.000180 0.010518 0.002543 0.000071 0.000531 0.000553 0.002510 0.002257 0.003157 0.000453 0.009358 0.009977 0.142411 0.122964 0.003738 0.022877 0.001432 0.000124 0.001010 0.004179 0.002529 0.000247 
0.000041 0.000162 0.000688 0.000131 0.002217 0.000437 0.000526 0.003267 0.000731 0.000685 0.000125 0.000021 0.000436 0.000836 0.000165 0.000077 0.002209 0.002759 0.007709 0.002293 0.000919 0.000354 0.000056 0.000254 0.001331 0.003792 0.000410 0.000100 0.005668 0.008302 0.010755 0.000931 0.000343 0.000662 0.002417 0.002028 0.002616 0.011432 0.001641 0.001642 0.001808 0.001104 0.001933 0.006713 0.011819 0.001472 0.016725 0.052816 0.002239 0.010556 0.015777 0.000587 0.015558 0.015791 0.000027 0.000221 0.001045 0.007173 0.082563 0.028605 0.001239 0.001812 0.010605 0.001680 0.021218 0.002382 0.068727 0.395747 0.026445 0.051647 0.011217 
