# Flux Network Reconstruction using RW method
# Walkers leave from emitting cells
# Probability involves emitting fluxes, then absorbing flux is shared among connections
# Seed: 1684539207
# Threshold: 0.5
# Precision: 100000.0
# Dt: 1.0
# Radius step: 5.000000
# Matrix output


0.001007 0.000400 0.001998 0.022645 0.019810 0.001878 0.008511 0.016994 0.014590 0.000147 0.000744 0.008472 0.014852 0.006995 0.020951 0.001081 0.007647 0.002377 0.001914 0.000238 0.000800 0.000123 0.000708 0.000220 0.000864 0.001291 0.000776 0.002256 0.000778 0.000179 0.000535 0.002014 0.000335 0.000004 0.000196 0.000153 0.000050 0.000061 0.000021 0.000105 0.000033 0.000057 0.000064 0.000054 0.000064 0.000004 0.000021 0.000112 0.000033 0.000105 -0.000000 0.000047 -0.000000 0.000035 -0.000000 -0.000000 0.000037 -0.000000 -0.000000 -0.000000 0.000041 -0.000000 -0.000000 -0.000000 0.000006 -0.000000 -0.000000 -0.000000 
0.024384 0.005799 0.030107 0.083924 0.010329 0.020595 0.037912 0.094031 0.008025 0.002402 0.005850 0.009510 0.038136 0.006100 0.015477 0.007218 0.029356 0.004672 0.008761 0.001443 0.005600 0.000197 0.002994 0.000447 0.001296 0.002012 0.003288 0.003385 0.004233 0.001853 0.001295 0.004228 0.001005 0.000029 0.000391 0.000245 0.000150 0.000304 0.000047 0.000738 0.000327 0.000128 0.000290 0.000054 0.000191 0.000011 0.000207 0.000337 0.000098 0.000105 0.000070 0.000047 0.000021 0.000071 0.000253 0.000094 0.000074 0.000048 0.000009 0.000088 0.000123 0.000049 -0.000000 0.000013 0.000006 -0.000000 -0.000000 -0.000000 
0.009012 0.385387 0.142542 0.001683 0.000161 0.142723 0.002078 0.013757 0.000304 0.046072 0.017705 0.000449 0.003326 0.000199 -0.000000 0.006813 0.004934 0.000228 0.003277 0.003303 0.042485 0.000013 0.003123 0.000083 0.000144 0.000342 0.003214 0.000141 0.013737 0.012730 0.000197 0.000403 0.000377 0.000033 0.003666 0.000674 0.000100 0.000213 0.000016 0.000263 0.001209 0.000071 0.000708 0.000033 0.002042 0.000011 0.000311 0.000112 0.000115 -0.000000 0.000770 0.000190 -0.000000 -0.000000 0.000203 0.000094 0.000111 -0.000000 0.000041 0.000969 -0.000000 -0.000000 -0.000000 -0.000000 -0.000000 -0.000000 0.000353 0.000009 
0.003658 0.471073 0.054885 0.000371 0.000011 0.127386 0.000398 0.004208 -0.000000 0.322306 0.027198 -0.000000 0.000696 -0.000000 -0.000000 0.004947 0.001398 0.000016 0.001493 0.004615 0.116613 0.000003 0.001610 0.000029 -0.000000 -0.000000 0.002919 -0.000000 0.024450 0.035500 0.000113 -0.000000 0.000126 0.000026 0.013198 0.000582 0.000050 0.000182 -0.000000 0.000053 0.001829 0.000028 0.000579 -0.000000 0.004340 0.000011 0.000394 -0.000000 0.000098 -0.000000 0.002556 0.000854 -0.000000 -0.000000 0.000152 -0.000000 0.000037 -0.000000 0.000046 0.003258 -0.000000 -0.000000 -0.000000 0.000013 -0.000000 -0.000000 0.000201 0.000009 
0.023483 0.005699 0.031506 0.320402 0.059494 0.020344 0.084298 0.153265 0.038725 0.001323 0.006184 0.035152 0.087721 0.019527 0.043790 0.007651 0.045144 0.010614 0.013369 0.001109 0.006933 0.000505 0.003959 0.000688 0.002945 0.003492 0.002069 0.009167 0.002678 0.000956 0.001380 0.005638 0.001256 0.000025 0.000293 0.000184 0.000050 0.000091 0.000042 0.000263 0.000131 0.000185 0.000193 0.000033 0.000255 0.000011 0.000041 0.000337 -0.000000 0.000070 0.000035 0.000071 0.000017 0.000035 0.000152 -0.000000 0.000111 -0.000000 0.000005 0.000088 -0.000000 -0.000000 -0.000000 0.000013 -0.000000 -0.000000 -0.000000 -0.000000 
0.134219 0.030745 0.141343 0.068060 0.007304 0.081565 0.055512 0.210477 0.009970 0.008038 0.024632 0.014448 0.074880 0.007725 0.022084 0.024629 0.073266 0.008530 0.027030 0.006404 0.032175 0.000469 0.014389 0.001358 0.003185 0.004821 0.010086 0.005218 0.019784 0.008785 0.003491 0.020538 0.003140 0.000129 0.002395 0.001409 0.000551 0.001245 0.000246 0.003056 0.001013 0.000855 0.001384 0.000434 0.001787 0.000127 0.000643 0.002694 0.000180 0.000843 0.000315 0.000593 0.000037 0.000318 0.001164 0.000753 0.000445 0.000192 0.000023 0.000264 0.000246 0.000318 0.000307 0.000026 0.000028 0.000007 0.000353 0.000009 
0.008375 0.163573 0.107239 0.003886 0.000547 0.115681 0.004337 0.026704 0.001641 0.025143 0.020578 0.002553 0.015703 0.001227 0.003964 0.014896 0.022366 0.002702 0.011065 0.006404 0.049418 0.000169 0.012168 0.000688 0.001712 0.003037 0.012893 0.004090 0.030843 0.018587 0.003548 0.015706 0.004229 0.000200 0.007870 0.003920 0.001540 0.003432 0.000398 0.005427 0.004051 0.001268 0.003765 0.000434 0.006701 0.000333 0.002240 0.005948 0.001575 0.001581 0.001926 0.001778 0.000117 0.001165 0.004050 0.002541 0.001818 0.000817 0.000198 0.002466 0.000778 0.000880 0.000460 0.000232 0.000102 0.000085 0.001712 0.000104 
0.046754 0.021097 0.087590 0.076796 0.008655 0.060720 0.062451 0.217436 0.011551 0.008675 0.022528 0.020480 0.098706 0.011372 0.033597 0.024818 0.090616 0.012209 0.031119 0.006141 0.038752 0.000744 0.017222 0.001982 0.005586 0.008351 0.014076 0.011282 0.022808 0.009443 0.006251 0.032418 0.007160 0.000185 0.003910 0.003001 0.001089 0.003098 0.000460 0.005111 0.002156 0.001239 0.002285 0.000814 0.003957 0.000244 0.001348 0.006173 0.000673 0.001898 0.000980 0.000688 0.000154 0.001059 0.000962 0.001600 0.001113 0.000577 0.000129 0.001321 0.000655 0.000636 0.000460 0.000181 0.000068 0.000026 0.000806 0.000033 
0.009701 0.006449 0.023113 0.159186 0.071045 0.018717 0.060174 0.139104 0.056659 0.003382 0.007159 0.054061 0.120597 0.035640 0.099659 0.011409 0.069812 0.018476 0.020216 0.002623 0.012799 0.001134 0.009303 0.001618 0.007666 0.013020 0.006872 0.025103 0.010108 0.004602 0.006194 0.030606 0.005359 0.000080 0.001369 0.001194 0.000601 0.001093 0.000351 0.002266 0.000653 0.000798 0.000965 0.000401 0.001085 0.000120 0.000581 0.003255 0.000230 0.000879 -0.000000 0.000285 0.000067 0.000848 0.000506 0.000894 0.000891 0.000433 0.000009 0.000176 0.000205 0.000220 0.000230 0.000077 0.000034 0.000029 0.000201 0.000033 
0.000371 0.000600 0.001865 0.012127 0.022738 0.001440 0.006505 0.017560 0.074046 0.000098 0.000744 0.016328 0.020731 0.018301 0.062664 0.001000 0.008798 0.004005 0.002661 0.000250 0.001422 0.000263 0.000837 0.000274 0.002289 0.003075 0.000887 0.008180 0.001037 0.000359 0.001042 0.004833 0.000796 0.000011 0.000196 0.000184 0.000088 0.000091 0.000037 0.000316 0.000033 0.000085 0.000064 0.000098 0.000128 0.000014 0.000021 0.000898 0.000033 0.000105 -0.000000 0.000024 0.000004 0.000071 0.000051 0.000141 0.000111 0.000048 0.000005 0.000088 0.000041 0.000073 -0.000000 0.000026 0.000006 0.000003 -0.000000 -0.000000 
0.002067 0.001400 0.002731 0.034476 0.079347 0.002817 0.015540 0.037305 0.304147 0.000294 0.001206 0.055716 0.049972 0.064252 0.200073 0.001947 0.019406 0.008432 0.003440 0.000227 0.001333 0.000628 0.001223 0.000447 0.003889 0.007592 0.000961 0.017347 0.001382 0.000478 0.001718 0.007652 0.000879 0.000019 0.000098 0.000061 0.000025 0.000152 0.000073 0.000211 0.000033 0.000157 0.000032 0.000043 -0.000000 0.000004 -0.000000 0.000112 -0.000000 0.000141 -0.000000 0.000024 0.000017 0.000071 0.000051 0.000094 -0.000000 0.000144 -0.000000 -0.000000 0.000041 -0.000000 -0.000000 -0.000000 -0.000000 -0.000000 -0.000000 -0.000000 
0.021363 0.384837 0.339769 0.010716 0.001448 0.547668 0.011710 0.079870 0.002614 0.069059 0.074565 0.005330 0.034887 0.003050 0.010381 0.041282 0.048597 0.004623 0.029237 0.018531 0.156699 0.000276 0.028167 0.001470 0.002257 0.003340 0.028410 0.006487 0.075423 0.046377 0.005350 0.021344 0.005611 0.000359 0.017646 0.006339 0.002041 0.004647 0.000445 0.007429 0.008265 0.001610 0.004892 0.000651 0.011232 0.000357 0.004044 0.005612 0.002018 0.001792 0.004026 0.002513 0.000079 0.000918 0.004860 0.002071 0.001855 0.000673 0.000309 0.004755 0.000573 0.000954 0.000230 0.000361 0.000091 0.000052 0.001259 0.000080 
0.001166 0.000700 0.002531 0.017374 0.032605 0.001941 0.009089 0.020797 0.255026 0.000392 0.000821 0.035517 0.032799 0.045155 0.167797 0.001541 0.015295 0.005991 0.003797 0.000250 0.001422 0.000513 0.001062 0.000461 0.003793 0.006301 0.001071 0.015795 0.000778 0.000538 0.001520 0.008658 0.001172 0.000009 0.000147 0.000214 0.000063 0.000061 0.000047 0.000263 0.000098 0.000171 0.000097 0.000076 0.000064 0.000014 0.000041 0.000337 0.000016 0.000176 -0.000000 -0.000000 0.000021 0.000141 0.000051 -0.000000 0.000037 0.000144 -0.000000 0.000088 0.000082 0.000024 -0.000000 -0.000000 -0.000000 -0.000000 -0.000000 -0.000000 
0.006043 0.366190 0.098847 0.001485 0.000129 0.233364 0.002187 0.020959 0.000122 1.058865 0.077028 0.000505 0.005260 0.000133 0.000377 0.023656 0.012992 0.000602 0.008923 0.020475 0.386191 0.000035 0.013842 0.000263 0.000192 0.000266 0.021132 0.000423 0.140651 0.164950 0.000985 0.003222 0.001340 0.000295 0.058559 0.004563 0.000826 0.002308 0.000047 0.002160 0.012772 0.000370 0.005761 0.000141 0.027824 0.000163 0.004210 0.001347 0.001903 0.000211 0.011063 0.005477 0.000004 0.000106 0.003544 0.000376 0.000557 0.000048 0.000410 0.015058 0.000082 0.000269 -0.000000 0.000026 0.000011 0.000026 0.001158 0.000090 
0.018500 0.273705 0.233528 0.009627 0.001255 0.489076 0.013390 0.102851 0.002553 0.157379 0.206297 0.005499 0.046104 0.002918 0.007361 0.086025 0.081407 0.006316 0.047570 0.048761 0.473651 0.000332 0.056044 0.002180 0.002545 0.004062 0.058261 0.006205 0.199486 0.115764 0.006645 0.029197 0.007495 0.000700 0.039398 0.011270 0.003569 0.008444 0.000507 0.012909 0.015484 0.002479 0.012583 0.000900 0.024123 0.000683 0.006180 0.010326 0.003807 0.001933 0.007667 0.004932 0.000129 0.001624 0.007898 0.002918 0.002672 0.000866 0.000654 0.009686 0.000737 0.001003 0.000691 0.000232 0.000136 0.000098 0.002367 0.000137 
0.009330 0.007449 0.028242 0.096002 0.047535 0.023286 0.080883 0.257735 0.122802 0.004460 0.012368 0.237199 0.406271 0.116203 0.309358 0.020628 0.197102 0.070763 0.043806 0.004675 0.022931 0.004348 0.020956 0.005566 0.027304 0.044262 0.014741 0.075169 0.017884 0.006156 0.018076 0.087993 0.015492 0.000213 0.002444 0.003430 0.001528 0.002794 0.000842 0.005691 0.001307 0.001923 0.001770 0.001269 0.001851 0.000244 0.000788 0.007856 0.000427 0.002530 0.000595 0.000379 0.000216 0.001872 0.001063 0.001318 0.001410 0.001202 0.000032 0.000440 0.001065 0.000587 0.000767 0.000194 0.000051 0.000026 0.000554 0.000024 
0.006679 0.007099 0.021048 0.052914 0.034171 0.018091 0.042393 0.148006 0.123410 0.002892 0.009981 0.241295 0.239725 0.131388 0.353903 0.016383 0.137733 0.052401 0.032125 0.003959 0.018843 0.003982 0.017544 0.004381 0.027560 0.048171 0.012893 0.079682 0.018661 0.006514 0.020160 0.095242 0.017041 0.000216 0.002346 0.003369 0.001603 0.003706 0.001172 0.006218 0.001633 0.002122 0.002671 0.001757 0.002616 0.000432 0.001161 0.010550 0.000673 0.003409 0.000595 0.000640 0.000287 0.002366 0.002380 0.003153 0.001484 0.001635 0.000041 0.000881 0.001146 0.000905 0.000844 0.000258 0.000096 0.000055 0.000655 0.000052 
0.000636 0.002600 0.005395 0.003267 0.000955 0.005258 0.004084 0.028323 0.002493 0.002108 0.003746 0.005274 0.040302 0.003547 0.010570 0.004461 0.034783 0.005144 0.010513 0.001693 0.011377 0.000366 0.006953 0.000969 0.002465 0.004707 0.004803 0.006769 0.006480 0.003287 0.002956 0.019129 0.003559 0.000108 0.002737 0.002144 0.001102 0.002825 0.000398 0.004690 0.001633 0.001011 0.001738 0.000640 0.002106 0.000234 0.000975 0.005948 0.000771 0.001546 0.000735 0.000735 0.000104 0.001766 0.001873 0.001741 0.001150 0.000914 0.000078 0.000440 0.000819 0.000563 0.000537 0.000374 0.000193 0.000062 0.000756 0.000085 
0.003499 0.005849 0.015520 0.023982 0.010725 0.016651 0.021847 0.093788 0.041157 0.005489 0.010469 0.122345 0.176216 0.057190 0.170628 0.016464 0.118985 0.045092 0.033130 0.004818 0.023998 0.003406 0.018638 0.004435 0.024007 0.044300 0.015553 0.065720 0.024363 0.011953 0.020920 0.112558 0.020349 0.000356 0.004741 0.006094 0.002905 0.005376 0.001585 0.011697 0.003887 0.003860 0.004377 0.002614 0.005616 0.000669 0.002240 0.020539 0.001707 0.006150 0.001225 0.001233 0.000412 0.004485 0.004101 0.005177 0.003674 0.003606 0.000226 0.002201 0.003030 0.001761 0.002379 0.000658 0.000255 0.000130 0.001360 0.000151 
0.001272 0.029195 0.013322 0.000421 0.000086 0.029233 0.000795 0.008092 0.000061 0.210460 0.012829 0.000365 0.003558 0.000265 0.000944 0.006624 0.005592 0.000749 0.003797 0.006630 0.090393 0.000034 0.007533 0.000328 0.000208 0.000493 0.012487 0.000705 0.066178 0.100106 0.001042 0.005638 0.001717 0.000309 0.071121 0.005390 0.001578 0.003675 0.000126 0.004848 0.019436 0.001054 0.009140 0.000271 0.046841 0.000379 0.006822 0.003143 0.004890 0.000773 0.023772 0.012519 0.000025 0.000388 0.010683 0.001694 0.001558 0.000385 0.001566 0.029940 0.000368 0.000880 0.000077 0.000271 0.000091 0.000091 0.005540 0.000260 
0.000901 0.000250 0.001932 0.005915 0.005341 0.001252 0.004590 0.015618 0.112710 0.000098 0.000847 0.063066 0.040766 0.189539 2.463917 0.001271 0.021297 0.015660 0.004835 0.000394 0.002222 0.002886 0.002350 0.001484 0.027528 0.091636 0.002734 0.486696 0.002505 0.000239 0.011966 0.074502 0.009128 0.000036 0.000147 0.000612 0.000150 0.000516 0.000685 0.001423 0.000131 0.000556 0.000064 0.000781 -0.000000 0.000039 0.000041 0.003143 0.000016 0.001054 -0.000000 -0.000000 0.000208 0.001130 0.000152 0.000471 0.000260 0.001250 -0.000000 -0.000000 0.000450 0.000049 0.000307 0.000052 0.000028 0.000013 0.000151 0.000005 
0.007103 0.074938 0.070338 0.005816 0.001158 0.119499 0.007246 0.057131 0.003769 0.120326 0.090601 0.005863 0.037440 0.003514 0.010947 0.060747 0.069237 0.007016 0.041470 0.054104 0.965878 0.000447 0.070015 0.002558 0.004273 0.007706 0.097976 0.010013 0.397071 0.220232 0.011938 0.057789 0.014487 0.001586 0.074983 0.028450 0.008916 0.022598 0.001177 0.031667 0.030968 0.005940 0.028449 0.002376 0.055329 0.001939 0.017025 0.026712 0.009763 0.005763 0.016105 0.012448 0.000291 0.004697 0.022935 0.009459 0.008386 0.001875 0.001685 0.020605 0.003480 0.004207 0.001842 0.001330 0.000420 0.000274 0.008965 0.000525 
0.007633 0.024946 0.047492 0.018389 0.004612 0.062410 0.022407 0.173172 0.014894 0.018135 0.048393 0.030411 0.208396 0.019362 0.062287 0.097947 0.452669 0.039248 0.247196 0.026151 0.120701 0.002914 0.150170 0.019001 0.024935 0.041832 0.114379 0.053168 0.131839 0.051637 0.055411 0.251494 0.053259 0.001571 0.018281 0.022815 0.010882 0.023630 0.003725 0.042364 0.011890 0.011410 0.016477 0.005825 0.017103 0.001915 0.007279 0.047700 0.004135 0.013670 0.004551 0.003794 0.000803 0.008793 0.012607 0.013694 0.010204 0.006780 0.000493 0.005019 0.005282 0.004109 0.003223 0.001136 0.000578 0.000375 0.002619 0.000469 
0.008852 0.041093 0.063677 0.009999 0.002327 0.095274 0.012703 0.105360 0.004499 0.041759 0.104098 0.011867 0.088185 0.007194 0.025292 0.169563 0.165938 0.014390 0.112858 0.101553 0.358193 0.001045 0.265800 0.006874 0.009443 0.017044 0.248744 0.023411 0.342297 0.108951 0.026917 0.131889 0.033455 0.002101 0.035487 0.031114 0.012297 0.026273 0.002438 0.038412 0.021821 0.009615 0.023203 0.004155 0.031143 0.002010 0.011675 0.036925 0.006711 0.009874 0.007352 0.006426 0.000512 0.005650 0.016657 0.011859 0.009499 0.003943 0.000916 0.008189 0.004094 0.003864 0.002456 0.000904 0.000544 0.000280 0.004684 0.000412 
0.000901 0.001800 0.005462 0.007821 0.005052 0.003693 0.006885 0.034230 0.053376 0.001225 0.003053 0.055239 0.064282 0.099759 0.645707 0.005867 0.045308 0.020625 0.013466 0.001634 0.008710 0.003451 0.007340 0.002961 0.039883 0.121966 0.007426 0.616020 0.010540 0.003825 0.026129 0.160280 0.023029 0.000184 0.001564 0.002848 0.001327 0.003250 0.001732 0.006376 0.001339 0.002792 0.001352 0.002408 0.001595 0.000319 0.000788 0.014254 0.000263 0.004849 0.000385 0.000474 0.000541 0.004379 0.001671 0.003435 0.001670 0.003943 0.000023 0.000352 0.001842 0.001003 0.003453 0.000361 0.000125 0.000052 0.000655 0.000052 
0.002067 0.031645 0.026377 0.002450 0.000472 0.043443 0.002566 0.022577 0.001216 0.137774 0.026531 0.002357 0.014620 0.001525 0.006040 0.018951 0.025244 0.002572 0.014050 0.013344 0.155454 0.000221 0.024047 0.001052 0.001889 0.004290 0.033397 0.004795 0.137627 0.151623 0.005547 0.037452 0.009002 0.000867 0.091260 0.018711 0.006762 0.016401 0.000895 0.020918 0.039657 0.004444 0.024072 0.001833 0.073070 0.001511 0.017191 0.020539 0.011732 0.005166 0.026257 0.019229 0.000246 0.003743 0.030024 0.008235 0.009833 0.001923 0.002252 0.034959 0.003153 0.004304 0.002609 0.001356 0.000539 0.000427 0.011232 0.000620 
0.003393 0.009298 0.021115 0.013290 0.004762 0.021721 0.013770 0.087557 0.019819 0.007450 0.016216 0.038070 0.155175 0.026788 0.097772 0.028306 0.169967 0.045352 0.053022 0.008586 0.047729 0.004530 0.037824 0.013132 0.039419 0.066089 0.033989 0.077849 0.051491 0.019603 0.053130 0.249279 0.050580 0.000784 0.010021 0.014883 0.005923 0.015156 0.003646 0.028769 0.007219 0.008134 0.010524 0.005565 0.011232 0.001479 0.005163 0.046129 0.003298 0.013670 0.002976 0.002466 0.000966 0.010523 0.009873 0.012894 0.008312 0.007405 0.000378 0.003610 0.005609 0.003889 0.005065 0.001588 0.000675 0.000408 0.003173 0.000398 
0.005354 0.043843 0.049357 0.006460 0.001351 0.083505 0.007897 0.062633 0.003344 0.059305 0.076361 0.007715 0.049430 0.005901 0.017554 0.071156 0.086094 0.008644 0.050491 0.064204 0.599596 0.000741 0.096476 0.003714 0.006146 0.012375 0.135585 0.017770 0.456165 0.167460 0.016133 0.089805 0.023782 0.001952 0.058706 0.033809 0.012597 0.028125 0.002176 0.042416 0.030935 0.008176 0.030895 0.003591 0.049968 0.002357 0.017108 0.039170 0.011667 0.010050 0.013199 0.010954 0.000499 0.007487 0.028049 0.013177 0.011540 0.004328 0.001409 0.014882 0.004381 0.004793 0.002686 0.001782 0.000822 0.000522 0.008663 0.000667 
0.003234 0.041293 0.034103 0.002896 0.000665 0.056338 0.003144 0.027432 0.001824 0.156154 0.031124 0.003675 0.019958 0.001989 0.006795 0.022844 0.033303 0.003125 0.018269 0.018341 0.233048 0.000269 0.032191 0.001344 0.002401 0.005770 0.044591 0.007193 0.181256 0.212941 0.006729 0.039667 0.010844 0.001021 0.112279 0.024040 0.008202 0.018953 0.001015 0.025239 0.044589 0.004914 0.029350 0.001887 0.083791 0.001649 0.020239 0.024467 0.013718 0.005271 0.029478 0.019229 0.000291 0.005050 0.032758 0.012188 0.009574 0.002645 0.002574 0.034783 0.003562 0.004842 0.001919 0.001343 0.000533 0.000414 0.011937 0.000790 
0.006785 0.039893 0.052820 0.009380 0.001834 0.077872 0.010734 0.087476 0.006626 0.043915 0.076951 0.010885 0.071631 0.007426 0.020574 0.101840 0.127126 0.011542 0.075931 0.079695 0.361926 0.000960 0.178080 0.005480 0.009235 0.016247 0.247747 0.020308 0.379619 0.125924 0.023623 0.124841 0.033748 0.002222 0.043944 0.036963 0.014238 0.031345 0.002809 0.049003 0.028877 0.010256 0.027677 0.004448 0.041800 0.002499 0.015345 0.042313 0.009337 0.011561 0.009943 0.008678 0.000579 0.007946 0.023037 0.014541 0.012913 0.004616 0.001234 0.012064 0.006223 0.005698 0.003760 0.001536 0.000595 0.000404 0.007757 0.000648 
0.001166 0.003349 0.006861 0.006633 0.003421 0.007700 0.006813 0.029779 0.024743 0.002549 0.005106 0.034703 0.058403 0.045752 0.228008 0.007651 0.055504 0.019306 0.014570 0.002552 0.014754 0.002888 0.011492 0.003260 0.034474 0.110844 0.010492 0.317177 0.014946 0.007172 0.028269 0.167327 0.029016 0.000276 0.002884 0.005390 0.002254 0.005406 0.002166 0.009590 0.002973 0.003461 0.003669 0.003168 0.003638 0.000619 0.001825 0.022223 0.001034 0.007590 0.001365 0.001138 0.000658 0.006710 0.003443 0.005835 0.003674 0.005674 0.000157 0.001057 0.004135 0.002323 0.001765 0.000800 0.000255 0.000134 0.001310 0.000147 
0.005778 0.051292 0.052621 0.004777 0.000987 0.082253 0.006487 0.049362 0.002979 0.091065 0.069561 0.005386 0.037208 0.003382 0.014911 0.058774 0.068168 0.007293 0.043384 0.053531 0.680923 0.000502 0.084308 0.002843 0.004737 0.009832 0.129046 0.010295 0.687963 0.300735 0.016161 0.075509 0.019637 0.002180 0.083097 0.038647 0.014325 0.030980 0.002061 0.043418 0.047235 0.008005 0.038619 0.003276 0.071666 0.002537 0.020799 0.032885 0.013833 0.007485 0.019255 0.015341 0.000433 0.005686 0.033416 0.013600 0.012097 0.002933 0.001616 0.021486 0.004053 0.005821 0.001919 0.001239 0.000601 0.000447 0.009872 0.000634 
0.001060 0.002300 0.005329 0.004950 0.002403 0.006635 0.004734 0.026138 0.018967 0.001911 0.003926 0.025277 0.043164 0.029739 0.153075 0.006597 0.044568 0.014993 0.012103 0.002421 0.014132 0.002456 0.011299 0.002954 0.033561 0.121321 0.011194 0.635906 0.010886 0.006455 0.033365 0.231761 0.036051 0.000255 0.002982 0.005757 0.002529 0.005953 0.002909 0.012224 0.002613 0.004330 0.003283 0.004437 0.002936 0.000619 0.001244 0.030191 0.001034 0.009945 0.001190 0.000735 0.000986 0.008228 0.004050 0.006118 0.004750 0.007501 0.000083 0.000881 0.004954 0.001981 0.003684 0.000839 0.000369 0.000150 0.001259 0.000180 
0.003075 0.017397 0.024112 0.004381 0.001191 0.033803 0.006035 0.041998 0.004377 0.021320 0.026762 0.008529 0.043242 0.004807 0.018497 0.037795 0.065125 0.008823 0.036927 0.022312 0.143366 0.000731 0.064253 0.003275 0.006978 0.012565 0.126792 0.020308 0.213309 0.074467 0.018161 0.106115 0.028179 0.001858 0.033337 0.033533 0.012985 0.029917 0.002637 0.047527 0.024728 0.009515 0.024426 0.004784 0.038864 0.002729 0.014059 0.052750 0.009173 0.013670 0.009593 0.008109 0.000674 0.010841 0.026986 0.017271 0.016550 0.006732 0.001193 0.011183 0.007288 0.006041 0.005065 0.002311 0.000919 0.000626 0.007958 0.000724 
0.004824 0.013148 0.025578 0.012375 0.003228 0.030861 0.013462 0.086505 0.012159 0.014214 0.025479 0.025866 0.140787 0.019428 0.067761 0.045527 0.220209 0.035015 0.089365 0.016397 0.088171 0.003453 0.093192 0.022211 0.036346 0.068784 0.088666 0.080246 0.115078 0.041895 0.114060 0.556751 0.121425 0.002046 0.020090 0.033196 0.015440 0.035445 0.007774 0.066865 0.013230 0.019871 0.021337 0.012225 0.019400 0.003075 0.009083 0.097083 0.005267 0.026777 0.004341 0.004671 0.001723 0.019069 0.014683 0.022071 0.015993 0.013896 0.000566 0.005988 0.011791 0.007313 0.008288 0.002698 0.001038 0.000457 0.006195 0.000601 
0.004241 0.026196 0.031972 0.006286 0.001502 0.044507 0.007969 0.059073 0.005167 0.031907 0.041747 0.009735 0.056856 0.007990 0.025292 0.054367 0.107966 0.012160 0.060355 0.034726 0.217849 0.001097 0.126027 0.006135 0.010307 0.019929 0.251921 0.025244 0.374954 0.135128 0.035223 0.182630 0.050580 0.004559 0.051960 0.070404 0.026459 0.064816 0.004536 0.095476 0.038938 0.019045 0.049657 0.007767 0.053032 0.004979 0.022935 0.079013 0.012258 0.020698 0.011833 0.010978 0.001103 0.014761 0.033669 0.026071 0.022524 0.008319 0.001575 0.015586 0.009622 0.010321 0.006830 0.002840 0.001270 0.000877 0.010527 0.001027 
0.000053 0.000100 0.000133 0.000421 0.000343 0.000313 0.000452 0.002751 0.004195 0.000098 0.000231 0.007042 0.006034 0.012698 0.086824 0.000649 0.006085 0.003435 0.001395 0.000131 0.000533 0.000873 0.001223 0.000764 0.013764 0.078502 0.001626 1.227528 0.000864 0.000418 0.019259 0.170348 0.018884 0.000024 0.000098 0.000367 0.000200 0.000395 0.001679 0.001844 0.000033 0.001168 0.000225 0.002235 0.000064 0.000046 -0.000000 0.006622 0.000016 0.003268 -0.000000 -0.000000 0.000874 0.003214 0.000253 0.001224 0.000557 0.004279 -0.000000 -0.000000 0.001597 0.000171 0.001535 0.000090 0.000040 0.000013 -0.000000 -0.000000 
0.003605 0.025346 0.028375 0.003712 0.000590 0.045133 0.004228 0.039813 0.001337 0.051169 0.047546 0.004292 0.033727 0.002851 0.009060 0.061477 0.081735 0.007114 0.051626 0.052315 0.380147 0.000574 0.158733 0.005566 0.006210 0.011464 0.412406 0.014667 1.114494 0.283762 0.030352 0.132694 0.044299 0.007709 0.082315 0.095822 0.030404 0.067307 0.003102 0.095160 0.053573 0.016794 0.063109 0.005272 0.060243 0.004491 0.028306 0.047924 0.013341 0.009628 0.012639 0.010314 0.000433 0.006533 0.032504 0.014494 0.013284 0.003991 0.001234 0.013825 0.003357 0.005870 0.002226 0.001007 0.000482 0.000329 0.006951 0.000568 
0.002385 0.032395 0.026443 0.002772 0.000493 0.048764 0.002964 0.027837 0.001277 0.083027 0.040387 0.002581 0.020112 0.001658 0.007927 0.035821 0.045966 0.004005 0.026738 0.033807 0.392502 0.000289 0.065669 0.002572 0.003473 0.005276 0.133737 0.007193 0.823257 0.753870 0.012783 0.068663 0.020391 0.004547 0.189608 0.078734 0.023567 0.053821 0.001737 0.063598 0.107798 0.010612 0.084768 0.003222 0.139120 0.003999 0.045704 0.037150 0.024351 0.007450 0.030389 0.024517 0.000304 0.006356 0.053263 0.017318 0.015919 0.003029 0.002874 0.034430 0.003112 0.006701 0.001765 0.001472 0.000726 0.000714 0.015714 0.001122 
0.000954 0.001600 0.003996 0.003539 0.001705 0.003255 0.004445 0.023953 0.014469 0.001568 0.003387 0.026736 0.052989 0.028280 0.150621 0.007786 0.060027 0.021504 0.016809 0.002325 0.010399 0.004061 0.018478 0.006694 0.069539 0.300835 0.016329 0.653111 0.017625 0.006753 0.152549 1.246196 0.153497 0.000505 0.002786 0.006799 0.003757 0.006621 0.012572 0.022499 0.001535 0.011196 0.004152 0.016391 0.001595 0.000839 0.001223 0.070035 0.000886 0.028639 0.000350 0.000213 0.004391 0.023130 0.002531 0.012706 0.005752 0.025052 0.000078 0.000528 0.012283 0.002470 0.010744 0.001291 0.000499 0.000170 0.000705 0.000166 
0.003128 0.020047 0.028042 0.006385 0.001566 0.037308 0.007084 0.054056 0.005411 0.027545 0.033716 0.010969 0.060183 0.007957 0.029822 0.045851 0.103855 0.013918 0.054060 0.026366 0.169942 0.001137 0.105779 0.006809 0.011683 0.024181 0.183797 0.028770 0.291496 0.109967 0.044880 0.234782 0.068919 0.005982 0.048587 0.089238 0.034135 0.078059 0.005980 0.125300 0.036521 0.024244 0.052361 0.010327 0.052713 0.006197 0.023951 0.106735 0.013521 0.025090 0.011728 0.010693 0.001357 0.018858 0.040555 0.034165 0.027608 0.012069 0.001621 0.013297 0.012037 0.011177 0.008672 0.003654 0.001486 0.000916 0.011584 0.001131 
0.001378 0.005449 0.011323 0.005395 0.001716 0.014710 0.006596 0.042646 0.008997 0.006176 0.013368 0.019414 0.081919 0.013295 0.050018 0.027251 0.136006 0.024890 0.054644 0.009409 0.045507 0.003070 0.064414 0.015939 0.039563 0.090573 0.069787 0.115081 0.080002 0.029404 0.339194 1.557292 0.437673 0.002324 0.011194 0.031910 0.016968 0.036144 0.019750 0.094265 0.008918 0.038517 0.015544 0.026241 0.011934 0.003355 0.005972 0.151742 0.003429 0.044136 0.002171 0.001897 0.003134 0.027792 0.010835 0.028236 0.017848 0.020003 0.000336 0.003170 0.012856 0.006359 0.010591 0.002647 0.000924 0.000460 0.002921 0.000492 
0.002703 0.014198 0.019450 0.005965 0.001523 0.029045 0.006650 0.052761 0.005471 0.020487 0.024350 0.011081 0.062581 0.009084 0.029067 0.039660 0.106322 0.014081 0.051951 0.019211 0.119635 0.001400 0.086078 0.008139 0.014068 0.030406 0.127789 0.038078 0.202855 0.086957 0.065068 0.374725 0.103127 0.006355 0.036905 0.090279 0.041799 0.094065 0.009370 0.171036 0.031229 0.039130 0.048466 0.016022 0.041800 0.007439 0.021089 0.160945 0.013160 0.036968 0.008928 0.008678 0.001823 0.027403 0.036251 0.046589 0.032654 0.017839 0.001322 0.012240 0.016377 0.014870 0.010514 0.004493 0.001565 0.001014 0.010980 0.001183 
0.001219 0.023496 0.016585 0.001188 0.000268 0.030110 0.001644 0.013757 0.000608 0.093271 0.019783 0.001459 0.009747 0.000796 0.002265 0.015194 0.018419 0.001644 0.012850 0.013332 0.174919 0.000150 0.024755 0.000926 0.001296 0.002771 0.042744 0.003667 0.214519 0.374305 0.004787 0.026378 0.007872 0.001557 0.546779 0.037912 0.009855 0.025847 0.000727 0.028242 0.141249 0.005256 0.059795 0.001454 0.300194 0.002392 0.045372 0.020427 0.031407 0.004533 0.083499 0.060984 0.000221 0.003885 0.064604 0.012612 0.013173 0.002452 0.006912 0.095454 0.003112 0.006897 0.001458 0.001807 0.000805 0.000659 0.026241 0.001581 
0.001696 0.023046 0.016652 0.001460 0.000215 0.029484 0.001554 0.013028 0.000790 0.091653 0.021682 0.000982 0.009592 0.000696 0.002076 0.016897 0.017679 0.001514 0.013012 0.014548 0.197940 0.000148 0.027362 0.000962 0.001600 0.002999 0.050946 0.002256 0.281129 0.525928 0.006054 0.030606 0.008625 0.002084 0.651726 0.051326 0.013073 0.033866 0.000748 0.036620 0.199002 0.005399 0.084800 0.001562 0.343653 0.003022 0.061754 0.021998 0.040809 0.004287 0.072401 0.055317 0.000233 0.003214 0.081565 0.014494 0.015696 0.001250 0.005844 0.076082 0.003030 0.006995 0.001688 0.001510 0.000771 0.000659 0.026594 0.001363 
0.002173 0.018997 0.018717 0.002203 0.000579 0.030735 0.002494 0.023629 0.001216 0.052394 0.025890 0.002946 0.019880 0.002387 0.007361 0.027549 0.041361 0.004688 0.023201 0.022097 0.218649 0.000373 0.054209 0.002259 0.003569 0.006377 0.104958 0.009872 0.450549 0.384346 0.014444 0.088798 0.026043 0.005672 0.183596 0.131040 0.035475 0.088689 0.002375 0.096794 0.150526 0.015142 0.153799 0.004610 0.172816 0.007212 0.077576 0.062403 0.040251 0.012967 0.033119 0.030942 0.000583 0.009499 0.091286 0.027812 0.029166 0.005578 0.003767 0.034430 0.008107 0.011690 0.003530 0.003073 0.001355 0.001079 0.023572 0.001898 
0.000795 0.025346 0.011057 0.000272 0.000011 0.024726 0.000452 0.003965 0.000122 0.171838 0.014728 0.000252 0.001547 0.000066 0.000189 0.006948 0.003536 0.000342 0.003375 0.008347 0.162565 0.000019 0.009850 0.000274 0.000192 0.000418 0.019765 0.000141 0.171062 0.379505 0.000985 0.003423 0.001842 0.000783 0.712337 0.015281 0.003168 0.007836 0.000126 0.007693 0.119493 0.001068 0.031442 0.000249 0.375433 0.000803 0.027352 0.002581 0.023104 0.000984 0.204108 0.101908 0.000012 0.000388 0.042630 0.003247 0.004564 0.000048 0.009081 0.209841 0.000450 0.002397 0.000153 0.000297 0.000164 0.000297 0.022867 0.000828 
0.000053 0.000200 0.000333 0.000396 0.000150 0.000250 0.000253 0.001214 0.001581 0.000147 0.000128 0.002833 0.004487 0.004376 0.023027 0.000703 0.005920 0.001839 0.001558 0.000167 0.000800 0.000452 0.001642 0.000818 0.008114 0.038643 0.001589 0.187006 0.001296 0.000359 0.021173 0.249682 0.028263 0.000054 0.000147 0.000704 0.000401 0.000820 0.003939 0.003003 0.000033 0.002407 0.000354 0.005001 0.000128 0.000127 0.000124 0.015601 0.000049 0.008469 -0.000000 0.000024 0.002681 0.008405 0.000203 0.002729 0.001113 0.015339 -0.000000 0.000088 0.004422 0.000709 0.007444 0.000361 0.000085 0.000036 0.000050 0.000009 
0.001431 0.011148 0.017851 0.003613 0.001148 0.021158 0.004698 0.033987 0.003404 0.015635 0.017243 0.008080 0.039374 0.006531 0.024160 0.022142 0.063069 0.008465 0.030567 0.012736 0.086926 0.000860 0.049574 0.003916 0.008322 0.019208 0.071708 0.023975 0.134171 0.065861 0.031957 0.207196 0.057656 0.005716 0.036172 0.086727 0.042613 0.088355 0.005619 0.138472 0.031262 0.027862 0.047952 0.011954 0.045693 0.007181 0.022624 0.127387 0.013390 0.029799 0.011483 0.011713 0.001727 0.024013 0.035390 0.043201 0.034435 0.014666 0.001529 0.013649 0.017073 0.015236 0.009286 0.005371 0.001979 0.001135 0.014455 0.001373 
0.001113 0.003549 0.006195 0.003465 0.001426 0.007136 0.003831 0.020959 0.006870 0.002990 0.005414 0.011783 0.038446 0.012466 0.056436 0.008786 0.041772 0.011053 0.015089 0.003291 0.018932 0.001773 0.015999 0.003905 0.022678 0.073111 0.019248 0.153300 0.026523 0.011774 0.080160 0.903890 0.141899 0.000713 0.005426 0.013903 0.006812 0.014488 0.015915 0.035567 0.005259 0.017606 0.008013 0.023681 0.008169 0.001681 0.003857 0.129407 0.002954 0.049969 0.001821 0.001660 0.006285 0.043930 0.008860 0.028565 0.015845 0.040343 0.000286 0.002289 0.024688 0.008658 0.021411 0.003860 0.001350 0.000558 0.004080 0.000435 
0.001749 0.007799 0.010924 0.004504 0.001148 0.017402 0.005096 0.030588 0.005715 0.010195 0.013163 0.010268 0.041772 0.008156 0.025103 0.018222 0.062576 0.009849 0.025894 0.008467 0.052262 0.001102 0.034219 0.004439 0.012772 0.030596 0.042264 0.043578 0.073176 0.036695 0.053947 0.393652 0.119289 0.002130 0.019894 0.044129 0.020073 0.049083 0.012488 0.106700 0.016823 0.041095 0.028192 0.022758 0.025590 0.005478 0.013769 0.190014 0.008336 0.053413 0.007002 0.006686 0.002743 0.038598 0.024859 0.052048 0.034584 0.024331 0.000967 0.009510 0.023092 0.016166 0.014197 0.005732 0.002234 0.001255 0.010376 0.001287 
0.001272 0.008899 0.012189 0.002302 0.000429 0.016776 0.002132 0.015942 0.001459 0.021124 0.011598 0.003423 0.016554 0.002387 0.006040 0.012679 0.025820 0.003386 0.012590 0.008157 0.064173 0.000266 0.019089 0.001218 0.003057 0.005542 0.029592 0.007757 0.102810 0.105186 0.009179 0.057185 0.013817 0.001447 0.108368 0.037422 0.012798 0.033046 0.001711 0.046105 0.095091 0.008347 0.057510 0.003818 0.128144 0.003323 0.041411 0.048486 0.027863 0.011667 0.026958 0.025465 0.000645 0.009570 0.066680 0.022636 0.022524 0.006347 0.003495 0.033286 0.008475 0.010908 0.004758 0.003318 0.001486 0.001047 0.022464 0.001614 
0.000212 0.000800 0.000799 0.000866 0.000354 0.001440 0.001066 0.006393 0.002736 0.000833 0.001642 0.004966 0.012532 0.005006 0.025292 0.003055 0.016281 0.004444 0.005159 0.001014 0.006399 0.000699 0.006213 0.001740 0.010995 0.038606 0.006244 0.104362 0.009158 0.003705 0.036180 0.409358 0.068584 0.000268 0.001418 0.005390 0.002605 0.006075 0.011473 0.015649 0.001764 0.009601 0.003122 0.018387 0.002234 0.000832 0.001244 0.097083 0.000902 0.045577 0.000350 0.000569 0.012083 0.045449 0.003342 0.017647 0.009759 0.073953 0.000087 0.000528 0.030134 0.005209 0.035839 0.003524 0.001095 0.000424 0.001662 0.000227 
0.000742 0.002900 0.003397 0.001658 0.000375 0.005133 0.001717 0.012138 0.002614 0.003137 0.003515 0.004966 0.014930 0.003713 0.012457 0.005245 0.019982 0.004395 0.008274 0.002385 0.013421 0.000487 0.009142 0.001283 0.005810 0.014767 0.010344 0.026937 0.021512 0.009323 0.021483 0.215653 0.041368 0.000484 0.007185 0.011239 0.005046 0.012848 0.007842 0.024818 0.005913 0.010042 0.008400 0.014276 0.008360 0.001554 0.004541 0.088441 0.003052 0.034297 0.002241 0.002134 0.004008 0.030899 0.010430 0.022400 0.015028 0.030582 0.000391 0.003698 0.018260 0.008755 0.016883 0.003654 0.001355 0.000659 0.004180 0.000525 
0.000742 0.008399 0.008592 0.001262 0.000161 0.012582 0.001283 0.010277 0.001155 0.025192 0.011110 0.001515 0.009592 0.001160 0.003209 0.010003 0.017433 0.002458 0.010416 0.008085 0.085149 0.000165 0.021729 0.001124 0.001792 0.004707 0.041008 0.005923 0.150759 0.157181 0.008081 0.049131 0.016371 0.002811 0.155049 0.089177 0.025445 0.065879 0.001946 0.078088 0.241762 0.012193 0.269269 0.003992 0.238930 0.007970 0.236046 0.068351 0.092038 0.012615 0.042642 0.044410 0.000566 0.009711 0.197659 0.041506 0.043935 0.005818 0.006019 0.045878 0.009007 0.020495 0.004758 0.004518 0.002234 0.001999 0.044323 0.003294 
0.001113 0.006749 0.009458 0.001534 0.000375 0.013709 0.001753 0.015294 0.000912 0.017350 0.011700 0.002749 0.014775 0.001625 0.007927 0.013815 0.026478 0.003191 0.014050 0.008729 0.074394 0.000319 0.025463 0.001719 0.003617 0.007744 0.041968 0.008744 0.130111 0.102675 0.014162 0.093228 0.027174 0.003985 0.078844 0.158877 0.046520 0.130270 0.003448 0.158232 0.090877 0.022492 0.294017 0.007767 0.116657 0.015306 0.090702 0.114031 0.046159 0.025196 0.025592 0.025702 0.001278 0.021012 0.142928 0.066166 0.070244 0.010242 0.003808 0.030996 0.016746 0.030938 0.008825 0.007294 0.003272 0.002423 0.035861 0.003555 
0.000159 0.007699 0.003131 0.000074 0.000032 0.006197 0.000217 0.001214 -0.000000 0.041857 0.004054 0.000056 0.000774 0.000033 -0.000000 0.002109 0.003042 0.000065 0.001720 0.002838 0.053418 0.000016 0.004346 0.000104 0.000096 0.000190 0.011379 0.000141 0.075509 0.149352 0.000985 0.006242 0.001298 0.000578 0.597321 0.014577 0.003005 0.009082 0.000157 0.010327 0.227847 0.001467 0.046954 0.000260 1.497139 0.001178 0.058913 0.006397 0.068918 0.000668 0.216677 0.244195 0.000012 0.000953 0.123031 0.006212 0.010390 0.000240 0.016781 0.153660 0.000860 0.005405 0.000384 0.000775 0.000510 0.000652 0.050014 0.002054 
0.000689 0.002500 0.004196 0.001510 0.000504 0.004883 0.001825 0.011248 0.001824 0.003137 0.003926 0.004825 0.014930 0.004211 0.013401 0.004839 0.021379 0.004298 0.007398 0.002015 0.013866 0.000523 0.009432 0.001333 0.006194 0.019132 0.008977 0.033001 0.019180 0.009503 0.022525 0.216861 0.047397 0.000434 0.006306 0.011331 0.004834 0.011633 0.008533 0.027399 0.005717 0.011780 0.008754 0.017107 0.008934 0.001554 0.004500 0.110327 0.002494 0.044171 0.002556 0.002253 0.007505 0.044566 0.009670 0.029647 0.016921 0.052075 0.000359 0.003346 0.030338 0.008878 0.027627 0.005500 0.001684 0.000760 0.003727 0.000667 
0.000159 0.001300 0.001066 0.000643 0.000172 0.003005 0.000849 0.004855 0.000669 0.001421 0.001719 0.001627 0.005647 0.001459 0.004341 0.002568 0.008634 0.001660 0.002920 0.001121 0.007644 0.000168 0.004990 0.000497 0.001456 0.005087 0.004877 0.010859 0.010713 0.005319 0.007208 0.057991 0.013901 0.000249 0.003471 0.006860 0.002943 0.006773 0.002496 0.013015 0.003789 0.005712 0.005439 0.006313 0.005361 0.000817 0.002717 0.058138 0.002150 0.023157 0.001610 0.001636 0.004171 0.026521 0.006227 0.015812 0.010353 0.029860 0.000281 0.002642 0.018915 0.005894 0.016807 0.003757 0.001112 0.000470 0.003223 0.000407 
0.000053 0.000350 0.000933 0.000322 0.000097 0.000876 0.000488 0.001861 0.000365 0.000833 0.000590 0.001347 0.003404 0.000995 0.003397 0.000919 0.004687 0.001058 0.001558 0.000501 0.002222 0.000127 0.002253 0.000331 0.001216 0.003530 0.002549 0.008321 0.003888 0.002092 0.005519 0.050339 0.010216 0.000125 0.001026 0.003705 0.001352 0.003797 0.002019 0.007588 0.001601 0.003248 0.002768 0.004795 0.003255 0.000471 0.001141 0.040854 0.000886 0.016762 0.000910 0.000688 0.005157 0.020482 0.002886 0.011059 0.007459 0.058855 0.000152 0.001233 0.021945 0.004109 0.045355 0.003654 0.000947 0.000388 0.001914 0.000270 
0.000477 0.004899 0.004396 0.000940 0.000268 0.006072 0.001138 0.008416 0.000912 0.008822 0.005542 0.001795 0.009283 0.001459 0.005474 0.007137 0.016117 0.002019 0.007269 0.003959 0.037419 0.000266 0.012780 0.001110 0.002769 0.005998 0.020245 0.007616 0.058317 0.045242 0.010333 0.088798 0.025625 0.001802 0.045166 0.063330 0.024781 0.063480 0.004175 0.118555 0.049718 0.026751 0.100055 0.011108 0.078431 0.013416 0.050992 0.197309 0.039989 0.043152 0.021391 0.025181 0.002114 0.040046 0.165813 0.156473 0.203792 0.022600 0.004587 0.031525 0.040451 0.088582 0.020260 0.019249 0.009147 0.006786 0.061951 0.007914 
0.000053 0.000650 0.001266 0.000297 0.000097 0.001315 0.000235 0.002913 0.000365 0.000833 0.000770 0.000926 0.003172 0.000597 0.002076 0.001217 0.003454 0.000749 0.001558 0.000656 0.004355 0.000092 0.001642 0.000252 0.001088 0.002429 0.002623 0.005359 0.004665 0.002630 0.003745 0.032418 0.005987 0.000139 0.001857 0.003246 0.001390 0.003463 0.001256 0.007377 0.001764 0.002493 0.002832 0.002907 0.002936 0.000457 0.001535 0.024692 0.001116 0.011561 0.001050 0.000925 0.003388 0.012430 0.004050 0.009788 0.005529 0.038948 0.000097 0.000528 0.014043 0.003522 0.021028 0.001988 0.000766 0.000333 0.001712 0.000298 
0.000424 0.001850 0.002331 0.000792 0.000257 0.004194 0.001156 0.008173 0.001398 0.003578 0.003105 0.002665 0.009283 0.002056 0.007361 0.004542 0.016528 0.002491 0.006684 0.002552 0.016354 0.000263 0.008820 0.001102 0.003345 0.008807 0.011674 0.015654 0.023327 0.014941 0.014275 0.130076 0.031026 0.000767 0.011682 0.020610 0.009567 0.024086 0.006461 0.056221 0.011988 0.023076 0.020275 0.019265 0.019975 0.004155 0.010887 0.306177 0.007417 0.100290 0.005497 0.006378 0.006730 0.138995 0.032454 0.145037 0.077479 0.082080 0.001022 0.008894 0.141580 0.048693 0.061394 0.029538 0.009482 0.004115 0.016671 0.002447 
0.000636 0.004549 0.004263 0.000718 0.000225 0.006948 0.000795 0.007364 0.001033 0.009165 0.004773 0.001627 0.010134 0.001028 0.006229 0.006218 0.013321 0.001595 0.006295 0.003351 0.033953 0.000202 0.012136 0.000847 0.002321 0.004403 0.017622 0.006346 0.050109 0.043449 0.007743 0.066649 0.017293 0.001353 0.052253 0.043394 0.016103 0.042127 0.002663 0.073135 0.056153 0.016039 0.079683 0.007138 0.094768 0.008087 0.052816 0.118071 0.046963 0.027128 0.031439 0.033195 0.001486 0.026944 0.226873 0.097272 0.110727 0.016685 0.006332 0.047111 0.029397 0.066693 0.016270 0.016551 0.007934 0.006740 0.093380 0.010238 
0.000053 0.002500 0.001066 0.000124 0.000021 0.002504 0.000145 0.000971 0.000061 0.012841 0.001514 0.000028 0.000232 0.000033 0.000377 0.001108 0.000576 0.000049 0.000584 0.001037 0.013954 0.000008 0.001223 0.000054 0.000096 0.000076 0.003436 0.000141 0.019093 0.032333 0.000282 0.002416 0.000796 0.000168 0.073663 0.005114 0.001478 0.003341 0.000136 0.005901 0.032503 0.000954 0.014450 0.000217 0.130122 0.000630 0.014288 0.006846 0.020216 0.001335 0.339562 0.123532 0.000079 0.001448 0.065313 0.006729 0.010575 0.000577 0.041474 1.311000 0.001801 0.007019 0.000844 0.001304 0.000834 0.001118 0.124406 0.003801 
-0.000000 0.000150 0.000133 0.000049 0.000043 0.000250 0.000072 0.000971 0.000061 0.000245 0.000308 0.000449 0.000928 0.000133 0.000189 0.000351 0.002220 0.000326 0.000649 0.000191 0.000622 0.000026 0.000837 0.000130 0.000480 0.001253 0.000850 0.002115 0.001728 0.000777 0.001549 0.016713 0.003308 0.000043 0.000684 0.001072 0.000601 0.001640 0.000790 0.003161 0.000882 0.001097 0.001223 0.001486 0.001021 0.000191 0.001037 0.015825 0.000377 0.007309 0.000490 0.000308 0.001715 0.008899 0.001367 0.005600 0.003154 0.027696 0.000064 0.000616 0.012119 0.002886 0.059706 0.001807 0.000510 0.000209 0.001158 0.000166 
-0.000000 -0.000000 0.000133 -0.000000 0.000021 0.000125 0.000054 0.000486 0.000061 0.000343 0.000308 0.000140 0.000619 0.000133 0.000377 0.000460 0.001398 0.000260 0.000844 0.000167 0.001600 0.000039 0.001094 0.000209 0.000624 0.001746 0.002291 0.004513 0.003456 0.002630 0.003970 0.046111 0.012687 0.000224 0.002591 0.007442 0.003419 0.008687 0.004149 0.034355 0.003920 0.020697 0.012969 0.017020 0.004978 0.003988 0.004458 0.480366 0.003626 0.131425 0.001680 0.002537 0.009061 0.278413 0.026935 0.450359 0.181008 0.146993 0.000447 0.002378 0.565254 0.154761 0.136065 0.138756 0.031520 0.008801 0.016420 0.004080 
0.000212 0.000950 0.001998 0.000198 0.000215 0.003005 0.000506 0.004208 0.000608 0.003039 0.001924 0.001234 0.004177 0.000995 0.003964 0.002866 0.005920 0.000928 0.003537 0.001503 0.010221 0.000152 0.004957 0.000555 0.001616 0.003454 0.007500 0.006205 0.018402 0.014463 0.007264 0.058192 0.016330 0.000629 0.013393 0.018834 0.007626 0.018740 0.003688 0.042048 0.014928 0.014700 0.024040 0.009850 0.024697 0.004204 0.013769 0.173066 0.010961 0.047404 0.008717 0.008536 0.003713 0.061199 0.048301 0.157602 0.122601 0.050392 0.001764 0.013033 0.106697 0.142239 0.052722 0.091093 0.036232 0.013356 0.035660 0.007142 
0.000265 0.001300 0.001932 0.000569 0.000182 0.002066 0.000578 0.003965 0.000851 0.002402 0.001617 0.001403 0.006188 0.001127 0.004152 0.002676 0.007154 0.001335 0.003018 0.001240 0.007822 0.000150 0.004410 0.000620 0.001744 0.004479 0.006909 0.008462 0.013737 0.009383 0.007574 0.068663 0.016204 0.000398 0.008701 0.011453 0.005259 0.013455 0.003479 0.028506 0.008330 0.010470 0.012615 0.009546 0.010402 0.002081 0.005868 0.130529 0.005152 0.044593 0.003781 0.004173 0.004957 0.064094 0.020860 0.069130 0.044862 0.080060 0.000801 0.006252 0.190179 0.036122 0.097847 0.035593 0.011983 0.004034 0.012239 0.002490 
0.000371 0.001050 0.002198 0.000520 0.000290 0.002504 0.000524 0.004370 0.000669 0.002206 0.002361 0.001066 0.005260 0.001094 0.005285 0.002866 0.006661 0.001351 0.003407 0.001359 0.010932 0.000140 0.004861 0.000616 0.001969 0.003644 0.006835 0.008039 0.017106 0.009981 0.007715 0.060004 0.015073 0.000403 0.007576 0.012035 0.004821 0.012392 0.002982 0.026135 0.008722 0.010000 0.013259 0.007962 0.014359 0.002024 0.006802 0.114480 0.005513 0.036370 0.004796 0.004884 0.003580 0.049510 0.021821 0.065083 0.044194 0.051210 0.000838 0.005724 0.124466 0.034802 0.062392 0.035890 0.011115 0.003874 0.012642 0.002300 
0.000212 0.000550 0.000866 0.000198 0.000064 0.002191 0.000343 0.000971 0.000243 0.001813 0.000924 0.000337 0.001779 0.000332 0.000944 0.001190 0.003783 0.000309 0.001428 0.000620 0.005422 0.000024 0.001674 0.000101 0.000224 0.000569 0.002697 0.000987 0.006912 0.006873 0.000817 0.005437 0.001884 0.000103 0.009238 0.003216 0.001340 0.003614 0.000204 0.004637 0.006664 0.000926 0.005020 0.000553 0.014231 0.000442 0.004127 0.008979 0.003528 0.002144 0.015264 0.009389 0.000083 0.001907 0.011139 0.003153 0.003377 0.000962 0.002620 0.042884 0.001556 0.002495 0.001074 0.000800 0.000369 0.000326 0.015312 0.000729 
0.000212 0.002400 0.002465 0.000322 0.000043 0.002567 0.000307 0.003803 0.000122 0.007254 0.002335 0.000561 0.003017 0.000298 0.000755 0.002649 0.004194 0.000553 0.002336 0.001598 0.016888 0.000053 0.003992 0.000220 0.000480 0.000873 0.006170 0.001974 0.021253 0.025460 0.002281 0.015303 0.004103 0.000311 0.044872 0.011943 0.003631 0.009598 0.000492 0.015597 0.032046 0.002664 0.023461 0.001443 0.080090 0.001359 0.019202 0.021437 0.021627 0.004990 0.088505 0.059988 0.000246 0.004838 0.075742 0.013224 0.018331 0.003174 0.022008 0.233528 0.005773 0.012375 0.003300 0.003499 0.001928 0.001653 0.150597 0.005102 
0.000053 0.000200 0.000466 0.000099 0.000075 0.000250 0.000126 0.000405 0.000122 0.000539 0.000282 0.000365 0.000851 0.000232 0.001321 0.000622 0.001891 0.000309 0.000714 0.000227 0.001955 0.000042 0.000869 0.000173 0.000336 0.001480 0.001256 0.001692 0.003110 0.001494 0.001802 0.013894 0.003810 0.000068 0.001124 0.001899 0.000989 0.002065 0.000696 0.003688 0.000980 0.001610 0.001384 0.001866 0.002106 0.000326 0.001058 0.019978 0.000673 0.007133 0.000595 0.000545 0.001365 0.009464 0.002380 0.007859 0.005677 0.025196 0.000129 0.000881 0.018670 0.003986 0.131921 0.003679 0.001197 0.000440 0.001108 0.000303 
0.000053 0.001650 0.001199 0.000049 0.000021 0.002567 0.000072 0.001052 -0.000000 0.007499 0.001283 0.000056 0.000928 0.000033 -0.000000 0.001000 0.001316 0.000163 0.000681 0.000930 0.009599 0.000015 0.001577 0.000043 0.000096 0.000569 0.002882 0.000564 0.012873 0.019244 0.000591 0.005034 0.001465 0.000211 0.041744 0.005727 0.001703 0.004677 0.000178 0.009221 0.026198 0.001752 0.016606 0.000553 0.079962 0.001016 0.015781 0.013244 0.020380 0.002284 0.120959 0.073550 0.000133 0.002543 0.074527 0.011953 0.015733 0.001971 0.030122 0.433507 0.004135 0.011788 0.001765 0.002698 0.001503 0.001803 0.242718 0.006688 
0.000159 0.000850 0.001066 0.000470 0.000107 0.001815 0.000542 0.003156 0.000669 0.002353 0.001360 0.001150 0.003172 0.001227 0.003964 0.002163 0.008223 0.001026 0.002434 0.001037 0.007199 0.000123 0.004217 0.000465 0.001520 0.002961 0.005911 0.006910 0.013132 0.007889 0.005969 0.053762 0.012854 0.000388 0.008359 0.009738 0.004796 0.011359 0.002569 0.026714 0.007546 0.009658 0.012358 0.006574 0.013721 0.002113 0.008087 0.109092 0.005661 0.034121 0.004201 0.005311 0.003168 0.045096 0.022986 0.071436 0.046718 0.051594 0.000944 0.006868 0.099695 0.046247 0.062929 0.061283 0.021561 0.006463 0.019240 0.003498 
0.000106 0.001000 0.001332 0.000297 0.000129 0.001565 0.000542 0.002670 0.000790 0.002010 0.001847 0.000757 0.003017 0.001061 0.003586 0.001974 0.006085 0.001237 0.002304 0.001228 0.008088 0.000131 0.003638 0.000396 0.001392 0.003530 0.004951 0.007052 0.011577 0.007949 0.005012 0.051749 0.010635 0.000350 0.006306 0.009647 0.004145 0.009446 0.002312 0.023553 0.007513 0.007749 0.010234 0.006227 0.010785 0.001593 0.005744 0.090461 0.004463 0.030572 0.003816 0.003604 0.002972 0.040116 0.020201 0.049930 0.036105 0.046882 0.000746 0.004051 0.095233 0.030620 0.069836 0.034586 0.011677 0.004141 0.012239 0.002102 
-0.000000 0.000350 0.000200 -0.000000 0.000011 0.000376 0.000036 0.000162 0.000122 0.000833 0.000308 0.000112 0.000387 0.000033 0.000377 0.000216 0.001069 0.000098 0.000487 0.000143 0.002933 0.000018 0.000901 0.000090 0.000288 0.000759 0.001441 0.000987 0.003542 0.004423 0.001126 0.012081 0.003810 0.000156 0.004497 0.005910 0.002442 0.006075 0.000895 0.015649 0.006207 0.005755 0.014900 0.002940 0.011678 0.002290 0.008357 0.076544 0.007811 0.019187 0.005497 0.006449 0.001498 0.031429 0.048757 0.093695 0.095254 0.028995 0.001920 0.011447 0.087249 0.146764 0.046583 0.104648 0.093606 0.061612 0.057267 0.018048 
-0.000000 0.000950 0.000533 0.000025 -0.000000 0.000689 -0.000000 0.000162 -0.000000 0.004460 0.000564 0.000056 0.000232 -0.000000 -0.000000 0.000216 0.000493 -0.000000 0.000260 0.000227 0.004622 0.000002 0.000676 0.000032 0.000032 0.000076 0.000628 -0.000000 0.006393 0.010817 0.000169 0.000604 0.000335 0.000060 0.023756 0.001501 0.000601 0.001215 0.000037 0.002476 0.010976 0.000385 0.006243 0.000087 0.042502 0.000283 0.005972 0.002694 0.008877 0.000773 0.100304 0.042323 0.000012 0.000565 0.035238 0.003059 0.005343 0.000337 0.018637 0.697063 0.000860 0.003766 0.000307 0.000917 0.000527 0.000743 0.128990 0.003015 
0.000106 0.001000 0.001266 0.000074 0.000021 0.001064 0.000145 0.001780 -0.000000 0.002892 0.001129 0.000168 0.002321 0.000232 0.000944 0.001487 0.003783 0.000488 0.001590 0.000847 0.009244 0.000045 0.002672 0.000263 0.000608 0.001405 0.004987 0.002115 0.015810 0.012371 0.002816 0.025572 0.006071 0.000436 0.017010 0.013352 0.005147 0.013850 0.001214 0.026820 0.016529 0.007635 0.025521 0.003742 0.034908 0.002821 0.016963 0.067453 0.016704 0.018800 0.014844 0.015175 0.001128 0.023025 0.081767 0.071060 0.079409 0.019522 0.003850 0.027914 0.039837 0.086307 0.020797 0.033747 0.021567 0.027442 0.111109 0.035778 
0.000106 0.001650 0.000999 0.000322 0.000054 0.002003 0.000235 0.001780 0.000061 0.004803 0.001283 0.000252 0.001857 0.000099 0.000755 0.001487 0.002138 0.000374 0.001752 0.000990 0.010488 0.000037 0.002865 0.000122 0.000320 0.000759 0.004618 0.000987 0.017106 0.017810 0.001042 0.012283 0.002805 0.000270 0.034216 0.009157 0.003231 0.008747 0.000518 0.015544 0.024728 0.002536 0.021112 0.001106 0.061264 0.001444 0.017543 0.024018 0.020774 0.005412 0.056261 0.043058 0.000312 0.005050 0.082426 0.020141 0.022895 0.003462 0.014658 0.129973 0.007370 0.016264 0.003760 0.004867 0.002682 0.002817 0.387674 0.010517 
0.000053 0.000300 0.000466 0.000148 0.000064 0.000313 0.000163 0.001538 0.000365 0.000539 0.000488 0.000477 0.001392 0.000530 0.001699 0.000541 0.001562 0.000326 0.001136 0.000370 0.002489 0.000076 0.001384 0.000202 0.000832 0.002391 0.001773 0.003385 0.004493 0.002749 0.003125 0.030606 0.007034 0.000116 0.002297 0.003736 0.002004 0.004131 0.001617 0.010907 0.002646 0.004601 0.003926 0.004654 0.004020 0.000994 0.002219 0.067453 0.001608 0.023720 0.001610 0.001517 0.004362 0.037221 0.007189 0.034730 0.020483 0.084147 0.000355 0.001673 0.110013 0.018073 0.260312 0.020811 0.007270 0.002423 0.006497 0.001486 
0.000265 0.001700 0.001132 0.000173 0.000032 0.002191 0.000108 0.001295 0.000061 0.004803 0.001334 0.000309 0.001238 0.000232 0.000377 0.001135 0.002220 0.000358 0.001266 0.000954 0.010577 0.000023 0.002511 0.000115 0.000240 0.000304 0.004396 0.000705 0.017020 0.015897 0.001492 0.011075 0.003224 0.000288 0.029280 0.009585 0.003519 0.008261 0.000581 0.014595 0.025643 0.002920 0.021691 0.001247 0.063242 0.001596 0.017564 0.026039 0.020364 0.006009 0.051605 0.040071 0.000304 0.006356 0.087134 0.022918 0.029055 0.004087 0.013166 0.111393 0.008721 0.021717 0.004144 0.006223 0.003703 0.003750 0.610598 0.014025 
0.000318 0.000750 0.000933 0.000445 0.000118 0.001315 0.000289 0.002509 0.000304 0.001029 0.001206 0.000814 0.002243 0.000729 0.003020 0.001433 0.003207 0.000716 0.001752 0.000525 0.006399 0.000086 0.002382 0.000249 0.000896 0.002316 0.003399 0.004795 0.006912 0.005140 0.003322 0.030002 0.008416 0.000220 0.004986 0.006645 0.002580 0.007016 0.001277 0.013752 0.004802 0.004672 0.006243 0.003959 0.007275 0.001023 0.004044 0.050506 0.002691 0.017746 0.001891 0.002300 0.001927 0.024261 0.011037 0.030024 0.020298 0.031159 0.000433 0.003698 0.054904 0.017486 0.059322 0.017093 0.006136 0.002491 0.007303 0.001633 
0.000212 0.001200 0.000533 0.000049 0.000011 0.001127 0.000072 0.000890 -0.000000 0.004509 0.000770 0.000084 0.000464 0.000066 -0.000000 0.000568 0.000987 0.000081 0.000584 0.000608 0.005688 0.000006 0.000998 0.000047 0.000080 0.000266 0.001995 0.000282 0.010108 0.014881 0.000394 0.001409 0.001256 0.000138 0.026200 0.004226 0.001352 0.004313 0.000199 0.005533 0.016104 0.001296 0.011940 0.000456 0.052138 0.000750 0.010928 0.007969 0.013948 0.001933 0.071245 0.042940 0.000096 0.001766 0.050326 0.007671 0.010316 0.001202 0.016675 0.293672 0.002416 0.007899 0.001074 0.002079 0.001197 0.001340 0.182076 0.004975 
-0.000000 0.000150 -0.000000 -0.000000 -0.000000 0.000125 0.000018 -0.000000 -0.000000 0.000833 0.000128 -0.000000 -0.000000 -0.000000 -0.000000 0.000027 0.000164 -0.000000 -0.000000 0.000048 0.001422 0.000002 0.000225 0.000014 -0.000000 -0.000000 0.000332 -0.000000 0.003024 0.003586 0.000056 0.000403 0.000167 0.000056 0.010412 0.002879 0.000764 0.002126 0.000037 0.004321 0.009604 0.000940 0.012326 0.000152 0.030185 0.001122 0.008730 0.008193 0.016688 0.001370 0.029513 0.030373 0.000037 0.001766 0.117107 0.014118 0.029203 0.001106 0.014101 0.095895 0.003971 0.027294 0.001688 0.004609 0.003919 0.007555 1.429009 0.055502 
-0.000000 0.000900 0.001266 0.000247 0.000043 0.000939 0.000271 0.001942 0.000426 0.001372 0.001026 0.000617 0.002243 0.000763 0.000944 0.001568 0.004440 0.000944 0.002077 0.000859 0.006488 0.000073 0.002511 0.000321 0.000944 0.001974 0.005024 0.003667 0.009763 0.006514 0.003604 0.032217 0.008039 0.000265 0.006843 0.006829 0.003143 0.008474 0.001501 0.016440 0.006239 0.005783 0.010781 0.004350 0.011423 0.001362 0.006097 0.066106 0.004791 0.020733 0.004831 0.004363 0.001881 0.027050 0.019999 0.046401 0.033248 0.030437 0.000884 0.006780 0.061168 0.032356 0.047811 0.035231 0.017302 0.006186 0.017780 0.003929 
-0.000000 0.000050 -0.000000 -0.000000 -0.000000 0.000063 -0.000000 -0.000000 -0.000000 0.000735 0.000051 -0.000000 -0.000000 -0.000000 -0.000000 -0.000000 -0.000000 0.000016 0.000097 0.000083 0.000889 0.000002 0.000258 0.000018 -0.000000 -0.000000 0.000296 -0.000000 0.001987 0.003765 0.000113 0.001208 0.000335 0.000065 0.007332 0.003277 0.000902 0.002430 0.000058 0.005111 0.007579 0.001154 0.015158 0.000325 0.027377 0.001331 0.009912 0.012234 0.015424 0.001406 0.018975 0.023877 0.000071 0.001907 0.119790 0.020941 0.038257 0.002020 0.009625 0.054420 0.006919 0.040329 0.004528 0.008107 0.007231 0.013216 0.757820 0.116139 
