# Flux Network Reconstruction using RW method
# Walkers leave from emitting cells
# Probability involves emitting fluxes, then absorbing flux is shared among connections
# Seed: 1684539207
# Threshold: 0.5
# Precision: 100000.0
# Dt: 1.0
# Radius step: 5.000000
# Matrix output


0.000662 0.000173 0.221557 0.000585 0.312528 0.009197 0.054895 0.000720 0.000084 0.002041 0.000013 0.005796 0.000156 0.001290 0.000024 0.052900 0.001135 0.003495 0.005808 0.000023 0.000031 0.000008 0.004657 -0.000000 0.000934 0.000007 0.000066 0.006703 0.013248 -0.000000 0.000021 -0.000000 0.000162 0.000131 0.000041 0.000972 0.000037 -0.000000 0.000022 0.004016 -0.000000 0.000261 0.000574 -0.000000 0.000051 0.003980 0.000138 -0.000000 -0.000000 0.000374 0.000072 -0.000000 0.000050 -0.000000 -0.000000 -0.000000 0.000025 0.000620 -0.000000 0.000053 -0.000000 -0.000000 -0.000000 0.000028 0.000039 0.000000 0.000026 0.000052 -0.000000 0.000021 -0.000000 
0.398554 0.168502 0.040089 0.145747 0.037448 0.006440 0.096533 0.091959 0.026775 0.028905 0.003006 0.012936 0.013829 0.093203 0.004099 0.012628 0.042763 0.008530 0.004731 0.003078 0.004556 0.001598 0.003838 0.000851 0.012090 0.000531 0.000272 0.003794 0.001938 0.002066 0.002048 0.001876 0.001435 0.001202 0.001880 0.000597 0.001850 0.001186 0.000426 0.000323 0.000538 0.000122 0.001368 0.000135 0.000020 0.000853 0.000551 0.000288 0.000088 0.000042 0.000290 0.000063 0.000099 0.000019 0.000051 0.000009 0.000025 0.000169 0.000030 0.000053 0.000066 0.000046 -0.000000 0.000028 -0.000000 -0.000000 0.000026 0.000010 0.000002 0.000011 -0.000000 
0.190710 0.099979 0.071247 0.101351 0.065584 0.010719 0.153295 0.091917 0.022468 0.039654 0.003018 0.018893 0.013126 0.110377 0.004040 0.018811 0.050947 0.011321 0.007736 0.003017 0.004571 0.001450 0.006037 0.000916 0.018164 0.000450 0.000349 0.006576 0.003875 0.002525 0.001877 0.001854 0.002223 0.001371 0.001758 0.000853 0.001554 0.001560 0.000567 0.000484 0.000538 0.000139 0.001457 0.000113 0.000015 0.001422 0.001103 0.000224 0.000053 0.000208 0.000362 0.000111 0.000070 0.000019 0.000017 0.000018 0.000272 0.000338 0.000030 0.000267 0.000033 0.000046 0.000011 0.000028 0.000048 0.000000 0.000026 0.000021 -0.000000 -0.000000 -0.000000 
0.016472 0.061748 0.005075 0.049557 0.005490 0.000723 0.013350 0.036445 0.078890 0.004604 0.002025 0.002728 0.042192 0.041361 0.004791 0.003534 0.013908 0.003130 0.001951 0.003866 0.007752 0.002799 0.002156 0.002291 0.007710 0.001202 0.000184 0.003857 0.001577 0.005371 0.003520 0.002479 0.001213 0.001408 0.003475 0.000614 0.003477 0.003370 0.000720 0.000283 0.000903 0.000139 0.001721 0.000291 0.000018 0.000498 0.001425 0.001216 0.000476 0.000270 0.001014 0.000269 0.000099 0.000131 0.000236 0.000073 0.000297 0.000225 0.000089 0.000374 0.000133 0.000185 0.000053 0.000028 0.000029 0.000001 0.000129 0.000021 0.000002 0.000042 0.000023 
0.000248 0.002028 0.000101 0.001754 0.000392 0.000045 0.001867 0.002712 0.009038 0.000434 0.000192 0.000281 0.004219 0.003870 0.000426 0.000676 0.001561 0.000600 0.000381 0.000523 0.000673 0.000390 0.000561 0.000153 0.000934 0.000208 0.000013 0.000632 0.000315 0.000872 0.000512 0.000625 0.000283 0.000338 0.000572 0.000085 0.000592 0.000437 0.000109 0.000061 0.000143 0.000033 0.000353 0.000085 0.000007 0.000355 0.000368 0.000128 0.000159 0.000146 0.000580 0.000111 0.000020 0.000019 0.000051 -0.000000 0.000198 0.000056 0.000059 0.000160 0.000033 -0.000000 0.000064 -0.000000 0.000039 -0.000000 0.000103 -0.000000 0.000004 0.000032 0.000023 
0.041801 0.128804 0.007409 0.130592 0.012646 0.001574 0.027914 0.077805 0.099330 0.011097 0.003996 0.005816 0.055162 0.080223 0.008417 0.007379 0.029518 0.005295 0.003946 0.006823 0.012415 0.004865 0.005390 0.003775 0.013784 0.001794 0.000303 0.006513 0.003109 0.010833 0.006037 0.005695 0.002627 0.002667 0.006745 0.001262 0.005992 0.005991 0.001189 0.000484 0.001758 0.000195 0.002869 0.000447 0.000055 0.002274 0.002895 0.001248 0.001021 0.000624 0.002826 0.000411 0.000288 0.000169 0.000253 0.000100 0.000519 0.000451 0.000192 0.001177 0.000199 0.000324 0.000138 0.000069 0.000048 0.000001 0.000103 0.000093 0.000012 0.000074 -0.000000 
0.001655 0.004488 0.000203 0.004145 0.000588 0.000068 0.001867 0.003560 0.027451 0.000586 0.000298 0.000401 0.012657 0.006128 0.000840 0.000520 0.001798 0.000313 0.000135 0.000697 0.001086 0.000686 0.000302 0.000698 0.000993 0.000255 0.000005 0.000190 0.000270 0.000872 0.000469 0.000447 0.000222 0.000150 0.000531 0.000051 0.000333 0.000624 0.000131 0.000040 0.000238 -0.000000 0.000177 0.000021 0.000002 0.000071 0.000230 0.000192 0.000018 -0.000000 0.000507 0.000016 0.000030 -0.000000 0.000051 0.000018 0.000099 -0.000000 -0.000000 0.000053 0.000033 0.000046 0.000011 -0.000000 -0.000000 0.000000 0.000026 -0.000000 0.000002 -0.000000 -0.000000 
0.001490 0.001855 0.021922 0.002619 0.026665 0.003503 0.043318 0.007670 0.002534 0.007384 0.000376 0.006618 0.002344 0.013706 0.000668 0.011484 0.010549 0.006234 0.004619 0.000751 0.001667 0.000577 0.006770 0.000546 0.009287 0.000242 0.000260 0.008283 0.005317 0.001744 0.001578 0.002010 0.001799 0.001972 0.002126 0.001978 0.003107 0.001934 0.000764 0.001070 0.000871 0.000389 0.003443 0.000262 0.000116 0.003412 0.003217 0.001440 0.000652 0.001165 0.003333 0.000411 0.000407 0.000056 0.000505 0.000136 0.000989 0.000394 0.000221 0.001337 0.000697 0.000231 0.000276 0.000166 0.000068 0.000001 0.000360 0.000124 0.000018 0.000106 0.000102 
0.015561 0.044488 0.003654 0.049938 0.003921 0.000640 0.012137 0.049327 0.308887 0.004821 0.002842 0.002246 0.135404 0.050714 0.008281 0.002494 0.015752 0.002582 0.001570 0.005519 0.012904 0.004998 0.001509 0.004757 0.005549 0.002365 0.000118 0.001201 0.000631 0.010512 0.004095 0.002501 0.001152 0.000995 0.003802 0.000358 0.003033 0.004742 0.000480 0.000101 0.000839 0.000039 0.000839 0.000156 0.000020 0.000355 0.001011 0.000672 0.000229 0.000125 0.001232 0.000284 0.000070 0.000094 0.000034 0.000018 0.000124 -0.000000 0.000044 0.000160 0.000033 0.000185 0.000032 0.000014 -0.000000 -0.000000 0.000026 0.000021 0.000002 -0.000000 0.000011 
0.006291 0.019331 0.001116 0.022096 0.000686 0.000136 0.004014 0.021358 0.234980 0.001802 0.001293 0.000742 0.085946 0.017818 0.004093 0.001039 0.004683 0.000704 0.000471 0.001994 0.005688 0.002503 0.000302 0.002204 0.001927 0.000961 0.000021 0.000316 0.000090 0.004131 0.001472 0.000938 0.000384 0.000300 0.001308 0.000085 0.000962 0.001810 0.000120 0.000020 0.000127 0.000017 0.000132 0.000057 0.000004 0.000071 0.000230 0.000160 0.000106 -0.000000 -0.000000 0.000047 0.000010 0.000019 -0.000000 0.000009 -0.000000 -0.000000 0.000015 0.000107 -0.000000 0.000046 -0.000000 -0.000000 -0.000000 -0.000000 0.000026 -0.000000 -0.000000 -0.000000 -0.000000 
0.122422 0.185331 0.035522 0.312445 0.037939 0.005951 0.114925 0.430344 0.140465 0.047841 0.015146 0.018532 0.085243 0.323712 0.023328 0.014966 0.104354 0.014138 0.008140 0.014358 0.024355 0.007415 0.008279 0.004691 0.028385 0.002076 0.000620 0.007461 0.003515 0.010144 0.007850 0.007080 0.004386 0.003249 0.006704 0.001074 0.005068 0.004368 0.001178 0.000565 0.001315 0.000161 0.002207 0.000362 0.000036 0.001066 0.002068 0.000992 0.000405 0.000208 0.001087 0.000269 0.000089 0.000056 0.000101 0.000055 0.000272 0.000225 0.000044 0.000214 0.000033 -0.000000 0.000053 0.000041 0.000019 0.000000 0.000077 0.000010 -0.000000 -0.000000 0.000023 
0.029633 0.048113 0.029331 0.063999 0.032841 0.005054 0.085143 0.187648 0.049074 0.035724 0.007363 0.018451 0.037113 0.215190 0.011480 0.025931 0.083209 0.019225 0.014934 0.011728 0.019142 0.007009 0.019448 0.004866 0.040534 0.002163 0.000956 0.024344 0.012392 0.016249 0.011071 0.011368 0.008933 0.008056 0.015861 0.004212 0.013391 0.014103 0.003492 0.001796 0.004181 0.000912 0.009093 0.001291 0.000236 0.007960 0.010754 0.004544 0.002818 0.002267 0.011665 0.001280 0.000963 0.000374 0.000808 0.000300 0.002250 0.001240 0.000664 0.003209 0.001361 0.000463 0.000584 0.000552 0.000339 0.000006 0.000875 0.000270 0.000033 0.000243 0.000147 
0.002235 0.001424 0.272100 0.002594 0.555453 0.037157 0.385572 0.006865 0.001098 0.024322 0.000290 0.060168 0.000469 0.016609 0.000260 0.542360 0.017266 0.048701 0.071395 0.000470 0.000581 0.000179 0.071668 0.000022 0.025348 0.000034 0.001288 0.102626 0.150233 0.000275 0.000640 0.001072 0.005962 0.003380 0.000654 0.016372 0.000555 0.000437 0.000622 0.042464 0.000523 0.004772 0.010373 0.000071 0.000898 0.053733 0.005055 0.000512 0.000282 0.005719 0.001811 0.000047 0.001480 -0.000000 0.000067 0.000018 0.000618 0.013806 0.000089 0.001925 0.000166 -0.000000 0.000074 0.000993 0.000397 0.000002 0.000592 0.000549 -0.000000 0.000338 -0.000000 
0.001490 0.001597 0.091749 0.002365 0.158323 0.011336 0.135184 0.007882 0.001774 0.014811 0.000345 0.025992 0.001172 0.016609 0.000550 0.164314 0.017834 0.031198 0.035361 0.000902 0.001300 0.000452 0.049417 0.000415 0.030663 0.000181 0.001254 0.076005 0.087643 0.001698 0.001770 0.002211 0.008024 0.006084 0.002861 0.015263 0.002848 0.002558 0.001659 0.028236 0.001315 0.004677 0.016817 0.000475 0.001244 0.054444 0.010387 0.001600 0.001162 0.008257 0.007173 0.000458 0.002781 0.000112 0.000269 0.000182 0.002324 0.014651 0.000413 0.004814 0.000863 0.000370 0.000425 0.001739 0.000881 0.000006 0.001493 0.001047 0.000018 0.000792 0.000181 
0.006042 0.003279 0.297676 0.005467 0.711521 0.095594 1.531738 0.015383 0.001689 0.061241 0.000429 0.182208 0.001094 0.031363 0.000503 0.715040 0.032498 0.080003 0.104133 0.000637 0.000612 0.000211 0.047175 0.000087 0.026808 0.000007 0.001007 0.059565 0.068628 0.000505 0.000512 0.001005 0.003193 0.001653 0.000450 0.007111 0.000518 0.000062 0.000273 0.014612 0.000143 0.001752 0.003708 0.000021 0.000311 0.019546 0.002114 0.000128 0.000053 0.001643 0.000435 0.000016 0.000338 -0.000000 0.000017 -0.000000 0.000223 0.004790 0.000030 0.000321 -0.000000 -0.000000 0.000021 0.000331 0.000174 0.000000 0.000232 0.000073 -0.000000 0.000095 -0.000000 
0.002732 0.007724 0.002131 0.009077 0.002647 0.000249 0.004855 0.017332 0.327216 0.001868 0.001112 0.001103 0.147905 0.023059 0.003567 0.001247 0.008231 0.001356 0.000852 0.002615 0.007262 0.003376 0.001337 0.004059 0.004030 0.001800 0.000099 0.002023 0.000586 0.008171 0.003285 0.002233 0.000728 0.000864 0.003597 0.000341 0.003366 0.004430 0.000447 0.000141 0.000919 0.000128 0.000839 0.000227 0.000022 0.000853 0.001241 0.000736 0.000387 0.000270 0.001014 0.000363 0.000070 0.000037 0.000152 0.000045 0.000198 0.000056 0.000089 0.000214 0.000066 -0.000000 0.000053 0.000014 0.000029 0.000000 0.000154 0.000031 0.000004 0.000032 0.000011 
0.021107 0.042546 0.009439 0.056676 0.009313 0.001763 0.028288 0.152347 0.375698 0.015810 0.011142 0.007401 0.287841 0.176651 0.045170 0.008938 0.057239 0.007695 0.005269 0.026222 0.068342 0.026938 0.005951 0.020664 0.026049 0.009714 0.000534 0.008030 0.003830 0.044709 0.020691 0.015701 0.005012 0.005558 0.021952 0.001313 0.017497 0.023213 0.003001 0.000484 0.003975 0.000245 0.005429 0.001426 0.000069 0.001564 0.005423 0.003328 0.001902 0.000707 0.005434 0.001248 0.000218 0.000431 0.000657 0.000291 0.001533 0.000338 0.000354 0.001498 0.000365 0.000370 0.000127 0.000124 0.000048 0.000001 0.000438 0.000114 0.000014 0.000053 0.000102 
0.030957 0.057606 0.012078 0.086299 0.008823 0.001695 0.032956 0.248290 0.398082 0.017569 0.019460 0.005736 0.281121 0.241877 0.092080 0.006652 0.062679 0.006208 0.003251 0.037473 0.092101 0.030493 0.004485 0.019660 0.020208 0.009963 0.000376 0.004932 0.002343 0.038971 0.019027 0.013065 0.003658 0.004037 0.016883 0.000904 0.012133 0.017036 0.002150 0.000343 0.002471 0.000122 0.001766 0.000709 0.000025 0.000284 0.002849 0.001600 0.000863 0.000270 0.001811 0.000506 0.000119 0.000225 0.000202 0.000173 0.000470 0.000113 0.000148 0.000428 0.000133 0.000185 0.000106 0.000014 0.000019 0.000000 0.000026 0.000021 0.000002 0.000011 0.000034 
0.005546 0.015966 0.003857 0.017850 0.005784 0.000753 0.014657 0.045047 0.438962 0.007101 0.003384 0.003791 0.405508 0.069580 0.012740 0.005560 0.026538 0.005582 0.003094 0.010750 0.028422 0.014065 0.004571 0.018635 0.014309 0.007813 0.000399 0.006513 0.003064 0.035483 0.014889 0.010519 0.003719 0.003718 0.016924 0.001484 0.013243 0.019407 0.002619 0.000343 0.003785 0.000284 0.004017 0.001142 0.000076 0.001848 0.005055 0.004416 0.001832 0.000624 0.007825 0.001169 0.000318 0.000524 0.000707 0.000300 0.001583 0.000225 0.000428 0.001337 0.000697 0.000370 0.000255 0.000193 0.000116 0.000004 0.000566 0.000104 0.000014 0.000148 0.000102 
0.001159 0.001424 0.085152 0.002339 0.178027 0.016767 0.292493 0.007586 0.001267 0.032857 0.000303 0.089028 0.001016 0.023140 0.000296 1.450658 0.027815 0.125731 0.213289 0.000751 0.000810 0.000312 0.205388 0.000065 0.061735 0.000101 0.003390 0.267915 0.230622 0.000918 0.001578 0.002546 0.014633 0.007136 0.001063 0.028702 0.001776 0.000686 0.001331 0.032212 0.000998 0.006301 0.018759 0.000099 0.001196 0.056292 0.008778 0.000352 0.000493 0.006302 0.004057 0.000174 0.001897 0.000019 0.000067 0.000018 0.001063 0.011552 0.000103 0.001979 0.000232 0.000093 0.000127 0.001021 0.000503 0.000002 0.000566 0.000508 0.000008 0.000369 0.000011 
0.008608 0.011953 0.045062 0.015841 0.068133 0.009250 0.214632 0.087891 0.017906 0.151690 0.004387 0.085418 0.016720 0.280175 0.007038 0.106580 0.389602 0.147434 0.078526 0.013130 0.017812 0.006877 0.105087 0.004277 0.333965 0.001955 0.008038 0.124820 0.045827 0.016892 0.024530 0.030263 0.047759 0.035773 0.028451 0.019680 0.031146 0.018908 0.011414 0.006196 0.011767 0.002953 0.037871 0.002291 0.000731 0.020328 0.029919 0.008831 0.005160 0.005574 0.022388 0.002165 0.002523 0.000431 0.001347 0.000364 0.005094 0.004170 0.001211 0.007006 0.001228 0.000972 0.000637 0.000731 0.000455 0.000009 0.001648 0.000435 0.000043 0.000633 0.000271 
0.006870 0.006990 0.049934 0.010094 0.074603 0.009604 0.237131 0.049455 0.011910 0.108583 0.002612 0.103328 0.008907 0.145368 0.004288 0.152154 0.189124 0.261374 0.136221 0.007763 0.010213 0.004358 0.155712 0.002269 0.281049 0.001189 0.009257 0.181982 0.068132 0.011063 0.015827 0.019766 0.045920 0.031623 0.018886 0.025530 0.018643 0.012917 0.009570 0.009143 0.009455 0.004110 0.037871 0.001958 0.000951 0.034756 0.029229 0.008639 0.004526 0.007362 0.020939 0.001770 0.003079 0.000356 0.001111 0.000473 0.005539 0.006537 0.000974 0.007274 0.002224 0.001203 0.000786 0.001159 0.000861 0.000010 0.002188 0.000736 0.000055 0.000887 0.000282 
0.009105 0.007810 0.013092 0.013197 0.016568 0.003239 0.092705 0.122853 0.014781 0.108561 0.007136 0.032631 0.013283 0.792632 0.009605 0.022293 1.513514 0.058222 0.023701 0.037313 0.031419 0.012693 0.032859 0.002684 0.358028 0.001948 0.004658 0.034651 0.009057 0.019417 0.051279 0.063094 0.038745 0.035942 0.028002 0.005508 0.035067 0.014352 0.013869 0.000949 0.010785 0.000462 0.015316 0.001319 0.000115 0.001990 0.013558 0.002944 0.002483 0.001123 0.007825 0.000632 0.000407 0.000225 0.000236 0.000100 0.001311 0.000338 0.000162 0.000642 0.000166 0.000139 0.000106 0.000055 0.000087 0.000001 0.000257 0.000031 -0.000000 0.000074 0.000023 
0.009933 0.013377 0.016442 0.017595 0.022744 0.003201 0.064791 0.116369 0.055324 0.033313 0.009213 0.017970 0.051099 0.351528 0.020595 0.026502 0.157998 0.024703 0.015898 0.054750 0.065773 0.024887 0.029366 0.013878 0.095961 0.007188 0.002052 0.039836 0.016537 0.057883 0.050468 0.047706 0.020939 0.020431 0.056821 0.008800 0.052564 0.048548 0.012385 0.002785 0.015964 0.001618 0.023659 0.004036 0.000396 0.012936 0.025139 0.016607 0.007644 0.004201 0.027894 0.004077 0.001927 0.001292 0.002307 0.001110 0.005935 0.002029 0.001831 0.007167 0.003086 0.001342 0.001136 0.000718 0.000474 0.000013 0.001854 0.000477 0.000086 0.000654 0.000598 
0.004801 0.007120 0.004770 0.009891 0.006372 0.000844 0.016991 0.037631 0.133707 0.007014 0.002897 0.003891 0.171032 0.065871 0.011439 0.005664 0.027342 0.005478 0.003543 0.012728 0.038039 0.025192 0.005908 0.054486 0.020676 0.025071 0.000392 0.008347 0.004461 0.096579 0.027026 0.019453 0.005356 0.005521 0.035728 0.002370 0.025598 0.045615 0.004157 0.000848 0.006731 0.000389 0.007548 0.002681 0.000107 0.003909 0.008548 0.008799 0.004297 0.001102 0.012607 0.003271 0.000755 0.001105 0.001431 0.000791 0.002522 0.000394 0.001063 0.003209 0.001560 0.001064 0.000435 0.000290 0.000135 0.000005 0.000644 0.000145 0.000045 0.000179 0.000158 
0.002649 0.005825 0.000710 0.008391 0.001765 0.000151 0.002801 0.019451 0.228561 0.002085 0.001669 0.000602 0.478953 0.028219 0.010315 0.000468 0.010549 0.000783 0.000247 0.008021 0.032673 0.029620 0.000474 0.220147 0.006074 0.058237 0.000070 0.000696 0.000135 0.129124 0.019027 0.008241 0.001294 0.001145 0.021052 0.000136 0.009766 0.037066 0.000807 -0.000000 0.001489 0.000022 0.000883 0.000787 0.000005 0.000213 0.001011 0.002208 0.000845 0.000083 0.001522 0.001233 0.000040 0.000543 0.000337 0.000136 0.000148 -0.000000 0.000118 0.000321 0.000232 0.000139 0.000021 -0.000000 -0.000000 0.000000 0.000026 -0.000000 0.000010 -0.000000 0.000023 
0.007946 0.010356 0.011875 0.015536 0.015489 0.002508 0.063391 0.137473 0.037164 0.057853 0.010484 0.021680 0.034222 0.715070 0.021855 0.020942 0.479386 0.034432 0.016683 0.079448 0.082576 0.032598 0.026735 0.009863 0.223928 0.006348 0.003356 0.032881 0.009192 0.057745 0.106056 0.107762 0.037471 0.041445 0.068880 0.006293 0.074869 0.040186 0.019292 0.000908 0.019052 0.000673 0.022555 0.003242 0.000171 0.004549 0.023025 0.008831 0.004790 0.001456 0.016737 0.001612 0.000973 0.000487 0.000741 0.000337 0.003264 0.000564 0.000472 0.002514 0.000962 0.000417 0.000234 0.000097 0.000077 0.000004 0.000489 0.000135 0.000022 0.000179 0.000124 
0.001324 0.001640 0.074089 0.001449 0.123129 0.009785 0.132476 0.006187 0.000845 0.016374 0.000242 0.031849 0.000703 0.015480 0.000278 0.306334 0.021003 0.050371 0.067382 0.000804 0.000826 0.000304 0.131736 0.000153 0.043804 0.000081 0.002454 0.221439 0.383559 0.000872 0.001557 0.002568 0.015846 0.009502 0.001962 0.046949 0.002182 0.001186 0.002422 0.107816 0.001980 0.016139 0.039019 0.000397 0.003584 0.178399 0.022060 0.001664 0.001620 0.022420 0.009274 0.000363 0.007290 0.000019 0.000404 0.000091 0.004377 0.042207 0.000443 0.007969 0.000929 0.000185 0.000669 0.004126 0.002400 0.000007 0.002832 0.002135 0.000022 0.001615 0.000181 
0.003394 0.002805 0.053080 0.004297 0.084798 0.008534 0.167299 0.017544 0.005406 0.037179 0.001067 0.054993 0.004297 0.051923 0.001591 0.287991 0.058279 0.108201 0.128036 0.003070 0.004250 0.001552 0.308492 0.001222 0.133341 0.000517 0.006308 0.424161 0.214445 0.005233 0.007444 0.010430 0.039654 0.023417 0.009852 0.050599 0.011356 0.007863 0.006416 0.027691 0.005876 0.009538 0.056233 0.001369 0.002158 0.079249 0.034974 0.007231 0.004702 0.016222 0.023040 0.001422 0.005850 0.000356 0.001078 0.000382 0.006677 0.014369 0.001358 0.012355 0.002390 0.000694 0.001263 0.002580 0.001480 0.000015 0.003398 0.001306 0.000051 0.001636 0.000497 
0.000414 0.000690 0.001928 0.000712 0.002941 0.000512 0.007749 0.002246 0.001098 0.002302 0.000194 0.003109 0.000781 0.005886 0.000290 0.006600 0.005109 0.005817 0.004485 0.000485 0.000856 0.000429 0.009185 0.000349 0.011798 0.000141 0.000437 0.011382 0.004641 0.001056 0.001408 0.001742 0.003133 0.002216 0.002248 0.001910 0.002774 0.002309 0.000873 0.000747 0.001077 0.000395 0.004370 0.000404 0.000104 0.004549 0.004504 0.001568 0.000828 0.001456 0.003115 0.000411 0.000546 0.000131 0.000286 0.000100 0.001236 0.000394 0.000354 0.001498 0.000863 0.000555 0.000234 0.000235 0.000116 0.000004 0.000515 0.000166 0.000018 0.000179 0.000045 
0.001324 0.001726 0.036233 0.002060 0.058918 0.004512 0.074594 0.008687 0.002112 0.013073 0.000391 0.018652 0.002891 0.020318 0.000609 0.102008 0.020483 0.026946 0.030137 0.001395 0.001911 0.000873 0.066407 0.000480 0.042344 0.000356 0.001707 0.103701 0.139193 0.003121 0.003882 0.004735 0.014714 0.011324 0.005846 0.027934 0.007028 0.005554 0.003775 0.056653 0.003532 0.009616 0.035973 0.001206 0.002642 0.115213 0.024082 0.005152 0.003522 0.019051 0.016447 0.001138 0.006734 0.000393 0.001398 0.000418 0.006776 0.026992 0.001211 0.012462 0.002821 0.001203 0.001391 0.003519 0.002313 0.000022 0.003990 0.002685 0.000041 0.001963 0.000463 
0.003559 0.004358 0.040597 0.005238 0.055290 0.006922 0.132289 0.025003 0.006673 0.044910 0.001440 0.053088 0.006407 0.078449 0.002466 0.155791 0.086946 0.124792 0.113214 0.004677 0.006651 0.003033 0.357047 0.001811 0.223811 0.001169 0.011000 0.375409 0.124323 0.011292 0.012052 0.017331 0.056248 0.035905 0.017373 0.043044 0.019753 0.012480 0.010268 0.015864 0.009724 0.007163 0.064090 0.002412 0.001689 0.060983 0.045545 0.010143 0.006199 0.014226 0.028329 0.002275 0.005542 0.000655 0.001583 0.000573 0.008432 0.010819 0.001772 0.013157 0.003053 0.001296 0.001667 0.002263 0.001548 0.000018 0.004299 0.001285 0.000067 0.001414 0.000531 
0.002649 0.004574 0.005582 0.005543 0.006078 0.000904 0.016618 0.029198 0.039867 0.006862 0.001977 0.004693 0.042973 0.058776 0.006086 0.008262 0.026585 0.006991 0.005202 0.009673 0.024539 0.019781 0.011557 0.020904 0.024355 0.011891 0.000618 0.014543 0.006804 0.076152 0.027303 0.019877 0.007013 0.007249 0.037812 0.003769 0.028705 0.044554 0.005794 0.001272 0.008045 0.000756 0.011653 0.003093 0.000242 0.005828 0.012547 0.010975 0.006129 0.001934 0.016374 0.004061 0.001112 0.001217 0.002189 0.000928 0.004105 0.001127 0.001772 0.005883 0.003153 0.001759 0.000828 0.000428 0.000416 0.000013 0.001364 0.000301 0.000081 0.000507 0.000440 
0.005049 0.008544 0.015021 0.011620 0.023234 0.003005 0.065351 0.068440 0.030238 0.035072 0.004443 0.020577 0.029300 0.227687 0.010782 0.033621 0.184299 0.036180 0.023567 0.025798 0.039415 0.019422 0.046873 0.011587 0.200040 0.006718 0.003689 0.061462 0.028028 0.061142 0.093407 0.123083 0.051417 0.053895 0.103258 0.015809 0.116558 0.071886 0.031568 0.004259 0.036774 0.002714 0.049392 0.008200 0.000651 0.018266 0.052484 0.030558 0.017277 0.006343 0.055209 0.006905 0.003277 0.001835 0.003957 0.001510 0.011004 0.002367 0.003174 0.014120 0.005310 0.002869 0.002081 0.000856 0.000948 0.000022 0.003527 0.000829 0.000143 0.000929 0.000700 
0.000497 0.001338 0.012788 0.001856 0.025390 0.002395 0.055548 0.012289 0.002112 0.024040 0.000600 0.025130 0.002188 0.039426 0.000923 0.095044 0.061070 0.071760 0.061260 0.002767 0.003409 0.001559 0.477356 0.000873 0.382909 0.000329 0.023280 0.678355 0.164562 0.005049 0.008212 0.016416 0.171754 0.081349 0.009770 0.113510 0.015462 0.005554 0.013225 0.012977 0.009502 0.010010 0.140495 0.001447 0.002049 0.058211 0.068018 0.005312 0.004614 0.015099 0.029488 0.001106 0.005294 0.000262 0.001111 0.000309 0.007715 0.006255 0.001019 0.010483 0.000797 0.000278 0.000732 0.001463 0.001016 0.000012 0.002626 0.000954 0.000029 0.001108 0.000237 
0.002235 0.003021 0.016645 0.003433 0.021077 0.002584 0.047893 0.019578 0.007264 0.017960 0.001195 0.015443 0.006563 0.052729 0.002472 0.040793 0.047447 0.032111 0.024912 0.004450 0.006177 0.002932 0.072358 0.002618 0.140758 0.001196 0.004492 0.097630 0.047855 0.012623 0.013502 0.019006 0.061462 0.037088 0.023505 0.024745 0.025598 0.022589 0.011785 0.007770 0.013430 0.004677 0.058705 0.003518 0.001335 0.040371 0.048716 0.016063 0.009546 0.012541 0.040429 0.004725 0.005363 0.001329 0.003469 0.001364 0.011153 0.007720 0.003263 0.017971 0.005509 0.002962 0.002112 0.002277 0.001887 0.000030 0.004943 0.001669 0.000159 0.001932 0.001050 
-0.000000 0.000777 -0.000000 0.001017 0.000392 0.000030 0.001120 0.004195 0.020609 0.000369 0.000313 0.000201 0.035394 0.009433 0.001698 0.000156 0.004352 0.000339 0.000224 0.002274 0.008103 0.008467 0.000690 0.188507 0.002219 0.038224 0.000064 0.000569 0.000225 0.244064 0.017043 0.008398 0.001031 0.001239 0.033520 0.000205 0.014981 0.133539 0.001397 0.000020 0.003500 0.000017 0.001192 0.002497 0.000011 0.000142 0.001287 0.007071 0.002395 0.000062 0.005362 0.005057 0.000070 0.002322 0.001987 0.000937 0.000717 -0.000000 0.000576 0.000642 0.000863 0.000787 0.000180 0.000014 0.000019 0.000002 0.000129 0.000010 0.000008 0.000021 0.000102 
0.001324 0.001122 0.023546 0.001602 0.036174 0.004007 0.069739 0.008730 0.003041 0.017786 0.000446 0.025130 0.001563 0.029025 0.000804 0.126379 0.033539 0.051257 0.053277 0.001615 0.002156 0.001177 0.283352 0.000742 0.121893 0.000322 0.005969 0.582811 0.480935 0.003534 0.005397 0.009269 0.059926 0.037144 0.008789 0.175416 0.011245 0.005491 0.008609 0.040466 0.007380 0.024125 0.125267 0.001702 0.004842 0.155584 0.069719 0.007807 0.005759 0.031634 0.033546 0.001501 0.012037 0.000412 0.001263 0.000418 0.011301 0.021413 0.001565 0.020484 0.002821 0.000648 0.001539 0.003836 0.002700 0.000021 0.006024 0.002498 0.000057 0.002058 0.000463 
0.002069 0.003279 0.010657 0.003661 0.018430 0.002064 0.039304 0.020765 0.009122 0.016005 0.001276 0.012836 0.008673 0.057889 0.002827 0.027853 0.049008 0.023868 0.017311 0.005405 0.009189 0.004600 0.048727 0.003906 0.112606 0.002257 0.003007 0.073602 0.036004 0.020197 0.021203 0.034327 0.056935 0.087772 0.040061 0.020976 0.049235 0.035381 0.024890 0.007488 0.025752 0.004588 0.072521 0.007080 0.001296 0.039376 0.072798 0.027838 0.016960 0.012999 0.069120 0.007285 0.006009 0.002471 0.005287 0.002228 0.016370 0.006987 0.005360 0.026581 0.009989 0.003795 0.003758 0.002594 0.002003 0.000048 0.006822 0.001907 0.000251 0.002111 0.001433 
0.000911 0.000863 0.025069 0.001195 0.042350 0.003503 0.056202 0.005806 0.000929 0.009729 0.000280 0.015523 0.001016 0.014110 0.000479 0.101800 0.015421 0.023711 0.030339 0.000743 0.001040 0.000561 0.090555 0.000371 0.044330 0.000208 0.001949 0.165542 0.307991 0.001836 0.002986 0.004511 0.021444 0.015380 0.003311 0.058904 0.005401 0.002746 0.003961 0.164045 0.003326 0.031249 0.068460 0.000922 0.007835 0.400154 0.042420 0.004864 0.003452 0.052203 0.022895 0.001422 0.016457 0.000337 0.001465 0.000309 0.009966 0.068691 0.001344 0.020163 0.002655 0.001111 0.001486 0.008679 0.005254 0.000024 0.007775 0.005245 0.000059 0.003821 0.000519 
0.000083 -0.000000 0.000101 0.000051 -0.000000 -0.000000 -0.000000 0.000085 0.000169 -0.000000 -0.000000 -0.000000 -0.000000 -0.000000 -0.000000 0.000052 0.000095 -0.000000 -0.000000 0.000023 -0.000000 0.000016 -0.000000 0.000044 0.000058 0.000013 0.000004 0.000063 -0.000000 0.000138 0.000021 0.000022 0.000020 0.000019 0.000123 -0.000000 0.000074 0.000125 0.000022 -0.000000 -0.000000 0.000017 0.000044 0.000014 -0.000000 -0.000000 0.000046 -0.000000 -0.000000 -0.000000 0.000072 0.000032 -0.000000 -0.000000 -0.000000 0.000009 0.000049 -0.000000 0.000015 -0.000000 0.000033 -0.000000 0.000011 0.000014 0.000010 0.000000 0.000026 -0.000000 -0.000000 -0.000000 -0.000000 
0.000083 0.000302 0.013498 0.000178 0.028429 0.002086 0.024273 0.001187 0.000084 0.003344 0.000061 0.008062 0.000234 0.002903 0.000077 0.077376 0.005014 0.011843 0.017490 0.000121 0.000321 0.000055 0.056920 0.000065 0.019332 0.000040 0.001042 0.121595 0.327413 0.000275 0.000747 0.001362 0.012248 0.007756 0.000450 0.063099 0.001776 0.000374 0.001648 0.265241 0.001315 0.058038 0.058484 0.000277 0.015024 1.036776 0.033412 0.001664 0.001391 0.082193 0.015650 0.000442 0.020589 0.000075 0.000236 0.000091 0.008185 0.109546 0.000738 0.017703 0.001361 0.000139 0.001083 0.011356 0.005419 0.000014 0.006513 0.006375 0.000026 0.003737 0.000124 
0.000662 0.000863 0.000812 0.001195 0.001274 0.000173 0.003454 0.005340 0.005744 0.002107 0.000358 0.001243 0.008048 0.016851 0.001207 0.002494 0.011259 0.002661 0.001682 0.002631 0.005993 0.004764 0.004269 0.009950 0.016237 0.004817 0.000374 0.007588 0.004236 0.083267 0.033788 0.031625 0.007438 0.011192 0.128685 0.003053 0.095547 0.443173 0.016520 0.000888 0.039989 0.000595 0.017435 0.048457 0.000189 0.005828 0.033779 0.166386 0.060039 0.002766 0.137588 0.118372 0.002145 0.030331 0.046811 0.020783 0.022107 0.001578 0.016344 0.025993 0.025787 0.024158 0.005414 0.000635 0.000755 0.000063 0.004557 0.000466 0.000780 0.001066 0.003465 
0.001904 0.001640 0.004466 0.001882 0.008529 0.000942 0.017178 0.009959 0.006673 0.008057 0.000673 0.006398 0.005235 0.031041 0.001644 0.018655 0.030606 0.013929 0.010135 0.003548 0.006100 0.003758 0.032082 0.004146 0.070262 0.001915 0.001739 0.049068 0.032354 0.026669 0.023464 0.038750 0.038947 0.055341 0.062339 0.020482 0.075646 0.062900 0.055432 0.007286 0.065852 0.005211 0.129195 0.021288 0.001647 0.049113 0.235858 0.113591 0.079447 0.021963 0.372843 0.023987 0.011928 0.005954 0.017445 0.006030 0.066519 0.010594 0.015842 0.077659 0.029371 0.010783 0.011645 0.003781 0.003677 0.000129 0.018896 0.002975 0.000709 0.005278 0.004007 
0.000579 0.001079 0.007307 0.001170 0.011078 0.001243 0.022966 0.006187 0.002365 0.007405 0.000386 0.007561 0.001797 0.019189 0.000645 0.031127 0.020719 0.015755 0.014149 0.001562 0.002538 0.001466 0.063561 0.000938 0.072073 0.000477 0.002420 0.105471 0.090392 0.006702 0.008831 0.014852 0.052327 0.052186 0.016556 0.074048 0.024044 0.017847 0.019838 0.023614 0.019939 0.022206 0.449337 0.005363 0.007204 0.192259 0.314079 0.029342 0.021839 0.093986 0.159541 0.007364 0.046600 0.001704 0.006668 0.001992 0.062142 0.030598 0.007810 0.097929 0.016494 0.005137 0.008173 0.011218 0.008602 0.000127 0.025692 0.007391 0.000377 0.009193 0.002291 
0.000911 0.001424 0.010352 0.001322 0.013529 0.001597 0.031369 0.006908 0.002787 0.009056 0.000469 0.008925 0.002891 0.021043 0.000881 0.032686 0.018922 0.016877 0.014934 0.001486 0.002798 0.001528 0.056403 0.001091 0.052974 0.000652 0.001803 0.089663 0.087193 0.006105 0.007146 0.010162 0.027649 0.026102 0.014594 0.049610 0.018310 0.013229 0.010170 0.030799 0.011054 0.026105 0.135110 0.003604 0.009704 0.255658 0.105612 0.018335 0.012522 0.102617 0.075279 0.005009 0.036132 0.001236 0.004614 0.001692 0.030762 0.039220 0.005802 0.060811 0.012744 0.005044 0.005637 0.011080 0.008051 0.000098 0.018844 0.008147 0.000322 0.007832 0.002167 
0.000083 0.000345 0.001421 0.000381 0.001372 0.000166 0.002427 0.002204 0.002112 0.000890 0.000151 0.000762 0.001953 0.003951 0.000467 0.001715 0.003075 0.001409 0.001144 0.000606 0.001284 0.000858 0.003019 0.001571 0.005957 0.000954 0.000113 0.003920 0.002298 0.009640 0.005119 0.004199 0.002324 0.002385 0.010342 0.001228 0.008508 0.029391 0.002008 0.000444 0.003959 0.000289 0.004326 0.002305 0.000082 0.002772 0.006158 0.010879 0.004949 0.001061 0.012679 0.007411 0.000735 0.005748 0.005153 0.002629 0.003635 0.000733 0.002377 0.005616 0.004547 0.004026 0.001253 0.000331 0.000319 0.000011 0.001570 0.000238 0.000122 0.000285 0.000700 
0.000083 0.000302 0.004973 0.000229 0.013332 0.001137 0.013724 0.000932 0.000338 0.002302 0.000028 0.004011 0.000391 0.003225 0.000065 0.036116 0.002980 0.007200 0.009283 0.000235 0.000183 0.000094 0.030616 0.000044 0.012557 0.000020 0.000655 0.056782 0.127748 0.000367 0.000661 0.001318 0.008893 0.007474 0.001022 0.033886 0.001628 0.001061 0.002499 0.188083 0.001996 0.031433 0.055130 0.000475 0.013811 1.306436 0.038283 0.003072 0.002272 0.140843 0.020359 0.000932 0.039042 0.000150 0.000657 0.000182 0.015084 0.188493 0.001285 0.033855 0.002821 0.000463 0.002165 0.027528 0.012840 0.000035 0.014210 0.014253 0.000051 0.008592 0.000406 
0.000579 0.000863 0.007003 0.001119 0.012548 0.001032 0.023060 0.004662 0.002196 0.007188 0.000298 0.007280 0.001406 0.015803 0.000651 0.031023 0.017361 0.013851 0.013970 0.001516 0.002355 0.001209 0.052479 0.000895 0.056303 0.000450 0.002036 0.095670 0.093366 0.005003 0.006932 0.011078 0.037572 0.035003 0.014594 0.064788 0.018347 0.014352 0.014469 0.031768 0.014950 0.027306 0.246517 0.004377 0.009824 0.259141 0.198402 0.023390 0.017083 0.135727 0.118968 0.007000 0.061468 0.001517 0.005675 0.001774 0.056603 0.041812 0.007692 0.098464 0.016760 0.005137 0.008641 0.012888 0.010973 0.000128 0.028189 0.009920 0.000295 0.011030 0.002201 
0.000331 0.000259 0.003857 0.000458 0.007647 0.000866 0.013350 0.002161 0.000253 0.003214 0.000111 0.004051 0.000469 0.007659 0.000195 0.024216 0.008609 0.009156 0.008162 0.000561 0.000917 0.000382 0.040621 0.000153 0.033467 0.000175 0.001325 0.075183 0.097016 0.001928 0.003477 0.005628 0.027083 0.025239 0.006745 0.065112 0.008693 0.006303 0.009231 0.041274 0.007919 0.039480 0.218798 0.002185 0.018026 0.409820 0.163244 0.013247 0.010761 0.288550 0.086799 0.003334 0.086675 0.000768 0.003149 0.000891 0.047256 0.055674 0.004784 0.084932 0.010321 0.002638 0.006019 0.015661 0.012686 0.000105 0.026696 0.010407 0.000193 0.011125 0.001433 
0.000248 0.001122 0.002537 0.001220 0.003137 0.000316 0.006815 0.005509 0.004899 0.002953 0.000340 0.002407 0.005079 0.013384 0.000946 0.004885 0.009272 0.003600 0.002780 0.002054 0.003578 0.002082 0.008322 0.003360 0.015828 0.001921 0.000441 0.011761 0.006173 0.024007 0.011753 0.013713 0.006690 0.007568 0.035441 0.004417 0.029704 0.075505 0.006831 0.001655 0.013699 0.001007 0.015140 0.010470 0.000295 0.008458 0.020084 0.043548 0.020342 0.004305 0.062889 0.038351 0.002354 0.011964 0.020173 0.009232 0.013254 0.001972 0.009464 0.020805 0.015831 0.013791 0.003906 0.001076 0.000813 0.000049 0.004763 0.000726 0.000532 0.001246 0.002201 
0.000993 0.001122 0.002842 0.001373 0.006176 0.000685 0.012417 0.008518 0.004139 0.004995 0.000565 0.003911 0.005313 0.024349 0.001236 0.011952 0.019584 0.007460 0.006929 0.002858 0.005122 0.002744 0.021388 0.003513 0.043980 0.001747 0.001150 0.032881 0.019061 0.024282 0.021203 0.029459 0.023526 0.031886 0.058374 0.012262 0.061996 0.076317 0.033968 0.005046 0.052723 0.003442 0.077420 0.027056 0.001115 0.033690 0.133141 0.171058 0.142339 0.016555 0.557453 0.035697 0.009584 0.007339 0.024298 0.008914 0.068102 0.006987 0.023136 0.081830 0.039095 0.018280 0.013714 0.003933 0.002709 0.000144 0.018561 0.002602 0.000900 0.004444 0.005237 
0.000579 0.001424 0.004973 0.000865 0.007941 0.000987 0.018018 0.006611 0.003801 0.006732 0.000494 0.006318 0.003360 0.023785 0.001023 0.019279 0.021003 0.012025 0.009799 0.002123 0.003302 0.001879 0.037430 0.001571 0.057997 0.000799 0.001743 0.062094 0.048486 0.013817 0.012094 0.019364 0.037734 0.043454 0.031395 0.033733 0.034364 0.030701 0.026112 0.013502 0.028634 0.010338 0.219504 0.009761 0.003215 0.100145 0.408799 0.053244 0.040313 0.051267 0.281045 0.015375 0.030411 0.003370 0.012477 0.004293 0.108706 0.022484 0.016344 0.145690 0.031329 0.010876 0.014797 0.008431 0.008264 0.000196 0.033930 0.007038 0.000719 0.010671 0.004402 
0.000331 0.000949 0.002030 0.000737 0.003921 0.000294 0.005882 0.004407 0.003716 0.002606 0.000333 0.001544 0.004610 0.010884 0.000716 0.004625 0.007474 0.003182 0.003050 0.001493 0.002828 0.001926 0.007503 0.002946 0.016354 0.001632 0.000376 0.010560 0.007030 0.019968 0.010623 0.013110 0.006488 0.007774 0.031435 0.004127 0.028779 0.068267 0.007889 0.001695 0.013763 0.001185 0.017391 0.010414 0.000371 0.011585 0.026150 0.051580 0.025625 0.004742 0.086291 0.082739 0.002860 0.022542 0.049270 0.022066 0.018843 0.002367 0.018721 0.027758 0.031628 0.027027 0.007197 0.001214 0.001055 0.000078 0.007208 0.000871 0.001073 0.001372 0.005034 
0.000083 0.000129 0.000812 0.000051 0.001765 0.000098 0.002801 0.000551 0.000422 0.000630 0.000066 0.000702 0.000156 0.002177 0.000047 0.002702 0.001419 0.001252 0.001233 0.000243 0.000199 0.000062 0.003493 0.000175 0.002920 0.000081 0.000116 0.003604 0.005047 0.000459 0.000619 0.000670 0.000970 0.001277 0.001267 0.001603 0.001258 0.000998 0.000557 0.004198 0.000792 0.000762 0.003178 0.000227 0.000336 0.013149 0.004136 0.000800 0.000828 0.003036 0.003768 0.000379 0.001281 0.000112 0.000303 0.000100 0.001533 0.010369 0.000310 0.002835 0.000929 0.000370 0.000435 0.001407 0.000774 0.000006 0.001442 0.000912 0.000035 0.000507 0.000203 
-0.000000 0.000173 0.000913 0.000280 0.001569 0.000234 0.004948 0.001229 0.000422 0.000956 0.000073 0.001043 0.000391 0.003064 0.000172 0.004209 0.002696 0.001774 0.002265 0.000235 0.000290 0.000366 0.005433 0.000175 0.005257 0.000094 0.000177 0.007651 0.007120 0.000872 0.000917 0.001295 0.002243 0.002122 0.001349 0.002746 0.001739 0.002371 0.001048 0.005833 0.001156 0.001413 0.007680 0.000369 0.000582 0.026866 0.006158 0.001920 0.001250 0.006884 0.005941 0.000695 0.002711 0.000225 0.000505 0.000209 0.002374 0.010369 0.000635 0.005723 0.001659 0.000648 0.000817 0.002636 0.001384 0.000011 0.002394 0.001596 0.000047 0.001224 0.000305 
0.000166 0.000388 0.001421 0.000509 0.001765 0.000316 0.005602 0.003644 0.002872 0.002259 0.000257 0.001745 0.003438 0.010965 0.000657 0.004729 0.008515 0.003417 0.002713 0.001312 0.002477 0.001637 0.008107 0.002793 0.019157 0.001384 0.000514 0.012836 0.009688 0.017948 0.012969 0.016974 0.010671 0.014685 0.040756 0.006327 0.038655 0.076753 0.015517 0.002846 0.028143 0.001863 0.041579 0.022125 0.000658 0.018266 0.076337 0.154387 0.089204 0.010441 0.405736 0.088285 0.006903 0.018741 0.081078 0.023730 0.079601 0.005128 0.063236 0.107610 0.092992 0.049981 0.025189 0.002746 0.002748 0.000247 0.020492 0.001959 0.002273 0.004613 0.012664 
0.000414 0.000432 0.003552 0.000534 0.005686 0.000512 0.011763 0.002966 0.001183 0.003605 0.000222 0.003450 0.001953 0.010078 0.000396 0.012939 0.010785 0.006756 0.006009 0.000902 0.001667 0.000928 0.027080 0.001026 0.035336 0.000544 0.001075 0.045970 0.042132 0.006839 0.006506 0.011122 0.024455 0.030215 0.018681 0.029281 0.021751 0.018720 0.017077 0.014915 0.019021 0.009949 0.175321 0.006661 0.003929 0.119904 0.263571 0.044284 0.033445 0.075309 0.284668 0.012879 0.057366 0.003239 0.012578 0.003975 0.188554 0.029866 0.019460 0.296996 0.038299 0.012495 0.022450 0.015772 0.015356 0.000329 0.065826 0.011941 0.000827 0.020392 0.005678 
0.000662 0.000647 0.003045 0.000763 0.004215 0.000520 0.008962 0.004619 0.003125 0.002997 0.000318 0.003048 0.001875 0.009998 0.000680 0.008003 0.008846 0.004408 0.003722 0.001251 0.001988 0.001177 0.010694 0.001266 0.016529 0.000699 0.000478 0.018906 0.011445 0.006472 0.006421 0.007527 0.007903 0.010009 0.014430 0.006702 0.014352 0.014976 0.006820 0.003310 0.008774 0.002030 0.026881 0.004391 0.000665 0.023668 0.038237 0.025662 0.015534 0.008839 0.103245 0.009197 0.005741 0.002958 0.009834 0.003702 0.051633 0.005466 0.013480 0.061239 0.025555 0.011107 0.009840 0.002567 0.002632 0.000129 0.014519 0.002177 0.000591 0.003642 0.004097 
0.000166 0.000259 0.002030 0.000356 0.003137 0.000286 0.004948 0.002416 0.001351 0.002519 0.000184 0.001905 0.001641 0.008869 0.000432 0.003897 0.005345 0.003026 0.002220 0.000735 0.001575 0.000920 0.006986 0.001091 0.009987 0.000584 0.000340 0.009485 0.007075 0.005416 0.004202 0.005427 0.004386 0.005145 0.011323 0.003462 0.011541 0.014914 0.004016 0.002099 0.006303 0.000957 0.013330 0.003398 0.000345 0.013220 0.019808 0.018750 0.010972 0.004430 0.057238 0.008723 0.002999 0.002939 0.010322 0.003393 0.016964 0.002423 0.011871 0.028346 0.021373 0.008886 0.006560 0.001352 0.001161 0.000076 0.007002 0.000964 0.000544 0.001794 0.003002 
-0.000000 0.000216 0.001522 0.000153 0.002647 0.000377 0.004761 0.001271 0.000422 0.001824 0.000116 0.001925 0.000313 0.006289 0.000172 0.008678 0.005677 0.003991 0.004238 0.000576 0.000826 0.000483 0.018456 0.000305 0.020442 0.000242 0.000709 0.030541 0.032534 0.002892 0.003584 0.005695 0.015340 0.017370 0.007971 0.023654 0.009692 0.011607 0.009308 0.019355 0.011039 0.010767 0.120456 0.003980 0.004446 0.151390 0.164347 0.022046 0.018933 0.103698 0.171206 0.007285 0.098891 0.001741 0.008352 0.002429 0.136501 0.050941 0.014986 0.343580 0.033022 0.007543 0.022036 0.029736 0.028932 0.000382 0.110929 0.022836 0.000672 0.039233 0.005824 
0.000497 0.000604 0.001522 0.000509 0.002941 0.000218 0.006722 0.003051 0.001858 0.001976 0.000234 0.001805 0.001406 0.008869 0.000455 0.005352 0.007427 0.004434 0.003139 0.001031 0.002049 0.001076 0.010479 0.001855 0.019274 0.000699 0.000473 0.015745 0.012121 0.011246 0.007423 0.011100 0.010186 0.012807 0.021216 0.007538 0.023600 0.032698 0.012167 0.004400 0.017215 0.002575 0.045993 0.009612 0.000902 0.030847 0.074131 0.065435 0.043765 0.014455 0.276336 0.033500 0.010538 0.009511 0.044454 0.014016 0.118325 0.008002 0.078267 0.190189 0.144698 0.044196 0.049561 0.004981 0.004383 0.000467 0.036479 0.004115 0.002900 0.008370 0.017856 
-0.000000 0.000043 0.001319 0.000025 0.004215 0.000316 0.003081 0.000170 -0.000000 0.000282 0.000003 0.000762 -0.000000 0.000242 0.000006 0.010497 0.000473 0.001069 0.001637 0.000023 0.000015 0.000023 0.006037 -0.000000 0.001927 0.000007 0.000093 0.011635 0.029830 0.000046 0.000149 0.000089 0.001556 0.001577 0.000204 0.006225 0.000333 0.000187 0.000480 0.088501 0.000301 0.005828 0.014698 0.000106 0.003053 0.257364 0.013052 0.000704 0.000793 0.061811 0.008260 0.000205 0.024839 0.000019 0.000269 0.000045 0.008210 1.497405 0.000487 0.024228 0.001527 0.000324 0.001115 0.076748 0.023310 0.000024 0.014494 0.031460 0.000006 0.011600 0.000203 
-0.000000 -0.000000 -0.000000 -0.000000 -0.000000 -0.000000 0.000187 0.000042 -0.000000 0.000043 -0.000000 0.000060 0.000078 0.000564 0.000024 0.000728 0.000615 0.000130 0.000112 0.000038 0.000061 0.000055 0.001164 0.000065 0.001986 0.000047 0.000056 0.002466 0.002659 0.000689 0.000491 0.001027 0.002163 0.003756 0.002167 0.002899 0.002885 0.005554 0.003252 0.001736 0.004118 0.001146 0.027896 0.002483 0.000407 0.013362 0.058091 0.022622 0.017806 0.012021 0.229314 0.013147 0.013189 0.002116 0.020914 0.003975 0.267240 0.004733 0.064683 1.025553 0.162587 0.017540 0.215302 0.004071 0.005622 0.001778 0.123929 0.003410 0.001766 0.015189 0.017698 
-0.000000 0.000043 0.000101 0.000127 0.000392 0.000023 0.000654 0.000381 0.000169 0.000369 0.000018 0.000301 0.000547 0.001693 0.000071 0.001351 0.002034 0.000730 0.000650 0.000212 0.000352 0.000218 0.001984 0.000349 0.003972 0.000249 0.000161 0.003541 0.003335 0.003443 0.002154 0.003127 0.003517 0.005033 0.007399 0.003445 0.006695 0.017472 0.004594 0.001574 0.007238 0.000918 0.021452 0.005512 0.000313 0.011799 0.044626 0.038269 0.025907 0.008527 0.206056 0.027243 0.006714 0.008463 0.048007 0.014780 0.104997 0.003550 0.172804 0.214577 0.491477 0.064328 0.130404 0.002622 0.003280 0.000936 0.044665 0.002218 0.005787 0.006966 0.040375 
0.000083 0.000043 0.001624 0.000051 0.002941 0.000166 0.003641 0.000212 -0.000000 0.000434 0.000015 0.000882 0.000078 0.000645 0.000018 0.008522 0.000757 0.001096 0.001794 0.000015 0.000031 0.000023 0.005735 0.000022 0.002103 0.000013 0.000118 0.009105 0.021539 0.000092 0.000213 0.000268 0.002223 0.001540 0.000368 0.006685 0.000481 0.000686 0.000797 0.046178 0.000966 0.004738 0.015802 0.000241 0.002249 0.159351 0.014017 0.001344 0.001021 0.044528 0.010651 0.000284 0.020718 0.000019 0.000320 0.000146 0.008605 0.779724 0.000901 0.026902 0.001759 0.000278 0.001380 0.094369 0.029048 0.000034 0.016811 0.041349 0.000061 0.012930 0.000451 
-0.000000 0.000129 0.002740 0.000127 0.003235 0.000354 0.007749 0.000466 0.000253 0.001325 0.000025 0.001384 0.000078 0.001854 0.000059 0.009562 0.002034 0.002869 0.002691 0.000159 0.000138 0.000117 0.009875 0.000196 0.008177 0.000054 0.000249 0.016946 0.025595 0.000551 0.001003 0.001407 0.003860 0.003925 0.002003 0.010318 0.002034 0.001435 0.001670 0.035925 0.001631 0.006173 0.025071 0.000497 0.002829 0.155300 0.024036 0.003456 0.002466 0.049374 0.023330 0.001154 0.024253 0.000374 0.001280 0.000437 0.013897 0.313648 0.001757 0.042894 0.006339 0.001388 0.003354 0.102192 0.037834 0.000070 0.024894 0.052420 0.000094 0.017923 0.000880 
0.000083 0.000043 0.000507 0.000076 0.001176 0.000136 0.002241 0.000636 0.000676 0.000608 0.000043 0.000582 0.000234 0.002661 0.000083 0.002754 0.002365 0.001174 0.000807 0.000220 0.000505 0.000265 0.004614 0.000371 0.007593 0.000161 0.000197 0.007272 0.007390 0.002754 0.002026 0.003350 0.005194 0.006009 0.006213 0.005116 0.007102 0.010671 0.004812 0.003613 0.006509 0.001835 0.032177 0.003618 0.000764 0.027222 0.053312 0.022654 0.018211 0.015723 0.141211 0.012815 0.013319 0.004381 0.020375 0.005949 0.118820 0.011045 0.048826 0.467716 0.137994 0.027953 0.135149 0.006941 0.008225 0.002065 0.123260 0.006085 0.002784 0.018936 0.026559 
0.000248 0.000302 0.001725 0.000356 0.002059 0.000188 0.004575 0.001907 0.001858 0.001650 0.000146 0.001504 0.001406 0.006692 0.000349 0.003586 0.005109 0.001982 0.002444 0.000637 0.001300 0.000639 0.006943 0.000655 0.009929 0.000470 0.000276 0.010307 0.007030 0.004407 0.004053 0.004735 0.005235 0.005033 0.009729 0.003701 0.010209 0.014290 0.003994 0.001998 0.006382 0.001318 0.017347 0.003256 0.000491 0.016845 0.024542 0.019326 0.012399 0.007030 0.063903 0.010192 0.004608 0.004082 0.015609 0.005612 0.032518 0.005748 0.031626 0.072578 0.106234 0.027860 0.036515 0.002760 0.003067 0.000435 0.022526 0.002612 0.002375 0.004697 0.017461 
-0.000000 0.000173 0.000304 0.000178 0.000098 0.000053 0.000467 0.000720 0.000253 0.000326 0.000043 0.000181 0.000156 0.000887 0.000065 0.000572 0.000993 0.000626 0.000381 0.000190 0.000229 0.000195 0.000733 0.000262 0.001285 0.000155 0.000066 0.001834 0.001217 0.001469 0.000960 0.001385 0.000748 0.001070 0.002167 0.000546 0.002182 0.004493 0.000993 0.000323 0.001299 0.000139 0.002781 0.000958 0.000076 0.001990 0.003539 0.004640 0.002888 0.001123 0.012534 0.004440 0.000616 0.003464 0.008807 0.004993 0.004525 0.000564 0.006718 0.008825 0.015001 0.117549 0.002632 0.000345 0.000213 0.000039 0.002703 0.000228 0.001841 0.000454 0.005519 
-0.000000 -0.000000 0.001624 0.000051 0.002549 0.000196 0.002427 0.000170 -0.000000 0.000391 0.000013 0.000762 -0.000000 0.000726 0.000006 0.006548 0.000757 0.001096 0.001480 0.000053 0.000061 0.000016 0.005433 0.000065 0.002687 0.000013 0.000116 0.009042 0.017889 0.000046 0.000149 0.000335 0.001880 0.001728 0.000368 0.005713 0.000703 0.000936 0.000753 0.036733 0.000713 0.004366 0.016155 0.000199 0.002202 0.138597 0.014063 0.001184 0.001057 0.040389 0.010433 0.000411 0.020052 0.000094 0.000640 0.000100 0.009867 0.505127 0.001285 0.030004 0.002058 0.000648 0.001868 0.121000 0.038115 0.000039 0.019848 0.053280 0.000047 0.016498 0.000497 
-0.000000 -0.000000 0.000203 0.000025 0.000392 0.000098 0.000654 0.000254 0.000507 0.000282 0.000010 0.000140 0.000156 0.000726 0.000012 0.000676 0.000757 0.000261 0.000493 0.000030 0.000061 0.000070 0.000345 0.000065 0.001402 0.000081 0.000032 0.001138 0.000946 0.000367 0.000320 0.000290 0.000404 0.000638 0.000899 0.000409 0.000851 0.000749 0.000251 0.000242 0.000428 0.000189 0.001280 0.000262 0.000067 0.002132 0.002068 0.000928 0.000511 0.000707 0.003333 0.000411 0.000288 0.000112 0.000505 0.000218 0.002028 0.000733 0.000709 0.007434 0.002157 0.000509 0.001157 0.000207 0.000281 0.000024 0.002188 0.000352 0.000045 0.000517 0.000418 
0.000166 0.000129 0.000812 0.000280 0.001372 0.000151 0.003828 0.001695 0.001351 0.001542 0.000106 0.001003 0.000859 0.004838 0.000302 0.003482 0.004352 0.001435 0.001435 0.000531 0.001024 0.000585 0.005390 0.000589 0.006658 0.000343 0.000242 0.008347 0.005542 0.004315 0.003648 0.004042 0.004527 0.004507 0.008257 0.003650 0.008804 0.013978 0.003470 0.002200 0.005385 0.001301 0.017214 0.003419 0.000482 0.014499 0.023623 0.020094 0.012663 0.006323 0.070134 0.012436 0.004906 0.005673 0.021318 0.008268 0.034372 0.004564 0.045962 0.080386 0.161458 0.044058 0.036314 0.002622 0.002942 0.000495 0.025229 0.002405 0.005104 0.005879 0.039235 
-0.000000 -0.000000 -0.000000 0.000025 -0.000000 0.000008 -0.000000 0.000042 -0.000000 0.000022 0.000008 -0.000000 -0.000000 0.000081 0.000006 0.000156 0.000095 0.000052 0.000022 -0.000000 -0.000000 0.000039 0.000043 -0.000000 0.000350 -0.000000 0.000005 0.000126 0.000180 0.000046 0.000085 0.000067 0.000061 0.000131 0.000123 0.000034 0.000074 0.000125 0.000098 0.000061 0.000016 0.000022 0.000177 0.000021 0.000005 0.000284 0.000184 0.000192 0.000088 0.000021 0.000725 0.000016 0.000070 0.000019 0.000118 0.000064 0.000321 -0.000000 0.000266 0.001177 0.000365 0.000185 0.000350 0.000055 0.000029 0.000006 0.000257 0.000010 0.000012 0.000053 0.000181 
-0.000000 0.000086 0.000609 0.000127 0.001078 0.000121 0.001680 0.000805 0.000253 0.000521 0.000035 0.000742 0.000313 0.002096 0.000095 0.002962 0.001656 0.000756 0.001435 0.000144 0.000229 0.000133 0.003450 0.000218 0.002862 0.000081 0.000086 0.004679 0.004371 0.000505 0.000533 0.000826 0.001233 0.001127 0.000940 0.001808 0.001480 0.001248 0.000491 0.004037 0.000729 0.000979 0.004414 0.000277 0.000371 0.015921 0.004366 0.001184 0.000775 0.004513 0.004492 0.000395 0.002483 0.000131 0.000438 0.000082 0.001929 0.047954 0.000502 0.005241 0.001328 0.000463 0.000722 0.006044 0.002651 0.000013 0.002523 0.003576 0.000037 0.001731 0.000226 
-0.000000 0.000043 0.000304 -0.000000 0.000098 0.000008 0.000187 0.000127 -0.000000 0.000109 0.000013 0.000181 -0.000000 0.000645 -0.000000 0.000831 0.000426 0.000261 0.000269 0.000053 0.000076 0.000055 0.001078 0.000044 0.002103 0.000054 0.000059 0.002593 0.002568 0.000689 0.000640 0.000849 0.001859 0.002272 0.001226 0.002098 0.001813 0.002995 0.001560 0.001897 0.002170 0.001062 0.016861 0.001185 0.000436 0.016205 0.028678 0.009535 0.007696 0.011959 0.073177 0.004899 0.011064 0.001442 0.009817 0.002574 0.074309 0.007438 0.027654 0.400273 0.099563 0.016707 0.100640 0.005754 0.008554 0.004974 0.229581 0.005328 0.002279 0.027559 0.029990 
0.000248 0.000173 0.001421 0.000127 0.002255 0.000241 0.004295 0.001271 0.000507 0.001173 0.000083 0.001344 0.000781 0.002983 0.000130 0.005404 0.003122 0.002791 0.002534 0.000379 0.000673 0.000242 0.008150 0.000327 0.007534 0.000161 0.000322 0.011761 0.013293 0.001882 0.001514 0.002769 0.004345 0.005596 0.004170 0.007060 0.005179 0.004430 0.002924 0.009385 0.002819 0.003537 0.023526 0.001319 0.001313 0.055226 0.027713 0.008287 0.006041 0.025103 0.037168 0.002686 0.018384 0.000880 0.003452 0.001364 0.027770 0.038262 0.006216 0.098945 0.015499 0.005507 0.009192 0.035973 0.048372 0.000209 0.082431 0.034829 0.000391 0.101403 0.003680 
-0.000000 0.000302 0.001421 0.000229 0.001961 0.000196 0.004668 0.001441 0.001098 0.001694 0.000081 0.001845 0.000703 0.004193 0.000243 0.005456 0.004399 0.003235 0.002467 0.000288 0.000688 0.000421 0.008107 0.000436 0.010396 0.000181 0.000303 0.013532 0.012076 0.002616 0.002069 0.003283 0.004891 0.005371 0.004415 0.005815 0.004735 0.006490 0.003012 0.006559 0.003880 0.002786 0.021363 0.001639 0.001055 0.038594 0.025691 0.009535 0.006393 0.017241 0.039849 0.003824 0.011878 0.001161 0.003789 0.001519 0.025075 0.019497 0.007382 0.092474 0.018552 0.006803 0.011241 0.015730 0.018327 0.000260 0.096847 0.014875 0.000523 0.060618 0.004594 
0.000083 0.000086 0.000710 0.000127 0.000294 0.000090 0.001214 0.000890 0.000760 0.000869 0.000050 0.000722 0.000625 0.002419 0.000124 0.001767 0.002129 0.001356 0.001076 0.000288 0.000703 0.000413 0.003019 0.000393 0.005198 0.000242 0.000152 0.004553 0.003785 0.002800 0.002218 0.002903 0.002547 0.003192 0.006336 0.002268 0.005771 0.010671 0.002652 0.001312 0.003833 0.000745 0.011653 0.002334 0.000293 0.009951 0.016867 0.015007 0.008929 0.005345 0.051949 0.009465 0.003208 0.004493 0.018691 0.007122 0.026385 0.003381 0.034180 0.063485 0.119310 0.051971 0.027567 0.002111 0.002071 0.000469 0.023195 0.001731 0.007102 0.004391 0.088865 
0.000083 0.000086 0.000913 0.000178 0.002157 0.000271 0.003548 0.000763 0.000338 0.000738 0.000023 0.000722 0.000234 0.001854 0.000112 0.005664 0.001892 0.001617 0.001816 0.000114 0.000122 0.000086 0.006037 0.000131 0.004322 0.000067 0.000145 0.008663 0.011310 0.000734 0.000491 0.001407 0.002425 0.002516 0.001267 0.004366 0.002108 0.001622 0.001004 0.012170 0.000966 0.002536 0.010505 0.000362 0.000989 0.048331 0.011168 0.002784 0.001867 0.017179 0.012317 0.000711 0.007886 0.000356 0.000825 0.000255 0.005539 0.133551 0.001506 0.018559 0.003319 0.001064 0.001783 0.041285 0.016885 0.000031 0.011919 0.023033 0.000069 0.008339 0.000587 
-0.000000 0.000086 0.001015 0.000076 0.001372 0.000128 0.002054 0.000381 0.000338 0.000499 0.000018 0.000521 0.000156 0.001048 0.000041 0.003793 0.001135 0.001096 0.001256 0.000099 0.000168 0.000023 0.003752 0.000175 0.004205 0.000020 0.000143 0.006956 0.008607 0.000734 0.000661 0.000960 0.002203 0.002892 0.001472 0.004656 0.001628 0.001934 0.001113 0.009123 0.001188 0.002447 0.015934 0.000539 0.001116 0.056647 0.018889 0.003360 0.002695 0.022753 0.020577 0.001264 0.015076 0.000449 0.001010 0.000500 0.016148 0.061817 0.002717 0.052949 0.007932 0.001435 0.004671 0.094769 0.103797 0.000116 0.046261 0.109255 0.000147 0.050612 0.001546 
0.000083 0.000173 0.000710 0.000102 0.001078 0.000113 0.001961 0.000381 0.000169 0.000543 0.000040 0.000602 0.000234 0.001935 0.000136 0.003378 0.001987 0.000913 0.001502 0.000167 0.000275 0.000148 0.004355 0.000153 0.005957 0.000101 0.000152 0.009169 0.009102 0.001285 0.001365 0.001675 0.003618 0.003718 0.002861 0.004468 0.002959 0.004056 0.002630 0.005752 0.003310 0.002447 0.022952 0.001419 0.000947 0.037670 0.030149 0.008831 0.005583 0.020735 0.047964 0.003713 0.015176 0.000974 0.004631 0.001401 0.039145 0.021526 0.009272 0.160131 0.027479 0.008376 0.018841 0.019994 0.026358 0.000533 0.243688 0.019467 0.000688 0.088399 0.007495 
-0.000000 0.000043 0.000913 0.000025 0.001274 0.000136 0.001587 0.000127 0.000084 0.000413 0.000020 0.000662 0.000078 0.001209 0.000083 0.003586 0.000804 0.000913 0.000942 0.000061 0.000122 0.000062 0.003838 0.000044 0.003271 0.000013 0.000113 0.006386 0.010364 0.000643 0.000363 0.000804 0.001940 0.002009 0.001185 0.003905 0.001221 0.000624 0.001015 0.011645 0.000982 0.002258 0.013639 0.000355 0.001056 0.059135 0.014707 0.002336 0.001444 0.022774 0.014491 0.000838 0.013666 0.000112 0.000926 0.000255 0.011573 0.093148 0.001816 0.036102 0.004580 0.001342 0.002781 0.136717 0.065199 0.000080 0.030635 0.103730 0.000114 0.032035 0.001174 
