# Flux Network Reconstruction using RW method
# Walkers leave from emitting cells
# Probability involves emitting fluxes, then absorbing flux is shared among connections
# Seed: 1684539207
# Threshold: 0.5
# Precision: 100000.0
# Dt: 1.0
# Radius step: 5.000000
# Matrix output


0.000168 0.132798 0.126962 0.043260 0.004252 0.064181 0.002434 0.000239 0.001509 0.007027 0.000183 0.000019 0.001207 0.001452 0.002315 0.001780 0.008985 0.001850 0.000887 0.000111 0.000806 0.004117 0.001117 -0.000000 0.001284 0.000237 0.002350 0.004187 0.000084 0.000289 0.000063 0.000019 0.000017 0.000016 0.000998 0.000343 0.000153 0.000072 0.000029 0.000254 -0.000000 0.000655 0.000038 0.000701 0.000003 0.000028 0.000011 0.000034 -0.000000 0.000034 0.000111 0.000021 0.000058 0.000035 0.000018 0.000203 -0.000000 0.000057 -0.000000 -0.000000 -0.000000 -0.000000 0.000081 0.000085 -0.000000 -0.000000 0.000090 0.000107 -0.000000 -0.000000 -0.000000 -0.000000 
0.000088 0.000280 0.000376 0.005392 0.000053 0.004438 0.015765 0.024506 0.010281 0.001274 0.020538 0.001997 0.010648 0.000804 0.012859 0.004390 0.000562 0.000031 0.000193 0.000002 0.000454 0.000392 0.000335 0.002413 0.001284 0.002612 0.000162 0.000410 0.000816 0.003319 0.000359 0.000023 0.000044 0.000125 -0.000000 0.000031 0.000153 0.000072 0.000029 0.000381 0.000009 -0.000000 0.000076 0.000078 0.000003 0.000028 -0.000000 0.000171 0.000061 0.000011 0.000111 -0.000000 -0.000000 0.000035 -0.000000 -0.000000 -0.000000 -0.000000 -0.000000 -0.000000 -0.000000 -0.000000 0.000040 -0.000000 -0.000000 0.000005 0.000045 -0.000000 -0.000000 -0.000000 -0.000000 -0.000000 
0.001056 0.001121 0.002163 0.029534 0.000488 0.022361 0.090994 0.040471 0.040285 0.004644 0.042359 0.004414 0.034633 0.004018 0.034462 0.010975 0.002246 0.000245 0.000489 0.000002 0.001537 0.000980 0.000447 0.003729 0.002266 0.004844 0.000648 0.000246 0.001802 0.004618 0.000380 0.000023 0.000061 0.000141 -0.000000 0.000031 -0.000000 0.000024 0.000087 0.000381 0.000007 0.000047 -0.000000 -0.000000 -0.000000 0.000056 -0.000000 0.000103 0.000061 -0.000000 -0.000000 0.000021 -0.000000 0.000035 -0.000000 -0.000000 -0.000000 0.000057 -0.000000 -0.000000 0.000057 -0.000000 -0.000000 -0.000000 -0.000000 0.000005 0.000045 -0.000000 -0.000000 -0.000000 -0.000000 -0.000000 
0.002312 0.006024 0.008370 0.061764 0.001324 0.052403 0.116772 0.025225 0.050007 0.010192 0.031540 0.003574 0.038585 0.009253 0.057351 0.023493 0.008610 0.000902 0.001479 0.000019 0.003654 0.003333 0.002345 0.005264 0.005362 0.004939 0.003161 0.001149 0.002956 0.005484 0.000865 0.000090 0.000166 0.000250 0.000380 0.000436 0.000459 0.000239 0.000232 0.001015 0.000030 0.000187 0.000115 0.000312 0.000011 0.000336 0.000014 0.000137 0.000061 0.000034 0.000669 0.000127 0.000029 0.000071 0.000006 0.000136 0.000014 0.000113 0.000084 0.000020 0.000115 0.000326 0.000040 -0.000000 -0.000000 0.000010 0.000135 -0.000000 -0.000000 -0.000000 -0.000000 -0.000000 
0.000136 0.229034 0.554964 0.045466 0.015692 0.194251 0.002600 0.000080 0.000894 0.032465 -0.000000 -0.000000 0.000494 0.002981 0.002186 0.001424 0.067573 0.018455 0.003317 0.002326 0.000731 0.025582 0.001861 -0.000000 0.001813 0.000047 0.013130 0.042360 0.000113 -0.000000 -0.000000 0.000026 -0.000000 -0.000000 0.010123 0.002772 0.000306 0.000191 0.000029 -0.000000 -0.000000 0.001216 0.000267 0.003583 -0.000000 0.000084 0.000019 -0.000000 -0.000000 0.000079 -0.000000 -0.000000 0.000506 -0.000000 0.000202 0.000339 -0.000000 -0.000000 -0.000000 -0.000000 0.000057 -0.000000 0.000484 0.000978 -0.000000 -0.000000 -0.000000 -0.000000 -0.000000 -0.000000 0.000026 -0.000000 
0.011287 0.029837 0.041192 0.260171 0.005195 0.212515 0.196924 0.022271 0.086548 0.036574 0.037958 0.003667 0.061472 0.025972 0.122932 0.054046 0.035565 0.004541 0.005902 0.000142 0.011642 0.017741 0.008896 0.006799 0.020769 0.009736 0.009564 0.006978 0.005068 0.016163 0.002067 0.000406 0.000449 0.001205 0.002044 0.001277 0.001885 0.001172 0.000637 0.005077 0.000095 0.000936 0.000993 0.001636 0.000027 0.000784 0.000088 0.000923 0.000983 0.000113 0.001560 0.000212 0.000078 0.000425 0.000104 0.001016 0.000014 0.000624 0.000252 0.000077 0.000630 0.000435 0.000202 0.000085 0.000225 0.000026 0.000269 0.000215 0.000163 -0.000000 0.000236 0.000019 
0.007667 0.029697 0.041568 0.249386 0.005636 0.234535 0.324372 0.035762 0.147338 0.045122 0.066747 0.006635 0.096489 0.034732 0.193014 0.077539 0.043239 0.005428 0.006969 0.000134 0.016102 0.020485 0.011576 0.011917 0.025526 0.018189 0.015561 0.010590 0.009122 0.024533 0.002932 0.000500 0.000843 0.001675 0.001758 0.001713 0.003821 0.001483 0.001912 0.006726 0.000157 0.001357 0.001451 0.001870 0.000073 0.001260 0.000110 0.001129 0.001044 0.000249 0.002451 0.000593 0.000088 0.000390 0.000055 0.000881 0.000014 0.000794 0.000923 0.000077 0.000688 0.000979 0.000403 0.000425 0.000075 0.000046 0.000493 0.000107 0.000218 0.000009 0.000079 -0.000000 
0.000040 0.000840 0.001317 0.005024 0.000201 0.007169 0.013165 0.069767 0.014136 0.001808 0.072248 0.004535 0.014764 0.001555 0.018388 0.006051 0.003089 0.000291 0.000347 0.000006 0.001537 0.002352 0.001303 0.005410 0.003852 0.005936 0.001702 0.000739 0.002140 0.007360 0.000823 0.000075 0.000205 0.000454 0.000285 0.000187 0.000408 0.000287 0.000435 0.002538 0.000048 0.000140 0.000115 -0.000000 0.000017 0.000364 0.000008 0.000274 0.000369 0.000023 0.000780 0.000170 0.000010 0.000319 0.000006 0.000271 0.000014 0.000170 0.000503 0.000015 0.000344 0.000761 0.000081 -0.000000 0.000075 0.000005 0.000179 -0.000000 0.000109 -0.000000 0.000053 -0.000000 
0.001512 0.006654 0.010251 0.062132 0.001558 0.079032 0.241011 0.200201 0.167229 0.016602 0.267355 0.025644 0.161364 0.017962 0.197257 0.056182 0.014600 0.001697 0.002957 0.000049 0.010105 0.008919 0.005844 0.030487 0.019107 0.034811 0.004944 0.003202 0.013092 0.035357 0.003565 0.000391 0.000859 0.002160 0.000760 0.000685 0.002089 0.001148 0.001333 0.005203 0.000173 0.000561 0.000725 0.001091 0.000065 0.000420 0.000036 0.001129 0.001904 0.000057 0.002340 0.000445 0.000029 0.000461 0.000006 0.000474 0.000060 0.000794 0.000587 0.000072 0.000458 0.001088 0.000040 0.000043 0.000375 0.000021 0.000135 -0.000000 0.000136 -0.000000 -0.000000 0.000019 
0.001512 0.012187 0.018621 0.085049 0.002561 0.099515 0.225301 0.070805 0.143539 0.024534 0.120658 0.011264 0.119925 0.023120 0.191471 0.065911 0.028171 0.004052 0.005401 0.000086 0.014338 0.019015 0.010422 0.022079 0.027037 0.024933 0.012157 0.009769 0.011543 0.041273 0.004683 0.000624 0.001148 0.002974 0.002424 0.001838 0.004637 0.002272 0.002694 0.011930 0.000274 0.002339 0.001833 0.002882 0.000118 0.001820 0.000110 0.002086 0.003071 0.000350 0.006797 0.000869 0.000195 0.001347 0.000110 0.001829 0.000060 0.002041 0.001426 0.000143 0.002120 0.002175 0.000323 0.000340 0.000375 0.000098 0.001211 0.000859 0.000436 0.000009 0.000210 0.000037 
0.000688 0.006304 0.007336 0.039338 0.000923 0.042844 0.118265 0.212734 0.097275 0.011959 0.259287 0.022005 0.104008 0.011301 0.140163 0.040994 0.011699 0.001636 0.002520 0.000045 0.008366 0.009802 0.006179 0.026466 0.015860 0.029065 0.006160 0.002791 0.011459 0.032326 0.004283 0.000402 0.000649 0.001941 0.000808 0.000810 0.002293 0.001220 0.001014 0.006473 0.000212 0.000561 0.000878 0.001091 0.000071 0.000812 0.000044 0.000855 0.001720 0.000113 0.002786 0.000657 0.000049 0.000567 0.000055 0.000678 0.000037 0.001361 0.001090 0.000097 0.000917 0.001088 0.000121 0.000085 0.000075 0.000046 0.000493 0.000322 0.000109 0.000003 0.000105 -0.000000 
0.000096 0.001471 0.002727 0.006740 0.000301 0.009218 0.017590 0.089005 0.018606 0.002918 0.086551 0.005982 0.020088 0.003007 0.028933 0.009789 0.005148 0.000535 0.000823 0.000016 0.002293 0.004215 0.002531 0.005556 0.006042 0.007314 0.002756 0.002709 0.003125 0.011689 0.001540 0.000162 0.000421 0.000814 0.000570 0.000561 0.001885 0.000861 0.000869 0.003300 0.000108 0.000702 0.000840 0.001246 0.000044 0.000728 0.000030 0.000787 0.001290 0.000113 0.002897 0.000614 0.000058 0.000390 0.000037 0.001287 0.000032 0.000850 0.000923 0.000051 0.000573 0.000761 0.000282 0.000128 -0.000000 0.000067 0.000224 -0.000000 0.000218 -0.000000 0.000131 0.000019 
0.000020 0.000210 0.000564 0.002819 0.000060 0.002902 0.005642 0.050769 0.005643 0.000904 0.037774 0.002417 0.006477 0.000492 0.008744 0.002729 0.001310 0.000122 0.000167 0.000004 0.000504 0.000686 0.000298 0.002120 0.001133 0.002660 0.000567 0.000246 0.000901 0.001732 0.000211 0.000041 0.000061 0.000219 0.000095 0.000249 0.000102 0.000024 0.000232 0.000888 0.000014 0.000047 0.000038 0.000078 0.000014 0.000028 0.000008 0.000034 0.000123 0.000023 0.000446 0.000042 -0.000000 0.000071 -0.000000 -0.000000 -0.000000 0.000057 0.000168 0.000010 0.000057 0.000544 0.000040 -0.000000 -0.000000 0.000015 -0.000000 -0.000000 -0.000000 0.000003 0.000026 -0.000000 
0.000064 0.000981 0.000564 0.003064 0.000160 0.005633 0.008740 0.073918 0.010337 0.002055 0.061246 0.003779 0.011032 0.001918 0.017102 0.006348 0.002901 0.000443 0.000424 0.000010 0.001764 0.003431 0.001898 0.004825 0.003550 0.003942 0.002431 0.001478 0.002365 0.007649 0.001097 0.000154 0.000211 0.000563 0.000570 0.000311 0.001172 0.000502 0.000608 0.003427 0.000062 0.000561 0.000687 0.000701 0.000028 0.000448 0.000041 0.000821 0.000798 0.000136 0.001783 0.000339 0.000078 0.000177 0.000049 0.000881 0.000018 0.000567 0.000252 0.000036 0.000344 0.001088 0.000282 0.000128 0.000375 0.000015 0.000404 0.000537 0.000136 0.000006 0.000079 -0.000000 
0.002936 0.017510 0.026051 0.163235 0.003570 0.173938 0.761919 0.112394 0.417485 0.045574 0.220229 0.021314 0.301213 0.043804 0.441964 0.140899 0.036033 0.004725 0.007214 0.000105 0.022755 0.022838 0.014218 0.031730 0.039876 0.045117 0.016939 0.009687 0.021200 0.054839 0.006666 0.000793 0.001613 0.003428 0.002186 0.001557 0.004433 0.001818 0.002231 0.011042 0.000316 0.001123 0.001604 0.001792 0.000117 0.001456 0.000072 0.001813 0.003010 0.000305 0.005125 0.001017 0.000097 0.000922 0.000067 0.001423 0.000083 0.001927 0.001007 0.000092 0.001146 0.001849 0.000202 0.000170 0.000150 0.000057 0.000448 0.000215 0.000245 -0.000000 0.000105 0.000019 
0.000324 0.200667 0.541328 0.129044 0.031184 0.544688 0.011395 0.000479 0.006984 0.120737 0.001650 0.000112 0.003677 0.018818 0.015174 0.013645 0.313064 0.081189 0.018336 0.009661 0.008618 0.149571 0.016117 0.000073 0.017370 0.000475 0.094664 0.204164 0.000732 0.003031 0.000232 0.000368 0.000166 0.000219 0.055175 0.019311 0.003108 0.003229 0.001304 0.002284 0.000014 0.013706 0.004162 0.028433 0.000006 0.000784 0.000314 0.000205 0.000123 0.001153 0.000446 -0.000000 0.003230 -0.000000 0.001260 0.003456 -0.000000 -0.000000 -0.000000 0.000026 0.000573 -0.000000 0.004114 0.006122 -0.000000 0.000010 0.000314 -0.000000 0.000054 -0.000000 0.000341 -0.000000 
0.000064 0.016880 0.029907 0.022671 0.002240 0.057354 0.006914 0.001437 0.006314 0.016561 0.004768 0.000327 0.005598 0.006895 0.017874 0.011450 0.043614 0.008027 0.004822 0.000972 0.005645 0.037736 0.010682 0.001462 0.016388 0.002897 0.032662 0.037106 0.002506 0.012988 0.001856 0.000567 0.000582 0.001377 0.014447 0.008285 0.008356 0.004520 0.004229 0.019291 0.000166 0.009823 0.006148 0.015034 0.000078 0.003752 0.000438 0.002975 0.004115 0.001888 0.009137 0.000678 0.001391 0.001276 0.000942 0.007453 0.000055 0.002438 0.001678 0.000358 0.003725 0.002284 0.004074 0.002551 0.000300 0.000154 0.002735 0.001288 0.001144 0.000003 0.001050 0.000056 
0.001248 0.194924 0.471263 0.405758 0.053943 1.512870 0.054043 0.004071 0.037491 0.357115 0.008802 0.000924 0.023162 0.079237 0.088084 0.066089 0.528138 0.087978 0.046830 0.002821 0.031776 0.182406 0.041390 0.002851 0.057699 0.005841 0.105119 0.125765 0.004420 0.012411 0.001688 0.001007 0.000743 0.001268 0.026756 0.014670 0.005758 0.004233 0.003447 0.012818 0.000092 0.012022 0.005880 0.019241 0.000027 0.001904 0.000396 0.000684 0.000798 0.001198 0.002563 0.000191 0.001625 0.000532 0.000880 0.004472 0.000009 0.000567 0.000419 0.000061 0.000917 0.000435 0.002622 0.002849 0.000075 0.000036 0.000583 0.000215 0.000300 -0.000000 0.000446 -0.000000 
0.000080 0.018561 0.038183 0.018750 0.002621 0.055647 0.003485 0.000559 0.003073 0.015575 0.000917 0.000112 0.002415 0.004484 0.007201 0.005221 0.058120 0.012981 0.004475 0.004600 0.004309 0.054888 0.009119 0.000219 0.013141 0.000617 0.040767 0.089481 0.000901 0.002598 0.000612 0.000421 0.000233 0.000376 0.049045 0.016009 0.003567 0.003468 0.002462 0.007488 0.000055 0.019787 0.007140 0.037859 0.000028 0.002240 0.000616 0.000787 0.001106 0.002193 0.003343 0.000106 0.005020 0.000071 0.002348 0.009486 0.000009 0.000794 0.000252 0.000128 0.002006 0.000218 0.009276 0.010076 -0.000000 0.000031 0.001300 0.000429 0.000626 0.000009 0.000971 0.000019 
0.000760 0.011557 0.014953 0.056250 0.001892 0.078349 0.179942 0.139774 0.267689 0.026712 0.373527 0.037655 0.422126 0.029549 0.457395 0.135975 0.036594 0.005000 0.007471 0.000143 0.026837 0.031757 0.021625 0.087732 0.063287 0.115832 0.025368 0.013463 0.047778 0.140272 0.018290 0.001597 0.003399 0.009595 0.002899 0.002897 0.013197 0.006314 0.006547 0.028936 0.000994 0.004210 0.004009 0.004674 0.000391 0.004172 0.000143 0.007113 0.009643 0.000791 0.017939 0.003030 0.000195 0.004184 0.000214 0.003117 0.000170 0.006973 0.004446 0.000425 0.003954 0.007070 0.000847 0.000255 0.000674 0.000288 0.002377 0.001825 0.000762 0.000040 0.000446 0.000111 
0.000504 0.008615 0.013825 0.040441 0.001665 0.068790 0.107810 0.105848 0.161586 0.022356 0.358491 0.034043 0.249456 0.023717 0.329062 0.100261 0.035378 0.004403 0.006481 0.000135 0.022226 0.032247 0.020807 0.092850 0.060795 0.110655 0.026746 0.016336 0.047300 0.156002 0.018691 0.001894 0.003632 0.010613 0.004990 0.003987 0.013910 0.006385 0.007503 0.038328 0.000992 0.004023 0.005651 0.007245 0.000485 0.005095 0.000297 0.009199 0.014434 0.000938 0.022508 0.004216 0.000331 0.005177 0.000214 0.005759 0.000263 0.009014 0.008724 0.000788 0.006705 0.011964 0.001855 0.000680 0.001199 0.000350 0.003453 0.002899 0.001661 0.000037 0.000971 0.000167 
0.000044 0.001121 0.001693 0.005882 0.000167 0.006316 0.007302 0.024586 0.010839 0.002836 0.193823 0.008119 0.013776 0.003110 0.025975 0.007416 0.006645 0.000719 0.001003 0.000023 0.002747 0.006469 0.003610 0.018497 0.006495 0.013678 0.004458 0.003284 0.005180 0.020781 0.002131 0.000259 0.000577 0.001487 0.001331 0.001059 0.002853 0.001435 0.001390 0.006473 0.000226 0.001216 0.001222 0.002804 0.000111 0.001204 0.000113 0.002120 0.003255 0.000181 0.004903 0.000784 0.000146 0.001276 0.000104 0.001965 0.000060 0.002608 0.002265 0.000148 0.002006 0.002284 0.000524 0.000170 0.000375 0.000093 0.000852 0.001396 0.000408 0.000006 0.000210 0.000037 
0.000360 0.008895 0.014295 0.033088 0.001758 0.059402 0.066490 0.035283 0.113479 0.022602 0.098287 0.009099 0.179861 0.022576 0.263995 0.084658 0.041461 0.005581 0.007124 0.000188 0.021041 0.040480 0.022481 0.035385 0.054451 0.056277 0.033311 0.020031 0.029731 0.109245 0.013923 0.001917 0.003066 0.009126 0.006843 0.006167 0.016764 0.007629 0.008343 0.044039 0.000862 0.007906 0.008515 0.010283 0.000458 0.007727 0.000462 0.009028 0.014557 0.001730 0.025739 0.003962 0.000574 0.004751 0.000483 0.007725 0.000212 0.011622 0.008556 0.001003 0.009857 0.011094 0.002299 0.001403 0.001423 0.000540 0.005067 0.003972 0.002423 0.000033 0.000945 0.000315 
0.000156 0.000420 0.000940 0.005392 0.000154 0.007511 0.025832 0.143605 0.039167 0.002836 1.361349 0.060108 0.065534 0.003421 0.076511 0.019933 0.003650 0.000214 0.000707 0.000004 0.003981 0.001862 0.002680 0.334919 0.009742 0.125757 0.002026 0.000821 0.024917 0.083124 0.006624 0.000308 0.000798 0.002598 0.000238 0.000125 0.001580 0.000765 0.000377 0.004315 0.000374 0.000094 0.000496 0.000156 0.000111 0.000280 0.000011 0.001642 0.001965 0.000023 0.002674 0.001250 0.000019 0.001702 0.000006 0.000271 0.000101 0.001361 0.001845 0.000046 0.000401 0.001958 -0.000000 -0.000000 0.000300 0.000067 0.000224 0.000107 0.000027 0.000003 0.000026 0.000019 
0.000768 0.018211 0.031317 0.089583 0.004078 0.162331 0.121141 0.028418 0.197400 0.083176 0.083251 0.007904 0.209609 0.114876 0.918262 0.656440 0.124290 0.015810 0.029870 0.000363 0.161149 0.123205 0.106750 0.041600 0.311679 0.082967 0.087937 0.050241 0.069204 0.213439 0.028775 0.005656 0.008816 0.019550 0.011738 0.012022 0.038470 0.017458 0.018830 0.087317 0.001483 0.009122 0.013708 0.012230 0.000587 0.011731 0.000616 0.014705 0.018180 0.001786 0.036547 0.004216 0.000720 0.004858 0.000483 0.008402 0.000180 0.009184 0.005872 0.000946 0.009915 0.009463 0.002138 0.001275 0.001049 0.000427 0.005112 0.003221 0.001525 0.000049 0.001181 0.000111 
0.000124 0.003992 0.007336 0.018137 0.000682 0.027311 0.023896 0.015646 0.034530 0.011342 0.062346 0.004582 0.050824 0.009538 0.095671 0.034053 0.021994 0.003043 0.003356 0.000109 0.010029 0.020583 0.012692 0.023542 0.028925 0.042172 0.017749 0.013792 0.020722 0.076774 0.009641 0.001203 0.002201 0.005807 0.004040 0.004174 0.013044 0.005214 0.006170 0.030586 0.000740 0.005567 0.005002 0.007868 0.000347 0.004872 0.000314 0.007558 0.010933 0.000837 0.021393 0.002882 0.000496 0.004042 0.000416 0.006234 0.000180 0.009354 0.007382 0.000706 0.007450 0.009463 0.001331 0.000808 0.001124 0.000376 0.003811 0.003865 0.002206 0.000046 0.000998 0.000185 
0.000648 0.027036 0.051913 0.099264 0.005830 0.225830 0.059243 0.008062 0.072915 0.183037 0.027139 0.002324 0.059880 0.179831 0.274668 0.238549 0.424813 0.049386 0.135206 0.000840 0.286364 0.372163 0.280646 0.013452 0.498444 0.025740 0.231553 0.114929 0.023453 0.068260 0.011075 0.005002 0.004851 0.009439 0.018962 0.017473 0.033680 0.017554 0.016165 0.056985 0.000553 0.015717 0.015465 0.018150 0.000243 0.009155 0.000820 0.006600 0.007432 0.001990 0.017271 0.000953 0.000983 0.001560 0.000654 0.010841 0.000055 0.003175 0.001845 0.000573 0.005330 0.002393 0.002743 0.001913 0.000674 0.000165 0.003408 0.001074 0.001089 0.000006 0.000893 0.000019 
0.000408 0.038522 0.067055 0.083701 0.007301 0.229926 0.033134 0.004949 0.036597 0.128175 0.012469 0.001708 0.031285 0.064644 0.121260 0.084005 0.698755 0.104980 0.075981 0.001837 0.067408 0.595539 0.140621 0.007969 0.197339 0.013962 0.340805 0.209746 0.013993 0.049499 0.007721 0.004198 0.003504 0.007701 0.047381 0.036721 0.037705 0.022887 0.019409 0.080464 0.000528 0.035505 0.027836 0.051179 0.000270 0.013355 0.001734 0.009097 0.011056 0.005370 0.030196 0.002119 0.003239 0.002411 0.002171 0.025545 0.000124 0.007143 0.003943 0.000992 0.011290 0.005873 0.010325 0.005229 0.000599 0.000324 0.006861 0.002684 0.002532 0.000018 0.002704 0.000167 
0.000144 0.002662 0.002351 0.010294 0.000348 0.018947 0.034849 0.090282 0.051124 0.006575 0.571202 0.037235 0.078102 0.007776 0.122932 0.034350 0.007487 0.001116 0.001646 0.000034 0.008669 0.009507 0.007333 0.439613 0.023110 0.171539 0.007294 0.004105 0.039247 0.157734 0.014071 0.000725 0.001929 0.006042 0.000998 0.000903 0.005860 0.002081 0.002433 0.013707 0.000869 0.000748 0.001527 0.000935 0.000319 0.002128 0.000096 0.004206 0.007432 0.000305 0.009917 0.003263 0.000058 0.004503 0.000055 0.002033 0.000253 0.005386 0.005788 0.000205 0.002694 0.005982 0.000363 0.000085 0.000599 0.000221 0.000807 0.001610 0.000790 0.000015 0.000289 0.000074 
0.000108 0.002592 0.005831 0.011397 0.000628 0.021849 0.018531 0.014129 0.026707 0.008424 0.047310 0.004573 0.033755 0.006843 0.072268 0.025985 0.016566 0.002324 0.003073 0.000092 0.008669 0.018623 0.009268 0.026978 0.023714 0.046922 0.014102 0.011821 0.018976 0.068982 0.009113 0.000992 0.001808 0.005557 0.003754 0.003582 0.010394 0.004018 0.006228 0.026779 0.000643 0.004584 0.005269 0.006933 0.000360 0.004620 0.000292 0.006087 0.010134 0.000859 0.018496 0.002649 0.000340 0.003865 0.000367 0.005556 0.000170 0.006519 0.006207 0.000609 0.006591 0.008919 0.001573 0.000723 0.001199 0.000422 0.004036 0.003006 0.001688 0.000040 0.001024 0.000130 
0.000180 0.022903 0.048434 0.037745 0.003931 0.103441 0.013165 0.002475 0.014304 0.033164 0.008435 0.000635 0.012404 0.015837 0.042949 0.026578 0.126068 0.027185 0.013167 0.005395 0.016253 0.142024 0.031638 0.004094 0.056641 0.006601 0.124327 0.189141 0.006138 0.023234 0.003629 0.002071 0.001774 0.003506 0.072997 0.036721 0.026903 0.014302 0.013644 0.052669 0.000348 0.043223 0.024361 0.071433 0.000229 0.011507 0.001860 0.006361 0.009397 0.006466 0.020056 0.001547 0.005321 0.002695 0.003699 0.034421 0.000097 0.005896 0.004446 0.001039 0.012207 0.005221 0.017302 0.011522 0.000674 0.000499 0.008744 0.001610 0.002805 0.000033 0.003886 0.000130 
0.000308 0.010646 0.018433 0.037745 0.001718 0.070497 0.052992 0.024107 0.091967 0.026177 0.086368 0.008352 0.124536 0.025505 0.297043 0.099845 0.051850 0.007492 0.009644 0.000197 0.030844 0.057633 0.031936 0.044159 0.082017 0.084250 0.039551 0.030538 0.056337 0.181401 0.024345 0.002882 0.005583 0.015183 0.009552 0.009500 0.026649 0.011145 0.014050 0.074245 0.001593 0.011975 0.012143 0.014801 0.000754 0.011675 0.000682 0.015971 0.025182 0.002114 0.042898 0.006653 0.000662 0.009113 0.000624 0.013416 0.000405 0.016780 0.013086 0.001473 0.014213 0.019904 0.003549 0.001828 0.002172 0.000865 0.007982 0.006012 0.003022 0.000082 0.002100 0.000296 
0.000100 0.003292 0.004232 0.011520 0.000555 0.020483 0.020799 0.030573 0.031121 0.009041 0.148531 0.010844 0.044238 0.007439 0.077411 0.026281 0.013945 0.001957 0.002507 0.000068 0.009601 0.017153 0.009640 0.149803 0.021977 0.088097 0.013616 0.006814 0.024973 0.107080 0.011139 0.000985 0.002135 0.006214 0.002946 0.002336 0.008051 0.003779 0.005214 0.024241 0.000798 0.002947 0.004849 0.004830 0.000447 0.004368 0.000242 0.008139 0.010810 0.000588 0.017271 0.003920 0.000302 0.004219 0.000232 0.005082 0.000290 0.008390 0.006962 0.000563 0.005960 0.009463 0.001089 0.000553 0.001498 0.000407 0.002825 0.003328 0.001470 0.000030 0.000971 0.000185 
0.000280 0.033760 0.069970 0.069730 0.006746 0.205858 0.023675 0.003113 0.025311 0.109682 0.008435 0.000999 0.020692 0.049377 0.086284 0.059326 0.645315 0.134826 0.060705 0.002869 0.057152 1.094926 0.143747 0.004460 0.188049 0.011065 0.596024 0.392319 0.010136 0.038964 0.006223 0.004438 0.002772 0.005525 0.068387 0.051235 0.037502 0.024848 0.018395 0.065488 0.000323 0.040978 0.029478 0.062630 0.000174 0.013159 0.001915 0.005609 0.006265 0.005619 0.019722 0.001059 0.003716 0.001206 0.002586 0.025139 0.000046 0.003912 0.001929 0.000686 0.007909 0.002719 0.009720 0.007313 0.000150 0.000211 0.005381 0.000644 0.002015 0.000018 0.001759 0.000093 
0.000404 0.025985 0.044390 0.068995 0.005048 0.160453 0.040602 0.008861 0.051795 0.090943 0.024205 0.002426 0.046049 0.065914 0.171282 0.112007 0.263180 0.037063 0.052462 0.000991 0.103644 0.324234 0.212234 0.012283 0.304504 0.024553 0.227338 0.126504 0.022411 0.087887 0.015358 0.005829 0.005434 0.011380 0.033742 0.027813 0.049323 0.025016 0.024594 0.104070 0.001114 0.031295 0.027874 0.040507 0.000536 0.018282 0.001750 0.013850 0.019593 0.005359 0.042118 0.003899 0.002335 0.004858 0.001944 0.025952 0.000207 0.012699 0.007801 0.001412 0.020288 0.012726 0.008752 0.005059 0.001498 0.000592 0.009820 0.004616 0.003948 0.000040 0.003492 0.000259 
0.000404 0.012467 0.022665 0.049387 0.002353 0.081422 0.073072 0.030094 0.126274 0.037273 0.094803 0.009136 0.153021 0.040409 0.422676 0.164629 0.071223 0.009816 0.013540 0.000292 0.051759 0.079686 0.051998 0.053371 0.140999 0.105906 0.062812 0.038419 0.083028 0.266834 0.036897 0.004577 0.008855 0.023510 0.011643 0.010932 0.035565 0.016741 0.020046 0.101912 0.002161 0.013425 0.016839 0.017216 0.001035 0.015118 0.000872 0.020143 0.029420 0.002962 0.057383 0.007628 0.001226 0.010035 0.000740 0.016940 0.000433 0.018595 0.014428 0.001739 0.017996 0.019360 0.003711 0.002126 0.002697 0.000875 0.008923 0.007300 0.004547 0.000094 0.002599 0.000574 
0.000044 0.002101 0.003574 0.006618 0.000321 0.010924 0.009404 0.009180 0.013354 0.004520 0.039792 0.002977 0.014874 0.003862 0.036134 0.012518 0.009266 0.001223 0.001234 0.000051 0.004435 0.011566 0.005248 0.121583 0.012688 0.048536 0.008024 0.005911 0.014612 0.070713 0.007067 0.000650 0.001353 0.004774 0.001853 0.002056 0.006777 0.003253 0.003650 0.016499 0.000590 0.002386 0.003055 0.004908 0.000316 0.003612 0.000193 0.005882 0.009274 0.000554 0.015599 0.002776 0.000185 0.003723 0.000245 0.003794 0.000226 0.005726 0.006795 0.000491 0.004814 0.007940 0.000928 0.000340 0.001723 0.000334 0.002601 0.003221 0.001443 0.000052 0.000761 0.000111 
0.000312 0.010576 0.017869 0.041544 0.002333 0.080397 0.050393 0.017322 0.081799 0.038095 0.062163 0.006010 0.095831 0.036573 0.288685 0.136449 0.073376 0.011009 0.014569 0.000321 0.053321 0.095761 0.057879 0.038237 0.165846 0.079453 0.073753 0.045643 0.083169 0.273329 0.041327 0.006152 0.011205 0.028034 0.014542 0.014794 0.055794 0.022218 0.025927 0.125772 0.002583 0.018898 0.020658 0.022746 0.001196 0.020634 0.001197 0.027051 0.037528 0.003674 0.073094 0.009916 0.001420 0.012658 0.001021 0.020599 0.000530 0.025341 0.019713 0.002353 0.023497 0.025995 0.006574 0.001998 0.003895 0.001101 0.012556 0.006334 0.005310 0.000116 0.003518 0.000463 
0.000012 0.000280 0.000470 0.001348 0.000013 0.001878 0.005144 0.008461 0.006370 0.000740 0.053544 0.004526 0.014654 0.001270 0.024175 0.006051 0.001030 0.000153 0.000257 0.000006 0.001462 0.001176 0.001377 0.485234 0.005438 0.096123 0.000810 0.000903 0.021876 0.109966 0.007700 0.000180 0.000749 0.002974 0.000095 0.000125 0.000713 0.000359 0.000319 0.003934 0.000618 0.000140 0.000305 -0.000000 0.000249 0.000280 -0.000000 0.002018 0.004607 0.000034 0.003788 0.004195 0.000019 0.005673 0.000006 0.000068 0.000299 0.003798 0.007885 0.000138 0.000917 0.007614 -0.000000 0.000043 0.001723 0.000098 0.000448 0.001396 0.000272 0.000012 0.000026 0.000019 
0.000164 0.010926 0.020972 0.033088 0.002273 0.074594 0.018420 0.004071 0.024528 0.054122 0.010636 0.001111 0.027827 0.040850 0.109559 0.075106 0.238004 0.037873 0.040671 0.001364 0.093161 0.755010 0.403215 0.009212 0.535979 0.018902 0.805694 0.308749 0.022439 0.073744 0.015105 0.017494 0.008821 0.014854 0.055413 0.065936 0.117396 0.073971 0.052549 0.195829 0.000929 0.055572 0.066097 0.053516 0.000412 0.030937 0.003066 0.013474 0.013021 0.007473 0.037438 0.002140 0.002500 0.002447 0.002109 0.036522 0.000078 0.007200 0.003020 0.001335 0.017136 0.003589 0.008107 0.004507 0.000225 0.000458 0.009372 0.001288 0.002696 0.000021 0.002625 0.000111 
0.000284 0.014218 0.029154 0.045466 0.003149 0.094736 0.032747 0.008302 0.038776 0.052643 0.024022 0.002109 0.040012 0.039502 0.138234 0.086082 0.159012 0.025366 0.026578 0.000889 0.073304 0.282773 0.188115 0.014988 0.372474 0.028495 0.253679 0.144729 0.027113 0.118481 0.021539 0.010894 0.008749 0.018893 0.039065 0.040085 0.094977 0.049147 0.048204 0.193798 0.001621 0.040510 0.048188 0.058735 0.000856 0.033569 0.002757 0.023734 0.031202 0.007767 0.070865 0.005996 0.003016 0.007446 0.002537 0.043366 0.000341 0.020352 0.010821 0.002660 0.030890 0.016424 0.011938 0.006888 0.001798 0.001055 0.016591 0.006012 0.006344 0.000082 0.004831 0.000444 
0.000148 0.013238 0.030189 0.021691 0.002280 0.073228 0.007136 0.000798 0.009163 0.035013 0.005318 0.000429 0.009276 0.018273 0.045007 0.027764 0.215167 0.047292 0.022952 0.003320 0.033994 0.729232 0.130720 0.002998 0.171510 0.006981 1.013257 1.206511 0.007123 0.025976 0.005801 0.009000 0.003127 0.005807 0.162104 0.181769 0.076022 0.066485 0.038470 0.110415 0.000339 0.124664 0.088969 0.137335 0.000183 0.023350 0.005278 0.006976 0.005528 0.012718 0.025850 0.000699 0.006323 0.000780 0.004415 0.051700 0.000014 0.003288 0.001174 0.001125 0.013296 0.002828 0.015366 0.011267 0.000150 0.000226 0.008385 0.000859 0.002178 0.000015 0.003833 0.000093 
0.000080 0.002662 0.004326 0.011274 0.000522 0.018947 0.023122 0.021233 0.037938 0.008424 0.098837 0.008072 0.053020 0.009798 0.110073 0.039748 0.015723 0.002431 0.003215 0.000064 0.013305 0.020289 0.013958 0.210631 0.040857 0.250755 0.017668 0.011739 0.083084 0.464399 0.040399 0.001977 0.005423 0.019926 0.003422 0.002647 0.017783 0.006481 0.009299 0.049877 0.003191 0.003602 0.006377 0.005375 0.001336 0.008371 0.000278 0.019767 0.035869 0.001029 0.049138 0.016612 0.000340 0.022409 0.000287 0.006302 0.001225 0.028232 0.030617 0.001397 0.014672 0.037742 0.001573 0.001361 0.005019 0.001271 0.006681 0.012346 0.003567 0.000149 0.001706 0.000481 
0.000148 0.007424 0.016082 0.021569 0.001585 0.051721 0.017756 0.003911 0.024528 0.025109 0.016137 0.001437 0.027608 0.017859 0.077411 0.042596 0.072346 0.010168 0.011637 0.000458 0.028223 0.108405 0.055794 0.011113 0.129973 0.018474 0.100094 0.065263 0.018638 0.079661 0.015442 0.006738 0.005955 0.013665 0.022146 0.022830 0.062825 0.030636 0.034560 0.134910 0.001252 0.032230 0.028562 0.037235 0.000715 0.021950 0.001684 0.021271 0.026288 0.005698 0.059054 0.006018 0.001946 0.007872 0.001810 0.031440 0.000373 0.019558 0.012499 0.002266 0.024758 0.017185 0.008510 0.003869 0.002996 0.000911 0.013811 0.008803 0.005691 0.000088 0.004463 0.000370 
0.000208 0.005253 0.009781 0.027083 0.001237 0.044039 0.037670 0.020515 0.061181 0.023342 0.070415 0.006187 0.081999 0.023794 0.230176 0.097888 0.050165 0.006575 0.009567 0.000245 0.039840 0.063220 0.047792 0.071721 0.141755 0.132074 0.053897 0.031770 0.226701 0.840478 0.135036 0.007163 0.022672 0.072707 0.009125 0.010870 0.059921 0.022505 0.031663 0.159785 0.006095 0.012022 0.017908 0.015813 0.002455 0.024358 0.000875 0.044355 0.062772 0.002589 0.117106 0.017438 0.000574 0.020317 0.000697 0.016669 0.000769 0.041044 0.026675 0.002870 0.025962 0.035675 0.003549 0.001531 0.004719 0.001611 0.013990 0.011487 0.006154 0.000134 0.003203 0.000666 
0.000196 0.009105 0.017210 0.031740 0.001999 0.070668 0.028377 0.009419 0.044419 0.035218 0.033374 0.002613 0.048409 0.030430 0.166781 0.092489 0.100611 0.014785 0.017745 0.000514 0.063300 0.165351 0.112780 0.022445 0.291892 0.046494 0.153180 0.093914 0.057464 0.231334 0.045800 0.024901 0.022954 0.043389 0.031128 0.031364 0.169623 0.064333 0.077926 0.370082 0.003344 0.035130 0.048570 0.037937 0.001757 0.049415 0.002642 0.044047 0.052084 0.006659 0.132928 0.010721 0.002335 0.012446 0.001859 0.042688 0.000488 0.029649 0.017867 0.004164 0.042009 0.026104 0.010244 0.004252 0.002996 0.001451 0.021210 0.007944 0.008441 0.000125 0.006301 0.000666 
0.000104 0.015479 0.028496 0.024755 0.002481 0.061109 0.007246 0.001916 0.009051 0.025314 0.003117 0.000420 0.008343 0.012312 0.028804 0.018094 0.105103 0.023516 0.010390 0.004665 0.014666 0.173585 0.036402 0.002632 0.054980 0.005082 0.168336 0.392976 0.004561 0.017462 0.003586 0.002961 0.001852 0.003631 0.403907 0.130876 0.036584 0.025064 0.019757 0.067138 0.000304 0.152731 0.058154 0.273969 0.000171 0.017442 0.005094 0.006942 0.009029 0.019309 0.027744 0.001589 0.019534 0.001525 0.013011 0.082462 0.000055 0.006236 0.003355 0.001320 0.018569 0.005112 0.051746 0.034650 0.001199 0.000443 0.014170 0.004079 0.004411 0.000043 0.008375 0.000093 
0.000052 0.013308 0.031223 0.015686 0.002474 0.048819 0.003596 0.000319 0.003576 0.018493 0.000917 0.000047 0.002799 0.006324 0.010287 0.007475 0.086853 0.020855 0.007034 0.008355 0.006728 0.135947 0.021216 0.000439 0.026508 0.001235 0.135187 0.398230 0.001661 0.005195 0.001076 0.001582 0.000615 0.001080 0.545290 0.118168 0.017579 0.015760 0.008575 0.029317 0.000078 0.145246 0.037459 0.382014 0.000037 0.008455 0.003880 0.002257 0.002150 0.017772 0.009360 0.000170 0.040566 0.000461 0.020856 0.071282 0.000009 0.001587 0.000419 0.000537 0.008769 0.000870 0.070097 0.070874 0.000150 0.000149 0.007354 0.000429 0.001933 0.000012 0.006406 0.000167 
0.000104 0.012607 0.025675 0.021936 0.002340 0.056841 0.007136 0.000798 0.007208 0.024369 0.002017 0.000327 0.006367 0.011482 0.020189 0.019222 0.113527 0.025534 0.011238 0.004308 0.014742 0.218083 0.044107 0.002047 0.064345 0.003657 0.232039 0.607155 0.004392 0.016163 0.003333 0.003521 0.001968 0.003616 0.522384 0.243002 0.040559 0.035682 0.024826 0.076783 0.000249 0.228090 0.081981 0.363084 0.000148 0.021502 0.007144 0.006908 0.005712 0.023899 0.022730 0.000953 0.018619 0.001312 0.013543 0.091678 0.000046 0.005272 0.001762 0.001274 0.017537 0.004351 0.048842 0.030314 0.000375 0.000360 0.013049 0.002147 0.003948 0.000024 0.008217 0.000222 
0.000124 0.010926 0.020596 0.023774 0.002046 0.062816 0.010842 0.002874 0.015086 0.029794 0.006601 0.000569 0.014325 0.018844 0.053879 0.036723 0.131964 0.025809 0.016806 0.001882 0.031096 0.313354 0.085273 0.006434 0.151346 0.010971 0.372251 0.409394 0.013064 0.053540 0.011118 0.010511 0.005245 0.010331 0.139483 0.192701 0.123613 0.094706 0.067903 0.218293 0.000888 0.168682 0.150598 0.177608 0.000543 0.053671 0.008972 0.016484 0.022234 0.022927 0.067077 0.004195 0.007831 0.003794 0.006811 0.110108 0.000157 0.014173 0.006291 0.003049 0.037940 0.010985 0.030410 0.015306 0.001423 0.000906 0.024214 0.004401 0.007379 0.000058 0.009766 0.000352 
-0.000000 0.000070 -0.000000 0.000980 0.000033 0.001024 0.002323 0.003113 0.004526 0.000740 0.018154 0.001428 0.007300 0.000933 0.014788 0.004983 0.001123 0.000138 0.000219 -0.000000 0.001688 0.001862 0.001377 0.073841 0.004305 0.048631 0.001135 0.000328 0.016724 0.123965 0.009156 0.000241 0.000920 0.004038 0.000190 0.000218 0.002140 0.000622 0.000782 0.006980 0.001183 0.000140 0.000305 0.000545 0.000523 0.000840 0.000019 0.004343 0.011117 0.000045 0.008580 0.010552 -0.000000 0.015672 0.000018 0.000542 0.001225 0.010658 0.021390 0.000281 0.001719 0.017403 0.000081 0.000043 0.003296 0.000376 0.001166 0.005475 0.001144 0.000046 0.000158 0.000167 
0.000068 0.002031 0.002163 0.007843 0.000341 0.013826 0.013220 0.013171 0.027993 0.005466 0.063997 0.004946 0.040670 0.006869 0.090142 0.033400 0.011044 0.001070 0.001967 0.000045 0.011088 0.014212 0.011948 0.156164 0.036099 0.200604 0.012724 0.007060 0.110929 0.900657 0.078583 0.002131 0.008134 0.033747 0.002329 0.002429 0.019668 0.005859 0.009473 0.057746 0.008055 0.003041 0.006033 0.004051 0.003270 0.009407 0.000245 0.036900 0.075854 0.000984 0.086687 0.046254 0.000204 0.061129 0.000202 0.006708 0.003500 0.061679 0.082206 0.002031 0.019486 0.084838 0.001250 0.000510 0.013409 0.002486 0.008430 0.021149 0.006208 0.000320 0.001155 0.001074 
0.000028 0.000981 0.001411 0.004657 0.000160 0.006145 0.006140 0.003592 0.009219 0.002753 0.015953 0.001493 0.013831 0.003136 0.025975 0.010797 0.006364 0.001070 0.001183 0.000041 0.004284 0.010978 0.005881 0.039845 0.014425 0.043312 0.008672 0.005829 0.027760 0.204636 0.024239 0.001056 0.003648 0.013696 0.002471 0.002211 0.011312 0.004137 0.007155 0.039217 0.003544 0.003508 0.005308 0.003973 0.001913 0.007671 0.000217 0.025033 0.057796 0.000701 0.072202 0.045534 0.000214 0.074923 0.000232 0.006708 0.006222 0.058562 0.119702 0.002241 0.018339 0.133891 0.001049 0.000510 0.021648 0.002856 0.009506 0.037037 0.007434 0.000444 0.001496 0.001629 
0.000040 0.002381 0.004138 0.005882 0.000421 0.013997 0.006140 0.001676 0.008046 0.006575 0.008435 0.000681 0.008672 0.005054 0.025332 0.012755 0.017034 0.002538 0.002765 0.000135 0.007484 0.029012 0.012208 0.006068 0.024771 0.010116 0.024314 0.016829 0.010361 0.059024 0.010907 0.002518 0.004364 0.012350 0.009362 0.009313 0.035107 0.013441 0.018395 0.102547 0.001446 0.012022 0.015999 0.019397 0.001044 0.020270 0.000922 0.031257 0.037712 0.003312 0.097830 0.007077 0.001041 0.009396 0.000942 0.020666 0.000304 0.024831 0.014680 0.002916 0.028369 0.023711 0.004678 0.002636 0.003071 0.001467 0.016681 0.009662 0.006835 0.000134 0.003807 0.000703 
0.000048 0.002451 0.003574 0.007843 0.000441 0.013314 0.008187 0.003991 0.012516 0.006616 0.016503 0.001437 0.014819 0.005314 0.041149 0.017679 0.016285 0.002630 0.002713 0.000110 0.008291 0.021563 0.011762 0.021714 0.030586 0.034716 0.018236 0.016008 0.030520 0.224695 0.033796 0.002044 0.005594 0.020302 0.005988 0.006292 0.025273 0.009542 0.014253 0.074372 0.005327 0.008186 0.010615 0.010127 0.002913 0.015790 0.000605 0.042372 0.091823 0.002012 0.110755 0.047462 0.000574 0.063505 0.000556 0.015178 0.002786 0.078913 0.088329 0.003361 0.034386 0.118555 0.003751 0.001233 0.017978 0.003463 0.018475 0.034031 0.011055 0.000460 0.004122 0.001907 
0.000064 0.006374 0.011380 0.012255 0.000883 0.030042 0.005034 0.001996 0.008102 0.014096 0.003667 0.000429 0.007355 0.008683 0.029319 0.016137 0.055781 0.010336 0.007111 0.001031 0.013734 0.109483 0.033834 0.003217 0.059889 0.007266 0.123841 0.155729 0.008137 0.038532 0.008692 0.005419 0.003876 0.008202 0.117764 0.159001 0.085958 0.061870 0.052897 0.187072 0.000800 0.262472 0.233724 0.260882 0.000522 0.057366 0.023763 0.019151 0.025858 0.050409 0.078219 0.004344 0.010409 0.004787 0.010315 0.227805 0.000258 0.019615 0.006375 0.003955 0.053471 0.015445 0.049084 0.020493 0.001723 0.001611 0.038877 0.006549 0.012117 0.000155 0.017012 0.000648 
0.000064 0.005253 0.008652 0.011397 0.000943 0.029018 0.006914 0.001437 0.010895 0.013479 0.006601 0.000653 0.009495 0.009564 0.035491 0.020764 0.046702 0.009357 0.007239 0.000725 0.016354 0.110267 0.041166 0.005045 0.077410 0.011160 0.121328 0.124945 0.013711 0.055560 0.012236 0.008997 0.006476 0.013054 0.067627 0.087271 0.178846 0.131536 0.117062 0.363737 0.001363 0.122091 0.369507 0.136322 0.000892 0.128619 0.011583 0.033001 0.044100 0.030931 0.138833 0.007056 0.006742 0.008652 0.006231 0.199956 0.000304 0.031123 0.014176 0.006830 0.090608 0.024472 0.032104 0.013307 0.004045 0.002177 0.053720 0.008803 0.017781 0.000140 0.020058 0.000907 
0.000020 0.002311 0.006865 0.003676 0.000628 0.012119 0.000774 -0.000000 0.000391 0.004438 0.000367 0.000037 0.000549 0.001322 0.002057 0.001661 0.024147 0.006605 0.001414 0.002573 0.001991 0.042735 0.007556 0.000073 0.009516 0.000332 0.057220 0.172886 0.000338 0.001587 0.000338 0.000827 0.000244 0.000501 0.599040 0.127045 0.009783 0.011049 0.006025 0.017895 0.000028 0.284879 0.044523 1.556410 0.000020 0.008791 0.006844 0.001915 0.001413 0.046079 0.006351 0.000212 0.064399 0.000071 0.062177 0.158488 0.000005 0.001020 0.000419 0.000588 0.011348 0.001088 0.154995 0.081290 0.000075 0.000237 0.012914 0.000644 0.003240 0.000009 0.013468 0.000037 
0.000044 0.002171 0.002445 0.004779 0.000201 0.010754 0.007191 0.003353 0.009443 0.006000 0.016870 0.001278 0.012843 0.004095 0.032662 0.013348 0.011418 0.001804 0.002147 0.000096 0.007131 0.017055 0.010087 0.024346 0.021675 0.033007 0.014994 0.011329 0.024326 0.193956 0.025147 0.001770 0.005029 0.016889 0.005370 0.005015 0.022419 0.008538 0.012022 0.063965 0.004356 0.006549 0.010577 0.008958 0.002593 0.013467 0.000614 0.038918 0.090718 0.001798 0.105072 0.055090 0.000720 0.080241 0.000593 0.013891 0.003680 0.076249 0.113830 0.003535 0.030776 0.133782 0.003711 0.001020 0.020300 0.004101 0.018564 0.037896 0.012662 0.000542 0.003597 0.002147 
0.000052 0.002171 0.004044 0.005637 0.000448 0.012461 0.007357 0.002395 0.011119 0.006616 0.009902 0.000812 0.012075 0.006402 0.036134 0.019756 0.021900 0.002844 0.003613 0.000174 0.010357 0.036364 0.019429 0.012502 0.046144 0.021704 0.036633 0.028732 0.023228 0.168124 0.030758 0.005584 0.012630 0.036784 0.014115 0.013549 0.086824 0.032669 0.052115 0.318301 0.006037 0.022875 0.038108 0.028043 0.005363 0.069489 0.001726 0.295917 0.278173 0.006466 1.097854 0.034643 0.001673 0.037869 0.001712 0.051158 0.001170 0.156070 0.052847 0.018463 0.163794 0.103110 0.010204 0.005102 0.013409 0.007019 0.070176 0.030596 0.031695 0.000475 0.012680 0.002036 
0.000012 0.001821 0.002821 0.003676 0.000314 0.010583 0.003319 0.001197 0.004190 0.005137 0.003667 0.000345 0.004446 0.003603 0.014788 0.010323 0.017502 0.003364 0.002417 0.000347 0.007056 0.042833 0.016489 0.002559 0.027943 0.007314 0.043117 0.054181 0.007489 0.042861 0.009451 0.004938 0.005428 0.011442 0.036356 0.041549 0.105728 0.055915 0.071726 0.325916 0.001515 0.073021 0.157776 0.101346 0.001209 0.160144 0.008077 0.059573 0.078679 0.031270 0.299060 0.010954 0.006936 0.013545 0.007013 0.314062 0.000428 0.072281 0.022900 0.022366 0.340942 0.048727 0.050576 0.016454 0.005768 0.006108 0.226672 0.025872 0.063118 0.000481 0.065188 0.002480 
0.000024 0.001541 0.003198 0.005392 0.000361 0.010242 0.004038 0.001437 0.006146 0.004726 0.007702 0.000495 0.006751 0.003577 0.016845 0.009433 0.012916 0.002125 0.001929 0.000139 0.005796 0.020681 0.010012 0.006799 0.021071 0.011303 0.021316 0.018471 0.011093 0.074177 0.013607 0.002052 0.004269 0.011614 0.010313 0.010216 0.034037 0.014732 0.019090 0.108131 0.002502 0.015109 0.021689 0.023136 0.002058 0.026429 0.001241 0.060257 0.133712 0.005166 0.235549 0.032355 0.001634 0.044535 0.001437 0.037064 0.001681 0.181864 0.085477 0.012928 0.124880 0.161953 0.007945 0.004464 0.021948 0.014764 0.074391 0.069994 0.052662 0.001056 0.014413 0.004813 
0.000024 0.002662 0.004514 0.005515 0.000435 0.015192 0.003430 0.001197 0.004190 0.006288 0.002934 0.000224 0.005049 0.003940 0.018260 0.008543 0.020029 0.003700 0.002855 0.000414 0.005997 0.043911 0.014442 0.003436 0.032399 0.006649 0.044171 0.056315 0.007039 0.037377 0.007890 0.003288 0.003654 0.008421 0.048427 0.042982 0.066953 0.036519 0.044815 0.181995 0.001141 0.079570 0.111345 0.124326 0.000882 0.071505 0.007593 0.034198 0.052207 0.034944 0.158555 0.008560 0.009913 0.011382 0.010132 0.355598 0.000470 0.043312 0.021810 0.011326 0.168723 0.040244 0.067959 0.025467 0.005019 0.004498 0.157078 0.020934 0.047488 0.000332 0.068391 0.001758 
0.000008 0.000981 0.001505 0.003922 0.000214 0.004779 0.002268 0.000319 0.002626 0.002466 0.001284 0.000149 0.002635 0.002022 0.008358 0.004983 0.009266 0.001468 0.001144 0.000081 0.002747 0.014800 0.005174 0.001828 0.009365 0.003514 0.012238 0.010918 0.003519 0.015297 0.003671 0.000883 0.001076 0.003271 0.006368 0.006105 0.014216 0.005883 0.009299 0.044801 0.000477 0.008233 0.011226 0.013009 0.000350 0.010555 0.000638 0.011354 0.020760 0.002679 0.046241 0.004005 0.001080 0.005709 0.000856 0.019108 0.000221 0.017461 0.008808 0.003397 0.042639 0.018925 0.005808 0.002338 0.002322 0.001353 0.030761 0.006441 0.009830 0.000134 0.004988 0.000500 
0.000020 0.001541 0.002069 0.002696 0.000247 0.007511 0.000664 -0.000000 0.000782 0.001973 0.000550 0.000028 0.000768 0.000881 0.002572 0.002314 0.012635 0.002095 0.000977 0.000713 0.001764 0.017741 0.003871 0.000512 0.005740 0.000807 0.017912 0.037188 0.000479 0.003175 0.000675 0.000428 0.000449 0.000783 0.068054 0.025135 0.009019 0.005859 0.004867 0.019799 0.000078 0.049912 0.020810 0.141463 0.000058 0.007727 0.002378 0.002804 0.003931 0.015646 0.015488 0.000699 0.076190 0.000709 0.028151 0.094591 0.000037 0.003175 0.001762 0.001090 0.016907 0.002937 0.299786 0.452964 0.000449 0.000458 0.019730 0.002254 0.006127 0.000030 0.022578 0.000148 
-0.000000 0.000070 0.000094 0.000123 0.000007 0.000512 0.000387 0.000319 0.000503 0.000329 0.000733 0.000056 0.001262 0.000311 0.003215 0.001602 0.001217 0.000199 0.000129 0.000027 0.000731 0.003529 0.001787 0.002851 0.004984 0.003942 0.004133 0.004269 0.003519 0.033769 0.005274 0.000981 0.002157 0.006167 0.003042 0.004236 0.019464 0.007796 0.012804 0.084398 0.001665 0.006081 0.020810 0.009815 0.001974 0.033205 0.000848 0.078793 0.224983 0.003787 0.454830 0.046551 0.000973 0.057867 0.000923 0.049328 0.001819 0.428468 0.107539 0.043689 0.394986 0.296170 0.008712 0.002508 0.028765 0.061835 0.289943 0.138700 0.279483 0.002432 0.037044 0.013956 
0.000020 0.000911 0.002257 0.002819 0.000174 0.005292 0.001881 0.001038 0.002458 0.002384 0.002751 0.000233 0.002470 0.002048 0.010287 0.005221 0.008049 0.001529 0.001080 0.000107 0.003024 0.014800 0.005918 0.004094 0.014349 0.004797 0.014021 0.017075 0.005603 0.040263 0.006941 0.001962 0.002606 0.007717 0.013164 0.011213 0.031031 0.014134 0.020452 0.104704 0.001321 0.019740 0.033258 0.032250 0.001227 0.034969 0.002039 0.042748 0.088998 0.008106 0.213821 0.020595 0.002782 0.027125 0.002635 0.081785 0.001147 0.110944 0.059809 0.018519 0.239158 0.116054 0.020206 0.007738 0.017528 0.016488 0.372943 0.074288 0.257918 0.001279 0.055684 0.007867 
0.000004 0.000560 0.002163 0.002206 0.000201 0.004267 0.000830 0.000319 0.000782 0.002630 0.000367 0.000047 0.000768 0.001244 0.003601 0.001187 0.008423 0.001605 0.000952 0.000412 0.001386 0.013526 0.004392 0.000731 0.005891 0.000712 0.015966 0.028322 0.000648 0.003608 0.000717 0.000552 0.000421 0.000783 0.043580 0.018345 0.008458 0.005525 0.005388 0.017514 0.000090 0.038919 0.018367 0.097918 0.000081 0.007643 0.001899 0.003625 0.006203 0.012153 0.014819 0.000826 0.037871 0.000886 0.017365 0.084427 0.000051 0.004422 0.002265 0.001223 0.016047 0.004677 0.206942 0.292849 0.000599 0.000448 0.018340 0.002899 0.006290 0.000037 0.022578 0.000352 
0.000024 0.001191 0.001317 0.002328 0.000100 0.004267 0.001881 0.001197 0.003744 0.002096 0.005134 0.000401 0.003842 0.001788 0.014016 0.005636 0.007394 0.001055 0.001106 0.000076 0.003251 0.009213 0.005695 0.003729 0.010573 0.007694 0.010860 0.012150 0.007320 0.044015 0.007595 0.001458 0.002417 0.007357 0.006511 0.006728 0.023184 0.008801 0.013355 0.073230 0.001577 0.011227 0.016114 0.015346 0.001256 0.018870 0.000985 0.035293 0.085313 0.004013 0.146410 0.027630 0.001294 0.044110 0.001217 0.033879 0.001934 0.116103 0.096466 0.009449 0.104993 0.200239 0.008147 0.002551 0.030787 0.031494 0.094391 0.128394 0.105514 0.002420 0.018876 0.012883 
0.000020 0.001401 0.003762 0.003676 0.000301 0.006657 0.001328 0.000399 0.001788 0.003740 0.000733 0.000056 0.001537 0.001685 0.003343 0.003856 0.013290 0.002186 0.001209 0.000368 0.002142 0.018525 0.006141 0.000366 0.010498 0.001472 0.019046 0.033083 0.001549 0.009092 0.001688 0.000763 0.000743 0.001471 0.043817 0.021242 0.013503 0.008131 0.008198 0.031475 0.000182 0.041539 0.027531 0.104306 0.000155 0.012571 0.002680 0.005916 0.008537 0.015307 0.022062 0.001547 0.027997 0.002021 0.017163 0.103061 0.000060 0.008277 0.002936 0.001673 0.024242 0.006961 0.211983 0.133542 0.000974 0.000746 0.028026 0.003865 0.008496 0.000070 0.028774 0.000444 
0.000008 0.000770 0.002257 0.002941 0.000140 0.006316 0.002047 0.000559 0.002682 0.002836 0.002384 0.000159 0.002744 0.002022 0.007201 0.004865 0.008517 0.001667 0.001363 0.000152 0.003276 0.017839 0.005881 0.002705 0.014274 0.003989 0.018317 0.020441 0.004983 0.028141 0.006181 0.001518 0.002212 0.006465 0.014637 0.013486 0.030419 0.015019 0.018859 0.092901 0.000959 0.025120 0.036351 0.045493 0.000798 0.031973 0.002328 0.029239 0.053313 0.010943 0.141953 0.012734 0.003891 0.016488 0.003919 0.096217 0.000741 0.062190 0.033805 0.011506 0.159897 0.066239 0.029321 0.009991 0.010937 0.009021 0.289225 0.042727 0.129966 0.000828 0.088737 0.004942 
0.000008 0.001751 0.001505 0.003799 0.000120 0.004609 0.002268 0.000958 0.003241 0.002178 0.002384 0.000215 0.003183 0.001866 0.008616 0.004627 0.007207 0.001284 0.001157 0.000116 0.002696 0.011174 0.006290 0.002705 0.011404 0.005651 0.012481 0.014284 0.005096 0.034635 0.006687 0.001593 0.002246 0.005885 0.011929 0.009064 0.024407 0.011264 0.015180 0.076529 0.001102 0.017401 0.023445 0.027342 0.000856 0.024442 0.001514 0.030231 0.063263 0.007009 0.131145 0.014641 0.002306 0.023296 0.002268 0.057866 0.000949 0.073301 0.046975 0.010743 0.132846 0.093865 0.015891 0.006420 0.016480 0.012742 0.192503 0.060869 0.216366 0.001099 0.043791 0.007441 
0.000004 0.000630 0.002445 0.000490 0.000181 0.003243 0.000553 -0.000000 0.000335 0.000986 -0.000000 0.000019 0.000604 0.000596 0.001672 0.000831 0.004960 0.000887 0.000476 0.000362 0.000857 0.009605 0.002866 -0.000000 0.003247 0.000237 0.010617 0.025777 0.000591 0.002598 0.000422 0.000353 0.000244 0.000704 0.040300 0.015698 0.006675 0.005429 0.005765 0.016753 0.000062 0.037329 0.021116 0.101813 0.000061 0.010079 0.002149 0.002838 0.004484 0.016053 0.015822 0.000551 0.036577 0.001241 0.021266 0.121288 0.000041 0.004649 0.001510 0.001381 0.023555 0.004351 0.291316 0.242170 0.000599 0.000720 0.030447 0.002576 0.008686 0.000043 0.043397 0.000370 
0.000004 0.000560 0.001317 0.001716 0.000120 0.004609 0.001328 0.000479 0.002403 0.002219 0.002200 0.000299 0.002086 0.001581 0.007587 0.004034 0.005148 0.000856 0.000772 0.000064 0.002243 0.006861 0.004020 0.002778 0.010951 0.004464 0.009807 0.008948 0.005040 0.028574 0.006287 0.000958 0.001907 0.005353 0.006036 0.006292 0.016509 0.007773 0.011124 0.050766 0.001070 0.009402 0.014815 0.015813 0.000943 0.016294 0.000878 0.029376 0.061236 0.003945 0.114543 0.018985 0.001274 0.031699 0.001327 0.034964 0.001566 0.088324 0.077592 0.008211 0.093359 0.150532 0.008429 0.004039 0.026667 0.021161 0.098875 0.129468 0.128714 0.002566 0.024810 0.016714 
-0.000000 -0.000000 0.000282 -0.000000 0.000020 0.000171 -0.000000 -0.000000 -0.000000 0.000123 -0.000000 -0.000000 0.000110 0.000026 -0.000000 0.000178 0.000094 0.000046 0.000026 0.000014 0.000076 0.001078 0.000261 0.000146 0.000831 0.000380 0.002837 0.003120 0.000282 0.001876 0.000506 0.000286 0.000388 0.000892 0.003327 0.002336 0.005809 0.004472 0.005041 0.028936 0.000191 0.005988 0.020581 0.012775 0.000191 0.023574 0.001087 0.011320 0.028253 0.006466 0.088582 0.006145 0.001722 0.008864 0.002391 0.110718 0.000401 0.063494 0.021306 0.013762 0.209070 0.076028 0.023433 0.006122 0.009513 0.021114 0.720417 0.077724 0.613399 0.001519 0.206852 0.014752 
-0.000000 0.000070 -0.000000 -0.000000 -0.000000 -0.000000 0.000055 0.000160 -0.000000 0.000164 0.000367 0.000019 0.000274 0.000078 0.000386 0.000237 0.000655 0.000076 0.000077 0.000019 0.000202 0.002058 0.000782 0.000439 0.001813 0.000807 0.001297 0.003940 0.000648 0.005195 0.000928 0.000271 0.000549 0.001330 0.003469 0.003520 0.006573 0.005716 0.005649 0.031348 0.000307 0.007485 0.018977 0.013476 0.000311 0.019458 0.001087 0.015731 0.038879 0.005788 0.104738 0.009238 0.001576 0.012942 0.001853 0.075348 0.000594 0.078743 0.035231 0.013731 0.187120 0.103981 0.018190 0.006632 0.014832 0.026404 0.473074 0.099302 0.631288 0.002146 0.140037 0.018825 
0.000016 0.000981 0.001317 0.001961 0.000181 0.004950 0.001825 0.000639 0.002291 0.001644 0.002751 0.000289 0.002799 0.001814 0.007587 0.004390 0.005709 0.001177 0.000939 0.000054 0.002444 0.007155 0.004355 0.002559 0.008685 0.003039 0.009239 0.009276 0.003547 0.019627 0.003776 0.000800 0.001209 0.003851 0.005608 0.004360 0.010853 0.005859 0.007879 0.034140 0.000639 0.008420 0.009050 0.011763 0.000447 0.008735 0.000561 0.013645 0.025551 0.002397 0.045349 0.007395 0.001021 0.011524 0.000923 0.017550 0.000470 0.031293 0.022649 0.003182 0.038226 0.043833 0.005324 0.002381 0.006142 0.004873 0.039101 0.032206 0.045909 0.000518 0.009845 0.003776 
-0.000000 0.000420 0.000752 -0.000000 0.000053 0.001024 0.000111 -0.000000 -0.000000 0.000329 -0.000000 -0.000000 0.000055 0.000052 0.000129 0.000178 0.001685 0.000550 0.000206 0.000198 0.000101 0.004411 0.000670 0.000073 0.000302 -0.000000 0.003647 0.013299 0.000056 0.000433 0.000042 0.000113 0.000089 0.000157 0.023572 0.006447 0.001987 0.001507 0.001564 0.004061 0.000007 0.017308 0.006835 0.053127 0.000020 0.003388 0.000773 0.000787 0.001290 0.007088 0.005905 0.000085 0.030264 0.000248 0.012192 0.056850 -0.000000 0.001361 0.000168 0.000440 0.009342 0.001088 0.178306 0.390508 0.000150 0.000206 0.013901 0.001074 0.004411 0.000024 0.023418 0.000074 
0.000004 0.001051 0.002351 0.002696 0.000241 0.005121 0.000996 0.000160 0.001564 0.002466 0.000367 0.000047 0.002031 0.001192 0.004115 0.003204 0.011137 0.001774 0.001042 0.000276 0.001764 0.019407 0.005174 0.000804 0.009969 0.001187 0.016210 0.025120 0.001971 0.007649 0.001772 0.000815 0.000865 0.001690 0.033790 0.019279 0.014980 0.009471 0.009820 0.036805 0.000244 0.038124 0.026996 0.084520 0.000222 0.014139 0.002570 0.007934 0.010626 0.015364 0.032201 0.001801 0.015818 0.002801 0.013134 0.114241 0.000115 0.010488 0.005033 0.002348 0.036736 0.010442 0.133216 0.067983 0.002097 0.001235 0.039191 0.006656 0.013941 0.000119 0.056655 0.000518 
0.000024 0.001471 0.002163 0.002696 0.000301 0.009388 0.001936 0.000639 0.002403 0.003616 0.001284 0.000289 0.002635 0.002229 0.009644 0.004865 0.010389 0.001789 0.001234 0.000140 0.003150 0.016663 0.006104 0.002340 0.010422 0.003704 0.016777 0.016993 0.004026 0.023523 0.004219 0.001146 0.001630 0.003882 0.013639 0.010590 0.020228 0.010284 0.013297 0.064219 0.000611 0.020910 0.021765 0.030614 0.000498 0.017190 0.001665 0.015800 0.028499 0.008049 0.058386 0.006102 0.002860 0.007517 0.002434 0.057324 0.000322 0.029989 0.016777 0.004661 0.066595 0.029693 0.018633 0.008716 0.005094 0.003381 0.085557 0.019002 0.036787 0.000311 0.075295 0.001851 
-0.000000 0.000140 0.000188 0.000245 0.000033 0.000683 0.000277 -0.000000 0.000056 0.000205 -0.000000 0.000028 0.000165 0.000104 0.000129 0.000297 0.001872 0.000474 0.000116 0.000166 0.000202 0.004117 0.001414 0.000073 0.002039 0.000332 0.006889 0.012232 0.000366 0.002020 0.000506 0.000387 0.000444 0.000751 0.024095 0.012054 0.009019 0.007629 0.007445 0.032744 0.000113 0.037095 0.040055 0.098386 0.000091 0.024890 0.003242 0.005198 0.007370 0.027234 0.036770 0.001165 0.017861 0.001560 0.018001 0.319008 0.000051 0.011622 0.003188 0.003934 0.079318 0.010877 0.228842 0.080355 0.001124 0.001950 0.139635 0.006871 0.041961 0.000180 0.340037 0.001166 
0.000008 0.001471 0.002257 0.002083 0.000187 0.006998 0.000774 0.000319 0.001564 0.002548 0.001650 0.000047 0.001811 0.001322 0.004758 0.003263 0.008142 0.001575 0.001093 0.000258 0.002092 0.016172 0.004727 0.001170 0.009742 0.001757 0.016939 0.026598 0.002224 0.010823 0.002510 0.001060 0.000882 0.002176 0.032601 0.019061 0.018037 0.009925 0.011761 0.047847 0.000341 0.042100 0.031884 0.085455 0.000243 0.018338 0.002749 0.009575 0.014679 0.016585 0.043232 0.002437 0.012870 0.003759 0.010829 0.137754 0.000166 0.014796 0.007801 0.003249 0.046021 0.014357 0.106476 0.045705 0.001798 0.001873 0.059549 0.007837 0.021021 0.000134 0.093279 0.000944 
0.000016 0.000280 0.000846 0.001593 0.000114 0.001195 0.001106 0.000239 0.001285 0.001192 0.001650 0.000140 0.001153 0.000985 0.003472 0.003026 0.002433 0.000520 0.000437 0.000030 0.001588 0.004019 0.002531 0.001901 0.005135 0.003134 0.005511 0.004351 0.003210 0.019482 0.003396 0.000504 0.000920 0.002661 0.002471 0.002554 0.008254 0.003731 0.005070 0.022718 0.000556 0.004023 0.006644 0.005141 0.000491 0.006467 0.000394 0.012859 0.028990 0.001345 0.045238 0.011484 0.000574 0.019927 0.000440 0.011587 0.001165 0.042858 0.052679 0.002655 0.031693 0.101696 0.002864 0.001063 0.027866 0.008254 0.027443 0.148362 0.029952 0.004131 0.007299 0.028709 
0.000004 0.000911 0.001317 0.001103 0.000174 0.005292 0.000498 0.000160 0.000838 0.001274 0.000550 0.000056 0.000714 0.001089 0.003986 0.002017 0.008049 0.001560 0.000849 0.000274 0.001436 0.013918 0.004132 0.000439 0.006268 0.001235 0.014183 0.022247 0.001070 0.007649 0.001498 0.000793 0.000710 0.001784 0.032601 0.019311 0.015286 0.008227 0.009936 0.036298 0.000244 0.041726 0.034404 0.094724 0.000193 0.016854 0.002950 0.006840 0.010012 0.018687 0.035210 0.002098 0.017063 0.002872 0.013782 0.158623 0.000124 0.011905 0.005201 0.003151 0.045963 0.009898 0.152978 0.067558 0.001423 0.001528 0.059280 0.008803 0.021702 0.000113 0.102415 0.000963 
0.000004 0.000070 0.000752 0.000858 0.000060 0.001536 0.001494 0.000319 0.001341 0.000781 0.000917 0.000121 0.001921 0.001089 0.003472 0.002314 0.003556 0.000673 0.000450 0.000037 0.001562 0.004999 0.002494 0.002120 0.006042 0.002897 0.006079 0.007881 0.003688 0.021936 0.004493 0.000703 0.001397 0.003991 0.005038 0.003862 0.011414 0.006194 0.008662 0.041501 0.000881 0.008046 0.011761 0.012308 0.000690 0.013187 0.000721 0.021032 0.050487 0.002962 0.092370 0.016209 0.000963 0.028189 0.000887 0.028526 0.001552 0.076759 0.077760 0.006717 0.069633 0.160213 0.006695 0.002338 0.029664 0.019226 0.081297 0.159420 0.101021 0.003641 0.020478 0.025359 
-0.000000 -0.000000 0.000376 0.000490 0.000013 0.001024 0.000277 0.000319 0.001006 0.000288 0.000733 0.000037 0.000714 0.000337 0.002443 0.001542 0.002153 0.000398 0.000231 0.000049 0.000958 0.003431 0.002196 0.001024 0.004078 0.002232 0.005430 0.006567 0.002055 0.012988 0.002679 0.000631 0.001053 0.002692 0.004942 0.004859 0.012076 0.005955 0.008285 0.046324 0.000713 0.008981 0.016343 0.015502 0.000597 0.017610 0.000963 0.022092 0.053313 0.004601 0.107078 0.013942 0.001518 0.022870 0.001437 0.049803 0.001115 0.083732 0.060564 0.009925 0.124651 0.131825 0.012261 0.004209 0.022622 0.023337 0.205596 0.124208 0.277115 0.002585 0.064111 0.021268 
-0.000000 0.000350 0.001129 0.000858 0.000040 0.001024 0.000055 0.000080 0.000168 0.000863 -0.000000 0.000009 0.000274 0.000207 0.000772 0.000653 0.004680 0.000872 0.000347 0.000236 0.000605 0.006861 0.001563 0.000073 0.003096 0.000095 0.007537 0.013545 0.000141 0.001010 0.000211 0.000271 0.000194 0.000517 0.026233 0.009936 0.004942 0.003420 0.003187 0.013580 0.000046 0.022921 0.015045 0.068239 0.000053 0.006355 0.001588 0.002189 0.003562 0.010514 0.010808 0.000509 0.023425 0.000709 0.013207 0.079075 0.000032 0.003458 0.001090 0.000895 0.015932 0.003045 0.176855 0.181032 0.000375 0.000587 0.023273 0.002147 0.007298 0.000037 0.035889 0.000259 
0.000008 0.000490 0.001317 0.000980 0.000067 0.003414 0.001383 0.000639 0.002011 0.001397 0.002200 0.000159 0.002360 0.001115 0.007330 0.003856 0.004867 0.000657 0.000527 0.000037 0.001840 0.006861 0.002494 0.002120 0.006419 0.003419 0.006565 0.006403 0.003463 0.019482 0.004177 0.000744 0.001159 0.003866 0.003897 0.003956 0.009987 0.004664 0.006199 0.032617 0.000701 0.006455 0.008973 0.008024 0.000536 0.010079 0.000523 0.018638 0.039800 0.002080 0.061060 0.012861 0.000554 0.022303 0.000838 0.018024 0.001193 0.052042 0.055279 0.004348 0.041894 0.097672 0.004235 0.001531 0.023746 0.011177 0.048966 0.107353 0.053343 0.002375 0.012864 0.019546 
0.000008 0.000210 0.000094 -0.000000 0.000027 0.000853 0.000443 0.000399 0.000503 0.000370 0.000367 0.000056 0.000823 0.000415 0.001543 0.000890 0.001310 0.000229 0.000129 0.000012 0.000680 0.001862 0.001079 0.000950 0.002266 0.001852 0.002269 0.001396 0.001633 0.009958 0.001645 0.000241 0.000438 0.001565 0.000998 0.001090 0.003159 0.001363 0.002260 0.014341 0.000351 0.001684 0.002787 0.003272 0.000270 0.003752 0.000146 0.006908 0.016891 0.000690 0.026964 0.007183 0.000185 0.014467 0.000177 0.005827 0.001055 0.025738 0.044962 0.001678 0.017938 0.080269 0.001291 0.000425 0.027192 0.005661 0.015694 0.170692 0.018026 0.007730 0.003807 0.110227 
0.000004 0.000560 0.001787 0.001348 0.000100 0.004609 0.001217 0.000399 0.001285 0.001767 0.001100 0.000056 0.001976 0.001374 0.004243 0.003026 0.006739 0.001101 0.000849 0.000124 0.002167 0.014898 0.003983 0.001535 0.009742 0.002232 0.012968 0.012642 0.002140 0.016740 0.002721 0.000902 0.001270 0.002739 0.014970 0.012365 0.017324 0.009686 0.011935 0.053939 0.000491 0.023389 0.026194 0.039494 0.000385 0.017470 0.001714 0.013371 0.023770 0.009553 0.060057 0.005806 0.004358 0.006843 0.004005 0.084970 0.000332 0.025568 0.014344 0.005111 0.067799 0.028823 0.032790 0.013095 0.003970 0.003391 0.107619 0.018035 0.049258 0.000335 0.227724 0.002129 
0.000004 0.000911 0.001599 0.001716 0.000127 0.004438 0.000608 0.000160 0.001062 0.001315 -0.000000 0.000047 0.000604 0.001063 0.003858 0.001424 0.007862 0.001101 0.000784 0.000190 0.001386 0.011468 0.003536 0.000366 0.006419 0.001235 0.012481 0.018471 0.001098 0.005917 0.001055 0.000601 0.000538 0.001268 0.024808 0.013144 0.011923 0.005955 0.007590 0.027540 0.000203 0.029751 0.023636 0.064110 0.000128 0.011815 0.002036 0.005779 0.009582 0.012571 0.024067 0.001801 0.012802 0.002021 0.009642 0.094320 0.000088 0.009467 0.003691 0.002149 0.029859 0.007831 0.108533 0.057439 0.001199 0.001060 0.037891 0.006119 0.013397 0.000091 0.060068 0.000407 
0.000004 0.000350 0.001223 0.001103 0.000080 0.002731 0.000608 -0.000000 0.000670 0.001315 -0.000000 -0.000000 0.000604 0.000674 0.002572 0.001187 0.004492 0.000764 0.000489 0.000148 0.000806 0.008625 0.003052 0.000512 0.005211 0.001520 0.010293 0.013545 0.001295 0.007071 0.001202 0.000673 0.000832 0.001581 0.021006 0.013299 0.015897 0.008897 0.009444 0.037947 0.000258 0.028956 0.029593 0.060761 0.000215 0.019402 0.002430 0.009131 0.014679 0.014538 0.048246 0.002712 0.008561 0.003298 0.007716 0.134772 0.000101 0.017234 0.006878 0.004308 0.064131 0.017511 0.077074 0.030144 0.002247 0.002938 0.100085 0.010521 0.038230 0.000314 0.257758 0.001592 
