# Flux Network Reconstruction using RW method
# Walkers leave from emitting cells
# Probability involves emitting fluxes, then absorbing flux is shared among connections
# Seed: 1684538815
# Threshold: 0.5
# Precision: 100000.0
# Dt: 1.0
# Radius step: 1.000000
# Matrix output


-0.000000 -0.000000 0.000790 0.002492 0.021170 0.000111 0.002707 0.003352 -0.000000 0.000069 0.000292 0.001564 0.000639 0.000584 0.000032 -0.000000 0.000023 -0.000000 -0.000000 -0.000000 0.000007 -0.000000 0.000047 -0.000000 0.000019 -0.000000 -0.000000 -0.000000 0.000013 -0.000000 -0.000000 -0.000000 -0.000000 -0.000000 -0.000000 -0.000000 -0.000000 -0.000000 -0.000000 -0.000000 -0.000000 -0.000000 -0.000000 -0.000000 -0.000000 -0.000000 -0.000000 -0.000000 -0.000000 -0.000000 -0.000000 -0.000000 -0.000000 -0.000000 -0.000000 -0.000000 -0.000000 -0.000000 -0.000000 -0.000000 -0.000000 -0.000000 -0.000000 -0.000000 -0.000000 -0.000000 
0.001235 0.007860 0.025849 0.000416 0.000430 0.016546 0.011701 0.000290 0.000692 0.004076 0.003143 0.003557 0.002664 0.000471 0.005847 0.006453 0.004027 0.003695 0.000506 0.002412 0.000040 0.001674 0.000237 0.004189 0.000641 0.002781 0.002288 0.001771 0.000602 0.002037 0.000329 0.000270 0.000651 0.000233 0.000700 0.000255 0.001272 0.001620 0.000237 0.000010 0.001145 0.000042 0.000028 0.000654 0.001213 0.000008 0.000024 0.000232 0.000037 0.000159 0.000749 0.000273 0.000066 0.000199 0.000161 0.000304 0.000068 0.000117 -0.000000 0.000023 0.000395 -0.000000 0.000031 0.000022 0.000018 0.000027 
0.000229 0.000533 0.045749 0.025036 0.007566 0.012341 0.085397 0.000745 0.000037 0.002625 0.002164 0.004691 0.000426 0.000348 0.004943 0.001889 0.002129 0.000157 0.000038 0.000048 0.000009 -0.000000 -0.000000 -0.000000 -0.000000 -0.000000 -0.000000 -0.000000 -0.000000 0.000081 -0.000000 -0.000000 -0.000000 -0.000000 -0.000000 -0.000000 -0.000000 -0.000000 -0.000000 -0.000000 -0.000000 -0.000000 -0.000000 -0.000000 -0.000000 -0.000000 -0.000000 -0.000000 -0.000000 -0.000000 -0.000000 -0.000000 -0.000000 -0.000000 -0.000000 -0.000000 -0.000000 -0.000000 -0.000000 -0.000000 -0.000000 -0.000000 -0.000000 -0.000000 -0.000000 -0.000000 
0.201833 0.261727 0.018794 0.000002 -0.000000 0.014222 0.000437 -0.000000 0.011346 0.002556 0.000017 -0.000000 -0.000000 -0.000000 0.000097 0.000052 0.000093 0.005268 0.000060 -0.000000 -0.000000 -0.000000 -0.000000 0.000875 -0.000000 -0.000000 0.000042 0.001507 -0.000000 -0.000000 -0.000000 -0.000000 0.000368 0.000021 -0.000000 -0.000000 -0.000000 0.000081 -0.000000 -0.000000 -0.000000 -0.000000 -0.000000 -0.000000 -0.000000 0.000001 -0.000000 0.000033 -0.000000 -0.000000 -0.000000 -0.000000 -0.000000 -0.000000 -0.000000 -0.000000 -0.000000 -0.000000 -0.000000 -0.000000 -0.000000 -0.000000 -0.000000 -0.000000 -0.000000 -0.000000 
0.021462 0.369011 0.002369 0.000004 0.000006 0.055339 0.000262 -0.000000 0.164288 0.014415 0.000017 -0.000000 -0.000000 -0.000000 0.000743 0.000052 0.000069 0.038644 0.000361 -0.000000 -0.000000 -0.000000 -0.000000 0.006252 -0.000000 -0.000000 0.002080 0.011604 -0.000000 -0.000000 -0.000000 0.000020 0.004273 0.000148 0.000044 -0.000000 -0.000000 0.000081 0.000016 -0.000000 0.000916 -0.000000 -0.000000 -0.000000 -0.000000 -0.000000 -0.000000 0.001226 -0.000000 0.000124 -0.000000 -0.000000 -0.000000 -0.000000 -0.000000 -0.000000 0.000034 0.000430 -0.000000 -0.000000 -0.000000 -0.000000 -0.000000 -0.000000 -0.000000 -0.000000 
0.003018 0.006972 0.458754 0.025071 0.004319 0.118426 0.420916 0.001366 0.000299 0.027010 0.013517 0.014380 0.001598 0.001007 0.042708 0.016736 0.016826 0.001730 0.000247 0.001061 0.000027 0.000038 0.000142 0.000188 0.000075 0.000082 -0.000000 0.000151 0.000090 -0.000000 -0.000000 0.000010 0.000057 -0.000000 0.000022 -0.000000 -0.000000 -0.000000 -0.000000 -0.000000 -0.000000 -0.000000 -0.000000 -0.000000 -0.000000 -0.000000 -0.000000 -0.000000 -0.000000 -0.000000 -0.000000 -0.000000 -0.000000 -0.000000 -0.000000 -0.000000 -0.000000 -0.000000 -0.000000 -0.000000 -0.000000 -0.000000 -0.000000 -0.000000 -0.000000 -0.000000 
0.000065 0.000089 0.014741 0.100948 0.093186 0.004261 0.055752 0.007469 0.000037 0.001105 0.003658 0.020604 0.004156 0.003897 0.001712 0.001521 0.000787 -0.000000 0.000004 0.000024 0.000061 -0.000000 0.000260 -0.000000 0.000189 0.000041 -0.000000 -0.000000 0.000038 -0.000000 -0.000000 -0.000000 -0.000000 -0.000000 -0.000000 -0.000000 -0.000000 -0.000000 -0.000000 -0.000000 -0.000000 -0.000000 -0.000000 -0.000000 -0.000000 -0.000000 -0.000000 -0.000000 -0.000000 -0.000000 -0.000000 -0.000000 -0.000000 -0.000000 -0.000000 -0.000000 -0.000000 -0.000000 -0.000000 -0.000000 -0.000000 -0.000000 -0.000000 -0.000000 -0.000000 -0.000000 
0.002413 0.006394 0.321875 0.043373 0.007759 0.108355 0.553595 0.002110 0.000561 0.026412 0.019872 0.028085 0.003410 0.001751 0.040285 0.021195 0.018955 0.002870 0.000319 0.001761 0.000053 0.000096 0.000260 0.000250 0.000377 0.000205 0.000166 0.000038 0.000115 0.000163 -0.000000 0.000010 -0.000000 -0.000000 -0.000000 -0.000000 -0.000000 -0.000000 -0.000000 0.000000 -0.000000 -0.000000 -0.000000 -0.000000 -0.000000 -0.000000 -0.000000 -0.000000 -0.000000 -0.000000 -0.000000 -0.000000 -0.000000 -0.000000 -0.000000 -0.000000 -0.000000 -0.000000 -0.000000 -0.000000 -0.000000 -0.000000 -0.000000 -0.000000 -0.000000 -0.000000 
-0.000000 -0.000000 0.000474 0.001410 0.046969 0.000111 0.004759 0.098319 -0.000000 0.000069 0.000910 0.008769 0.037617 0.007907 0.000032 0.001574 0.000231 -0.000000 -0.000000 0.000048 0.000050 0.000019 0.000497 -0.000000 0.000415 0.000123 0.000042 -0.000000 0.000141 -0.000000 0.000023 -0.000000 -0.000000 -0.000000 -0.000000 -0.000000 0.000042 -0.000000 -0.000000 -0.000000 -0.000000 -0.000000 -0.000000 -0.000000 -0.000000 -0.000000 -0.000000 -0.000000 -0.000000 -0.000000 -0.000000 -0.000000 -0.000000 -0.000000 -0.000000 -0.000000 -0.000000 -0.000000 -0.000000 -0.000000 -0.000000 -0.000000 -0.000000 -0.000000 -0.000000 -0.000000 
0.000115 0.000222 0.010371 0.067313 0.197408 0.004981 0.089064 0.025718 0.000019 0.001128 0.012693 0.064877 0.028666 0.012095 0.002197 0.007922 0.001759 -0.000000 0.000013 0.000241 0.000248 0.000019 0.001563 0.000063 0.001018 0.000245 -0.000000 0.000075 0.000410 0.000489 0.000091 0.000030 -0.000000 -0.000000 -0.000000 0.000011 -0.000000 -0.000000 -0.000000 -0.000000 -0.000000 0.000003 -0.000000 -0.000000 0.000076 -0.000000 -0.000000 -0.000000 -0.000000 -0.000000 -0.000000 -0.000000 -0.000000 -0.000000 -0.000000 -0.000000 -0.000000 -0.000000 -0.000000 -0.000000 -0.000000 -0.000000 -0.000000 -0.000000 -0.000000 -0.000000 
0.100765 1.050061 0.571047 0.000434 0.000206 1.558802 0.023838 0.000124 0.039086 0.095514 0.002868 0.002300 -0.000000 0.000075 0.029592 0.006506 0.005694 0.074025 0.003674 0.003666 0.000007 0.001981 0.000071 0.019880 0.000075 0.001881 0.007197 0.015485 0.000115 -0.000000 0.000045 0.000230 0.003594 0.000561 0.000241 0.000044 -0.000000 0.002187 0.000173 0.000000 0.001604 0.000011 0.000023 -0.000000 -0.000000 0.000002 -0.000000 0.001259 -0.000000 0.000354 0.000094 -0.000000 -0.000000 0.000022 -0.000000 -0.000000 0.000057 0.000587 -0.000000 -0.000000 -0.000000 -0.000000 -0.000000 -0.000000 -0.000000 0.000007 
-0.000000 -0.000000 0.000316 0.002429 0.106706 0.000221 0.008557 0.318606 -0.000000 0.000069 0.002198 0.021922 0.080030 0.021894 0.000097 0.002466 0.000255 -0.000000 -0.000000 0.000072 0.000142 -0.000000 0.001231 -0.000000 0.000811 0.000082 0.000042 -0.000000 0.000192 0.000163 0.000011 0.000010 -0.000000 -0.000000 0.000022 -0.000000 -0.000000 -0.000000 -0.000000 -0.000000 -0.000000 -0.000000 -0.000000 -0.000000 -0.000000 -0.000000 -0.000000 -0.000000 -0.000000 -0.000000 -0.000000 -0.000000 -0.000000 -0.000000 -0.000000 -0.000000 -0.000000 -0.000000 -0.000000 -0.000000 -0.000000 -0.000000 -0.000000 -0.000000 -0.000000 -0.000000 
-0.000000 -0.000000 0.000263 0.001412 0.051851 0.000055 0.006723 0.377717 -0.000000 0.000023 0.001580 0.013583 0.084506 0.016444 0.000097 0.001417 0.000093 -0.000000 -0.000000 0.000024 0.000110 0.000019 0.001231 -0.000000 0.000679 0.000123 0.000042 -0.000000 0.000167 -0.000000 0.000011 -0.000000 -0.000000 -0.000000 -0.000000 0.000011 0.000085 -0.000000 -0.000000 -0.000000 -0.000000 -0.000000 -0.000000 -0.000000 -0.000000 -0.000000 -0.000000 -0.000000 -0.000000 -0.000000 -0.000000 -0.000000 -0.000000 -0.000000 -0.000000 -0.000000 -0.000000 -0.000000 -0.000000 -0.000000 -0.000000 -0.000000 -0.000000 -0.000000 -0.000000 -0.000000 
0.001930 0.009858 0.094341 0.042053 0.025913 0.069894 1.032097 0.018166 0.001159 0.023810 0.126840 0.214438 0.065324 0.015569 0.047037 0.129795 0.043581 0.007233 0.001267 0.010516 0.000651 0.002155 0.004759 0.003688 0.007843 0.007771 0.001414 0.001130 0.003704 0.008636 0.001191 0.000530 0.000226 0.000106 0.000372 0.000144 0.001018 0.000162 0.000032 0.000012 0.000229 0.000025 0.000005 0.000305 0.000455 -0.000000 0.000040 0.000099 0.000022 0.000018 -0.000000 0.000273 0.000022 0.000066 0.000081 0.000061 0.000011 0.000039 -0.000000 0.000015 0.000044 -0.000000 -0.000000 -0.000000 -0.000000 0.000014 
0.012563 0.498409 0.010740 0.000009 -0.000000 0.199277 0.001528 0.000021 0.884599 0.070669 0.000137 -0.000000 -0.000000 -0.000000 0.002875 0.000262 0.000301 0.218458 0.002292 0.000145 -0.000000 0.000539 -0.000000 0.047387 -0.000000 0.000041 0.010691 0.076745 -0.000000 -0.000000 -0.000000 0.000070 0.020093 0.001344 0.000175 -0.000000 -0.000000 0.001215 0.000095 -0.000000 0.003895 0.000003 0.000002 -0.000000 -0.000000 0.000003 -0.000000 0.005399 -0.000000 0.000956 0.000094 -0.000000 -0.000000 -0.000000 -0.000000 -0.000000 0.000068 0.002190 -0.000000 -0.000000 -0.000000 -0.000000 -0.000000 -0.000000 -0.000000 0.000007 
0.015548 0.573011 0.096183 0.000198 0.000018 1.202969 0.018730 -0.000000 0.141539 0.565327 0.001288 0.000245 0.000107 -0.000000 0.041804 0.003305 0.004860 0.534920 0.014074 0.002195 0.000001 0.001828 -0.000000 0.058077 0.000019 0.000614 0.014560 0.065593 0.000013 0.000081 -0.000000 0.000140 0.013046 0.001281 0.000131 0.000022 0.000042 0.001863 0.000095 -0.000000 0.003780 0.000003 0.000005 -0.000000 -0.000000 0.000002 -0.000000 0.003114 -0.000000 0.000619 -0.000000 -0.000000 -0.000000 -0.000000 0.000016 -0.000000 0.000080 0.001447 -0.000000 -0.000000 -0.000000 -0.000000 -0.000000 -0.000000 -0.000000 -0.000000 
0.000041 0.000266 0.010213 0.027008 0.095597 0.005257 0.268459 0.113340 -0.000000 0.001405 0.082184 0.699822 0.236893 0.130508 0.003844 0.084414 0.009698 0.000118 0.000030 0.003063 0.003165 0.000231 0.017024 0.000063 0.018437 0.004417 0.000042 -0.000000 0.006856 0.006925 0.001077 0.000410 -0.000000 0.000011 0.000109 0.000089 0.000678 -0.000000 0.000016 0.000006 -0.000000 0.000020 -0.000000 0.000175 0.000455 -0.000000 0.000009 -0.000000 0.000022 -0.000000 -0.000000 0.000039 0.000022 0.000022 0.000048 -0.000000 -0.000000 -0.000000 0.000010 0.000008 -0.000000 -0.000000 -0.000000 -0.000000 -0.000000 -0.000000 
0.000777 0.005373 0.017005 0.004314 0.014986 0.019313 0.089021 0.039373 0.001626 0.012204 0.050083 0.140608 0.272060 0.052392 0.024940 0.121873 0.032426 0.011518 0.001939 0.018451 0.002278 0.008887 0.026495 0.017505 0.039910 0.024337 0.008819 0.004785 0.017122 0.068517 0.008336 0.003001 0.001415 0.001027 0.004157 0.002342 0.009541 0.006479 0.001734 0.000121 0.002062 0.000405 0.000146 0.008857 0.015011 0.000033 0.000447 0.000828 0.000920 0.000425 0.002247 0.004951 0.001838 0.002081 0.001403 0.004261 0.000239 0.000313 0.000113 0.000410 0.002240 0.000402 0.000611 0.000239 0.000112 0.000143 
0.000098 0.000666 0.009687 0.009278 0.033661 0.005755 0.143332 0.069415 0.000093 0.002947 0.097710 0.625226 0.405159 0.140928 0.009563 0.228742 0.033213 0.000511 0.000298 0.013024 0.007595 0.002693 0.050196 0.001438 0.072015 0.017097 0.001123 0.000414 0.025003 0.044972 0.005523 0.001611 0.000028 0.000042 0.000613 0.000522 0.004495 0.000243 0.000142 0.000051 -0.000000 0.000078 -0.000000 0.001265 0.003336 0.000001 0.000098 -0.000000 0.000148 0.000018 0.000047 0.000468 0.000175 0.000310 0.000113 0.000365 -0.000000 -0.000000 0.000021 0.000015 0.000044 -0.000000 0.000031 0.000007 0.000004 0.000007 
0.001088 0.027487 0.001474 0.000002 -0.000000 0.015993 0.000175 -0.000000 0.250590 0.008105 0.000052 -0.000000 -0.000000 -0.000000 0.000743 0.000105 0.000023 0.056374 0.000565 0.000121 -0.000000 0.000596 -0.000000 0.032071 -0.000000 0.000245 0.013603 0.112348 -0.000000 -0.000000 -0.000000 0.000300 0.091154 0.005895 0.000394 0.000033 0.000085 0.010690 0.000394 -0.000000 0.035853 0.000003 0.000011 -0.000000 -0.000000 0.000038 -0.000000 0.044287 -0.000000 0.008992 0.000375 -0.000000 -0.000000 -0.000000 0.000016 -0.000000 0.001160 0.021589 -0.000000 -0.000000 0.000088 -0.000000 -0.000000 0.000007 0.000004 0.000082 
0.000360 0.002442 0.015004 0.005059 0.013447 0.014886 0.146388 0.030476 0.000411 0.009096 0.146608 0.618726 0.205350 0.052627 0.033921 0.483611 0.082441 0.004482 0.001471 0.034683 0.007239 0.009580 0.036889 0.007627 0.080913 0.044378 0.005907 0.001997 0.045674 0.110800 0.013406 0.003902 0.000226 0.000413 0.002910 0.001965 0.013484 0.001134 0.000820 0.000144 0.000515 0.000302 0.000038 0.004669 0.010917 0.000005 0.000309 -0.000000 0.000571 0.000018 0.000375 0.002378 0.000831 0.001018 0.000516 0.001217 -0.000000 -0.000000 0.000031 0.000178 0.000439 0.000118 0.000061 0.000022 0.000022 0.000020 
-0.000000 -0.000000 0.000053 0.000166 0.000878 0.000055 0.001790 0.006207 -0.000000 -0.000000 0.000704 0.017047 2.513117 0.114243 0.000032 0.006191 0.000393 -0.000000 -0.000000 0.000241 0.001974 0.000019 0.271908 -0.000000 0.043398 0.000164 -0.000000 -0.000000 0.001243 0.003911 0.000159 0.000020 -0.000000 -0.000000 -0.000000 0.000011 0.000085 -0.000000 -0.000000 0.000003 -0.000000 -0.000000 -0.000000 0.000087 0.000076 -0.000000 0.000043 -0.000000 0.000052 -0.000000 -0.000000 -0.000000 0.000109 -0.000000 -0.000000 -0.000000 -0.000000 -0.000000 -0.000000 -0.000000 -0.000000 -0.000000 -0.000000 -0.000000 -0.000000 -0.000000 
0.003173 0.074735 0.012688 0.000033 -0.000000 0.097674 0.002925 -0.000000 0.099874 0.091692 0.000189 0.000184 -0.000000 -0.000000 0.015022 0.000892 0.001273 2.270708 0.016927 0.004896 0.000002 0.015774 -0.000000 0.454555 -0.000000 0.005481 0.118224 0.234755 0.000064 0.000163 0.000068 0.001341 0.031922 0.005662 0.001685 0.000144 0.000382 0.008180 0.001088 0.000000 0.009851 0.000020 0.000047 -0.000000 0.000227 0.000012 -0.000000 0.006525 -0.000000 0.001628 0.000375 -0.000000 -0.000000 -0.000000 -0.000000 -0.000000 0.000250 0.002620 -0.000000 -0.000000 -0.000000 -0.000000 -0.000000 -0.000000 -0.000000 0.000014 
0.000016 0.000222 0.002896 0.000187 0.000424 0.003265 0.013971 0.000683 0.000037 0.004306 0.017587 0.055434 0.005222 0.002570 0.110486 0.838318 1.020609 0.001494 0.001994 0.344178 0.001623 0.014889 0.002226 0.004314 0.013197 0.218825 0.004201 0.000678 0.048673 0.035358 0.015277 0.010044 0.000142 0.000254 0.002078 0.002253 0.020184 0.000243 0.000315 0.000111 -0.000000 0.000198 0.000003 0.002051 0.010538 -0.000000 0.000040 -0.000000 0.000067 -0.000000 -0.000000 0.000390 -0.000000 0.000421 0.000177 0.000061 -0.000000 -0.000000 -0.000000 -0.000000 0.000044 -0.000000 -0.000000 0.000015 0.000004 0.000007 
0.000049 0.001821 0.002896 0.000046 0.000012 0.006530 0.004497 -0.000000 0.000897 0.057544 0.000893 0.001012 0.000107 0.000019 0.399495 0.010283 0.042447 0.065101 0.133767 0.690236 0.000031 0.298325 0.000024 0.115155 0.000302 0.096937 0.024668 0.003579 0.000910 0.000652 0.000408 0.001181 0.000425 0.000265 0.000416 0.000100 0.001145 0.000243 0.000126 0.000004 -0.000000 0.000008 0.000005 -0.000000 0.000455 -0.000000 -0.000000 -0.000000 -0.000000 -0.000000 -0.000000 0.000078 -0.000000 0.000022 -0.000000 -0.000000 -0.000000 -0.000000 -0.000000 -0.000000 -0.000000 -0.000000 -0.000000 -0.000000 -0.000000 -0.000000 
0.000654 0.004840 0.015057 0.002773 0.007638 0.018539 0.082734 0.021580 0.001159 0.011467 0.059289 0.167068 0.197784 0.037642 0.031886 0.201513 0.053510 0.011676 0.002249 0.030800 0.009648 0.013812 0.056565 0.019317 0.123199 0.043520 0.014185 0.006405 0.049891 0.186649 0.021311 0.005602 0.002462 0.001228 0.005973 0.003985 0.018403 0.004859 0.001861 0.000270 0.002062 0.000690 0.000116 0.015053 0.023578 0.000044 0.000986 0.000629 0.001736 0.000425 0.003558 0.008771 0.002757 0.003011 0.002000 0.006330 0.000205 0.000352 0.000216 0.000711 0.003031 0.000733 0.000748 0.000276 0.000153 0.000157 
0.004719 0.073491 0.015583 0.000026 0.000018 0.062312 0.002270 0.000021 0.384484 0.037649 0.000412 0.000368 0.000107 -0.000000 0.008949 0.001102 0.001018 0.237799 0.005026 0.002991 0.000004 0.006810 -0.000000 0.172544 -0.000000 0.006667 0.093639 0.442911 0.000103 0.000163 0.000170 0.002771 0.210241 0.024563 0.004266 0.000533 0.001145 0.069569 0.003721 0.000002 0.088315 0.000103 0.000309 -0.000000 0.000379 0.000153 -0.000000 0.065387 -0.000000 0.016886 0.004308 -0.000000 -0.000000 0.000044 0.000161 -0.000000 0.003879 0.027338 -0.000000 -0.000000 0.000351 -0.000000 0.000015 0.000007 0.000031 0.000306 
-0.000000 -0.000000 0.000105 0.000466 0.002072 0.000055 0.004322 0.010055 -0.000000 0.000069 0.003469 0.037774 0.981248 0.120728 0.000065 0.013431 0.001551 -0.000000 0.000009 0.000724 0.004776 0.000096 0.683937 -0.000000 0.133756 0.001063 0.000083 -0.000000 0.004921 0.022404 0.000839 0.000130 -0.000000 -0.000000 -0.000000 0.000022 0.000212 -0.000000 0.000016 0.000021 -0.000000 0.000003 -0.000000 0.000175 0.000379 -0.000000 0.000089 -0.000000 0.000156 -0.000000 -0.000000 0.000039 0.000197 -0.000000 -0.000000 0.000061 -0.000000 -0.000000 0.000010 -0.000000 -0.000000 -0.000000 -0.000000 -0.000000 -0.000000 -0.000000 
0.000344 0.009059 0.001685 0.000007 -0.000000 0.015993 0.000655 0.000021 0.011010 0.038040 0.000189 0.000092 -0.000000 0.000009 0.027589 0.000944 0.002615 1.337399 0.120905 0.037891 0.000003 0.149374 -0.000000 1.077778 0.000019 0.032558 0.144722 0.057719 0.000205 0.000081 0.000181 0.002661 0.004783 0.001439 0.001400 0.000266 0.000890 0.001539 0.000820 0.000001 0.000974 0.000011 0.000013 0.000044 0.000379 0.000001 0.000003 0.000662 0.000007 0.000159 0.000047 0.000039 -0.000000 -0.000000 -0.000000 -0.000000 0.000046 0.000274 -0.000000 -0.000000 -0.000000 -0.000000 -0.000000 -0.000000 -0.000000 -0.000000 
0.004466 0.079619 0.014583 0.000024 0.000012 0.071222 0.002532 0.000021 0.335136 0.045869 0.000240 0.000184 -0.000000 0.000009 0.009239 0.001259 0.001458 0.346261 0.006161 0.003256 0.000004 0.008599 -0.000000 0.253315 0.000019 0.006299 0.131452 0.637504 0.000090 0.000244 0.000079 0.003291 0.222863 0.028299 0.005470 0.000599 0.000848 0.068111 0.004399 0.000002 0.087342 0.000101 0.000317 0.000087 0.000076 0.000098 -0.000000 0.055848 -0.000000 0.015735 0.002763 -0.000000 -0.000000 0.000111 0.000065 -0.000000 0.003185 0.025774 -0.000000 0.000008 0.000088 -0.000000 -0.000000 0.000007 0.000022 0.000286 
0.000065 0.001021 0.004685 0.001682 0.004937 0.005811 0.052260 0.010179 0.000206 0.004536 0.079590 0.298172 0.090047 0.028191 0.032790 0.635860 0.127782 0.002477 0.001178 0.070331 0.012691 0.015659 0.032319 0.009002 0.131588 0.108472 0.008569 0.001959 0.146981 0.220622 0.032017 0.009424 0.000283 0.000529 0.004660 0.003852 0.026714 0.000810 0.000930 0.000269 0.000286 0.000444 0.000033 0.006894 0.020393 0.000002 0.000441 0.000033 0.000660 0.000018 0.000094 0.002144 0.000613 0.001218 0.000645 0.001156 0.000023 0.000039 0.000062 0.000070 0.000527 0.000095 0.000076 0.000015 0.000018 -0.000000 
0.000622 0.004574 0.015846 0.001926 0.003943 0.021250 0.091771 0.009311 0.001701 0.019918 0.088865 0.188592 0.076300 0.015908 0.078406 0.646038 0.198512 0.018555 0.004834 0.121174 0.004898 0.039705 0.025192 0.034384 0.077275 0.172483 0.024543 0.009720 0.100704 0.252314 0.039457 0.015016 0.002094 0.001545 0.013390 0.008480 0.045668 0.006641 0.003248 0.000428 0.002119 0.001240 0.000142 0.017016 0.039271 0.000030 0.000885 0.000397 0.001328 0.000230 0.002809 0.007250 0.001838 0.003476 0.002177 0.003713 0.000171 0.000274 0.000103 0.000503 0.001845 0.000710 0.000397 0.000196 0.000099 0.000109 
0.000106 0.002487 0.001579 0.000013 0.000018 0.006917 0.002139 0.000021 0.002056 0.028944 0.000532 0.000460 0.000107 0.000085 0.112748 0.006558 0.016086 0.166526 0.100517 0.301728 0.000013 0.743293 -0.000000 0.387975 0.000132 0.179804 0.108781 0.015447 0.001064 0.001059 0.000567 0.005032 0.000991 0.000974 0.002997 0.000622 0.002841 0.001215 0.000836 0.000008 0.000286 0.000022 0.000031 0.000044 0.000606 0.000001 -0.000000 0.000232 -0.000000 0.000035 -0.000000 0.000039 -0.000000 0.000066 0.000016 -0.000000 -0.000000 0.000117 -0.000000 -0.000000 -0.000000 -0.000000 -0.000000 -0.000000 -0.000000 -0.000000 
0.000008 0.000044 0.000579 0.000776 0.003762 0.000609 0.010565 0.016097 0.000019 0.000207 0.009103 0.055710 0.504371 0.083576 0.001228 0.032213 0.005879 0.000079 0.000026 0.003015 0.008232 0.000404 0.624981 0.000188 0.302502 0.004090 0.000291 0.000075 0.017967 0.087499 0.004627 0.000470 -0.000000 0.000021 0.000306 0.000078 0.001654 0.000081 0.000016 0.000073 -0.000000 0.000017 -0.000000 0.001789 0.001744 -0.000000 0.000327 -0.000000 0.000705 -0.000000 0.000047 0.000897 0.001094 0.000044 0.000065 0.000852 -0.000000 -0.000000 0.000062 0.000062 0.000044 0.000024 -0.000000 -0.000000 -0.000000 -0.000000 
0.000573 0.018784 0.001895 0.000004 0.000006 0.019867 0.000349 -0.000000 0.040133 0.017247 0.000034 0.000031 -0.000000 -0.000000 0.003521 0.000105 0.000139 1.132307 0.017968 0.005499 -0.000000 0.038666 -0.000000 2.622676 -0.000000 0.007117 0.304878 0.309390 0.000038 0.000081 0.000057 0.001571 0.020404 0.004646 0.001510 0.000111 0.000382 0.003806 0.001088 0.000001 0.003952 0.000011 0.000026 -0.000000 -0.000000 0.000002 -0.000000 0.003312 -0.000000 0.001044 -0.000000 -0.000000 -0.000000 -0.000000 0.000016 -0.000000 0.000034 0.001291 -0.000000 -0.000000 0.000044 -0.000000 -0.000000 -0.000000 -0.000000 -0.000000 
-0.000000 0.000089 0.000211 0.000196 0.001060 0.000221 0.003012 0.004407 -0.000000 0.000138 0.002851 0.018366 0.121484 0.021762 0.000743 0.014060 0.002407 0.000039 0.000017 0.001833 0.003636 0.000423 1.086756 0.000125 0.302181 0.003149 0.000125 -0.000000 0.023593 0.181760 0.008098 0.000370 -0.000000 0.000011 0.000197 0.000189 0.001951 -0.000000 0.000016 0.000171 -0.000000 0.000028 -0.000000 0.003970 0.003866 -0.000000 0.000872 -0.000000 0.001802 -0.000000 0.000094 0.002651 0.002581 0.000111 0.000032 0.001156 0.000011 -0.000000 0.000216 0.000116 0.000088 0.000237 0.000031 -0.000000 -0.000000 -0.000000 
0.000057 0.000133 0.002790 0.000338 0.000993 0.002601 0.014495 0.002007 0.000224 0.003684 0.026519 0.097653 0.017583 0.007229 0.040609 0.445942 0.179024 0.003145 0.001654 0.191697 0.004601 0.037377 0.009589 0.021068 0.057405 0.397688 0.022006 0.005011 0.253990 0.279606 0.094429 0.036896 0.000764 0.001196 0.012821 0.012343 0.103124 0.001944 0.001876 0.000687 0.000344 0.001221 0.000052 0.012566 0.059437 0.000004 0.000456 0.000099 0.000475 0.000035 0.000749 0.002534 0.000634 0.003166 0.001548 0.000487 -0.000000 -0.000000 0.000010 0.000093 0.000879 0.000024 0.000122 0.000007 0.000018 0.000034 
0.000115 0.001732 0.000948 0.000039 0.000085 0.002656 0.002881 0.000269 0.002692 0.005480 0.002576 0.006745 0.000533 0.000367 0.019093 0.034521 0.022659 0.043440 0.007683 0.103181 0.000239 0.403609 0.001018 0.315269 0.004072 1.185008 0.313863 0.059791 0.016224 0.039595 0.015379 0.103344 0.008349 0.012149 0.053646 0.019568 0.070559 0.021057 0.014017 0.000248 0.005040 0.001450 0.000509 0.006632 0.026989 0.000058 0.000168 0.001027 0.000200 0.000283 0.002294 0.002183 0.000175 0.001793 0.001258 0.000304 0.000068 0.000235 0.000010 0.000054 0.001054 -0.000000 0.000122 -0.000000 0.000040 0.000061 
-0.000000 0.000444 0.000053 0.000002 0.000024 0.000609 0.000175 0.000041 0.001065 0.000691 0.000275 0.001257 0.000213 0.000047 0.002520 0.008499 0.004907 0.030546 0.005719 0.019247 0.000063 0.490117 0.000071 0.657232 0.000415 0.579497 0.976533 0.083941 0.005549 0.005947 0.006147 0.119221 0.006000 0.018901 0.048286 0.005772 0.029725 0.018303 0.015342 0.000102 0.001203 0.000360 0.000370 0.000873 0.007581 0.000012 0.000018 0.000199 0.000015 0.000035 0.000421 0.000078 -0.000000 0.000487 0.000258 -0.000000 0.000011 0.000039 -0.000000 -0.000000 0.000088 -0.000000 -0.000000 -0.000000 0.000009 -0.000000 
-0.000000 -0.000000 -0.000000 0.000002 0.000006 -0.000000 0.000044 0.000041 -0.000000 -0.000000 0.000034 0.000368 0.004582 0.000715 -0.000000 0.000157 0.000023 -0.000000 -0.000000 0.000024 0.000128 -0.000000 0.481924 -0.000000 0.045528 0.000123 -0.000000 -0.000000 0.004703 0.083426 0.002041 0.000010 -0.000000 -0.000000 -0.000000 0.000011 0.000212 -0.000000 -0.000000 0.000081 -0.000000 0.000003 -0.000000 0.000916 0.000303 -0.000000 0.000557 -0.000000 0.001394 -0.000000 -0.000000 0.000546 0.001422 -0.000000 -0.000000 0.000122 -0.000000 -0.000000 0.000133 0.000008 0.000044 0.000047 -0.000000 -0.000000 -0.000000 -0.000000 
0.000090 0.002886 0.000158 0.000002 -0.000000 0.003320 0.000087 -0.000000 0.009776 0.002026 0.000034 0.000092 -0.000000 -0.000000 0.000226 0.000682 0.000393 0.050949 0.000799 0.001495 0.000007 0.022796 -0.000000 0.352528 0.000019 0.037793 1.323759 1.404724 0.000628 0.000326 0.000680 0.039477 0.049129 0.087426 0.052115 0.001598 0.003816 0.050699 0.030935 0.000009 0.007560 0.000316 0.000961 0.000044 0.000910 0.000019 0.000003 0.002484 0.000007 0.000619 0.000936 -0.000000 0.000022 0.000022 0.000097 -0.000000 0.000080 0.000900 -0.000000 -0.000000 0.000088 -0.000000 -0.000000 -0.000000 0.000004 0.000007 
0.000090 0.001199 0.000790 0.000070 0.000170 0.003431 0.004890 0.000331 0.001869 0.004628 0.004448 0.011283 0.002771 0.000838 0.020740 0.063219 0.034324 0.026614 0.004651 0.106172 0.000437 0.193831 0.001989 0.205866 0.008220 0.881516 0.227047 0.057643 0.034025 0.087906 0.031824 0.194433 0.008773 0.013261 0.087974 0.039792 0.160920 0.026321 0.017912 0.000557 0.005670 0.002796 0.000644 0.014704 0.066866 0.000074 0.000361 0.000431 0.000401 0.000478 0.005291 0.003430 0.000569 0.005247 0.003290 0.001156 0.000125 0.000352 0.000051 0.000139 0.002548 0.000047 0.000229 0.000087 0.000103 0.000048 
0.000008 -0.000000 -0.000000 0.000037 0.000188 -0.000000 0.000742 0.000414 -0.000000 0.000115 0.001013 0.007818 0.019501 0.004292 0.000485 0.014847 0.003310 0.000039 0.000004 0.002774 0.002667 0.000442 0.264687 0.000375 0.518906 0.005685 0.000291 0.000113 0.121222 1.303607 0.033945 0.000900 -0.000000 0.000032 0.000153 0.000277 0.006064 -0.000000 0.000047 0.000919 0.000057 0.000075 0.000002 0.015795 0.010690 0.000001 0.004955 -0.000000 0.008722 -0.000000 0.000094 0.008381 0.009867 0.000576 0.000129 0.005174 -0.000000 -0.000000 0.000883 0.000116 0.000088 0.000426 0.000046 0.000007 -0.000000 -0.000000 
-0.000000 -0.000000 0.000158 0.000074 0.000133 0.000111 0.001179 0.000186 0.000037 0.000230 0.003607 0.021554 0.003197 0.001431 0.006267 0.097373 0.038073 0.000550 0.000221 0.047490 0.001428 0.009772 0.002676 0.005939 0.020417 0.150601 0.008777 0.001808 0.486669 0.614123 0.329889 0.024100 0.000226 0.000519 0.004201 0.008325 0.105584 0.000567 0.000583 0.001002 0.000057 0.001072 0.000008 0.011257 0.066032 0.000002 0.000367 -0.000000 0.000586 0.000018 0.000328 0.001715 0.000372 0.003077 0.001371 0.000061 -0.000000 -0.000000 0.000051 0.000031 0.000395 0.000071 0.000031 0.000007 0.000009 0.000007 
-0.000000 0.000133 0.000474 0.000041 0.000248 0.000664 0.003143 0.000290 0.000505 0.001313 0.004861 0.015238 0.003090 0.000979 0.013472 0.089503 0.045155 0.006919 0.001458 0.094185 0.000719 0.082834 0.002155 0.068705 0.010934 0.630665 0.095511 0.020608 0.067730 0.142247 0.084290 0.224506 0.002802 0.005207 0.061348 0.065443 0.396596 0.009152 0.007568 0.001276 0.001203 0.004086 0.000213 0.028055 0.142223 0.000025 0.000637 0.000199 0.000660 0.000159 0.003184 0.004249 0.000569 0.009232 0.004306 0.000487 0.000068 0.000039 0.000010 0.000240 0.001757 0.000071 0.000153 0.000044 0.000072 0.000088 
0.000597 0.013455 0.001632 -0.000000 -0.000000 0.012617 0.000262 -0.000000 0.076433 0.006977 0.000034 0.000031 -0.000000 -0.000000 0.000872 0.000157 0.000301 0.074143 0.001063 0.000531 0.000001 0.002828 -0.000000 0.073832 -0.000000 0.002904 0.054661 0.564452 0.000051 0.000163 0.000068 0.003301 1.192364 0.077785 0.005513 0.000344 0.000636 0.161895 0.005724 0.000003 0.226974 0.000115 0.000468 0.000131 0.000152 0.000185 -0.000000 0.109012 -0.000000 0.033913 0.003746 -0.000000 -0.000000 0.000066 0.000145 -0.000000 0.004004 0.035160 -0.000000 -0.000000 0.000176 -0.000000 -0.000000 0.000029 0.000036 0.000361 
0.000196 0.006039 0.000316 0.000002 -0.000000 0.004925 -0.000000 -0.000000 0.034487 0.003224 0.000017 -0.000000 -0.000000 -0.000000 0.000194 0.000105 0.000069 0.038447 0.000357 0.000265 0.000002 0.002674 -0.000000 0.046512 -0.000000 0.003599 0.067640 0.693151 0.000090 0.000081 0.000057 0.005562 1.180988 0.218857 0.009692 0.000477 0.000466 0.255275 0.009397 0.000001 0.132759 0.000056 0.000419 -0.000000 0.000076 0.000048 -0.000000 0.034482 -0.000000 0.009434 0.001217 -0.000000 -0.000000 0.000044 0.000016 -0.000000 0.000785 0.010482 -0.000000 -0.000000 -0.000000 -0.000000 -0.000000 -0.000000 -0.000000 0.000061 
0.000049 0.001377 0.000158 0.000002 -0.000000 0.001217 -0.000000 0.000021 0.006299 0.001151 0.000086 0.000215 0.000107 0.000028 0.000517 0.001941 0.001319 0.021032 0.000706 0.003980 0.000012 0.036762 -0.000000 0.164480 0.000170 0.069697 0.537541 0.540000 0.001371 0.001955 0.001645 0.100983 0.067496 0.249749 0.214169 0.009046 0.011194 0.227091 0.153194 0.000022 0.017640 0.001673 0.005191 0.000175 0.002881 0.000179 0.000009 0.002981 0.000015 0.000867 0.006274 0.000039 -0.000000 0.000443 0.000984 0.000061 0.000171 0.001212 -0.000000 0.000008 0.000703 0.000024 -0.000000 -0.000000 0.000058 0.000075 
0.000409 0.014698 0.000790 0.000002 -0.000000 0.011013 0.000175 -0.000000 0.100154 0.006378 -0.000000 -0.000000 -0.000000 -0.000000 0.000355 0.000105 0.000069 0.066909 0.000408 0.000072 -0.000000 0.000750 -0.000000 0.043761 -0.000000 0.000573 0.022547 0.333163 0.000013 0.000081 0.000023 0.000750 0.906534 0.026532 0.001641 0.000067 0.000085 0.048674 0.001214 -0.000000 0.342265 0.000014 0.000057 -0.000000 -0.000000 0.000139 -0.000000 0.318457 -0.000000 0.074039 0.003512 -0.000000 -0.000000 -0.000000 0.000048 -0.000000 0.005108 0.099183 -0.000000 -0.000000 0.000132 -0.000000 -0.000000 -0.000000 0.000018 0.000517 
-0.000000 -0.000000 -0.000000 -0.000000 -0.000000 -0.000000 -0.000000 0.000062 -0.000000 -0.000000 -0.000000 0.000245 0.001492 0.000329 -0.000000 0.000944 0.000185 -0.000000 -0.000000 0.000169 0.000108 -0.000000 0.070463 0.000063 0.039005 0.000205 -0.000000 -0.000000 0.006972 0.170680 0.005988 0.000050 -0.000000 -0.000000 -0.000000 0.000033 0.000763 -0.000000 0.000016 0.000319 -0.000000 0.000006 -0.000000 0.004189 0.001440 -0.000000 0.002488 -0.000000 0.006267 -0.000000 -0.000000 0.002300 0.007241 0.000022 0.000032 0.001035 -0.000000 -0.000000 0.000596 0.000023 -0.000000 0.000426 0.000015 -0.000000 -0.000000 -0.000000 
0.000164 0.001421 0.001895 0.000107 0.000230 0.002878 0.005239 0.000600 0.001888 0.004283 0.004843 0.009137 0.003304 0.001007 0.016024 0.041394 0.023214 0.017966 0.002683 0.049950 0.000426 0.061789 0.002770 0.089898 0.008427 0.244307 0.095220 0.035452 0.030706 0.120576 0.039514 0.264583 0.007301 0.009832 0.167393 0.115912 0.420045 0.031261 0.023619 0.000911 0.007961 0.008814 0.000942 0.039443 0.127213 0.000184 0.000860 0.001060 0.001157 0.001133 0.013766 0.013994 0.001181 0.015852 0.009289 0.003652 0.000523 0.000626 0.000133 0.000765 0.009225 0.000284 0.001573 0.000464 0.000337 0.000333 
-0.000000 -0.000000 -0.000000 0.000015 0.000115 0.000055 0.000262 0.000248 -0.000000 0.000046 0.000842 0.004292 0.009271 0.001760 0.000517 0.008132 0.002129 0.000118 0.000009 0.001930 0.001042 0.000327 0.120161 0.000250 0.173421 0.006217 0.000374 0.000113 0.074971 1.895082 0.084256 0.001561 0.000028 0.000032 0.000350 0.000877 0.012424 -0.000000 0.000063 0.002779 -0.000000 0.000260 0.000008 0.048824 0.028884 -0.000000 0.015031 -0.000000 0.025307 -0.000000 0.000094 0.025766 0.027740 0.001107 0.000468 0.017469 -0.000000 -0.000000 0.002177 0.000425 0.000220 0.001821 0.000107 -0.000000 0.000004 0.000007 
0.000065 0.000933 0.001948 0.000194 0.000418 0.003154 0.009256 0.001179 0.000822 0.004352 0.008656 0.019101 0.010230 0.002014 0.017445 0.063219 0.031916 0.010339 0.001769 0.048166 0.000967 0.033087 0.009376 0.042011 0.025695 0.152891 0.036274 0.013488 0.084403 0.498191 0.164043 0.052943 0.002321 0.003556 0.051852 0.045996 0.339437 0.012634 0.012961 0.003832 0.004696 0.008817 0.000507 0.145293 0.377696 0.000131 0.004126 0.000596 0.005029 0.000637 0.012782 0.049116 0.006563 0.035867 0.017288 0.016312 0.000398 0.000665 0.000421 0.002752 0.018011 0.001537 0.003192 0.000914 0.000664 0.000490 
0.000025 0.000311 0.000579 0.000065 0.000176 0.001107 0.003711 0.000372 0.000299 0.001405 0.004466 0.012019 0.004049 0.001158 0.009272 0.049421 0.020900 0.002359 0.000634 0.034828 0.000681 0.018275 0.007222 0.016129 0.020455 0.121478 0.019011 0.005689 0.086351 0.607117 0.305335 0.038697 0.001019 0.001609 0.023935 0.028348 0.281726 0.003968 0.004841 0.005815 0.000974 0.006192 0.000155 0.139097 0.379136 0.000050 0.004554 0.000232 0.005006 0.000177 0.004916 0.036096 0.004660 0.023380 0.010547 0.009739 0.000046 -0.000000 0.000298 0.001214 0.006853 0.000568 0.001390 0.000363 0.000202 0.000170 
0.000720 0.006394 0.007265 0.000213 0.000400 0.012119 0.010915 0.000807 0.003963 0.009303 0.005857 0.008585 0.007140 0.000970 0.014441 0.022979 0.010878 0.022919 0.002615 0.018330 0.000195 0.017582 0.002841 0.059765 0.006070 0.041965 0.039769 0.028219 0.007907 0.051082 0.008325 0.025061 0.017037 0.010445 0.063732 0.043244 0.110206 0.065681 0.023383 0.000365 0.036254 0.005390 0.001658 0.033553 0.072855 0.000640 0.001472 0.010335 0.002492 0.007576 0.037177 0.022648 0.004441 0.020325 0.014272 0.014365 0.003902 0.006062 0.000411 0.002953 0.026182 0.002555 0.006185 0.002748 0.001580 0.001851 
0.000499 0.003064 0.006107 0.000272 0.000600 0.008135 0.011744 0.001552 0.002094 0.005734 0.007334 0.012877 0.015345 0.002231 0.012212 0.029747 0.013609 0.013170 0.001773 0.015991 0.000555 0.012062 0.010300 0.027945 0.018192 0.034603 0.020675 0.014204 0.026387 0.233738 0.040659 0.010344 0.007698 0.004392 0.020194 0.012609 0.062757 0.029237 0.009350 0.002333 0.016953 0.003368 0.000785 0.125877 0.183768 0.000282 0.006834 0.004174 0.011607 0.003505 0.018729 0.080885 0.020477 0.028229 0.016530 0.057154 0.001843 0.002229 0.001448 0.007144 0.032771 0.007687 0.009102 0.003727 0.002011 0.001300 
0.000025 0.000355 0.000474 0.000048 0.000133 0.000941 0.002445 0.000331 0.000336 0.001266 0.002765 0.006193 0.003197 0.000734 0.004910 0.025025 0.011063 0.003853 0.000676 0.019392 0.000342 0.014832 0.004333 0.018880 0.009633 0.072028 0.019094 0.007610 0.030334 0.219318 0.072109 0.037716 0.001896 0.002529 0.046470 0.051990 0.608018 0.010852 0.017297 0.004750 0.004467 0.021299 0.000631 0.245384 1.007088 0.000179 0.003927 0.000795 0.003953 0.000726 0.023833 0.076948 0.005097 0.091992 0.044509 0.015278 0.000660 0.000587 0.000298 0.004322 0.037120 0.001869 0.006338 0.002052 0.001288 0.000769 
-0.000000 0.000044 0.000053 0.000026 0.000097 0.000055 0.000524 0.000248 -0.000000 0.000115 0.000670 0.002667 0.004369 0.001082 0.000872 0.007030 0.002106 0.000472 0.000051 0.003111 0.000495 0.001231 0.032603 0.000938 0.042003 0.010757 0.001414 0.000490 0.030411 0.745046 0.083190 0.003011 0.000057 0.000116 0.001838 0.002042 0.026544 0.000405 0.000520 0.006258 -0.000000 0.000735 0.000021 0.191499 0.107881 0.000002 0.045818 0.000033 0.066055 0.000053 0.000796 0.116085 0.062022 0.005734 0.001774 0.078823 0.000023 0.000039 0.003830 0.003696 0.001625 0.005275 0.001298 0.000196 0.000049 0.000020 
-0.000000 0.000266 0.000158 -0.000000 -0.000000 0.000443 0.000044 -0.000000 0.001028 0.000161 0.000034 0.000031 -0.000000 0.000009 0.000194 0.000420 0.000139 0.002752 0.000145 0.000724 0.000001 0.003193 0.000024 0.018755 0.000075 0.006872 0.035151 0.046793 0.000192 0.000407 0.000329 0.011615 0.023998 0.117874 0.051787 0.005672 0.006869 1.052359 0.310331 0.000007 0.077262 0.002092 0.065164 0.000175 0.002957 0.002747 -0.000000 0.001623 0.000007 0.003381 0.065926 0.000273 0.000022 0.001572 0.003903 -0.000000 0.001024 0.000587 -0.000000 0.000039 0.004173 -0.000000 0.000137 0.000102 0.000341 0.000585 
-0.000000 0.000044 0.000053 -0.000000 -0.000000 0.000166 0.000044 -0.000000 0.000262 0.000046 -0.000000 0.000092 -0.000000 -0.000000 0.000097 0.000367 0.000162 0.000983 0.000038 0.000362 0.000002 0.002962 -0.000000 0.009690 -0.000000 0.007403 0.023129 0.019290 0.000243 0.000733 0.000454 0.017447 0.003877 0.019515 0.287441 0.043566 0.043718 0.057583 0.902106 0.000019 0.003723 0.024804 0.005605 0.001222 0.017740 0.000525 0.000003 0.000497 0.000007 0.000973 0.103056 0.000546 -0.000000 0.009720 0.020561 -0.000000 0.000910 0.000469 -0.000000 0.000077 0.017923 0.000047 0.000367 0.000261 0.000965 0.001341 
0.000033 0.000933 0.000053 -0.000000 -0.000000 0.001162 -0.000000 -0.000000 0.008524 0.000530 -0.000000 -0.000000 -0.000000 -0.000000 -0.000000 -0.000000 -0.000000 0.005150 0.000013 -0.000000 -0.000000 0.000058 -0.000000 0.003563 -0.000000 -0.000000 0.001830 0.028671 -0.000000 -0.000000 -0.000000 0.000080 0.496043 0.007292 0.000219 -0.000000 -0.000000 0.113626 0.000173 -0.000000 3.095504 0.000014 0.000092 -0.000000 -0.000000 0.000839 -0.000000 0.218389 -0.000000 0.217922 0.015639 -0.000000 -0.000000 0.000044 0.000129 -0.000000 0.006518 0.027768 -0.000000 -0.000000 0.000264 -0.000000 -0.000000 0.000015 0.000090 0.000926 
-0.000000 -0.000000 -0.000000 -0.000000 0.000036 -0.000000 0.000218 0.000021 -0.000000 0.000023 0.000103 0.000920 0.002771 0.000508 0.000032 0.002308 0.000509 -0.000000 0.000013 0.000579 0.000243 0.000135 0.036226 0.000313 0.038119 0.001800 0.000333 -0.000000 0.014341 0.418350 0.030565 0.000540 -0.000000 0.000011 0.000153 0.000300 0.006572 -0.000000 0.000016 0.001961 -0.000000 0.000120 0.000002 0.047558 0.018877 0.000001 0.027895 -0.000000 0.088862 -0.000000 0.000094 0.029275 0.142879 0.000708 0.000226 0.055328 -0.000000 -0.000000 0.011490 0.000897 0.000132 0.008752 0.000244 0.000073 -0.000000 0.000007 
-0.000000 -0.000000 -0.000000 0.000011 0.000042 0.000055 0.000349 0.000166 -0.000000 0.000023 0.000447 0.001901 0.003623 0.000621 0.000517 0.003987 0.001481 0.000197 0.000038 0.001809 0.000357 0.001077 0.029289 0.000625 0.037007 0.005563 0.000582 0.000226 0.022722 0.559783 0.056764 0.001871 -0.000000 0.000042 0.001072 0.001465 0.016834 0.000162 0.000315 0.004600 0.000057 0.000430 0.000005 0.151532 0.073538 0.000002 0.054762 -0.000000 0.096138 -0.000000 0.000281 0.105015 0.094487 0.004096 0.001080 0.094283 -0.000000 -0.000000 0.005945 0.003425 0.001362 0.007333 0.000977 0.000102 0.000049 0.000014 
-0.000000 0.000044 0.000263 0.000020 0.000030 0.000166 0.000306 0.000103 -0.000000 0.000115 0.000361 0.000858 0.001279 0.000169 0.000226 0.001626 0.000648 0.000275 0.000034 0.000748 0.000063 0.000442 0.002368 0.000563 0.003450 0.001309 0.000416 0.000301 0.003332 0.032995 0.004718 0.000550 0.000170 0.000042 0.000613 0.000544 0.004325 0.000648 0.000347 0.000294 0.000458 0.000221 0.000025 0.023299 0.026837 0.000007 0.006991 0.000066 0.029349 0.000106 0.001077 0.034342 0.147342 0.004782 0.001822 0.220033 0.000091 0.000039 0.030127 0.007561 0.005535 0.047686 0.004078 0.001356 0.000368 0.000088 
0.000008 0.000133 -0.000000 -0.000000 -0.000000 -0.000000 0.000044 -0.000000 0.000056 -0.000000 0.000017 0.000092 0.000107 -0.000000 0.000065 0.000105 0.000347 0.000079 0.000017 0.000217 0.000003 0.000366 0.000024 0.000688 0.000019 0.001432 0.002246 0.001545 0.000525 0.001385 0.001350 0.002561 0.001245 0.002392 0.037084 0.013608 0.077301 0.017412 0.129733 0.000122 0.015349 0.040671 0.005463 0.009555 0.139343 0.001722 0.000052 0.003047 0.000059 0.010231 0.589539 0.006627 0.000022 0.108443 0.401613 0.000913 0.010636 0.004146 0.000010 0.001106 0.369485 0.000142 0.005315 0.005054 0.017851 0.019329 
-0.000000 -0.000000 -0.000000 0.000002 -0.000000 -0.000000 -0.000000 -0.000000 -0.000000 0.000069 0.000069 0.000245 0.000213 0.000038 0.000162 0.000630 0.000393 0.000079 0.000013 0.000603 0.000023 0.000500 0.000592 0.001125 0.001056 0.002781 0.000458 0.000527 0.001551 0.017272 0.003822 0.001591 0.000283 0.000286 0.003522 0.002908 0.030742 0.002673 0.003027 0.000850 0.000974 0.002866 0.000167 0.308344 0.606421 0.000069 0.008946 0.000431 0.012208 0.000708 0.011752 0.731984 0.025837 0.236678 0.058555 0.183270 0.000592 0.000313 0.002321 0.123830 0.174002 0.028786 0.097102 0.020927 0.005498 0.000960 
-0.000000 0.000133 -0.000000 -0.000000 -0.000000 0.000055 -0.000000 -0.000000 0.000131 0.000023 0.000017 0.000061 -0.000000 -0.000000 0.000097 0.000315 0.000139 0.000275 0.000013 0.000289 0.000003 0.000404 -0.000000 0.001625 0.000075 0.001432 0.002413 0.002788 0.000333 0.001874 0.000851 0.002211 0.003792 0.003217 0.022994 0.009190 0.044735 0.043896 0.086609 0.000080 0.045819 0.015730 0.006063 0.007723 0.063076 0.003468 0.000067 0.013515 0.000104 0.029594 0.984579 0.006549 0.000241 0.061882 0.189550 0.001461 0.027756 0.013258 0.000021 0.001879 0.412799 0.000899 0.011714 0.010776 0.032730 0.048119 
0.000008 0.000266 -0.000000 -0.000000 -0.000000 0.000111 -0.000000 -0.000000 0.001570 0.000161 -0.000000 -0.000000 -0.000000 -0.000000 -0.000000 -0.000000 -0.000000 0.000983 0.000009 -0.000000 -0.000000 -0.000000 -0.000000 0.000688 -0.000000 0.000041 0.000541 0.003843 -0.000000 -0.000000 -0.000000 0.000010 0.012197 0.000381 0.000088 0.000011 0.000085 0.003402 0.000347 -0.000000 0.021420 0.000059 0.000039 0.000044 -0.000000 0.000156 -0.000000 0.588553 -0.000000 0.051631 0.018635 -0.000000 -0.000000 0.000177 0.000822 -0.000000 0.211265 1.638755 -0.000000 0.000008 0.002636 -0.000000 0.000137 0.000087 0.000561 0.020513 
-0.000000 -0.000000 -0.000000 -0.000000 -0.000000 -0.000000 -0.000000 -0.000000 -0.000000 -0.000000 -0.000000 -0.000000 -0.000000 -0.000000 -0.000000 -0.000000 -0.000000 -0.000000 -0.000000 0.000024 -0.000000 -0.000000 -0.000000 -0.000000 -0.000000 0.000205 -0.000000 -0.000000 -0.000000 0.000081 0.000147 0.000050 -0.000000 -0.000000 0.000044 0.000022 0.003731 -0.000000 0.000126 0.000019 -0.000000 0.000391 0.000011 0.087874 0.370039 0.000002 0.001365 -0.000000 0.001179 0.000018 0.001264 0.494902 0.001553 0.385682 0.035736 0.062693 0.000046 -0.000000 0.000390 0.211239 0.301440 0.012442 0.293628 0.020391 0.002132 0.000136 
-0.000000 -0.000000 -0.000000 -0.000000 -0.000000 -0.000000 -0.000000 -0.000000 0.000019 -0.000000 0.000017 -0.000000 -0.000000 -0.000000 -0.000000 0.000105 0.000023 0.000039 -0.000000 0.000145 0.000001 0.000038 0.000024 0.000313 0.000038 0.000286 0.000166 0.000188 0.000128 0.001385 0.000465 0.000270 0.000226 0.000180 0.001356 0.000733 0.005979 0.001701 0.003327 0.000066 0.001833 0.001106 0.000167 0.025524 0.087639 0.000091 0.000689 0.000530 0.000927 0.001062 0.023552 0.058627 0.003172 0.123431 0.071279 0.024225 0.001229 0.000782 0.000503 0.029603 0.892634 0.009319 0.370692 0.167688 0.032116 0.003294 
0.000090 0.001155 0.001211 0.000004 0.000006 0.001550 0.000524 -0.000000 0.002692 0.001036 0.000103 0.000399 -0.000000 0.000038 0.000743 0.000787 0.000278 0.003656 0.000285 0.000796 0.000007 0.001193 0.000047 0.008627 0.000057 0.002454 0.006781 0.012018 0.000282 0.001874 0.000329 0.001401 0.028130 0.005440 0.003829 0.001743 0.005470 0.059931 0.007016 0.000016 0.083390 0.000687 0.001086 0.003272 0.007354 0.000891 0.000061 0.156181 0.000134 0.063030 0.059605 0.001637 0.000284 0.004339 0.005886 0.001400 0.080152 0.340650 0.000092 0.000588 0.016781 0.000449 0.002413 0.001726 0.002213 0.023882 
-0.000000 -0.000000 -0.000000 -0.000000 -0.000000 -0.000000 0.000044 -0.000000 -0.000000 -0.000000 -0.000000 0.000031 -0.000000 -0.000000 0.000032 0.000052 -0.000000 -0.000000 -0.000000 0.000024 0.000001 -0.000000 0.000095 -0.000000 0.000094 0.000164 0.000042 0.000038 0.000103 0.001222 0.000340 0.000080 0.000057 0.000021 0.000263 0.000211 0.003095 0.000162 0.000505 0.000070 0.000115 0.000327 0.000028 0.030062 0.079072 0.000013 0.002381 0.000033 0.004072 0.000265 0.004120 0.121426 0.022118 0.056015 0.014901 0.201895 0.000307 0.000235 0.005606 0.267808 0.094139 0.114625 0.277515 0.043762 0.008443 0.000803 
0.000008 0.000178 0.000053 -0.000000 -0.000000 0.000111 -0.000000 -0.000000 0.001009 0.000092 -0.000000 -0.000000 -0.000000 -0.000000 -0.000000 -0.000000 0.000023 0.000432 0.000013 -0.000000 -0.000000 0.000038 -0.000000 0.000563 -0.000000 0.000041 0.000582 0.002562 0.000013 0.000081 0.000023 0.000110 0.009650 0.000624 0.000700 0.000200 0.001230 0.017736 0.002743 0.000002 0.047021 0.000411 0.000435 0.000087 0.001289 0.000881 0.000006 0.187318 -0.000000 0.073030 0.105725 0.000234 0.000022 0.001793 0.005628 0.000243 0.273068 0.474524 -0.000000 0.000070 0.017528 0.000142 0.000962 0.001088 0.003479 0.095659 
-0.000000 -0.000000 -0.000000 -0.000000 -0.000000 -0.000000 -0.000000 -0.000000 -0.000000 -0.000000 -0.000000 -0.000000 -0.000000 -0.000000 -0.000000 -0.000000 -0.000000 -0.000000 -0.000000 -0.000000 0.000001 -0.000000 0.000024 -0.000000 0.000019 0.000041 -0.000000 -0.000000 0.000026 0.000244 0.000011 0.000010 -0.000000 -0.000000 -0.000000 0.000011 0.000509 -0.000000 0.000158 0.000010 0.000229 0.000061 -0.000000 0.008944 0.026458 0.000001 0.001077 0.000066 0.001891 0.000106 0.001451 0.068139 0.017764 0.028339 0.004032 0.249554 0.000091 0.000117 0.006541 0.274851 0.041117 0.211060 0.249261 0.035416 0.007366 0.000687 
-0.000000 0.000044 -0.000000 -0.000000 0.000006 0.000055 -0.000000 0.000021 0.000019 -0.000000 0.000034 0.000061 -0.000000 0.000028 0.000065 0.000157 0.000023 0.000039 0.000004 0.000096 0.000005 0.000077 0.000142 0.000125 0.000264 0.000205 0.000083 0.000188 0.000333 0.003503 0.000465 0.000100 0.000057 0.000042 0.000263 0.000277 0.001484 0.000405 0.000347 0.000067 0.000172 0.000115 0.000020 0.010602 0.012736 0.000008 0.001331 0.000199 0.004769 0.000177 0.001498 0.023077 0.028331 0.004893 0.002967 0.111386 0.000091 0.000039 0.019818 0.016336 0.010806 0.324172 0.012783 0.004075 0.001176 0.000238 
-0.000000 0.000089 -0.000000 -0.000000 -0.000000 -0.000000 -0.000000 -0.000000 0.000430 0.000023 -0.000000 -0.000000 -0.000000 -0.000000 -0.000000 -0.000000 -0.000000 0.000472 0.000004 -0.000000 -0.000000 -0.000000 -0.000000 -0.000000 -0.000000 -0.000000 0.000083 0.001130 -0.000000 -0.000000 -0.000000 0.000010 0.004273 0.000095 0.000131 0.000044 0.000170 0.006398 0.001167 0.000000 0.022279 0.000184 0.000128 0.000131 0.000834 0.000486 -0.000000 0.146012 -0.000000 0.040338 0.068641 0.000039 0.000022 0.000487 0.003290 0.000061 0.220457 0.612192 -0.000000 0.000008 0.010631 0.000047 0.000382 0.000450 0.002509 0.099797 
-0.000000 -0.000000 -0.000000 -0.000000 0.000006 -0.000000 -0.000000 -0.000000 -0.000000 -0.000000 -0.000000 -0.000000 -0.000000 0.000009 -0.000000 -0.000000 0.000023 0.000039 0.000009 0.000024 0.000003 0.000096 0.000071 0.000063 0.000019 0.000123 0.000208 0.000113 0.000128 0.001385 0.000488 0.000130 0.000085 0.000021 0.000438 0.000289 0.003350 0.000324 0.000662 0.000073 0.000859 0.000346 0.000067 0.028971 0.058072 0.000023 0.002078 0.000265 0.004339 0.000354 0.005619 0.087395 0.022883 0.042642 0.014998 0.175479 0.000512 0.000352 0.005966 0.144774 0.091723 0.123377 0.285594 0.064624 0.013488 0.001470 
-0.000000 0.000044 0.000211 0.000004 0.000012 0.000111 0.000218 0.000021 0.000075 0.000207 0.000103 0.000307 0.000107 0.000085 0.000614 0.000892 0.000602 0.000550 0.000043 0.000892 0.000032 0.000539 0.000497 0.001563 0.000961 0.001963 0.001498 0.001582 0.001051 0.012546 0.002314 0.001331 0.001585 0.000709 0.003807 0.002453 0.014799 0.007937 0.004604 0.000265 0.006128 0.001382 0.000365 0.048344 0.091202 0.000178 0.002752 0.002849 0.005896 0.002513 0.023177 0.079521 0.021374 0.052782 0.031850 0.100187 0.001877 0.002229 0.003563 0.051381 0.167808 0.044871 0.224077 0.072267 0.020046 0.003600 
-0.000000 -0.000000 -0.000000 -0.000000 -0.000000 -0.000000 -0.000000 -0.000000 -0.000000 -0.000000 -0.000000 -0.000000 -0.000000 -0.000000 -0.000000 -0.000000 -0.000000 -0.000000 -0.000000 -0.000000 -0.000000 -0.000000 -0.000000 -0.000000 -0.000000 -0.000000 -0.000000 -0.000000 -0.000000 -0.000000 0.000011 -0.000000 -0.000000 -0.000000 0.000066 -0.000000 -0.000000 -0.000000 0.000473 0.000000 0.000115 0.000089 0.000011 0.000131 0.000910 0.000013 -0.000000 -0.000000 -0.000000 0.000283 0.007164 0.001247 0.000284 0.002369 0.002580 0.003043 0.000410 0.000196 0.000062 0.003626 0.111623 0.004400 0.041587 0.355317 0.171274 0.002369 
-0.000000 -0.000000 -0.000000 -0.000000 -0.000000 -0.000000 -0.000000 -0.000000 -0.000000 -0.000000 -0.000000 -0.000000 -0.000000 -0.000000 -0.000000 -0.000000 -0.000000 -0.000000 -0.000000 -0.000000 -0.000000 -0.000000 0.000024 -0.000000 -0.000000 -0.000000 -0.000000 -0.000000 0.000013 -0.000000 -0.000000 -0.000000 -0.000000 -0.000000 0.000066 0.000011 0.000297 0.000081 0.000363 0.000001 0.000401 0.000059 0.000025 0.001134 0.003032 0.000012 0.000070 0.000265 0.000082 0.000372 0.005478 0.005301 0.001159 0.004295 0.002129 0.012417 0.000478 0.000274 0.000442 0.014558 0.043358 0.014878 0.202634 0.426162 0.049769 0.002770 
-0.000000 -0.000000 0.000053 -0.000000 -0.000000 0.000111 -0.000000 -0.000000 0.000598 -0.000000 -0.000000 -0.000000 -0.000000 -0.000000 -0.000000 -0.000000 -0.000000 0.000197 -0.000000 -0.000000 -0.000000 0.000019 -0.000000 0.000250 -0.000000 -0.000000 -0.000000 0.001017 -0.000000 -0.000000 -0.000000 -0.000000 0.002858 0.000074 0.000066 -0.000000 0.000042 0.000972 0.000378 -0.000000 0.006472 0.000056 0.000016 -0.000000 0.000076 0.000141 -0.000000 0.089535 -0.000000 0.013434 0.020368 -0.000000 -0.000000 0.000089 0.000919 -0.000000 0.081687 0.831091 -0.000000 0.000015 0.003031 0.000071 0.000122 0.000167 0.000826 0.034738 
-0.000000 -0.000000 -0.000000 -0.000000 -0.000000 -0.000000 -0.000000 -0.000000 0.000037 -0.000000 -0.000000 -0.000000 -0.000000 -0.000000 -0.000000 -0.000000 -0.000000 -0.000000 -0.000000 -0.000000 -0.000000 -0.000000 -0.000000 0.000188 -0.000000 -0.000000 0.000083 0.000264 0.000038 -0.000000 0.000057 0.000170 0.000849 0.000265 0.002253 0.000599 0.004452 0.005993 0.009003 0.000008 0.010252 0.001983 0.000621 0.001745 0.008718 0.000506 0.000012 0.004273 0.000030 0.010266 0.152407 0.003118 0.000219 0.010959 0.041832 0.003348 0.012160 0.007509 0.000133 0.003216 0.278201 0.003619 0.025291 0.035495 0.184740 0.051998 
0.000008 0.000089 -0.000000 -0.000000 -0.000000 0.000055 -0.000000 -0.000000 0.000150 -0.000000 -0.000000 -0.000000 -0.000000 -0.000000 -0.000000 -0.000000 -0.000000 0.000118 -0.000000 0.000024 -0.000000 -0.000000 -0.000000 0.000063 -0.000000 -0.000000 0.000083 0.000867 -0.000000 0.000081 -0.000000 0.000040 0.002519 0.000148 0.000591 0.000166 0.000806 0.008261 0.002491 0.000002 0.026059 0.000374 0.000245 0.000087 0.001289 0.000625 -0.000000 0.049786 0.000007 0.033117 0.100481 0.000195 -0.000000 0.001107 0.006096 0.000061 0.113664 0.158162 0.000010 0.000116 0.022843 0.000142 0.000993 0.001218 0.005584 0.289156 
-0.000000 -0.000000 -0.000000 -0.000000 -0.000000 -0.000000 -0.000000 -0.000000 0.000056 0.000023 -0.000000 -0.000000 -0.000000 -0.000000 -0.000000 -0.000000 -0.000000 0.000079 -0.000000 -0.000000 -0.000000 -0.000000 -0.000000 -0.000000 -0.000000 -0.000000 0.000042 0.000264 -0.000000 -0.000000 -0.000000 -0.000000 0.001047 0.000032 0.000328 0.000055 0.000509 0.003644 0.001309 0.000000 0.011340 0.000296 0.000144 -0.000000 0.000834 0.000379 -0.000000 0.018947 -0.000000 0.015558 0.063631 0.000156 0.000022 0.000620 0.004435 0.000061 0.051861 0.062694 0.000010 0.000062 0.018714 0.000189 0.000672 0.000935 0.005009 0.462043 
-0.000000 -0.000000 -0.000000 -0.000000 -0.000000 -0.000000 -0.000000 -0.000000 -0.000000 -0.000000 -0.000000 -0.000000 -0.000000 -0.000000 -0.000000 -0.000000 -0.000000 -0.000000 -0.000000 -0.000000 -0.000000 -0.000000 -0.000000 -0.000000 0.000038 0.000082 -0.000000 -0.000000 -0.000000 0.000733 0.000102 -0.000000 0.000028 -0.000000 -0.000000 0.000033 0.000382 0.000081 0.000095 0.000015 0.000286 0.000056 0.000002 0.005847 0.010841 0.000008 0.000943 0.000066 0.002418 0.000088 0.000702 0.034732 0.025859 0.009122 0.002290 0.215347 0.000125 0.000156 0.012178 0.085468 0.018406 0.403056 0.082777 0.019412 0.005171 0.000490 
0.000008 0.000266 0.000263 -0.000000 0.000006 0.000221 0.000131 0.000021 0.000598 0.000322 0.000086 0.000123 0.000107 0.000009 0.000323 0.000787 0.000208 0.001022 0.000072 0.000531 0.000003 0.000693 0.000047 0.003001 0.000302 0.002168 0.003037 0.004672 0.000513 0.004074 0.000805 0.001881 0.008830 0.003143 0.007833 0.003485 0.016580 0.039117 0.015578 0.000078 0.040721 0.002525 0.001566 0.012479 0.037300 0.001182 0.000337 0.022756 0.000697 0.022408 0.154794 0.012903 0.002210 0.031018 0.042300 0.009373 0.022501 0.022762 0.000277 0.005079 0.197592 0.003501 0.031476 0.025626 0.045267 0.058716 
-0.000000 -0.000000 -0.000000 -0.000000 0.000006 -0.000000 -0.000000 -0.000000 -0.000000 0.000023 -0.000000 -0.000000 -0.000000 -0.000000 -0.000000 -0.000000 -0.000000 -0.000000 -0.000000 0.000048 0.000001 -0.000000 0.000047 -0.000000 0.000132 0.000041 -0.000000 0.000038 0.000128 0.002281 0.000284 0.000090 0.000085 0.000053 0.000197 0.000211 0.001823 0.000567 0.000662 0.000056 0.000630 0.000260 0.000036 0.017496 0.032372 0.000028 0.001546 0.000298 0.003471 0.000319 0.005712 0.059602 0.023934 0.025328 0.009079 0.168114 0.000466 0.000508 0.007321 0.094143 0.059172 0.154623 0.168165 0.048860 0.013250 0.001776 
-0.000000 -0.000000 -0.000000 -0.000000 -0.000000 -0.000000 -0.000000 -0.000000 -0.000000 -0.000000 -0.000000 -0.000000 -0.000000 0.000009 -0.000000 -0.000000 -0.000000 -0.000000 -0.000000 0.000024 -0.000000 0.000019 0.000024 -0.000000 0.000038 0.000041 0.000042 -0.000000 0.000026 0.000244 0.000057 0.000030 0.000085 0.000011 0.000175 0.000089 0.000848 0.000810 0.000520 0.000011 0.000573 0.000168 0.000054 0.006807 0.017588 0.000035 0.000441 0.000596 0.000838 0.000867 0.009973 0.028612 0.006891 0.016517 0.006950 0.059345 0.000819 0.000391 0.002269 0.052881 0.070989 0.060104 0.282570 0.130967 0.038651 0.003907 
-0.000000 0.000044 -0.000000 -0.000000 -0.000000 0.000111 -0.000000 -0.000000 0.000262 -0.000000 -0.000000 -0.000000 -0.000000 -0.000000 -0.000000 -0.000000 -0.000000 0.000236 0.000004 0.000024 -0.000000 -0.000000 -0.000000 0.000250 -0.000000 0.000041 0.000083 0.000980 -0.000000 -0.000000 0.000011 -0.000000 0.002972 0.000074 0.000044 0.000033 0.000212 0.003321 0.000757 -0.000000 0.015349 0.000109 0.000085 0.000044 0.000834 0.000336 -0.000000 0.085958 -0.000000 0.025895 0.044528 -0.000000 -0.000000 0.000399 0.002274 -0.000000 0.118612 0.448985 -0.000000 0.000054 0.008039 0.000047 0.000428 0.000421 0.002065 0.079658 
-0.000000 -0.000000 -0.000000 -0.000000 -0.000000 -0.000000 -0.000000 -0.000000 -0.000000 -0.000000 -0.000000 -0.000000 -0.000000 -0.000000 -0.000000 -0.000000 -0.000000 -0.000000 -0.000000 -0.000000 -0.000000 -0.000000 0.000047 -0.000000 0.000019 -0.000000 -0.000000 -0.000000 -0.000000 0.000570 0.000045 0.000010 -0.000000 -0.000000 0.000022 -0.000000 0.000085 -0.000000 0.000063 0.000005 0.000115 0.000047 0.000002 0.002574 0.006368 0.000001 0.000536 0.000033 0.001380 0.000018 0.000702 0.018711 0.014833 0.004605 0.001274 0.124838 0.000023 0.000078 0.009878 0.042607 0.009401 0.355796 0.039815 0.009238 0.002356 0.000286 
-0.000000 -0.000000 -0.000000 -0.000000 -0.000000 -0.000000 -0.000000 -0.000000 0.000019 -0.000000 -0.000000 -0.000000 -0.000000 -0.000000 -0.000000 -0.000000 -0.000000 -0.000000 -0.000000 -0.000000 -0.000000 0.000019 -0.000000 0.000063 -0.000000 -0.000000 -0.000000 0.000038 -0.000000 -0.000000 -0.000000 0.000010 0.000142 0.000021 0.000241 0.000166 0.000297 0.000891 0.002743 0.000001 0.006586 0.000614 0.000150 0.000044 0.001061 0.000260 0.000003 0.004770 0.000007 0.006885 0.100434 0.000039 0.000022 0.000974 0.011611 0.000304 0.019816 0.021198 0.000010 0.000294 0.055262 0.000449 0.001955 0.003009 0.022151 0.385176 
-0.000000 0.000044 -0.000000 -0.000000 -0.000000 -0.000000 -0.000000 -0.000000 0.000168 -0.000000 -0.000000 -0.000000 -0.000000 -0.000000 -0.000000 -0.000000 -0.000000 0.000079 -0.000000 -0.000000 -0.000000 -0.000000 -0.000000 0.000063 -0.000000 0.000041 0.000083 0.000226 0.000026 0.000081 -0.000000 0.000040 0.001500 0.000021 0.000197 0.000122 0.000509 0.003402 0.001908 0.000001 0.013516 0.000282 0.000132 0.000131 0.001819 0.000388 -0.000000 0.034217 -0.000000 0.020072 0.071872 0.000156 -0.000000 0.000775 0.005080 0.000183 0.079594 0.124840 -0.000000 0.000162 0.020822 0.000166 0.000977 0.001363 0.005876 0.270269 
-0.000000 -0.000000 -0.000000 -0.000000 -0.000000 -0.000000 -0.000000 -0.000000 0.000019 -0.000000 -0.000000 -0.000000 -0.000000 -0.000000 -0.000000 -0.000000 -0.000000 -0.000000 -0.000000 -0.000000 -0.000000 -0.000000 -0.000000 0.000063 -0.000000 0.000082 -0.000000 0.000038 0.000013 0.000163 0.000068 0.000020 0.000396 0.000063 0.001291 0.000422 0.001696 0.002430 0.006386 0.000003 0.009049 0.001486 0.000392 0.000349 0.004473 0.000443 0.000009 0.003644 0.000030 0.009275 0.156340 0.001247 0.000197 0.005070 0.028608 0.002130 0.013139 0.007431 0.000113 0.002660 0.175627 0.003051 0.017365 0.025075 0.117950 0.083184 
