# Flux Network Reconstruction using RW method
# Walkers leave from emitting cells
# Probability involves emitting fluxes, then absorbing flux is shared among connections
# Seed: 1685008047
# Threshold: 0.5
# Precision: 100000.0
# Dt: 1.0
# Radius step: 9.000000
# Matrix output


0.006228 0.042786 0.012597 0.034151 0.019908 0.028512 0.001429 0.009596 0.016793 0.004891 0.032879 0.002558 0.003478 0.001551 0.000534 0.001412 0.000859 0.002120 0.000445 0.004223 0.004046 0.005149 0.002421 0.000533 0.001559 0.001472 0.002464 0.001700 0.002113 0.000017 0.008691 0.000029 0.001109 0.000673 0.000858 0.000335 0.001437 0.000142 0.000645 0.002705 0.000190 0.000159 0.000245 0.000577 0.000384 0.000298 0.000033 0.000397 0.000116 0.000722 0.000129 0.000013 0.000142 0.000414 0.000485 -0.000000 0.000098 0.000385 0.000353 0.000682 0.000064 0.001016 0.000013 0.000149 0.000000 0.000403 -0.000000 -0.000000 
0.003975 0.006112 0.006692 0.014780 0.008698 0.005364 0.001253 0.006942 0.010302 0.003833 0.019622 0.001270 0.002308 0.001308 0.000248 0.001354 0.001473 0.001144 0.000434 0.002036 0.005058 0.003862 0.001816 0.000258 0.001039 0.003598 0.004467 0.000819 0.000704 0.000016 0.007157 0.000022 0.000931 0.000785 0.000924 0.000586 0.000653 0.000284 0.000716 0.004638 0.000041 0.000445 0.000113 0.000721 0.001307 0.000387 0.000030 0.000680 0.000233 0.002455 0.000232 0.000022 0.000071 0.000552 0.000539 0.000009 0.000492 0.000539 0.000529 0.000682 0.000096 0.001016 0.000063 0.000249 0.000001 0.000403 0.000000 0.000234 
0.026635 0.001667 0.516664 0.016984 0.009857 0.002541 0.030006 0.048798 0.004430 0.274017 0.022538 0.000455 0.004648 0.020256 0.000085 0.004148 0.188753 0.000269 0.002909 0.000528 0.059394 0.010416 0.009616 0.000034 0.000148 0.054298 0.087180 0.000063 0.000313 0.000048 0.001022 0.000712 0.000177 0.001010 0.000264 0.000223 0.027043 0.001958 0.001540 0.003671 0.000050 0.001971 0.000075 0.011543 0.002921 0.000387 0.000109 0.000057 0.000499 0.000578 0.000026 0.000348 0.000036 0.001449 0.000054 -0.000000 -0.000000 0.000231 0.000176 0.002956 0.001249 0.001524 0.000025 -0.000000 -0.000000 -0.000000 -0.000000 0.000176 
0.126019 0.033340 0.141320 0.127332 0.077118 0.034158 0.013486 0.064418 0.058310 0.042167 0.159359 0.008641 0.018431 0.011801 0.001427 0.009881 0.012150 0.007605 0.003320 0.010633 0.028758 0.029843 0.015466 0.001325 0.005049 0.031238 0.016481 0.005542 0.006494 0.000131 0.029394 0.000149 0.004745 0.004264 0.003762 0.002705 0.007316 0.001200 0.003223 0.016039 0.000561 0.001812 0.001396 0.005050 0.004304 0.001580 0.000195 0.002098 0.000682 0.006787 0.000592 0.000107 0.000746 0.002346 0.001995 0.000055 0.001476 0.002928 0.002996 0.001705 0.000480 0.004403 0.000140 0.000944 0.000001 0.002013 0.000006 0.000527 
0.199563 0.116690 0.260202 0.342246 0.179266 0.090901 0.022511 0.127100 0.108070 0.062259 0.299361 0.016524 0.031725 0.015329 0.002633 0.013079 0.013868 0.011644 0.003605 0.017043 0.031937 0.032769 0.015870 0.001875 0.006608 0.029112 0.017251 0.006234 0.008489 0.000114 0.029139 0.000153 0.004434 0.003740 0.004455 0.002259 0.007185 0.000758 0.002184 0.009082 0.000495 0.001177 0.001113 0.004617 0.003305 0.001073 0.000050 0.001531 0.000233 0.004621 0.000154 0.000067 0.000782 0.001104 0.001133 0.000055 0.000295 0.001387 0.001939 0.001023 0.000320 0.003048 0.000102 0.000348 0.000001 0.000805 0.000002 0.000468 
0.018949 0.006112 0.270437 0.024879 0.024643 0.010445 0.017522 0.055332 0.019986 0.088563 0.071062 0.002369 0.009752 0.013839 0.000624 0.008787 0.033872 0.002827 0.004073 0.005581 0.044220 0.025279 0.018156 0.000551 0.002821 0.044649 0.036967 0.002582 0.004108 0.000119 0.019426 0.000333 0.003548 0.004900 0.003465 0.002593 0.016330 0.002257 0.004548 0.015266 0.000512 0.003402 0.001170 0.013418 0.007456 0.002385 0.000268 0.003005 0.001215 0.008375 0.000721 0.000196 0.000568 0.003795 0.001402 0.000036 0.001181 0.003390 0.002115 0.005684 0.000705 0.005589 0.000152 0.000795 0.000003 0.001477 0.000008 0.001170 
0.005035 0.003334 0.091523 0.008813 0.010340 0.003670 0.006467 0.023174 0.008757 0.031856 0.029963 0.001327 0.004551 0.005657 0.000259 0.004811 0.012027 0.001514 0.001848 0.003017 0.020376 0.013927 0.008674 0.000292 0.001114 0.018317 0.018637 0.001385 0.002308 0.000077 0.008946 0.000210 0.001907 0.003815 0.001716 0.001701 0.007708 0.001058 0.002471 0.013720 0.000239 0.001940 0.000868 0.005627 0.004304 0.001520 0.000208 0.001985 0.000948 0.005920 0.000541 0.000134 0.000782 0.002139 0.001348 0.000036 0.000886 0.001926 0.001763 0.002387 0.000416 0.004911 0.000178 0.000348 0.000001 0.001477 0.000010 0.000819 
0.029285 0.188927 0.079320 0.207477 0.139064 0.141433 0.010579 0.058803 0.115796 0.033178 0.244739 0.017832 0.023111 0.009581 0.003537 0.011120 0.008100 0.016220 0.002818 0.029336 0.026012 0.032067 0.015601 0.003303 0.011805 0.025677 0.018175 0.012343 0.010954 0.000139 0.047287 0.000122 0.007184 0.005423 0.004785 0.004267 0.006140 0.000963 0.003402 0.017005 0.000743 0.001685 0.001736 0.006348 0.003536 0.002325 0.000202 0.003459 0.000765 0.008375 0.001519 0.000116 0.001208 0.002277 0.003074 0.000100 0.001870 0.002851 0.002996 0.003297 0.000256 0.003726 0.000216 0.000944 0.000002 0.001611 0.000009 0.000644 
0.015106 0.310619 0.050781 0.136880 0.118673 0.165710 0.007445 0.044408 0.100858 0.024057 0.197011 0.017074 0.017098 0.006235 0.003140 0.008700 0.006014 0.015244 0.002362 0.026922 0.018497 0.022938 0.012844 0.004043 0.010914 0.020771 0.013246 0.012217 0.009389 0.000107 0.045242 0.000108 0.007051 0.004002 0.004851 0.003123 0.006924 0.000789 0.002829 0.013527 0.000809 0.000763 0.001283 0.004184 0.003459 0.001788 0.000126 0.003913 0.000416 0.005487 0.001133 0.000049 0.001208 0.001656 0.002049 0.000091 0.000984 0.002696 0.003173 0.002842 0.000256 0.003048 0.000267 0.001094 0.000002 0.000537 0.000006 0.000468 
0.009408 0.578451 0.035822 0.093273 0.096253 0.240802 0.005039 0.032056 0.084890 0.016920 0.152465 0.014629 0.014172 0.005475 0.003320 0.006712 0.004418 0.015884 0.001791 0.030014 0.015607 0.020130 0.009549 0.003699 0.012547 0.011939 0.007855 0.010958 0.008646 0.000108 0.039107 0.000061 0.005809 0.004039 0.003795 0.002928 0.004181 0.000553 0.002650 0.011981 0.000528 0.001049 0.001377 0.003463 0.003305 0.001729 0.000096 0.002041 0.000466 0.007075 0.000772 0.000049 0.001066 0.001242 0.001133 0.000109 0.002066 0.001541 0.003525 0.001137 0.000096 0.001524 0.000228 0.000696 0.000001 0.002282 0.000005 0.000585 
-0.000000 -0.000000 -0.000000 -0.000000 0.000097 -0.000000 0.000050 0.000204 0.000103 0.000132 -0.000000 -0.000000 -0.000000 -0.000000 -0.000000 -0.000000 -0.000000 -0.000000 -0.000000 -0.000000 -0.000000 -0.000000 0.000067 0.000017 -0.000000 -0.000000 -0.000000 -0.000000 -0.000000 0.000001 0.000256 0.000002 -0.000000 -0.000000 -0.000000 -0.000000 -0.000000 -0.000000 -0.000000 -0.000000 0.000008 -0.000000 -0.000000 -0.000000 -0.000000 -0.000000 -0.000000 -0.000000 -0.000000 -0.000000 0.000026 -0.000000 -0.000000 -0.000000 -0.000000 -0.000000 -0.000000 -0.000000 -0.000000 -0.000000 -0.000000 -0.000000 -0.000000 -0.000000 -0.000000 -0.000000 -0.000000 -0.000000 
0.002253 0.515105 0.010629 0.021299 0.022227 0.101346 0.002056 0.011944 0.022562 0.005155 0.052501 0.004794 0.004291 0.001825 0.001063 0.001988 0.002823 0.005755 0.000650 0.011840 0.006503 0.008543 0.004102 0.001531 0.005791 0.006215 0.004467 0.004975 0.003364 0.000041 0.018659 0.000039 0.002040 0.002319 0.001650 0.001673 0.002352 0.000316 0.001146 0.006184 0.000338 0.000286 0.000623 0.002309 0.001768 0.001043 0.000046 0.001644 0.000333 0.003321 0.000541 0.000036 0.000497 0.000621 0.001294 0.000055 0.001082 0.001387 0.001410 0.000909 0.000096 0.002202 0.000165 0.000497 0.000001 0.000537 0.000003 0.000410 
0.003445 1.674785 0.010038 0.023226 0.030538 0.181519 0.001379 0.007861 0.027507 0.004098 0.043751 0.005666 0.003738 0.001095 0.001174 0.001959 0.000736 0.007538 0.000525 0.013197 0.004624 0.005149 0.001278 0.001634 0.006162 0.005234 0.002156 0.005290 0.003677 0.000023 0.015847 0.000020 0.002084 0.001272 0.001023 0.000892 0.001306 0.000174 0.000573 0.003478 0.000314 0.000223 0.000396 0.001010 0.001460 0.000268 0.000010 0.001531 0.000133 0.001733 0.000283 0.000009 0.000107 0.000414 0.000593 0.000018 0.000492 0.000231 0.001586 0.000114 0.000128 0.000508 0.000114 0.000099 0.000001 0.000268 0.000001 0.000293 
0.004373 0.005557 0.093885 0.009915 0.009954 0.003388 0.006417 0.019907 0.007727 0.028023 0.030758 0.001459 0.004486 0.005414 0.000243 0.004494 0.010677 0.001413 0.001791 0.002262 0.017919 0.013459 0.008674 0.000310 0.001039 0.018972 0.013400 0.001322 0.002465 0.000085 0.008946 0.000133 0.002084 0.002768 0.001650 0.001673 0.008753 0.000995 0.002435 0.010435 0.000314 0.001463 0.000773 0.005627 0.003843 0.001282 0.000182 0.001815 0.001015 0.004621 0.000360 0.000134 0.000640 0.002622 0.001294 0.000100 0.000787 0.002157 0.002291 0.003069 0.000256 0.003387 0.000178 0.000746 0.000003 0.000940 0.000007 0.000761 
0.051945 0.225046 0.150767 0.602327 0.368970 0.226123 0.019954 0.123016 0.260748 0.058557 0.526600 0.038658 0.048953 0.018127 0.006878 0.021463 0.016813 0.030354 0.005499 0.046153 0.043931 0.053367 0.032142 0.006452 0.018190 0.042196 0.022950 0.018955 0.021399 0.000214 0.083838 0.000194 0.012283 0.008977 0.007525 0.006581 0.009798 0.001673 0.005336 0.031497 0.001486 0.002099 0.002415 0.009667 0.006764 0.002832 0.000202 0.004990 0.001131 0.011985 0.001983 0.000143 0.001563 0.003105 0.003074 0.000118 0.002755 0.003698 0.004759 0.003638 0.000512 0.007113 0.000432 0.000895 0.000003 0.002282 0.000008 0.001287 
0.026370 0.006668 0.618422 0.037915 0.032374 0.010163 0.062318 0.133838 0.024416 0.629063 0.090153 0.002975 0.017943 0.060282 0.000523 0.019187 0.460714 0.002490 0.012412 0.003695 0.231072 0.068932 0.052450 0.000465 0.001188 0.231258 0.301279 0.001889 0.004734 0.000338 0.019426 0.002735 0.003415 0.010772 0.004224 0.002147 0.113657 0.010419 0.011531 0.031884 0.000471 0.014436 0.001811 0.067380 0.019524 0.004382 0.000900 0.002211 0.004226 0.008664 0.000412 0.001462 0.000640 0.011731 0.001564 0.000045 0.000394 0.005008 0.001939 0.020803 0.005413 0.011855 0.000127 0.000944 0.000003 0.001879 0.000003 0.002457 
0.000928 0.001667 0.028540 0.004315 0.005122 0.002823 0.004537 0.013782 0.005563 0.032782 0.014053 0.000758 0.002860 0.005505 0.000164 0.003111 0.039150 0.001178 0.001700 0.002338 0.024711 0.013342 0.008069 0.000224 0.000817 0.030747 0.030343 0.001322 0.001643 0.000073 0.012780 0.000321 0.001862 0.003628 0.002178 0.001478 0.021556 0.002084 0.003115 0.015845 0.000297 0.003561 0.001019 0.013707 0.006918 0.001937 0.000367 0.001871 0.001231 0.006353 0.000644 0.000241 0.000853 0.005865 0.001618 0.000045 0.001476 0.002928 0.002996 0.006366 0.000929 0.005589 0.000241 0.001094 0.000002 0.002416 0.000007 0.001580 
0.050885 0.019448 1.469096 0.093548 0.072480 0.021455 0.148350 0.308613 0.054911 0.931368 0.221140 0.007807 0.044142 0.107181 0.001438 0.042608 0.213789 0.006327 0.020227 0.009728 0.274426 0.120427 0.078272 0.001204 0.002970 0.260206 0.229502 0.004345 0.008920 0.000484 0.032973 0.001678 0.006607 0.013839 0.007723 0.004267 0.069632 0.008020 0.011925 0.047150 0.000760 0.009921 0.002434 0.048479 0.019139 0.005097 0.000735 0.003629 0.002978 0.010974 0.000772 0.000856 0.000782 0.010213 0.001834 0.000045 0.001968 0.004545 0.001410 0.013641 0.002819 0.007621 0.000241 0.001789 0.000003 0.002416 0.000010 0.002282 
0.003843 0.346737 0.019092 0.042046 0.049963 0.749508 0.002933 0.015722 0.054602 0.009914 0.107388 0.011200 0.008841 0.002737 0.003145 0.004062 0.003805 0.017634 0.001209 0.034916 0.008671 0.013108 0.006119 0.005764 0.019526 0.008832 0.004313 0.012721 0.008724 0.000076 0.037318 0.000051 0.005454 0.002656 0.003234 0.002203 0.001698 0.000347 0.001755 0.011787 0.000768 0.000636 0.001189 0.002309 0.002229 0.001252 0.000073 0.002779 0.000283 0.005631 0.000772 0.000018 0.000924 0.001725 0.001834 0.000064 0.002066 0.002003 0.004054 0.001023 0.000384 0.002710 0.000178 0.000845 0.000001 0.001611 0.000005 0.000176 
0.004770 0.028339 0.028146 0.042689 0.073929 0.064929 0.004763 0.029095 0.092514 0.023264 0.155912 0.018078 0.013002 0.006357 0.003515 0.008153 0.008714 0.015615 0.002259 0.026319 0.022110 0.027269 0.014323 0.003286 0.011062 0.021425 0.014325 0.011902 0.012167 0.000158 0.056233 0.000122 0.009179 0.007219 0.006139 0.005187 0.007708 0.001310 0.004226 0.029372 0.000982 0.002385 0.002094 0.010677 0.006149 0.003487 0.000311 0.005557 0.000765 0.016317 0.001699 0.000116 0.001705 0.004140 0.004638 0.000127 0.002657 0.006086 0.006874 0.003410 0.000320 0.007452 0.000432 0.001988 0.000003 0.004295 0.000020 0.001053 
0.003975 0.042231 0.020863 0.040669 0.056148 0.121671 0.003911 0.026339 0.070364 0.016920 0.123563 0.016221 0.012742 0.005444 0.004282 0.006712 0.006259 0.021369 0.002008 0.039366 0.021243 0.024460 0.012171 0.004990 0.016705 0.022406 0.014017 0.015429 0.012480 0.000135 0.059556 0.000123 0.009889 0.005760 0.006337 0.005605 0.006924 0.001468 0.004046 0.021256 0.001156 0.002321 0.002377 0.008224 0.006380 0.003368 0.000235 0.005444 0.001098 0.016894 0.002034 0.000094 0.002522 0.004554 0.004638 0.000164 0.003838 0.006009 0.005993 0.003297 0.000448 0.006774 0.000635 0.001491 0.000004 0.003758 0.000011 0.001814 
0.000663 0.013336 0.003740 0.006977 0.009277 0.075657 0.000702 0.004288 0.011023 0.002908 0.020947 0.002407 0.002340 0.001186 0.000735 0.001268 0.001718 0.003971 0.000479 0.010030 0.003613 0.004681 0.002891 0.001376 0.005049 0.003925 0.003081 0.003967 0.003130 0.000027 0.012269 0.000029 0.002616 0.001159 0.001023 0.001311 0.002221 0.000268 0.000752 0.004251 0.000314 0.000509 0.000509 0.001731 0.001845 0.000984 0.000050 0.001418 0.000166 0.003321 0.000335 0.000027 0.000675 0.000828 0.000647 0.000064 0.000787 0.001156 0.002644 0.000682 0.000096 0.003218 0.000127 0.000547 0.000000 0.000537 0.000004 0.000410 
0.003975 0.043342 0.026965 0.033968 0.057501 0.099370 0.004688 0.028074 0.079945 0.018374 0.146897 0.020485 0.014823 0.006417 0.005212 0.007663 0.006504 0.026181 0.002441 0.044192 0.019653 0.026566 0.014054 0.005747 0.020194 0.021425 0.015557 0.018514 0.014397 0.000155 0.070035 0.000114 0.010598 0.006022 0.006238 0.005243 0.007577 0.001626 0.005228 0.029952 0.001420 0.002003 0.002849 0.008801 0.007687 0.003785 0.000294 0.006918 0.001398 0.018194 0.002703 0.000125 0.002096 0.004140 0.004908 0.000245 0.004428 0.006780 0.006698 0.003183 0.000512 0.006605 0.000698 0.001789 0.000005 0.003758 0.000014 0.001580 
0.015239 0.015003 0.293465 0.043056 0.051316 0.022866 0.061842 0.165996 0.051820 0.712868 0.180306 0.007504 0.032115 0.098300 0.001718 0.042810 0.177217 0.008043 0.023707 0.016063 0.384543 0.162558 0.114449 0.001772 0.005271 0.375507 0.292807 0.010832 0.014788 0.000803 0.073869 0.002095 0.014944 0.030221 0.015808 0.010931 0.112612 0.012977 0.026893 0.109758 0.002072 0.020096 0.007169 0.084838 0.045274 0.014337 0.001767 0.010490 0.007953 0.039708 0.002755 0.001422 0.002700 0.026014 0.007497 0.000227 0.005904 0.016718 0.011457 0.031830 0.004516 0.030484 0.001053 0.005667 0.000010 0.009799 0.000047 0.006553 
0.004638 0.001111 0.084044 0.007161 0.005605 0.001976 0.010654 0.028176 0.006799 0.113017 0.024925 0.001099 0.004616 0.014873 0.000217 0.005992 0.455560 0.000841 0.004255 0.001508 0.090897 0.025396 0.019299 0.000224 0.000742 0.105979 0.199620 0.001448 0.001526 0.000176 0.008946 0.003379 0.001774 0.008341 0.002739 0.001980 0.153242 0.010940 0.008630 0.029952 0.000223 0.018093 0.001811 0.103018 0.021983 0.004739 0.001281 0.002608 0.006372 0.009241 0.000489 0.003477 0.000568 0.019735 0.001780 0.000045 0.000689 0.006086 0.001586 0.046608 0.010154 0.012363 0.000381 0.001640 0.000004 0.002148 0.000011 0.003920 
0.002783 0.105577 0.011613 0.040761 0.054311 0.862428 0.002331 0.017763 0.071806 0.005420 0.125154 0.020959 0.009264 0.002251 0.008559 0.004955 0.002086 0.069795 0.001027 0.164325 0.006647 0.015799 0.005917 0.047056 0.190808 0.008341 0.005545 0.074184 0.024451 0.000088 0.114510 0.000031 0.012283 0.003516 0.005743 0.005131 0.001045 0.000268 0.001934 0.008889 0.001577 0.000572 0.001811 0.002020 0.001998 0.001371 0.000040 0.005274 0.000200 0.005920 0.002008 0.000022 0.002522 0.001104 0.003290 0.000355 0.004723 0.003390 0.004935 0.000682 0.000160 0.004573 0.000241 0.000895 0.000002 0.002416 0.000006 0.000234 
0.020539 0.050010 0.175567 0.123752 0.200430 0.086666 0.039682 0.256752 0.240144 0.133506 1.016609 0.039511 0.190092 0.052891 0.008929 0.107630 0.045409 0.042671 0.023079 0.073452 0.172835 0.320553 0.129511 0.008310 0.027990 0.169600 0.099964 0.041374 0.060677 0.001234 0.272729 0.000692 0.047315 0.045968 0.040033 0.028026 0.041413 0.007309 0.026392 0.143574 0.005259 0.009921 0.013206 0.041265 0.032130 0.016006 0.000999 0.022058 0.004276 0.056602 0.006308 0.000553 0.006573 0.018217 0.013645 0.000782 0.012595 0.021802 0.023091 0.015801 0.001858 0.036072 0.001675 0.007059 0.000014 0.010873 0.000045 0.005851 
0.018154 0.013892 0.239338 0.076748 0.094997 0.035288 0.067056 0.300140 0.098180 0.287103 0.385802 0.015539 0.073267 0.132790 0.003410 0.125520 0.089590 0.018744 0.062746 0.033031 0.381652 0.379888 0.226477 0.003475 0.012250 0.327260 0.189916 0.019585 0.028441 0.001349 0.134703 0.001180 0.025365 0.043462 0.027458 0.017150 0.067933 0.010909 0.030725 0.150724 0.003071 0.016662 0.010527 0.067524 0.044736 0.016900 0.001691 0.017862 0.006938 0.050538 0.004892 0.000932 0.004583 0.023392 0.010139 0.000373 0.006986 0.023343 0.017626 0.019553 0.003395 0.034210 0.001663 0.005816 0.000013 0.010201 0.000038 0.006143 
0.004638 0.002778 0.061409 0.015699 0.020198 0.011010 0.015266 0.052065 0.020810 0.095305 0.073448 0.003203 0.012287 0.027556 0.000936 0.015557 0.036695 0.005081 0.008739 0.008597 0.137141 0.059570 0.042296 0.000963 0.004306 0.124460 0.071007 0.006046 0.008137 0.000314 0.043708 0.000600 0.008204 0.013727 0.008449 0.006023 0.033705 0.005067 0.012211 0.053913 0.001255 0.008681 0.003792 0.029722 0.019754 0.006170 0.000864 0.008109 0.002912 0.022959 0.002189 0.000526 0.002451 0.012766 0.004369 0.000182 0.004526 0.011479 0.009695 0.011368 0.001730 0.018121 0.000825 0.004673 0.000007 0.005369 0.000029 0.002925 
0.002120 0.054456 0.017714 0.027725 0.043101 0.296980 0.003184 0.020009 0.055323 0.011764 0.122237 0.014288 0.011084 0.003346 0.005540 0.005704 0.004050 0.045397 0.001803 0.116815 0.015029 0.022470 0.008809 0.032931 0.127923 0.016355 0.008472 0.057495 0.023356 0.000120 0.117066 0.000088 0.014855 0.006171 0.007525 0.007669 0.004703 0.000726 0.003474 0.023188 0.001858 0.001495 0.003037 0.006493 0.005073 0.003130 0.000189 0.009526 0.000632 0.020071 0.002884 0.000116 0.003020 0.002760 0.006094 0.000327 0.005707 0.006086 0.010928 0.002274 0.000416 0.006435 0.000711 0.002038 0.000004 0.003893 0.000015 0.000527 
0.004505 0.023338 0.041136 0.040027 0.065812 0.052790 0.007721 0.039712 0.102198 0.033178 0.235724 0.019632 0.023501 0.011375 0.005863 0.015931 0.015832 0.027898 0.004894 0.043438 0.046966 0.059336 0.029251 0.005540 0.018190 0.047429 0.029265 0.024623 0.029028 0.000302 0.132658 0.000235 0.021285 0.013614 0.013960 0.012298 0.016330 0.002494 0.009275 0.056811 0.002584 0.005374 0.005603 0.017891 0.014989 0.006617 0.000506 0.014346 0.002296 0.029601 0.004197 0.000183 0.003908 0.008487 0.008845 0.000264 0.007183 0.011325 0.016921 0.006252 0.000801 0.019645 0.001168 0.004474 0.000012 0.008859 0.000031 0.003627 
0.005035 0.003334 0.082666 0.017076 0.017588 0.011010 0.013712 0.044817 0.018853 0.123724 0.059660 0.003354 0.011052 0.022781 0.000761 0.012676 0.328784 0.003870 0.007666 0.007164 0.132805 0.056527 0.042767 0.000791 0.002970 0.160605 0.201314 0.003967 0.007198 0.000378 0.036807 0.002339 0.007805 0.013053 0.008878 0.005661 0.116270 0.011682 0.015935 0.070724 0.001238 0.019619 0.004094 0.087435 0.033436 0.010462 0.001611 0.009923 0.007970 0.030467 0.002395 0.001471 0.002736 0.022978 0.006688 0.000245 0.004231 0.013020 0.008637 0.031716 0.005349 0.025403 0.000901 0.005020 0.000008 0.008188 0.000038 0.005149 
0.014576 0.048899 0.105891 0.101076 0.174434 0.112638 0.021558 0.134859 0.258791 0.080500 0.790696 0.045821 0.082759 0.028377 0.012423 0.050848 0.029945 0.061112 0.013120 0.101431 0.106649 0.178124 0.077398 0.011476 0.037568 0.104671 0.066078 0.058566 0.078908 0.000898 0.327172 0.000472 0.056051 0.034522 0.038778 0.030396 0.033313 0.005620 0.023097 0.129855 0.006027 0.009031 0.012885 0.031309 0.029439 0.013979 0.001039 0.027388 0.003760 0.068876 0.008677 0.000481 0.009237 0.017251 0.017204 0.000709 0.012792 0.023035 0.029260 0.012732 0.001473 0.031500 0.001993 0.006711 0.000013 0.014094 0.000052 0.005734 
0.009938 0.011669 0.169663 0.034518 0.041942 0.022019 0.039857 0.116993 0.049553 0.311822 0.167579 0.006765 0.028865 0.071809 0.001634 0.040822 0.130335 0.008783 0.024904 0.015535 0.488157 0.183156 0.127023 0.001824 0.008315 0.452539 0.278482 0.010895 0.017213 0.000889 0.081793 0.001843 0.017383 0.032465 0.019901 0.012660 0.098634 0.014808 0.030689 0.136811 0.002394 0.020955 0.008320 0.093784 0.051039 0.016632 0.001959 0.014743 0.008802 0.042307 0.004248 0.001346 0.003482 0.029258 0.010139 0.000382 0.009250 0.023651 0.014630 0.030807 0.005093 0.039629 0.001561 0.007158 0.000017 0.011275 0.000052 0.007898 
0.002518 0.025005 0.015943 0.019830 0.027832 0.098523 0.002833 0.019601 0.038633 0.011500 0.090949 0.009039 0.006696 0.003559 0.003653 0.005762 0.004295 0.031196 0.001494 0.080239 0.016763 0.019779 0.010019 0.017068 0.054198 0.017009 0.010012 0.037029 0.018387 0.000123 0.088694 0.000094 0.012017 0.005461 0.005544 0.006442 0.006271 0.001231 0.004619 0.027440 0.001734 0.001844 0.002547 0.005916 0.005765 0.003159 0.000255 0.006634 0.000765 0.017905 0.003064 0.000103 0.002736 0.003933 0.005070 0.000255 0.005609 0.006394 0.011281 0.002956 0.000480 0.008298 0.000495 0.002187 0.000006 0.004698 0.000019 0.001346 
0.005168 0.007224 0.089752 0.023961 0.029378 0.019196 0.020455 0.078200 0.033379 0.124253 0.129927 0.005609 0.019666 0.038383 0.001316 0.029154 0.053140 0.008009 0.017649 0.011463 0.278327 0.124289 0.095083 0.001824 0.006088 0.244014 0.136469 0.009068 0.014592 0.000676 0.070802 0.000915 0.014190 0.024237 0.015247 0.010151 0.065059 0.008714 0.020412 0.103574 0.002014 0.014373 0.006905 0.054539 0.032898 0.012131 0.001343 0.012135 0.005873 0.041441 0.003656 0.000740 0.003517 0.022219 0.009816 0.000327 0.006396 0.018259 0.016921 0.016824 0.002627 0.033871 0.001244 0.005816 0.000012 0.010336 0.000049 0.005558 
0.005433 0.026116 0.071841 0.050492 0.076828 0.052226 0.014915 0.081058 0.106009 0.066753 0.334627 0.020542 0.043427 0.020804 0.006069 0.036385 0.029700 0.031734 0.010473 0.057163 0.094654 0.155185 0.069194 0.007691 0.025614 0.106470 0.065462 0.044586 0.068111 0.000841 0.300845 0.000504 0.055031 0.038300 0.042607 0.032181 0.034750 0.005825 0.023957 0.136231 0.005903 0.009635 0.014583 0.037225 0.032745 0.017139 0.001244 0.030734 0.004309 0.075518 0.009243 0.000673 0.009841 0.018838 0.021573 0.000836 0.016531 0.027658 0.033666 0.013187 0.001794 0.041661 0.002386 0.009792 0.000020 0.018255 0.000071 0.006143 
0.008481 0.011113 0.118685 0.042597 0.054021 0.028795 0.034668 0.125160 0.057795 0.206736 0.222996 0.009911 0.038421 0.066669 0.002812 0.066721 0.108858 0.013696 0.038868 0.026696 0.621106 0.386442 0.332924 0.003372 0.009874 0.737276 0.317451 0.017192 0.027972 0.002584 0.142627 0.002105 0.031617 0.083445 0.039405 0.025209 0.125676 0.022875 0.063455 0.282318 0.004425 0.032084 0.016394 0.119755 0.090547 0.030909 0.003263 0.025460 0.012113 0.087070 0.005948 0.001730 0.006750 0.045059 0.020386 0.000446 0.011415 0.035978 0.023619 0.037627 0.004708 0.060121 0.002615 0.009445 0.000022 0.015705 0.000068 0.012403 
0.000663 0.008891 0.004527 0.007895 0.009954 0.066341 0.000727 0.004594 0.015350 0.002247 0.036326 0.005192 0.003543 0.000882 0.002580 0.002189 0.000982 0.022311 0.000548 0.081069 0.004046 0.006788 0.002623 0.045370 0.277154 0.004252 0.001386 0.127208 0.019443 0.000047 0.141349 0.000022 0.015343 0.002356 0.003927 0.006023 0.000784 0.000221 0.001146 0.010821 0.002369 0.000477 0.001736 0.001154 0.001076 0.001461 0.000036 0.007995 0.000133 0.010252 0.004635 0.000009 0.004690 0.000621 0.005879 0.000582 0.007970 0.002619 0.010576 0.000682 0.000032 0.004403 0.000609 0.001143 0.000002 0.003893 0.000009 0.000527 
0.002385 0.003890 0.051962 0.017259 0.025706 0.015809 0.010077 0.044715 0.027404 0.055253 0.098638 0.004984 0.015375 0.019709 0.001311 0.022528 0.032645 0.008649 0.010165 0.014555 0.123268 0.126863 0.079482 0.001996 0.005940 0.138853 0.078862 0.009194 0.013027 0.001075 0.081793 0.000659 0.018314 0.031231 0.017690 0.012493 0.041021 0.007136 0.022739 0.121739 0.002658 0.011702 0.008678 0.047758 0.034974 0.012668 0.001148 0.014970 0.005940 0.042885 0.004248 0.000606 0.004370 0.021943 0.011649 0.000409 0.006101 0.020031 0.021152 0.017165 0.002114 0.035395 0.001599 0.006860 0.000014 0.011275 0.000042 0.006202 
0.007951 0.006668 0.129117 0.024512 0.029862 0.011292 0.029028 0.089736 0.029464 0.267672 0.113752 0.004946 0.023729 0.059582 0.001221 0.042579 0.257971 0.007706 0.026034 0.013046 0.709258 0.232310 0.182634 0.002099 0.004306 1.143367 1.183396 0.009194 0.015688 0.001960 0.084349 0.005398 0.019511 0.073421 0.028515 0.015728 0.296946 0.057621 0.087304 0.290240 0.002733 0.068334 0.013376 0.244704 0.152116 0.036692 0.005943 0.017635 0.022229 0.074219 0.003862 0.003241 0.003695 0.073282 0.011595 0.000245 0.006986 0.036902 0.016921 0.069116 0.009417 0.067234 0.001663 0.008301 0.000023 0.010738 0.000072 0.014041 
0.005035 0.021115 0.045663 0.043056 0.066198 0.060412 0.011957 0.062478 0.084993 0.047983 0.257202 0.016733 0.031075 0.017093 0.006264 0.026648 0.024177 0.039070 0.008545 0.084915 0.077313 0.133066 0.058905 0.011459 0.035118 0.088970 0.053448 0.069461 0.134930 0.000860 0.721568 0.000480 0.137644 0.045668 0.071418 0.067625 0.030701 0.005825 0.028612 0.189371 0.013457 0.010716 0.023846 0.040255 0.038433 0.023040 0.001185 0.055060 0.005075 0.126345 0.016504 0.000602 0.018865 0.023116 0.035649 0.001327 0.032177 0.040292 0.057814 0.013641 0.002242 0.056395 0.004468 0.012178 0.000028 0.027517 0.000099 0.008834 
0.004638 0.010002 0.055504 0.027174 0.042135 0.025125 0.013938 0.062478 0.054086 0.070983 0.165458 0.009589 0.025939 0.022142 0.002506 0.031632 0.036327 0.015783 0.010701 0.028280 0.132372 0.168644 0.084391 0.004095 0.013512 0.148338 0.106433 0.023175 0.033644 0.001652 0.215474 0.000768 0.042970 0.081388 0.055940 0.031344 0.051864 0.009930 0.043724 0.270530 0.005936 0.017012 0.020375 0.060022 0.059109 0.028793 0.002015 0.036915 0.007654 0.099343 0.010222 0.000914 0.011440 0.031880 0.023137 0.000700 0.018696 0.045300 0.035958 0.024896 0.004036 0.065201 0.002983 0.013272 0.000029 0.026309 0.000106 0.010239 
0.002650 0.003334 0.072628 0.014872 0.019038 0.009034 0.014765 0.049411 0.018544 0.123989 0.069206 0.003278 0.011117 0.024423 0.000878 0.018524 0.222871 0.004577 0.009777 0.008597 0.199858 0.088360 0.067378 0.001308 0.003341 0.262659 0.471479 0.005668 0.009467 0.000701 0.061089 0.008492 0.011973 0.031156 0.016699 0.010206 0.494345 0.049302 0.041503 0.163284 0.001907 0.078478 0.008414 0.330841 0.105613 0.022593 0.005185 0.014516 0.026056 0.052126 0.003811 0.004476 0.004477 0.075283 0.014184 0.000236 0.007085 0.033127 0.018684 0.093216 0.015759 0.069435 0.002005 0.010588 0.000024 0.014094 0.000071 0.016148 
0.000795 0.000556 0.010825 0.003213 0.003189 0.003952 0.002782 0.009392 0.003709 0.016787 0.014584 0.000758 0.001885 0.003954 0.000174 0.002852 0.039027 0.001346 0.001677 0.002790 0.028035 0.013576 0.009280 0.000327 0.000891 0.033037 0.048057 0.001385 0.002152 0.000093 0.011502 0.001033 0.002350 0.004713 0.002508 0.002203 0.062054 0.004941 0.005479 0.024348 0.000520 0.009031 0.001641 0.052375 0.014374 0.003756 0.000741 0.003572 0.004160 0.012418 0.001287 0.001079 0.001315 0.012490 0.002319 0.000082 0.001870 0.007165 0.004230 0.020689 0.003235 0.014734 0.000343 0.001939 0.000006 0.004698 0.000020 0.003218 
0.001723 0.000556 0.015155 0.004774 0.008891 0.005928 0.003635 0.013782 0.011744 0.025115 0.031288 0.001592 0.004908 0.006053 0.000507 0.006396 0.021723 0.002288 0.003160 0.004676 0.047833 0.033237 0.019904 0.000671 0.002896 0.065583 0.067002 0.003023 0.004303 0.000257 0.026583 0.000555 0.006607 0.013203 0.007294 0.004406 0.037102 0.007088 0.014145 0.056038 0.001032 0.012401 0.004132 0.041986 0.027057 0.008018 0.001082 0.006124 0.004642 0.026280 0.001854 0.000548 0.002132 0.017182 0.004746 0.000173 0.003936 0.011710 0.011457 0.015347 0.002466 0.022693 0.000914 0.003480 0.000009 0.006040 0.000035 0.004914 
0.000133 0.003890 0.001771 0.004223 0.005702 0.013833 0.000902 0.003471 0.008860 0.003701 0.021743 0.001914 0.002178 0.001034 0.000904 0.001613 0.001227 0.007908 0.000605 0.026093 0.005058 0.008660 0.003429 0.006108 0.028361 0.006378 0.002464 0.045656 0.012245 0.000072 0.099430 0.000031 0.012771 0.003217 0.004851 0.005633 0.002743 0.000537 0.001611 0.014299 0.002279 0.000445 0.002830 0.002597 0.002613 0.001878 0.000093 0.010604 0.000433 0.016605 0.005948 0.000045 0.007603 0.001449 0.008467 0.001009 0.016827 0.006086 0.025558 0.001478 0.000096 0.009145 0.000812 0.002237 0.000004 0.007114 0.000018 0.000644 
0.002783 0.013336 0.019289 0.016892 0.028799 0.038957 0.004663 0.022664 0.042239 0.017184 0.111631 0.008736 0.011409 0.007360 0.003785 0.009392 0.008714 0.029109 0.003046 0.075715 0.030203 0.047398 0.020039 0.015450 0.051080 0.030911 0.029727 0.127460 0.057196 0.000301 0.567184 0.000163 0.068689 0.017243 0.028779 0.031595 0.013979 0.002542 0.012104 0.085797 0.013152 0.003720 0.013149 0.017170 0.017986 0.011356 0.000536 0.049673 0.002596 0.090968 0.025644 0.000245 0.029133 0.011800 0.039425 0.002846 0.056581 0.028197 0.089189 0.007389 0.000801 0.043863 0.004582 0.011135 0.000022 0.031275 0.000089 0.005792 
0.001723 0.006112 0.012597 0.009089 0.013530 0.013833 0.003133 0.015517 0.020913 0.015069 0.052766 0.004775 0.006859 0.005353 0.001417 0.007058 0.010064 0.011038 0.002213 0.028355 0.026734 0.034642 0.017820 0.004800 0.013364 0.030911 0.022642 0.036462 0.022495 0.000233 0.238478 0.000223 0.040220 0.015260 0.021320 0.024401 0.014762 0.002400 0.010850 0.074589 0.011047 0.005724 0.011716 0.017603 0.020216 0.011624 0.000639 0.055344 0.002346 0.097177 0.032081 0.000290 0.034249 0.012283 0.042067 0.002928 0.060812 0.031433 0.115805 0.009549 0.001249 0.044371 0.005217 0.014067 0.000029 0.039598 0.000114 0.006436 
0.002783 0.003334 0.036609 0.008171 0.012950 0.010163 0.007771 0.028687 0.017411 0.051552 0.064698 0.002748 0.009329 0.012561 0.000740 0.011840 0.057927 0.005014 0.006149 0.008597 0.100435 0.063783 0.040682 0.001204 0.004306 0.118900 0.140936 0.006864 0.010563 0.000549 0.074381 0.001884 0.015166 0.031979 0.017888 0.012633 0.147624 0.030294 0.046087 0.184927 0.002691 0.069193 0.011923 0.212817 0.173715 0.033145 0.009248 0.020811 0.032511 0.076818 0.005510 0.002626 0.006715 0.099020 0.018013 0.000491 0.011513 0.044684 0.028378 0.077074 0.009609 0.097379 0.003325 0.016105 0.000035 0.022416 0.000111 0.019541 
0.003578 0.003334 0.038381 0.013587 0.018845 0.012986 0.007671 0.033485 0.020501 0.053931 0.070001 0.003809 0.011604 0.013687 0.001078 0.017228 0.048722 0.005923 0.007393 0.012519 0.112429 0.080636 0.051240 0.001686 0.006237 0.129694 0.140627 0.010958 0.015766 0.000798 0.101730 0.001355 0.023015 0.047202 0.027491 0.018544 0.105427 0.021454 0.081897 0.330820 0.004070 0.044867 0.018658 0.146447 0.243816 0.059732 0.006426 0.036064 0.022944 0.117248 0.009140 0.001926 0.008989 0.097709 0.025133 0.000718 0.018007 0.074729 0.039659 0.056953 0.006022 0.124137 0.004277 0.020032 0.000047 0.033960 0.000151 0.023578 
0.000795 0.006668 0.012006 0.008354 0.016622 0.014962 0.003133 0.013680 0.022253 0.013086 0.066819 0.005496 0.007899 0.005566 0.001834 0.007836 0.008714 0.012956 0.002772 0.032503 0.027891 0.032184 0.015870 0.005953 0.020566 0.033200 0.024028 0.047294 0.030945 0.000291 0.322571 0.000188 0.050508 0.017467 0.025016 0.029978 0.013587 0.002700 0.012891 0.089082 0.015265 0.004865 0.015998 0.019622 0.021138 0.014337 0.000725 0.080124 0.003477 0.132842 0.056258 0.000276 0.066793 0.013663 0.069735 0.006374 0.116605 0.043528 0.190189 0.009322 0.001345 0.063508 0.008377 0.019088 0.000037 0.055839 0.000164 0.007898 
0.001723 0.001667 0.034247 0.003672 0.004155 0.001694 0.005841 0.013578 0.005151 0.064770 0.015379 0.000739 0.003771 0.011132 0.000143 0.006511 0.208144 0.000808 0.003947 0.002187 0.100724 0.034525 0.026965 0.000241 0.000445 0.157988 0.313755 0.001574 0.002817 0.000349 0.016870 0.008770 0.004346 0.019075 0.007525 0.003932 0.940613 0.057400 0.035237 0.120966 0.000908 0.157592 0.006207 1.559409 0.144583 0.022772 0.009735 0.008733 0.073641 0.041874 0.001442 0.021638 0.001492 0.185344 0.008036 0.000109 0.003050 0.038366 0.007579 0.430840 0.061178 0.101782 0.001498 0.011880 0.000028 0.014228 0.000082 0.038789 
0.000795 0.002778 0.006692 0.005508 0.008214 0.009598 0.001329 0.007861 0.010405 0.006741 0.027046 0.001971 0.003056 0.002494 0.000767 0.003198 0.003805 0.005620 0.001072 0.015158 0.011127 0.014629 0.007397 0.002581 0.009206 0.014065 0.011706 0.018955 0.011345 0.000108 0.101475 0.000102 0.018270 0.006358 0.009241 0.009788 0.006271 0.000947 0.004870 0.034203 0.004656 0.002448 0.005546 0.008513 0.008071 0.004769 0.000251 0.024326 0.001231 0.042452 0.017714 0.000103 0.026042 0.005175 0.023245 0.004355 0.059828 0.017257 0.086017 0.004320 0.000545 0.029468 0.003008 0.007059 0.000015 0.023759 0.000068 0.002984 
0.000133 0.001111 0.005708 0.002111 0.004252 0.001976 0.001253 0.005104 0.005872 0.005684 0.016440 0.000758 0.002113 0.001217 0.000275 0.002593 0.003805 0.001918 0.000753 0.003394 0.010260 0.008309 0.004573 0.000740 0.002747 0.009976 0.007393 0.005227 0.005321 0.000086 0.043197 0.000092 0.008514 0.004226 0.006436 0.006525 0.005356 0.000900 0.004190 0.027633 0.002865 0.001781 0.004264 0.007358 0.006149 0.003547 0.000222 0.019336 0.001032 0.033066 0.005510 0.000098 0.005898 0.004968 0.011757 0.000418 0.010037 0.012404 0.021504 0.002956 0.000224 0.015242 0.001472 0.004026 0.000006 0.010336 0.000030 0.002048 
0.002518 0.007779 0.024209 0.014046 0.022420 0.017785 0.006743 0.026849 0.028949 0.030402 0.092540 0.005723 0.013327 0.008729 0.001618 0.012618 0.023073 0.011947 0.004780 0.023001 0.062284 0.067645 0.036043 0.003974 0.012250 0.074742 0.059609 0.024812 0.031336 0.000627 0.245124 0.000570 0.057781 0.042414 0.058877 0.049192 0.037233 0.008051 0.040501 0.293332 0.015389 0.014182 0.061068 0.056992 0.063337 0.046945 0.002042 0.164444 0.008419 0.582919 0.032519 0.000851 0.032544 0.045128 0.100206 0.002528 0.053727 0.138904 0.139601 0.029102 0.003587 0.172233 0.011449 0.040760 0.000084 0.087786 0.000298 0.021472 
0.000133 0.001111 0.007873 0.003397 0.003189 0.001129 0.001680 0.006432 0.004739 0.012822 0.011402 0.000606 0.002178 0.003194 0.000190 0.002045 0.018286 0.001380 0.001232 0.002489 0.021243 0.012171 0.007935 0.000310 0.000817 0.025677 0.033270 0.001385 0.002034 0.000093 0.017637 0.000641 0.004124 0.005423 0.003729 0.002705 0.051211 0.005194 0.006553 0.032270 0.000727 0.011765 0.002283 0.075171 0.022829 0.006468 0.001228 0.004706 0.007704 0.015739 0.001390 0.002496 0.001705 0.028637 0.004530 0.000118 0.002558 0.009322 0.006874 0.073891 0.007687 0.023710 0.000787 0.004822 0.000011 0.008054 0.000030 0.006787 
0.002120 0.003334 0.024997 0.010098 0.013723 0.009598 0.004963 0.021234 0.015762 0.038862 0.053296 0.003013 0.008516 0.009216 0.000888 0.011351 0.042341 0.005855 0.005430 0.013197 0.074278 0.057229 0.037858 0.001841 0.005643 0.108433 0.106741 0.011587 0.016157 0.000630 0.123712 0.001247 0.026340 0.050493 0.032904 0.023703 0.106734 0.018786 0.069363 0.397486 0.006332 0.042928 0.029921 0.160010 0.207536 0.100656 0.007038 0.072015 0.030398 0.274204 0.016427 0.002857 0.017125 0.188932 0.061537 0.001282 0.028635 0.246530 0.087603 0.105607 0.011627 0.506878 0.011284 0.067702 0.000162 0.093289 0.000474 0.075940 
0.002253 0.002778 0.020470 0.007161 0.014303 0.009881 0.004086 0.020316 0.014320 0.024190 0.048789 0.003411 0.007086 0.008121 0.001073 0.008326 0.019391 0.006327 0.003354 0.014630 0.046532 0.043536 0.027234 0.002168 0.007424 0.054952 0.046516 0.014484 0.016627 0.000431 0.128569 0.000557 0.029711 0.027304 0.028118 0.023090 0.044548 0.006678 0.031369 0.202318 0.007785 0.015804 0.026185 0.060310 0.062030 0.038778 0.002157 0.089140 0.009950 0.324453 0.023301 0.001128 0.026575 0.050028 0.091092 0.002355 0.048905 0.267716 0.136076 0.035013 0.004228 0.312628 0.016259 0.070585 0.000149 0.121209 0.000502 0.034752 
0.000398 0.001667 0.012990 0.007528 0.009471 0.005646 0.002707 0.012046 0.012260 0.015730 0.037917 0.002388 0.005168 0.004653 0.000814 0.006309 0.009695 0.004711 0.002031 0.013574 0.030636 0.029024 0.015802 0.001703 0.006162 0.034836 0.030189 0.011461 0.012910 0.000237 0.097896 0.000363 0.024123 0.016719 0.017525 0.016899 0.022993 0.003363 0.016687 0.106087 0.005994 0.008713 0.015130 0.034484 0.031438 0.018748 0.001056 0.074340 0.005241 0.188723 0.024022 0.000611 0.027179 0.024358 0.095730 0.002037 0.057663 0.091986 0.152997 0.015233 0.002050 0.144798 0.017173 0.049608 0.000093 0.118927 0.000379 0.017201 
0.000530 0.003334 0.016533 0.004039 0.008214 0.005928 0.004161 0.013271 0.009375 0.034103 0.030228 0.001876 0.005103 0.007269 0.000619 0.007922 0.046145 0.003399 0.003970 0.006561 0.067342 0.047281 0.028780 0.000809 0.003341 0.102381 0.103353 0.007179 0.010132 0.000535 0.071313 0.001423 0.019955 0.037814 0.023531 0.017596 0.128028 0.020886 0.063813 0.323284 0.004557 0.053644 0.025355 0.219166 0.235976 0.089777 0.009645 0.059370 0.046437 0.246625 0.012899 0.004306 0.013288 0.352609 0.050319 0.001009 0.027946 0.243448 0.067156 0.184613 0.019475 0.699603 0.010928 0.080129 0.000204 0.101343 0.000550 0.146674 
0.000265 0.001111 0.014565 0.002203 0.002609 0.002258 0.002682 0.007759 0.003606 0.027362 0.007955 0.000569 0.002048 0.004228 0.000111 0.003054 0.057927 0.000774 0.002031 0.001961 0.030203 0.015682 0.010961 0.000224 0.000594 0.048083 0.076860 0.001448 0.002034 0.000143 0.014569 0.001847 0.003725 0.007630 0.003993 0.002593 0.161341 0.013166 0.013178 0.053720 0.000751 0.035264 0.003113 0.222484 0.049578 0.011744 0.002952 0.006691 0.022096 0.025413 0.001751 0.021058 0.001919 0.083563 0.005771 0.000209 0.003838 0.024653 0.007932 0.528945 0.202786 0.078750 0.001269 0.009445 0.000027 0.012618 0.000075 0.039784 
0.000795 0.000556 0.008660 0.003856 0.007151 0.007622 0.001680 0.006942 0.008963 0.009517 0.025455 0.001535 0.003446 0.003041 0.000587 0.004523 0.010186 0.003904 0.001688 0.010256 0.024856 0.026683 0.011835 0.001875 0.005717 0.033200 0.030498 0.016562 0.014162 0.000280 0.128057 0.000343 0.029001 0.023040 0.029109 0.024289 0.026912 0.005225 0.027573 0.203477 0.010692 0.011765 0.032147 0.044151 0.060877 0.043815 0.001873 0.160985 0.008718 0.482854 0.055203 0.000887 0.057556 0.058791 0.240592 0.004510 0.123985 0.356390 0.378438 0.038196 0.003139 0.577160 0.069454 0.243817 0.000416 0.462016 0.001686 0.059208 
-0.000000 -0.000000 -0.000000 -0.000000 0.000097 -0.000000 0.000025 -0.000000 -0.000000 0.000529 0.000265 0.000019 0.000033 -0.000000 -0.000000 0.000029 0.000123 -0.000000 0.000023 0.000075 -0.000000 0.000117 0.000067 -0.000000 0.000074 -0.000000 -0.000000 0.000126 0.000078 0.000001 0.000256 0.000002 -0.000000 -0.000000 0.000033 0.000112 0.000131 -0.000000 -0.000000 -0.000000 0.000025 -0.000000 0.000094 0.000144 -0.000000 0.000060 0.000003 0.000057 0.000033 0.000144 0.000257 0.000004 0.000391 -0.000000 0.000324 0.000064 0.001181 0.000231 0.002115 0.000114 0.000032 0.000169 0.000114 -0.000000 0.000000 0.000268 0.000003 0.000117 
-0.000000 0.000556 0.000197 0.000092 0.000387 0.000565 0.000100 0.000204 -0.000000 0.000264 -0.000000 0.000019 0.000163 0.000061 0.000016 0.000058 -0.000000 0.000034 0.000023 0.000452 0.000867 0.000468 0.000202 0.000069 -0.000000 0.000818 0.000616 0.000063 0.000196 0.000001 0.002300 0.000002 0.000576 0.000299 0.000264 0.000223 0.000131 0.000032 0.000072 0.000773 0.000041 0.000191 0.000170 0.000577 0.000384 0.000209 0.000010 0.000794 0.000050 0.001155 0.000386 0.000004 0.000568 0.000345 0.001079 0.000173 0.002362 0.000539 0.003702 0.000341 -0.000000 0.002032 0.000330 0.000547 0.000000 0.003356 0.000007 0.000117 
0.000795 0.000556 0.006692 0.001469 0.005025 0.004799 0.001730 0.006432 0.008551 0.012161 0.020947 0.001156 0.002860 0.003315 0.000391 0.003918 0.013623 0.002759 0.001517 0.005128 0.024711 0.022002 0.012507 0.000774 0.003193 0.034345 0.037275 0.008879 0.008528 0.000271 0.076937 0.000427 0.018225 0.019748 0.017030 0.014780 0.036057 0.006520 0.025890 0.165796 0.006588 0.014150 0.021545 0.053817 0.065643 0.041878 0.002389 0.080010 0.011680 0.283445 0.024743 0.001221 0.027783 0.073972 0.103227 0.002182 0.056581 0.297377 0.190189 0.052065 0.005798 0.987506 0.034422 0.383745 0.000814 0.328324 0.001993 0.104374 
0.000928 0.002778 0.006889 0.003121 0.005412 0.003952 0.001780 0.008269 0.006902 0.009385 0.018561 0.001004 0.002795 0.002981 0.000439 0.003227 0.005277 0.002726 0.001164 0.006486 0.016185 0.014746 0.009414 0.001101 0.002821 0.022406 0.018483 0.006171 0.007042 0.000144 0.055722 0.000174 0.011175 0.009276 0.009307 0.008422 0.013848 0.002542 0.009418 0.055459 0.003022 0.005501 0.008131 0.021210 0.022291 0.012012 0.000701 0.035440 0.003494 0.092412 0.015191 0.000357 0.020144 0.016630 0.046867 0.001900 0.043198 0.056317 0.131669 0.011936 0.001505 0.122443 0.027454 0.068000 0.000121 0.276511 0.000687 0.015797 
0.000398 -0.000000 0.011416 0.001010 0.002029 0.000565 0.001730 0.005002 0.001854 0.015730 0.007424 0.000436 0.001073 0.002494 0.000095 0.002017 0.040131 0.000707 0.000844 0.001282 0.023411 0.011118 0.008271 0.000172 0.000520 0.036308 0.055142 0.001385 0.001095 0.000120 0.010991 0.001274 0.002084 0.006321 0.003828 0.002761 0.107909 0.009504 0.010492 0.046183 0.000537 0.025407 0.002603 0.167657 0.043583 0.009538 0.002359 0.007145 0.018901 0.028301 0.001493 0.013578 0.001563 0.079630 0.005339 0.000082 0.004034 0.024884 0.008637 0.452894 0.157238 0.079089 0.001269 0.011333 0.000027 0.012886 0.000068 0.048384 
0.000530 0.001667 0.012597 0.002479 0.003769 0.001129 0.001855 0.008575 0.004121 0.016391 0.015644 0.000701 0.002210 0.003467 0.000190 0.003399 0.025404 0.001111 0.001506 0.002790 0.028758 0.014512 0.010759 0.000292 0.001188 0.037780 0.046979 0.001889 0.002504 0.000145 0.019170 0.000917 0.004301 0.007555 0.005082 0.003374 0.073420 0.008083 0.011423 0.051014 0.000859 0.019588 0.003830 0.111675 0.039893 0.010760 0.002167 0.007428 0.014425 0.029023 0.002292 0.005907 0.002203 0.059343 0.007065 0.000200 0.005215 0.020493 0.012867 0.255435 0.045932 0.059782 0.001790 0.010290 0.000027 0.015436 0.000074 0.031184 
-0.000000 0.000556 0.001575 0.000184 0.001450 0.000565 0.000175 0.001225 0.001339 0.001322 0.004508 0.000322 0.000650 0.000335 0.000063 0.000519 0.001964 0.000236 0.000251 0.001734 0.003035 0.002341 0.001412 0.000241 0.000445 0.002126 0.002927 0.001574 0.001487 0.000016 0.010480 0.000037 0.002262 0.001571 0.001848 0.001924 0.001829 0.000379 0.001611 0.007729 0.000669 0.000922 0.001339 0.002309 0.002998 0.001967 0.000099 0.006294 0.000483 0.014295 0.003888 0.000027 0.006146 0.001932 0.009007 0.001073 0.020763 0.008320 0.046181 0.002615 0.000160 0.017105 0.003516 0.006760 0.000014 0.037853 0.000080 0.002691 
0.000530 0.001667 0.008660 0.003397 0.006571 0.003105 0.002281 0.008371 0.007624 0.013086 0.023864 0.001251 0.003608 0.003741 0.000465 0.004033 0.013500 0.003264 0.001654 0.005731 0.028324 0.022236 0.011902 0.001084 0.003415 0.034345 0.033732 0.006612 0.006494 0.000228 0.050609 0.000478 0.010997 0.015148 0.011386 0.009314 0.031484 0.005367 0.016472 0.107246 0.003129 0.012401 0.010206 0.049489 0.046580 0.021282 0.001866 0.035894 0.008153 0.118981 0.010840 0.001146 0.013607 0.047337 0.038939 0.001255 0.029422 0.105083 0.079495 0.041265 0.005573 0.419491 0.012553 0.106723 0.000321 0.137585 0.000793 0.078105 
0.000530 0.002223 0.008463 0.002662 0.002706 0.001412 0.002156 0.006227 0.003194 0.015069 0.009280 0.000720 0.001365 0.002981 0.000159 0.002708 0.033504 0.000774 0.001186 0.001961 0.023411 0.012171 0.008742 0.000292 0.000520 0.034182 0.050983 0.001700 0.002230 0.000139 0.016103 0.001039 0.003237 0.006919 0.004488 0.002482 0.085831 0.008020 0.010600 0.045024 0.000817 0.024135 0.003679 0.134327 0.041584 0.010373 0.002250 0.007598 0.016605 0.028590 0.001905 0.008800 0.001919 0.072247 0.006849 0.000136 0.004231 0.024191 0.012162 0.337852 0.075304 0.080274 0.001802 0.011632 0.000028 0.013423 0.000080 0.045049 
0.000663 0.001667 0.007479 0.003030 0.004735 0.004799 0.001504 0.006023 0.005769 0.007402 0.012197 0.001004 0.001885 0.002616 0.000307 0.002593 0.008100 0.002524 0.001266 0.004525 0.015029 0.014395 0.007128 0.000757 0.002376 0.018972 0.020948 0.004597 0.004890 0.000121 0.047031 0.000172 0.010066 0.008191 0.008383 0.006832 0.013064 0.002368 0.008738 0.050048 0.002394 0.004643 0.007433 0.019767 0.020216 0.010641 0.000751 0.028012 0.002895 0.080139 0.012076 0.000406 0.016414 0.017251 0.037375 0.001746 0.033456 0.053235 0.105934 0.014096 0.001505 0.121766 0.017833 0.079483 0.000150 0.352082 0.001149 0.017961 
0.000530 0.002778 0.009054 0.003305 0.004445 0.003105 0.002231 0.006942 0.005254 0.015862 0.016440 0.000777 0.002860 0.003163 0.000206 0.003313 0.027368 0.001447 0.001574 0.003243 0.028324 0.017321 0.010692 0.000465 0.001262 0.033691 0.051753 0.001511 0.003130 0.000159 0.026327 0.000872 0.005499 0.009351 0.005677 0.004601 0.078123 0.008904 0.013464 0.065700 0.001115 0.022195 0.004811 0.113262 0.048963 0.014396 0.002515 0.012702 0.016688 0.037687 0.002729 0.004823 0.003553 0.083908 0.011272 0.000364 0.006298 0.034668 0.019565 0.231903 0.030621 0.118887 0.002412 0.016801 0.000046 0.020805 0.000124 0.071611 
0.000398 0.000556 0.002756 0.001010 0.002223 0.001694 0.000627 0.002961 0.001236 0.005684 0.005038 0.000246 0.001040 0.001095 0.000095 0.001268 0.011045 0.000505 0.000570 0.000754 0.008815 0.006788 0.004842 0.000138 0.000445 0.011285 0.014941 0.001008 0.000861 0.000053 0.008946 0.000274 0.001641 0.002917 0.001716 0.001143 0.024299 0.002731 0.003509 0.015652 0.000272 0.007536 0.001490 0.036936 0.012452 0.003815 0.000758 0.002211 0.004026 0.009963 0.000721 0.002327 0.000888 0.019321 0.002535 0.000073 0.002460 0.008166 0.004054 0.072640 0.028667 0.017952 0.000762 0.002734 0.000009 0.004027 0.000024 0.008015 
-0.000000 0.000556 0.000787 0.000459 0.000290 0.000282 0.000251 0.000510 0.000927 0.002247 0.003712 0.000095 0.000650 0.000304 0.000037 0.000749 0.003805 0.000370 0.000217 0.001056 0.003902 0.004330 0.002085 0.000172 0.000297 0.009813 0.011244 0.001700 0.001917 0.000070 0.016359 0.000155 0.004213 0.006882 0.005577 0.005020 0.016853 0.002542 0.010850 0.072657 0.001882 0.006805 0.009056 0.030732 0.043429 0.023547 0.001380 0.039410 0.007570 0.146993 0.011509 0.000909 0.013856 0.074524 0.058031 0.001227 0.032768 0.202386 0.115982 0.059340 0.005317 1.027643 0.030297 0.471231 0.001927 0.453559 0.004368 0.214833 
-0.000000 0.000556 0.002559 0.001836 0.002126 0.001694 0.000827 0.002961 0.002370 0.004362 0.008750 0.000398 0.000943 0.000912 0.000100 0.001383 0.005277 0.000841 0.000548 0.001885 0.007948 0.005735 0.004438 0.000172 0.000965 0.010140 0.010782 0.001952 0.001565 0.000051 0.012269 0.000102 0.002661 0.003067 0.002244 0.002119 0.008492 0.001468 0.004011 0.024154 0.000561 0.003689 0.001943 0.013707 0.010069 0.004441 0.000463 0.005784 0.002496 0.020071 0.001777 0.000321 0.002309 0.012490 0.005070 0.000236 0.003542 0.014638 0.010928 0.010458 0.001249 0.055548 0.001345 0.011184 0.000033 0.017718 0.000103 0.025626 
0.000265 0.001111 0.005511 0.001285 0.001160 0.000847 0.001078 0.004084 0.001648 0.008460 0.006629 0.000436 0.001723 0.002007 0.000116 0.002478 0.029822 0.000505 0.001015 0.001282 0.025578 0.012874 0.009011 0.000103 0.000742 0.032219 0.050213 0.001637 0.002504 0.000147 0.019681 0.000937 0.004257 0.010136 0.006073 0.004462 0.087529 0.010798 0.020197 0.093719 0.001238 0.029954 0.006622 0.163184 0.080632 0.024054 0.004232 0.016614 0.031579 0.066277 0.004068 0.006709 0.004228 0.183412 0.016611 0.000273 0.007577 0.081509 0.029084 0.362520 0.041127 0.357169 0.005090 0.044091 0.000135 0.051947 0.000341 0.329855 
-0.000000 -0.000000 0.000394 0.000275 0.000580 -0.000000 0.000150 0.000613 0.000412 0.000661 0.000795 0.000057 0.000260 0.000274 0.000042 0.000086 0.000245 0.000168 0.000091 0.000302 0.000723 0.001170 0.000740 0.000103 0.000148 0.000981 0.000616 0.000315 0.000274 0.000008 0.002556 0.000016 0.000399 0.000748 0.000396 0.000363 0.000784 0.000111 0.000466 0.002319 0.000124 0.000254 0.000377 0.000577 0.001307 0.000358 0.000026 0.001304 0.000183 0.004043 0.000850 0.000045 0.000640 0.001104 0.001942 0.000127 0.003247 0.001849 0.008108 0.000909 0.000096 0.005081 0.000762 0.001690 0.000004 0.011544 0.000023 0.000585 
0.000398 -0.000000 0.011022 0.002020 0.003092 0.001129 0.001579 0.005513 0.003400 0.012954 0.012993 0.000663 0.001885 0.002981 0.000164 0.003083 0.025159 0.001077 0.001437 0.002564 0.028324 0.014980 0.010826 0.000310 0.001336 0.031728 0.044360 0.002393 0.003325 0.000148 0.021215 0.000843 0.004967 0.009425 0.006337 0.004601 0.073159 0.008541 0.016114 0.070338 0.001082 0.021464 0.005188 0.117302 0.054651 0.016185 0.002571 0.013212 0.018102 0.046350 0.003527 0.004863 0.003233 0.099779 0.012297 0.000346 0.007478 0.047611 0.016569 0.236905 0.030365 0.155298 0.003186 0.021722 0.000063 0.036644 0.000195 0.108938 
0.000265 0.001111 0.003346 0.002295 0.002126 0.002258 0.000827 0.002858 0.003091 0.004098 0.010341 0.000550 0.001170 0.001125 0.000164 0.001700 0.003682 0.001077 0.000730 0.003243 0.007226 0.007373 0.005043 0.000619 0.001336 0.011285 0.006315 0.002078 0.003051 0.000056 0.024538 0.000094 0.004834 0.004376 0.004257 0.003820 0.006924 0.001500 0.004190 0.030338 0.001470 0.002639 0.003622 0.009956 0.011069 0.005067 0.000338 0.014403 0.002030 0.038698 0.006797 0.000281 0.009166 0.009177 0.017097 0.000955 0.022829 0.023189 0.064513 0.006480 0.000609 0.055548 0.008758 0.030123 0.000065 0.166712 0.000439 0.009536 
0.000530 0.000556 0.004527 0.001561 0.003286 0.002541 0.001128 0.007657 0.004121 0.006477 0.009811 0.000682 0.002145 0.001673 0.000264 0.002391 0.005891 0.002019 0.000935 0.003997 0.012717 0.012288 0.004976 0.000895 0.002302 0.012430 0.014325 0.004156 0.004734 0.000086 0.033995 0.000153 0.009135 0.006658 0.006700 0.006302 0.012019 0.001800 0.007448 0.046377 0.002213 0.004197 0.005811 0.019767 0.014989 0.008823 0.000685 0.025801 0.003045 0.064544 0.011355 0.000325 0.013785 0.016009 0.032413 0.001628 0.038967 0.043297 0.103291 0.011481 0.001602 0.114484 0.016488 0.066410 0.000147 0.319062 0.001037 0.017376 
0.000530 0.003890 0.004133 0.002387 0.003769 0.002823 0.001028 0.005921 0.004327 0.006477 0.013523 0.000663 0.001885 0.001916 0.000291 0.002305 0.006995 0.001985 0.000913 0.003921 0.015896 0.012757 0.006859 0.000619 0.001485 0.016845 0.015403 0.005605 0.005516 0.000114 0.047031 0.000210 0.008736 0.009388 0.008482 0.008003 0.017898 0.003063 0.011065 0.074396 0.002791 0.006837 0.008697 0.029145 0.025673 0.014039 0.001042 0.037709 0.004942 0.101220 0.013208 0.000593 0.018581 0.031742 0.046921 0.001482 0.040935 0.087903 0.120212 0.026942 0.002659 0.269612 0.022491 0.161252 0.000394 0.352217 0.002416 0.056692 
0.000133 0.000556 0.007282 0.001193 0.001450 0.000565 0.001454 0.003981 0.002163 0.010046 0.007690 0.000493 0.000878 0.002372 0.000095 0.001412 0.021354 0.000572 0.000878 0.001734 0.017486 0.008075 0.005917 0.000224 0.000445 0.022243 0.030960 0.001134 0.001487 0.000088 0.012269 0.000545 0.002483 0.005012 0.002805 0.001729 0.047292 0.004483 0.006517 0.028212 0.000553 0.012306 0.001943 0.063484 0.023674 0.005693 0.001317 0.005500 0.009168 0.018338 0.001493 0.003967 0.001315 0.039056 0.004908 0.000136 0.003050 0.015947 0.009166 0.166425 0.038949 0.045387 0.001092 0.006860 0.000019 0.010738 0.000057 0.027322 
-0.000000 -0.000000 0.002165 0.000643 0.001353 0.002258 0.000326 0.001940 0.000721 0.002247 0.003977 0.000436 0.000748 0.000639 0.000137 0.000663 0.000736 0.000673 0.000319 0.001282 0.004913 0.003745 0.002017 0.000241 0.000965 0.003271 0.003543 0.002582 0.001330 0.000023 0.015336 0.000049 0.003237 0.002207 0.002310 0.002482 0.003919 0.000679 0.002113 0.011594 0.000826 0.001208 0.002037 0.004906 0.003920 0.002623 0.000162 0.009300 0.000632 0.021803 0.003630 0.000053 0.007141 0.004140 0.011542 0.001127 0.022632 0.012558 0.062926 0.002387 0.000224 0.025573 0.006499 0.013670 0.000031 0.082685 0.000179 0.003393 
0.000265 -0.000000 0.005314 0.000826 0.001160 0.000565 0.000752 0.003675 0.000618 0.006741 0.005568 0.000190 0.000943 0.001490 0.000063 0.001584 0.020863 0.000404 0.000764 0.000980 0.017052 0.010884 0.006926 0.000138 0.000668 0.027476 0.036043 0.001574 0.002308 0.000124 0.015081 0.000712 0.004479 0.009351 0.005908 0.003932 0.059703 0.007656 0.017726 0.084444 0.001247 0.023276 0.006660 0.121919 0.071792 0.024739 0.003213 0.016671 0.022262 0.079561 0.003450 0.004181 0.004299 0.146978 0.018391 0.000309 0.008561 0.094837 0.026792 0.234745 0.024439 0.435241 0.005483 0.056071 0.000164 0.060537 0.000468 0.593014 
0.000265 0.000556 0.006495 0.002571 0.002803 0.001412 0.001354 0.005002 0.002988 0.009385 0.007955 0.000569 0.001788 0.002585 0.000148 0.001901 0.017918 0.000808 0.001072 0.002262 0.017052 0.012757 0.006388 0.000292 0.001336 0.023060 0.031422 0.001952 0.002347 0.000107 0.017125 0.000586 0.003370 0.006246 0.004554 0.003235 0.051603 0.005731 0.008988 0.044251 0.000784 0.015168 0.003377 0.074306 0.034974 0.010224 0.001757 0.008336 0.010382 0.026857 0.002086 0.003281 0.002771 0.057549 0.008090 0.000227 0.004330 0.028274 0.010400 0.129252 0.020307 0.080782 0.002120 0.012278 0.000039 0.015973 0.000111 0.060319 
0.001193 0.000556 0.003740 0.001561 0.002513 0.002258 0.000852 0.003981 0.002576 0.007667 0.009546 0.000606 0.001365 0.001247 0.000153 0.002189 0.009204 0.001615 0.000753 0.001961 0.010260 0.008777 0.005917 0.000361 0.001039 0.014719 0.012630 0.002141 0.002543 0.000083 0.019426 0.000151 0.003548 0.005461 0.003894 0.002705 0.016983 0.002321 0.007305 0.030338 0.000859 0.005469 0.003188 0.023085 0.017679 0.006587 0.000688 0.009980 0.003228 0.031045 0.002060 0.000557 0.002913 0.019114 0.008791 0.000245 0.006986 0.023112 0.016216 0.024441 0.002915 0.081459 0.002513 0.018690 0.000051 0.026175 0.000151 0.076525 
