# Flux Network Reconstruction using RW method
# Walkers leave from emitting cells
# Probability involves emitting fluxes, then absorbing flux is shared among connections
# Seed: 1685008047
# Threshold: 0.5
# Precision: 100000.0
# Dt: 1.0
# Radius step: 9.000000
# Matrix output


0.000324 0.104366 0.122743 0.049226 0.004962 0.074483 0.004909 0.000498 0.004175 0.009849 0.003369 0.000210 0.004916 0.003739 0.008018 0.004847 0.018247 0.002923 0.001925 0.000150 0.002290 0.010630 0.002487 0.000793 0.005163 0.000994 0.007255 0.007080 0.000632 0.003085 0.000385 0.000116 0.000088 0.000199 0.002026 0.001324 0.000902 0.000533 0.000368 0.002268 0.000013 0.001440 0.001143 0.001838 0.000016 0.000592 0.000047 0.000242 0.000425 0.000063 0.001303 0.000032 0.000150 0.000053 0.000120 0.001054 -0.000000 0.000263 0.000374 0.000054 0.000820 0.000666 0.000378 0.000792 -0.000000 0.000019 0.000422 -0.000000 0.000228 0.000012 0.000111 0.000041 
0.000206 0.001622 0.001864 0.005999 0.000233 0.007748 0.020812 0.029865 0.013592 0.001581 0.036315 0.003072 0.016353 0.001850 0.019833 0.005322 0.001811 0.000475 0.000534 0.000017 0.001224 0.001849 0.001480 0.002697 0.003051 0.004611 0.000648 0.000953 0.001264 0.005933 0.000706 0.000105 0.000127 0.000487 0.000648 0.000236 0.000516 0.000300 0.000221 0.001944 0.000036 0.000327 0.000114 0.000368 0.000018 0.000276 0.000008 0.000436 0.000425 0.000079 0.000814 0.000032 0.000017 0.000053 0.000010 0.000211 -0.000000 0.000350 0.000623 0.000031 0.000182 0.000333 0.000151 -0.000000 -0.000000 0.000029 0.000253 0.000377 0.000114 0.000012 0.000055 -0.000000 
0.001044 0.004388 0.007170 0.030171 0.000524 0.033992 0.095307 0.047120 0.049709 0.007052 0.068886 0.005438 0.045447 0.005514 0.059710 0.020812 0.006825 0.000784 0.001219 0.000034 0.003553 0.003081 0.002724 0.009200 0.006454 0.010397 0.002332 0.002587 0.004083 0.013528 0.001380 0.000160 0.000255 0.000598 0.000405 0.000236 0.000773 0.000267 0.000478 0.001782 0.000039 0.000393 0.000457 0.000368 0.000016 0.000355 0.000019 0.000145 0.000340 0.000079 0.000977 0.000222 0.000017 -0.000000 0.000010 0.000632 0.000014 0.000350 0.000747 0.000008 0.000273 0.000166 -0.000000 -0.000000 0.000216 0.000029 0.000338 0.000188 -0.000000 -0.000000 -0.000000 -0.000000 
0.002088 0.007155 0.012618 0.052578 0.001476 0.053488 0.108007 0.028206 0.054758 0.013740 0.047172 0.004465 0.049861 0.011480 0.079965 0.029364 0.015879 0.001877 0.002915 0.000059 0.005764 0.008935 0.005862 0.008566 0.012556 0.011211 0.007125 0.005174 0.004423 0.012816 0.001412 0.000276 0.000461 0.001284 0.001134 0.001182 0.001933 0.001033 0.001067 0.004375 0.000131 0.000589 0.001200 0.001960 0.000051 0.000632 0.000066 0.000920 0.001019 0.000253 0.002768 0.000286 0.000133 0.000423 0.000090 0.001054 0.000043 0.000876 0.000623 0.000086 0.000365 0.000999 0.000227 0.000264 0.000108 0.000087 0.000591 0.000565 0.000342 -0.000000 0.000444 0.000041 
0.000566 0.232105 0.500577 0.108156 0.018451 0.296183 0.011847 0.000664 0.003981 0.044746 0.001498 0.000114 0.003511 0.011254 0.011604 0.008648 0.096945 0.023454 0.007298 0.002737 0.004698 0.056230 0.007875 0.000476 0.010796 0.000814 0.033166 0.068489 0.000632 0.000712 0.000032 0.000188 0.000111 0.000221 0.017746 0.006287 0.001225 0.001333 0.000957 0.002916 0.000013 0.004124 0.002115 0.010291 0.000008 0.000474 0.000152 0.000145 0.000255 0.000539 0.000326 0.000032 0.001346 0.000106 0.000570 0.001581 -0.000000 -0.000000 -0.000000 0.000016 0.000273 0.000166 0.002495 0.002199 -0.000000 -0.000000 0.000338 0.000188 0.000057 -0.000000 0.000166 -0.000000 
0.007596 0.029478 0.039863 0.151912 0.004302 0.165963 0.150591 0.020574 0.081749 0.033134 0.046424 0.005114 0.064107 0.022810 0.131236 0.057209 0.040672 0.005560 0.006993 0.000146 0.014529 0.030195 0.015454 0.010786 0.030627 0.015189 0.020210 0.018109 0.008846 0.025158 0.003691 0.000712 0.000891 0.001992 0.004133 0.003640 0.006058 0.003366 0.003312 0.011341 0.000206 0.003797 0.002743 0.004900 0.000090 0.002132 0.000175 0.001986 0.003653 0.000681 0.007490 0.000952 0.000415 0.000899 0.000290 0.004004 0.000057 0.002365 0.002367 0.000257 0.002917 0.001665 0.001815 0.001319 0.000540 0.000144 0.001351 0.000941 0.000627 0.000012 0.000943 0.000082 
0.005412 0.026139 0.043591 0.161440 0.004943 0.182709 0.253049 0.039488 0.124953 0.038788 0.078620 0.007232 0.095508 0.027795 0.193899 0.080396 0.046940 0.007628 0.007984 0.000244 0.018990 0.039592 0.019954 0.017290 0.037668 0.023506 0.026818 0.020424 0.012054 0.037499 0.005232 0.001009 0.001368 0.002855 0.005186 0.004160 0.007412 0.003766 0.004121 0.018470 0.000353 0.004975 0.004972 0.006125 0.000173 0.002567 0.000269 0.003052 0.005012 0.000649 0.009607 0.001555 0.000582 0.001534 0.000300 0.004320 0.000064 0.003329 0.003239 0.000358 0.003282 0.004329 0.001437 0.002023 0.000756 0.000317 0.003041 0.001318 0.000741 0.000012 0.000943 0.000041 
0.000066 0.001049 0.001291 0.003705 0.000136 0.005249 0.011953 0.053425 0.008932 0.001702 0.052414 0.003225 0.011838 0.001322 0.017090 0.004657 0.003064 0.000333 0.000591 0.000028 0.001461 0.003851 0.001540 0.005393 0.003638 0.005153 0.002202 0.001498 0.001944 0.006171 0.000931 0.000116 0.000199 0.000664 0.000729 0.000425 0.001482 0.000400 0.000478 0.002430 0.000056 0.000458 0.000572 0.000613 0.000025 0.000474 0.000016 0.000581 0.001104 0.000158 0.001954 0.000286 0.000066 0.000159 0.000070 0.000527 0.000007 0.000788 0.000623 0.000078 0.000547 0.000999 0.000076 0.000352 0.000108 0.000067 0.000253 0.000188 0.000228 -0.000000 0.000166 -0.000000 
0.001625 0.009540 0.017924 0.061400 0.001952 0.071734 0.209718 0.178359 0.151361 0.021644 0.283408 0.024232 0.152593 0.020921 0.213311 0.066902 0.032176 0.004325 0.005240 0.000108 0.014450 0.023724 0.013560 0.041876 0.032505 0.043305 0.016712 0.011982 0.016672 0.058385 0.006740 0.000805 0.001392 0.003940 0.004376 0.002742 0.006123 0.002667 0.002797 0.013610 0.000363 0.002487 0.002515 0.003185 0.000142 0.002883 0.000121 0.003730 0.004757 0.000491 0.008956 0.001397 0.000233 0.001852 0.000250 0.002529 0.000050 0.003153 0.002990 0.000296 0.002370 0.004662 0.001210 0.000880 0.000540 0.000183 0.001605 0.001883 0.000627 0.000018 0.000499 0.000163 
0.001280 0.011543 0.021795 0.063694 0.001923 0.068735 0.162331 0.053591 0.109710 0.021887 0.113064 0.009750 0.093201 0.018165 0.151491 0.053027 0.033290 0.004396 0.005678 0.000159 0.014213 0.027884 0.014389 0.021414 0.036847 0.027032 0.019044 0.017020 0.013950 0.045331 0.005681 0.000888 0.001169 0.003276 0.005267 0.003356 0.007089 0.003633 0.003680 0.017174 0.000320 0.003535 0.004687 0.006983 0.000148 0.003238 0.000234 0.003972 0.005861 0.000760 0.012049 0.001873 0.000382 0.002963 0.000280 0.004531 0.000071 0.004467 0.002491 0.000358 0.004102 0.004828 0.000756 0.001319 0.000432 0.000288 0.002450 0.001883 0.001710 0.000023 0.000943 0.000041 
0.000721 0.005152 0.010037 0.032464 0.001107 0.041491 0.097442 0.167243 0.081555 0.013618 0.242226 0.019710 0.095910 0.012198 0.120686 0.037822 0.019083 0.002828 0.003506 0.000093 0.010620 0.019411 0.009652 0.025855 0.021944 0.028840 0.013603 0.008714 0.013901 0.044382 0.004975 0.000596 0.000978 0.003010 0.003079 0.002364 0.006574 0.001900 0.002833 0.012476 0.000301 0.001636 0.002400 0.002940 0.000107 0.002646 0.000156 0.002761 0.003228 0.000412 0.008630 0.001238 0.000183 0.001799 0.000180 0.002634 0.000093 0.003854 0.001744 0.000350 0.003373 0.002997 0.000983 0.000616 0.000756 0.000269 0.002027 0.001883 0.001653 0.000018 0.000610 0.000122 
0.000037 0.001049 0.001864 0.002823 0.000223 0.007998 0.012380 0.061057 0.012622 0.001702 0.066640 0.004369 0.012942 0.001850 0.017512 0.007317 0.004179 0.000713 0.000686 0.000019 0.001263 0.005392 0.002605 0.004600 0.005398 0.006419 0.002850 0.003404 0.002284 0.009019 0.001476 0.000215 0.000255 0.000708 0.000891 0.000709 0.001611 0.000700 0.000736 0.003726 0.000059 0.000458 0.001372 0.001225 0.000037 0.000829 0.000035 0.000678 0.001614 0.000063 0.003419 0.000476 0.000050 0.000529 0.000090 0.001475 0.000029 0.000613 0.000374 0.000148 0.000365 0.001498 0.000605 0.000264 0.000216 0.000029 0.000760 0.000565 0.000228 0.000012 -0.000000 0.000041 
0.000029 0.000572 0.001434 0.002294 0.000078 0.003249 0.008538 0.050107 0.006020 0.001216 0.052039 0.003186 0.006922 0.000831 0.012026 0.002566 0.001950 0.000428 0.000381 0.000006 0.000790 0.001849 0.000888 0.003331 0.002230 0.003888 0.001296 0.000953 0.000778 0.005696 0.000385 0.000072 0.000095 0.000133 0.000243 0.000236 0.000387 0.000267 0.000221 0.001296 0.000046 0.000393 0.000171 0.000123 0.000018 0.000395 0.000016 0.000242 0.000595 0.000048 0.000977 0.000095 0.000033 0.000159 0.000010 0.000211 0.000014 0.000876 0.000374 0.000039 0.000365 0.000333 -0.000000 0.000088 -0.000000 0.000029 0.000169 -0.000000 0.000228 -0.000000 -0.000000 0.000041 
0.000044 0.000382 0.001004 0.001941 0.000136 0.004749 0.006190 0.055250 0.006117 0.001216 0.053162 0.002767 0.007524 0.001284 0.010760 0.003991 0.004318 0.000333 0.000362 0.000013 0.001421 0.001695 0.001007 0.003331 0.002582 0.003616 0.002850 0.001225 0.001750 0.004747 0.000578 0.000088 0.000223 0.000199 0.000729 0.000615 0.000967 0.000333 0.000736 0.002592 0.000056 0.000393 0.000629 0.001348 0.000018 0.000474 0.000031 0.000727 0.001104 0.000048 0.001954 0.000222 0.000050 0.000423 0.000040 0.000632 -0.000000 0.000701 0.000623 0.000062 0.000729 0.000499 0.000454 0.000088 0.000432 0.000038 0.000338 0.000753 0.000456 -0.000000 0.000111 -0.000000 
0.002941 0.022037 0.039146 0.139562 0.004904 0.187958 0.623498 0.118796 0.351073 0.051008 0.253457 0.023221 0.290137 0.045619 0.456582 0.153285 0.073266 0.009719 0.012595 0.000288 0.031624 0.052224 0.030257 0.052980 0.073576 0.065998 0.039644 0.030500 0.030476 0.099681 0.012101 0.001616 0.002744 0.006352 0.007779 0.005814 0.012181 0.006466 0.005998 0.029812 0.000690 0.006415 0.006801 0.009188 0.000316 0.004620 0.000444 0.006103 0.009683 0.001204 0.017260 0.002222 0.000598 0.002434 0.000460 0.008114 0.000121 0.005869 0.005979 0.000724 0.006381 0.007159 0.001966 0.002023 0.000972 0.000337 0.004223 0.002259 0.002737 0.000047 0.001053 0.000286 
0.001125 0.185265 0.460715 0.190552 0.028297 0.553376 0.034259 0.006139 0.024369 0.122444 0.005990 0.000897 0.015851 0.034857 0.057600 0.044855 0.341258 0.075993 0.029782 0.008468 0.024202 0.225535 0.046245 0.004600 0.061372 0.005334 0.158315 0.251079 0.004958 0.011629 0.002183 0.001478 0.001026 0.001749 0.072035 0.029450 0.009925 0.007633 0.005078 0.022845 0.000160 0.027558 0.013374 0.058803 0.000078 0.004462 0.001040 0.001695 0.002378 0.003231 0.007164 0.000476 0.005584 0.000635 0.002911 0.015174 0.000014 0.001489 0.001246 0.000342 0.004649 0.001498 0.012097 0.012051 -0.000000 0.000135 0.003210 0.000377 0.000684 0.000012 0.002550 0.000082 
0.000051 0.009540 0.017350 0.010763 0.001194 0.031993 0.005336 0.000830 0.004175 0.007113 0.001872 0.000286 0.005919 0.003965 0.013503 0.006082 0.022286 0.004943 0.002344 0.000532 0.003790 0.024649 0.006395 0.001110 0.011148 0.002351 0.020858 0.021241 0.001507 0.007357 0.001252 0.000403 0.000382 0.000819 0.008751 0.004585 0.003351 0.002633 0.002134 0.010693 0.000088 0.005564 0.003315 0.011148 0.000068 0.002290 0.000315 0.001647 0.002888 0.000713 0.003745 0.000603 0.000848 0.000582 0.000570 0.007482 0.000036 0.002102 0.001495 0.000296 0.002826 0.002164 0.002495 0.001671 0.000216 0.000115 0.002196 0.001695 0.000627 0.000006 0.001220 0.000082 
0.001824 0.170001 0.376831 0.373517 0.039523 1.087006 0.094773 0.015098 0.069321 0.264951 0.035941 0.002175 0.053774 0.082515 0.178286 0.113467 0.458819 0.080080 0.049104 0.002743 0.054286 0.246332 0.073838 0.013483 0.114882 0.018624 0.175546 0.165162 0.013318 0.046281 0.005938 0.002339 0.002148 0.005423 0.046511 0.026094 0.021655 0.011466 0.011150 0.037913 0.000409 0.024350 0.014117 0.037487 0.000191 0.007938 0.001083 0.004941 0.007475 0.003485 0.020028 0.001841 0.003573 0.001852 0.002151 0.018336 0.000086 0.005694 0.003114 0.000623 0.008660 0.005494 0.011946 0.010115 0.001188 0.000269 0.005406 0.001883 0.001653 0.000023 0.002661 0.000286 
0.000140 0.017363 0.031116 0.020820 0.002350 0.055238 0.007044 0.000995 0.006796 0.015564 0.005241 0.000401 0.005117 0.006647 0.018145 0.011784 0.051258 0.010812 0.004802 0.003243 0.006435 0.059773 0.012967 0.002062 0.019245 0.003255 0.046251 0.072029 0.002382 0.008307 0.001701 0.000673 0.000541 0.001549 0.042622 0.015599 0.009216 0.005100 0.004011 0.016040 0.000111 0.020685 0.010859 0.038222 0.000086 0.004304 0.000740 0.002131 0.001699 0.003136 0.006676 0.000793 0.005102 0.000741 0.002331 0.015280 0.000014 0.002365 0.002367 0.000412 0.005470 0.001831 0.011493 0.011435 0.000540 0.000231 0.004815 0.001318 0.001596 0.000012 0.002384 0.000082 
0.000912 0.012879 0.021509 0.049932 0.002301 0.087230 0.163185 0.117800 0.215634 0.031128 0.347053 0.030796 0.313713 0.028474 0.373030 0.111091 0.049169 0.007390 0.009375 0.000250 0.028031 0.050376 0.030435 0.088511 0.072168 0.103155 0.038607 0.028457 0.045641 0.156168 0.016787 0.001908 0.003755 0.010336 0.010696 0.007043 0.018497 0.008200 0.009273 0.046014 0.001128 0.007659 0.008173 0.010903 0.000487 0.008214 0.000495 0.010802 0.013251 0.001552 0.029146 0.004761 0.000665 0.005925 0.000570 0.011592 0.000278 0.012526 0.008595 0.000988 0.009936 0.015150 0.003705 0.001935 0.001619 0.000731 0.007940 0.004519 0.003706 0.000082 0.002384 0.000286 
0.000478 0.007918 0.014769 0.030347 0.001389 0.061236 0.092959 0.088931 0.121167 0.019698 0.288275 0.025663 0.176871 0.019071 0.255719 0.082202 0.036772 0.005632 0.007374 0.000216 0.021438 0.043905 0.020251 0.075028 0.051163 0.089775 0.029020 0.023420 0.035482 0.131247 0.015439 0.001776 0.003341 0.008499 0.008103 0.006382 0.016177 0.007166 0.007985 0.042126 0.001065 0.006808 0.008287 0.011638 0.000479 0.007424 0.000518 0.009639 0.014015 0.001473 0.031263 0.004126 0.000781 0.006560 0.000420 0.009695 0.000400 0.010511 0.009716 0.000942 0.012580 0.009157 0.003176 0.001759 0.001511 0.000721 0.006588 0.005084 0.003250 0.000058 0.002661 0.000408 
0.000022 0.000668 0.001291 0.002117 0.000155 0.004499 0.006937 0.018251 0.006990 0.001642 0.126167 0.005304 0.007424 0.001284 0.014769 0.004752 0.003622 0.000618 0.000667 0.000015 0.001461 0.004314 0.001599 0.012848 0.004811 0.008860 0.002980 0.002859 0.002819 0.011867 0.001412 0.000154 0.000358 0.000598 0.000567 0.000709 0.001289 0.000533 0.000920 0.003889 0.000098 0.001309 0.000914 0.001225 0.000053 0.000750 0.000023 0.000920 0.002293 0.000158 0.002931 0.000476 0.000033 0.000688 0.000060 0.001054 0.000043 0.001927 0.000623 0.000093 0.001550 0.000999 0.000454 0.000264 0.000216 0.000106 0.001014 0.000941 0.000399 0.000012 0.000499 0.000163 
0.000309 0.005247 0.009320 0.020643 0.001088 0.042241 0.047280 0.025717 0.069321 0.013740 0.076000 0.006793 0.107246 0.012576 0.154233 0.049796 0.027997 0.004277 0.005431 0.000159 0.014055 0.029886 0.015810 0.029504 0.039076 0.036615 0.025911 0.016612 0.019880 0.065505 0.009757 0.001247 0.001917 0.005932 0.006077 0.005011 0.011343 0.006300 0.006256 0.028030 0.000637 0.006480 0.008002 0.008208 0.000337 0.006279 0.000405 0.007847 0.010958 0.001172 0.020679 0.003396 0.000548 0.003333 0.000530 0.009062 0.000164 0.007796 0.005730 0.000755 0.008660 0.009157 0.002949 0.001671 0.001619 0.000721 0.006335 0.004331 0.002680 0.000035 0.001940 0.000204 
0.000176 0.002480 0.003155 0.013939 0.000408 0.019746 0.044398 0.177198 0.055438 0.006688 1.253060 0.059875 0.088787 0.007024 0.104440 0.035161 0.008079 0.001402 0.002115 0.000038 0.008607 0.008165 0.007638 0.329141 0.021944 0.136968 0.008939 0.005038 0.032760 0.119380 0.011041 0.000700 0.001559 0.005401 0.001459 0.001135 0.004125 0.001533 0.002613 0.013448 0.000585 0.001309 0.002229 0.002083 0.000242 0.001698 0.000082 0.004602 0.005266 0.000301 0.010258 0.002476 0.000216 0.003968 0.000190 0.001581 0.000207 0.005694 0.006353 0.000428 0.003373 0.007825 0.000529 0.000264 0.001295 0.000240 0.001520 0.003201 0.001254 0.000047 0.000444 0.000122 
0.000993 0.022800 0.048609 0.092277 0.004962 0.191207 0.145042 0.046456 0.203304 0.084142 0.124670 0.011143 0.204761 0.092221 0.719897 0.457003 0.157954 0.021790 0.029897 0.000676 0.122548 0.157905 0.107056 0.065987 0.265320 0.094567 0.127222 0.085645 0.067853 0.230691 0.029208 0.006122 0.008893 0.021934 0.026173 0.020799 0.047950 0.023332 0.025096 0.110823 0.001824 0.024023 0.025776 0.033199 0.000885 0.021838 0.001519 0.021216 0.031344 0.004594 0.065294 0.008125 0.002194 0.009258 0.001751 0.025712 0.000457 0.023125 0.014824 0.002194 0.025069 0.023974 0.010963 0.005541 0.003131 0.001548 0.013008 0.006967 0.008210 0.000094 0.005322 0.000490 
0.000081 0.002385 0.003728 0.004940 0.000272 0.017246 0.015048 0.009955 0.021748 0.005654 0.041931 0.003511 0.028492 0.004872 0.062242 0.020622 0.010725 0.001592 0.002001 0.000061 0.006593 0.015405 0.007934 0.015545 0.017250 0.026309 0.009846 0.007897 0.011908 0.044145 0.005424 0.000667 0.001074 0.002567 0.002188 0.002694 0.006187 0.003133 0.003091 0.017336 0.000363 0.003142 0.002972 0.004900 0.000173 0.003041 0.000152 0.004602 0.006880 0.000681 0.010584 0.001524 0.000266 0.002804 0.000250 0.004637 0.000107 0.005168 0.003986 0.000482 0.005834 0.006160 0.001361 0.001495 0.000972 0.000385 0.001858 0.001130 0.001653 0.000035 0.000998 0.000327 
0.001272 0.040545 0.078865 0.131622 0.008730 0.298933 0.104165 0.017587 0.120584 0.176310 0.065143 0.005304 0.115774 0.148301 0.342858 0.243469 0.430682 0.057743 0.100971 0.001493 0.223540 0.414405 0.242237 0.034421 0.455655 0.052165 0.293829 0.172379 0.040780 0.150709 0.020510 0.006944 0.007072 0.015958 0.046025 0.034697 0.055426 0.027965 0.026899 0.116331 0.001422 0.033384 0.031835 0.049860 0.000667 0.021443 0.001873 0.018165 0.024463 0.005607 0.055362 0.005110 0.003257 0.006507 0.002181 0.034775 0.000286 0.016380 0.010339 0.001899 0.024886 0.014151 0.013685 0.010291 0.001727 0.001183 0.014781 0.005649 0.007012 0.000135 0.004934 0.000327 
0.000522 0.034630 0.067537 0.083102 0.006176 0.187958 0.048667 0.011282 0.051845 0.099463 0.032197 0.002671 0.045346 0.054645 0.151069 0.088949 0.460211 0.069648 0.054325 0.001718 0.058708 0.428886 0.113806 0.014752 0.170269 0.025314 0.278282 0.200564 0.021241 0.084729 0.011972 0.004754 0.004160 0.009207 0.051535 0.034981 0.044534 0.024799 0.022336 0.084413 0.001013 0.037246 0.035321 0.061621 0.000511 0.018363 0.002099 0.013611 0.021575 0.006779 0.045592 0.004094 0.003640 0.005238 0.003251 0.041624 0.000221 0.016643 0.008720 0.001805 0.024431 0.013319 0.016634 0.012578 0.002159 0.000990 0.015542 0.006214 0.006442 0.000105 0.006043 0.000367 
0.000191 0.003339 0.006883 0.013233 0.000631 0.021745 0.038849 0.092083 0.054078 0.010700 0.468353 0.031559 0.077049 0.008912 0.124906 0.037442 0.017550 0.002495 0.002820 0.000095 0.010857 0.015868 0.011665 0.350079 0.032622 0.141127 0.013474 0.008170 0.040294 0.146674 0.012710 0.001048 0.002323 0.007636 0.004133 0.002694 0.009023 0.003566 0.004416 0.022359 0.001049 0.003273 0.004229 0.004900 0.000388 0.004344 0.000175 0.007702 0.012232 0.000570 0.022633 0.004317 0.000249 0.005925 0.000310 0.005796 0.000421 0.011738 0.009093 0.000646 0.006381 0.013319 0.002117 0.000792 0.001403 0.000558 0.003463 0.004331 0.002566 0.000041 0.001497 0.000286 
0.000066 0.002099 0.002868 0.005470 0.000282 0.011247 0.010246 0.008959 0.015146 0.003891 0.037813 0.002957 0.023576 0.004192 0.040088 0.015775 0.012397 0.001426 0.001391 0.000068 0.005172 0.014173 0.005921 0.023159 0.014786 0.026942 0.011142 0.007353 0.010888 0.039873 0.004205 0.000496 0.001018 0.002966 0.002836 0.002364 0.005349 0.002233 0.002723 0.014744 0.000392 0.002422 0.002343 0.004533 0.000185 0.002527 0.000199 0.003342 0.004927 0.000649 0.007979 0.001650 0.000349 0.002275 0.000230 0.004004 0.000079 0.004467 0.002740 0.000428 0.005834 0.005328 0.001285 0.000704 0.001188 0.000317 0.003801 0.002071 0.001026 0.000053 0.000887 0.000163 
0.000250 0.011639 0.028822 0.028230 0.002272 0.060736 0.013661 0.003650 0.013010 0.024744 0.007488 0.000801 0.012139 0.012915 0.039244 0.023568 0.081066 0.017085 0.009470 0.003162 0.013542 0.098132 0.025284 0.005235 0.041775 0.006238 0.077862 0.122544 0.006367 0.031566 0.005039 0.001616 0.001575 0.003741 0.050400 0.025904 0.016499 0.011899 0.010193 0.037751 0.000448 0.029260 0.018061 0.050840 0.000253 0.008688 0.001386 0.007217 0.010278 0.005512 0.022308 0.002158 0.004786 0.003386 0.002931 0.028136 0.000107 0.006920 0.005232 0.000988 0.012671 0.007492 0.013836 0.010907 0.002483 0.000587 0.008024 0.003201 0.004276 0.000029 0.004546 0.000327 
0.000257 0.006583 0.012905 0.027524 0.001146 0.050739 0.043865 0.021237 0.061651 0.017874 0.068138 0.006297 0.082567 0.017447 0.183983 0.068517 0.039558 0.005869 0.006879 0.000229 0.020293 0.039284 0.021080 0.040766 0.055739 0.059579 0.035498 0.026824 0.038982 0.130298 0.015471 0.001964 0.003436 0.009606 0.009318 0.007469 0.017595 0.009133 0.009457 0.042612 0.001079 0.007986 0.009716 0.012741 0.000479 0.008490 0.000576 0.009785 0.019876 0.002123 0.034683 0.005237 0.001097 0.005714 0.000730 0.012856 0.000221 0.015241 0.007972 0.001167 0.012671 0.015650 0.004990 0.002903 0.001835 0.000673 0.007855 0.005837 0.004105 0.000070 0.003271 0.000408 
0.000132 0.001908 0.004015 0.008293 0.000495 0.012997 0.015475 0.021071 0.025049 0.005836 0.110443 0.008052 0.032204 0.005325 0.050638 0.018341 0.012257 0.001592 0.001905 0.000091 0.006277 0.013403 0.007698 0.108656 0.017954 0.058675 0.010364 0.009940 0.015408 0.062894 0.007350 0.000634 0.001480 0.004316 0.003241 0.002553 0.006316 0.003133 0.003643 0.015392 0.000552 0.004124 0.004915 0.005268 0.000228 0.003278 0.000191 0.005086 0.008919 0.000887 0.014492 0.003110 0.000266 0.004338 0.000220 0.004847 0.000171 0.006482 0.006976 0.000607 0.005287 0.011154 0.001815 0.001407 0.001080 0.000385 0.003294 0.002824 0.002680 0.000047 0.000998 0.000163 
0.000529 0.040068 0.083167 0.092806 0.007885 0.224699 0.048347 0.011282 0.054467 0.109373 0.026956 0.002748 0.047453 0.054683 0.150225 0.097597 0.493084 0.098520 0.053429 0.002936 0.068894 0.791529 0.144300 0.012848 0.212279 0.026037 0.490103 0.348978 0.020900 0.083305 0.012486 0.005675 0.004789 0.009628 0.085000 0.056867 0.053364 0.031932 0.028150 0.104666 0.000905 0.057014 0.045037 0.093717 0.000542 0.025156 0.003131 0.015355 0.023104 0.009805 0.045918 0.003967 0.006083 0.006137 0.004142 0.051635 0.000164 0.016030 0.008221 0.002233 0.025980 0.012320 0.020792 0.015833 0.001295 0.000981 0.017822 0.006590 0.009122 0.000099 0.008205 0.000572 
0.000397 0.018794 0.036851 0.059989 0.003962 0.121723 0.042691 0.011614 0.051457 0.065660 0.031074 0.002977 0.047955 0.044298 0.148748 0.092180 0.183165 0.026495 0.033955 0.000871 0.069684 0.225073 0.138971 0.017607 0.206060 0.029383 0.168291 0.106205 0.022164 0.086391 0.013737 0.004043 0.004494 0.010890 0.032493 0.026472 0.042923 0.020899 0.021269 0.095106 0.000971 0.030372 0.024405 0.038835 0.000622 0.018600 0.001686 0.014386 0.023104 0.004894 0.051128 0.005396 0.003025 0.006243 0.001931 0.035407 0.000286 0.017081 0.010713 0.001992 0.022425 0.016149 0.011644 0.007916 0.002483 0.000981 0.015880 0.007720 0.008096 0.000082 0.005932 0.000653 
0.000412 0.008967 0.018211 0.034935 0.002185 0.063486 0.061902 0.029699 0.085244 0.029547 0.083862 0.007499 0.110055 0.027153 0.271544 0.108050 0.058223 0.008531 0.010918 0.000339 0.037270 0.066705 0.042751 0.049649 0.102326 0.075039 0.058947 0.042346 0.057938 0.191056 0.025549 0.003596 0.005600 0.016489 0.016692 0.012196 0.032933 0.014466 0.015823 0.079714 0.001739 0.015055 0.015946 0.022051 0.000828 0.013901 0.000903 0.019182 0.027012 0.003184 0.056827 0.007078 0.001546 0.009523 0.001331 0.018336 0.000343 0.020410 0.015696 0.001868 0.023975 0.024140 0.005671 0.005629 0.003023 0.001346 0.014275 0.008850 0.006214 0.000135 0.004491 0.000490 
0.000051 0.000668 0.003155 0.003529 0.000185 0.005249 0.005657 0.006803 0.009126 0.003161 0.024335 0.002213 0.010735 0.002077 0.017934 0.009408 0.003761 0.000903 0.000629 0.000042 0.002685 0.006162 0.003197 0.078835 0.008918 0.028931 0.005959 0.004357 0.008798 0.035838 0.004558 0.000375 0.000772 0.002258 0.002998 0.001607 0.005349 0.001633 0.001840 0.009073 0.000350 0.001964 0.001372 0.002573 0.000156 0.002527 0.000117 0.002858 0.004672 0.000348 0.007327 0.001746 0.000166 0.002645 0.000160 0.004320 0.000079 0.005168 0.004858 0.000335 0.003464 0.004995 0.000907 0.000880 0.000756 0.000269 0.002112 0.002259 0.001539 0.000023 0.000665 0.000204 
0.000404 0.008777 0.017780 0.029289 0.001738 0.064486 0.048027 0.016592 0.062428 0.029426 0.057281 0.005094 0.077751 0.025755 0.196642 0.089234 0.063516 0.009553 0.010899 0.000358 0.037744 0.074408 0.043106 0.038545 0.117581 0.059579 0.060113 0.044660 0.055459 0.211230 0.026287 0.004291 0.006841 0.018813 0.015963 0.013567 0.036543 0.015899 0.018877 0.095755 0.001791 0.017019 0.019661 0.023154 0.000922 0.017810 0.001051 0.021168 0.032703 0.003738 0.066109 0.008443 0.001712 0.011163 0.001311 0.023078 0.000457 0.023826 0.015073 0.001961 0.023975 0.024140 0.008393 0.004486 0.003239 0.001750 0.014021 0.010168 0.008324 0.000205 0.005600 0.000735 
0.000037 0.000763 0.002724 0.003882 0.000126 0.004249 0.010459 0.016923 0.015923 0.002493 0.080118 0.006716 0.023877 0.003097 0.042409 0.013684 0.004597 0.000713 0.000896 0.000013 0.003672 0.005084 0.004737 0.451597 0.010913 0.097912 0.005182 0.002587 0.026053 0.132909 0.009982 0.000425 0.001408 0.004737 0.001053 0.001229 0.004254 0.001533 0.002134 0.011017 0.000866 0.001440 0.001200 0.001225 0.000337 0.001698 0.000074 0.004360 0.009853 0.000206 0.012701 0.004634 0.000100 0.007671 0.000130 0.002529 0.000457 0.007884 0.010339 0.000405 0.003282 0.013985 0.000378 0.000352 0.002051 0.000317 0.002281 0.002636 0.001140 0.000035 0.000499 0.000204 
0.000581 0.022514 0.049326 0.066693 0.005040 0.152966 0.058700 0.014435 0.062137 0.079887 0.036690 0.003244 0.063605 0.059139 0.206137 0.131428 0.295711 0.049735 0.045274 0.002069 0.100479 0.677221 0.320042 0.029504 0.470793 0.042401 0.676532 0.338902 0.041266 0.149047 0.025645 0.014892 0.010635 0.021513 0.087755 0.077572 0.123484 0.072863 0.060238 0.234283 0.001722 0.079269 0.082416 0.109643 0.000951 0.046322 0.004171 0.028385 0.034402 0.013115 0.097697 0.007554 0.006465 0.009100 0.004922 0.077242 0.000407 0.026103 0.011709 0.003424 0.042480 0.024806 0.027597 0.016976 0.002591 0.001740 0.030914 0.010356 0.012600 0.000164 0.011754 0.000939 
0.000375 0.015645 0.027818 0.040757 0.002632 0.088480 0.037248 0.011282 0.039806 0.043530 0.035941 0.002633 0.041835 0.031949 0.127860 0.068422 0.122992 0.020269 0.019493 0.000830 0.052391 0.198730 0.120734 0.017924 0.231055 0.029654 0.187853 0.121455 0.027365 0.117719 0.019130 0.007496 0.006594 0.014542 0.036950 0.032759 0.066189 0.034298 0.034075 0.138852 0.001507 0.038751 0.037607 0.060396 0.000774 0.027051 0.002376 0.020199 0.031429 0.006985 0.075553 0.007141 0.004022 0.009470 0.002951 0.046788 0.000436 0.023563 0.015820 0.002817 0.036099 0.025472 0.016029 0.009588 0.003994 0.001942 0.021708 0.011486 0.011459 0.000140 0.009758 0.000776 
0.000434 0.024327 0.047176 0.061047 0.005040 0.154465 0.031378 0.006471 0.037768 0.070342 0.024335 0.002080 0.038825 0.038029 0.127438 0.073269 0.292925 0.057553 0.035156 0.003946 0.056734 0.708956 0.156735 0.014276 0.226361 0.023958 0.834717 0.954754 0.021873 0.083543 0.014540 0.010491 0.006881 0.012815 0.195849 0.165874 0.098349 0.068263 0.053651 0.182274 0.001190 0.142240 0.106649 0.205321 0.000598 0.042176 0.006698 0.020490 0.024973 0.020813 0.071319 0.004856 0.011318 0.006084 0.008313 0.109698 0.000221 0.019534 0.008346 0.003089 0.041295 0.016316 0.043248 0.027444 0.002375 0.001279 0.029394 0.006590 0.011516 0.000135 0.013916 0.000898 
0.000066 0.003244 0.006596 0.012527 0.000757 0.025744 0.026041 0.021071 0.037768 0.010883 0.086483 0.006926 0.046249 0.010763 0.091991 0.036587 0.025211 0.003564 0.004192 0.000165 0.012397 0.027113 0.015454 0.167346 0.038138 0.173945 0.025133 0.015658 0.063770 0.310911 0.031359 0.002013 0.004471 0.014608 0.006563 0.005578 0.017401 0.008366 0.010671 0.046338 0.002467 0.007004 0.009030 0.010291 0.000928 0.009596 0.000530 0.018165 0.032278 0.001837 0.054385 0.013140 0.000981 0.018252 0.000510 0.011170 0.000878 0.028819 0.028277 0.001883 0.019873 0.038125 0.002873 0.001759 0.005830 0.001692 0.012670 0.016005 0.005188 0.000216 0.003326 0.000653 
0.000110 0.003721 0.010468 0.015174 0.001126 0.030243 0.013554 0.003484 0.014466 0.014105 0.012729 0.001030 0.018660 0.012160 0.056123 0.026419 0.042205 0.006654 0.007317 0.000328 0.017727 0.066243 0.032034 0.008090 0.073576 0.016002 0.054931 0.041393 0.013464 0.052451 0.008377 0.003574 0.002991 0.007658 0.015396 0.012669 0.032418 0.015999 0.016375 0.064971 0.000752 0.015710 0.017203 0.026094 0.000392 0.014019 0.001016 0.010560 0.016224 0.003469 0.040707 0.003491 0.001728 0.004814 0.001331 0.018125 0.000186 0.013402 0.009343 0.001525 0.017411 0.010489 0.006805 0.004310 0.001943 0.000894 0.013514 0.006025 0.005758 0.000146 0.004713 0.000735 
0.000346 0.009635 0.018928 0.030524 0.001806 0.063986 0.048667 0.026049 0.065049 0.025413 0.088354 0.007499 0.092097 0.024887 0.203394 0.092655 0.065744 0.009671 0.010671 0.000379 0.039402 0.089043 0.053172 0.078042 0.135535 0.126662 0.071384 0.055281 0.158065 0.617550 0.094269 0.006266 0.016108 0.052168 0.021797 0.017301 0.058455 0.023399 0.029806 0.152138 0.005095 0.020161 0.028463 0.030749 0.002144 0.026972 0.001316 0.043305 0.064301 0.004752 0.133031 0.019171 0.001961 0.022273 0.001651 0.034985 0.000993 0.046775 0.032761 0.004404 0.043574 0.052276 0.009300 0.004838 0.005830 0.002923 0.028127 0.022030 0.013569 0.000257 0.007984 0.001347 
0.000449 0.013356 0.022369 0.034758 0.002505 0.083481 0.041303 0.015928 0.050389 0.036417 0.042305 0.004770 0.066816 0.032251 0.166893 0.087713 0.099870 0.015755 0.017587 0.000779 0.053496 0.155903 0.094503 0.031883 0.215448 0.054968 0.140048 0.107294 0.052445 0.217400 0.040603 0.015526 0.015941 0.033045 0.042541 0.031908 0.110981 0.049231 0.057147 0.263933 0.002824 0.041304 0.053439 0.056108 0.001649 0.047191 0.002753 0.043741 0.055892 0.008363 0.136125 0.013807 0.003955 0.017036 0.003141 0.057641 0.000778 0.041432 0.023792 0.005058 0.053601 0.038458 0.019129 0.010643 0.005074 0.002933 0.035982 0.018076 0.016876 0.000292 0.009979 0.001388 
0.000154 0.012593 0.034987 0.032112 0.002632 0.074733 0.014835 0.004148 0.016117 0.028088 0.015724 0.001030 0.016955 0.014766 0.047895 0.031740 0.106696 0.020721 0.012671 0.003512 0.019030 0.164838 0.042574 0.008407 0.064188 0.010126 0.154558 0.279128 0.009964 0.042958 0.007414 0.003381 0.002848 0.006219 0.273881 0.093218 0.041505 0.027265 0.023330 0.081821 0.000748 0.115926 0.058411 0.217204 0.000361 0.021917 0.004588 0.013272 0.017498 0.018105 0.049500 0.003460 0.017633 0.004180 0.010564 0.098106 0.000200 0.015329 0.008346 0.002124 0.030265 0.010988 0.057387 0.039934 0.001835 0.001269 0.021792 0.005649 0.011288 0.000170 0.012641 0.000653 
0.000162 0.015550 0.036995 0.028936 0.002952 0.079482 0.011953 0.002655 0.014563 0.030033 0.010483 0.000725 0.010032 0.014426 0.043464 0.023378 0.121878 0.025070 0.012347 0.006812 0.017174 0.189486 0.043343 0.004283 0.066066 0.007685 0.182801 0.370628 0.006999 0.030854 0.004012 0.003177 0.002084 0.004582 0.425244 0.117941 0.036800 0.024332 0.020975 0.072910 0.000467 0.150291 0.063555 0.353921 0.000279 0.019943 0.005456 0.009397 0.012911 0.024710 0.036311 0.002666 0.038292 0.002751 0.022008 0.109276 0.000079 0.011124 0.003986 0.001743 0.025707 0.008990 0.105398 0.083562 0.000864 0.000904 0.022975 0.003389 0.009179 0.000082 0.017242 0.000286 
0.000140 0.018030 0.037712 0.036699 0.002991 0.082481 0.019104 0.004480 0.018544 0.038727 0.014975 0.001202 0.019764 0.019562 0.059710 0.036682 0.138175 0.026662 0.015873 0.004001 0.028150 0.242019 0.062410 0.011104 0.102443 0.014013 0.233197 0.468118 0.013464 0.056723 0.009693 0.004947 0.003739 0.008211 0.383514 0.179346 0.056586 0.039965 0.034038 0.131075 0.000866 0.187210 0.088474 0.323172 0.000478 0.031277 0.007107 0.016276 0.021660 0.024346 0.057153 0.004602 0.021207 0.005820 0.014045 0.133829 0.000228 0.017869 0.010090 0.002910 0.037740 0.018480 0.068728 0.046619 0.001619 0.001423 0.031421 0.004896 0.014481 0.000181 0.018240 0.000898 
0.000294 0.017649 0.032980 0.035287 0.002787 0.091979 0.029243 0.005807 0.030874 0.038484 0.018719 0.001851 0.031301 0.024131 0.097688 0.050366 0.140682 0.026281 0.018635 0.001911 0.037744 0.281302 0.082542 0.018559 0.151729 0.023144 0.292922 0.322835 0.021241 0.094697 0.016273 0.008549 0.006722 0.014276 0.134752 0.135620 0.106276 0.072363 0.057846 0.204309 0.001425 0.128428 0.118194 0.173101 0.000980 0.050390 0.007146 0.027707 0.038309 0.022477 0.106979 0.008125 0.010005 0.010052 0.008393 0.118971 0.000343 0.029519 0.015073 0.004381 0.053419 0.027137 0.042341 0.025069 0.002915 0.002115 0.039108 0.010733 0.017959 0.000228 0.017353 0.001266 
0.000037 0.000382 0.000860 0.001941 0.000097 0.003999 0.006083 0.006637 0.007961 0.002310 0.023586 0.002156 0.012440 0.001586 0.018778 0.005797 0.003343 0.000547 0.000629 0.000021 0.003079 0.003543 0.003849 0.071697 0.008801 0.046018 0.005312 0.003132 0.016380 0.109175 0.010913 0.000447 0.001360 0.004781 0.000891 0.000851 0.003674 0.001433 0.002797 0.014744 0.001121 0.001309 0.002172 0.001470 0.000483 0.002093 0.000093 0.006975 0.014610 0.000285 0.014492 0.008697 0.000183 0.012803 0.000060 0.002634 0.001021 0.013752 0.023045 0.000599 0.007019 0.021976 0.000907 0.000352 0.003455 0.000827 0.003970 0.007532 0.001938 0.000111 0.000721 0.000694 
0.000221 0.003530 0.007026 0.012527 0.000777 0.023995 0.025614 0.019910 0.039030 0.011369 0.076749 0.006392 0.050363 0.010234 0.109504 0.043619 0.023540 0.003968 0.004611 0.000178 0.015634 0.036511 0.019836 0.149422 0.051046 0.172950 0.030575 0.025462 0.097746 0.677122 0.067628 0.002769 0.008527 0.031872 0.008832 0.008083 0.026166 0.013366 0.016669 0.080525 0.006585 0.009753 0.013945 0.013843 0.002692 0.016507 0.000662 0.043547 0.076703 0.002218 0.106816 0.037516 0.001097 0.051265 0.000700 0.016017 0.002999 0.065959 0.075114 0.003455 0.032817 0.098726 0.005671 0.002639 0.012199 0.003683 0.020863 0.032763 0.015678 0.000556 0.005988 0.002246 
0.000044 0.002099 0.002151 0.005646 0.000320 0.011247 0.007257 0.005143 0.011262 0.004985 0.016473 0.001870 0.016553 0.003852 0.031437 0.014635 0.011143 0.001735 0.002191 0.000114 0.005488 0.015714 0.007934 0.036800 0.017837 0.036344 0.012826 0.010757 0.026053 0.161626 0.019001 0.001213 0.003206 0.011664 0.003727 0.005767 0.012439 0.005633 0.007838 0.041153 0.002350 0.005564 0.008344 0.008208 0.001263 0.008490 0.000401 0.023299 0.046209 0.001283 0.064318 0.028534 0.000615 0.049096 0.000500 0.011381 0.003963 0.049053 0.088941 0.002389 0.021696 0.094730 0.003554 0.002111 0.015006 0.003231 0.015542 0.034457 0.010262 0.000468 0.003825 0.002817 
0.000029 0.002194 0.004158 0.003176 0.000282 0.008498 0.003735 0.001991 0.005243 0.004499 0.004867 0.000687 0.004916 0.002379 0.013925 0.006842 0.008915 0.001925 0.001448 0.000116 0.004106 0.014481 0.007520 0.005552 0.014082 0.006871 0.014251 0.013344 0.006659 0.036075 0.007093 0.001368 0.002378 0.005511 0.005510 0.004349 0.014501 0.005300 0.009089 0.049416 0.000771 0.007331 0.008745 0.010413 0.000546 0.008372 0.000518 0.014386 0.019961 0.001758 0.048035 0.004348 0.000681 0.005291 0.000570 0.011592 0.000243 0.013490 0.007225 0.001720 0.014950 0.015983 0.003705 0.002111 0.001511 0.001019 0.007011 0.006402 0.005131 0.000076 0.003049 0.000367 
0.000110 0.002767 0.003585 0.004764 0.000427 0.014247 0.011100 0.004148 0.011845 0.004742 0.019468 0.001412 0.016052 0.004721 0.038189 0.017201 0.016854 0.002352 0.002344 0.000129 0.007028 0.018332 0.011369 0.023793 0.025699 0.028659 0.020729 0.017701 0.021241 0.157592 0.020221 0.001693 0.004017 0.013523 0.008994 0.006712 0.017015 0.007666 0.009420 0.043746 0.002941 0.008117 0.010173 0.011883 0.001583 0.009636 0.000604 0.026206 0.055807 0.002233 0.079461 0.027709 0.000748 0.037880 0.000760 0.014121 0.001599 0.050279 0.053440 0.002685 0.027712 0.072754 0.003780 0.002551 0.010688 0.002702 0.019343 0.023913 0.010889 0.000374 0.004768 0.001674 
0.000132 0.008967 0.018928 0.022408 0.001408 0.048239 0.016970 0.006637 0.016117 0.020975 0.009734 0.001278 0.018660 0.011934 0.053380 0.027559 0.072430 0.012048 0.009203 0.001133 0.020333 0.127711 0.041034 0.008883 0.076510 0.016545 0.125149 0.155631 0.015505 0.065742 0.012197 0.005091 0.004351 0.009407 0.110768 0.111985 0.073730 0.047464 0.045519 0.170770 0.001206 0.173398 0.156144 0.205688 0.000799 0.046046 0.013611 0.024413 0.034826 0.034847 0.099326 0.007078 0.011335 0.009311 0.010184 0.177456 0.000557 0.031797 0.018561 0.005019 0.061897 0.026638 0.059277 0.028851 0.003131 0.002769 0.049497 0.012427 0.020638 0.000240 0.022177 0.001552 
0.000176 0.009063 0.017780 0.018349 0.001563 0.048489 0.018357 0.006471 0.020389 0.021461 0.019094 0.001450 0.021269 0.014502 0.060554 0.036967 0.072291 0.011881 0.010061 0.000987 0.024241 0.127557 0.050449 0.013641 0.096459 0.022692 0.129943 0.132892 0.020998 0.102292 0.017878 0.008681 0.007143 0.015427 0.082650 0.076674 0.131154 0.087096 0.078195 0.288560 0.001735 0.099561 0.220785 0.150683 0.001230 0.093040 0.008560 0.038219 0.056826 0.025169 0.153874 0.011395 0.007811 0.011322 0.007233 0.171133 0.000564 0.047651 0.021550 0.007408 0.091979 0.041288 0.043021 0.022870 0.004750 0.003740 0.069515 0.017134 0.029076 0.000304 0.026446 0.002613 
0.000096 0.006773 0.016203 0.013762 0.001408 0.036742 0.004696 0.000830 0.007185 0.015807 0.005990 0.000286 0.006922 0.006458 0.022576 0.013589 0.065744 0.014400 0.006612 0.003499 0.009673 0.121857 0.028303 0.002855 0.045061 0.003797 0.133570 0.276133 0.005152 0.021360 0.003659 0.002934 0.001782 0.003763 0.563724 0.171452 0.036607 0.030065 0.021674 0.071613 0.000350 0.304445 0.104991 1.231066 0.000242 0.027328 0.010717 0.009397 0.013591 0.055756 0.044615 0.001650 0.072594 0.002275 0.061063 0.269556 0.000100 0.009811 0.004983 0.002731 0.039745 0.009656 0.242477 0.140120 0.000648 0.001250 0.040797 0.005272 0.014538 0.000111 0.033930 0.000817 
0.000044 0.002385 0.004445 0.006705 0.000320 0.012497 0.007364 0.004977 0.010971 0.005897 0.014975 0.001450 0.014146 0.004003 0.029328 0.013019 0.011700 0.002638 0.001810 0.000083 0.006396 0.021105 0.010303 0.019511 0.023235 0.028026 0.013992 0.012799 0.018470 0.134570 0.017974 0.001329 0.003341 0.010292 0.007941 0.005720 0.016692 0.007333 0.010156 0.046986 0.002647 0.007200 0.009888 0.013966 0.001454 0.009004 0.000549 0.024559 0.048417 0.001996 0.069040 0.030534 0.000848 0.048832 0.000650 0.013804 0.001907 0.054221 0.067017 0.002599 0.026983 0.087238 0.004310 0.002287 0.015006 0.003442 0.018413 0.035210 0.013056 0.000456 0.004269 0.002409 
0.000110 0.004961 0.008890 0.013409 0.000884 0.031743 0.018464 0.005641 0.021165 0.013618 0.014601 0.002156 0.022573 0.010385 0.059288 0.031075 0.038722 0.005988 0.006078 0.000366 0.016621 0.058386 0.028481 0.022048 0.062663 0.033722 0.055449 0.047928 0.030378 0.190819 0.033317 0.005962 0.010500 0.029570 0.024795 0.023305 0.075599 0.031398 0.045077 0.242870 0.004664 0.029391 0.045266 0.044592 0.003715 0.055208 0.002228 0.164451 0.192989 0.008221 0.711075 0.032660 0.002958 0.039309 0.002821 0.063121 0.001557 0.129465 0.055806 0.015065 0.143028 0.104553 0.015953 0.007477 0.013494 0.007817 0.084550 0.041612 0.044983 0.000813 0.020014 0.004083 
0.000110 0.004865 0.010037 0.015526 0.001146 0.033992 0.009712 0.005309 0.013301 0.012585 0.013478 0.001259 0.016052 0.009139 0.050005 0.024328 0.042762 0.007604 0.006764 0.000625 0.015555 0.077951 0.028363 0.009517 0.061841 0.019166 0.074364 0.087415 0.019345 0.089713 0.017332 0.006172 0.006881 0.016733 0.061988 0.048784 0.099058 0.054897 0.062851 0.278190 0.002327 0.077895 0.126195 0.128019 0.001725 0.111600 0.006819 0.062390 0.091058 0.028195 0.273879 0.019234 0.008808 0.023331 0.008173 0.244581 0.000914 0.083215 0.038367 0.019119 0.260531 0.073087 0.059580 0.028323 0.009824 0.008355 0.201619 0.040483 0.077251 0.000719 0.066363 0.003879 
0.000074 0.001336 0.003298 0.004058 0.000447 0.014497 0.006083 0.002986 0.007767 0.003891 0.009734 0.000954 0.008929 0.003588 0.023842 0.011119 0.014625 0.002139 0.002039 0.000169 0.005685 0.024032 0.011132 0.010152 0.023704 0.012115 0.021636 0.018382 0.012006 0.065268 0.010656 0.001622 0.002935 0.008499 0.010372 0.009549 0.022750 0.010899 0.013284 0.074368 0.001552 0.013026 0.016060 0.023031 0.001263 0.016902 0.001141 0.036620 0.079251 0.003564 0.143941 0.020726 0.002011 0.027828 0.001401 0.027925 0.001185 0.099770 0.051322 0.007712 0.073747 0.101223 0.009224 0.004222 0.013494 0.010355 0.058197 0.045378 0.044127 0.000819 0.012474 0.004491 
0.000081 0.003339 0.008890 0.013056 0.000757 0.022495 0.008965 0.005309 0.010486 0.010761 0.007113 0.000992 0.011537 0.008119 0.030593 0.017486 0.037887 0.006131 0.005011 0.000563 0.011094 0.062854 0.022264 0.010310 0.043535 0.012295 0.061538 0.071620 0.012735 0.074286 0.010528 0.003602 0.004311 0.009827 0.049833 0.041173 0.054782 0.032298 0.038049 0.152624 0.001317 0.070498 0.081330 0.108663 0.000973 0.052680 0.005694 0.033617 0.048587 0.023950 0.132706 0.010061 0.008991 0.014126 0.008603 0.229828 0.000521 0.048615 0.025163 0.008544 0.124614 0.043120 0.063738 0.029115 0.006801 0.005154 0.122728 0.025231 0.045610 0.000386 0.058380 0.002409 
0.000007 0.000954 0.001291 0.001764 0.000146 0.003999 0.001601 0.000166 0.001748 0.001581 0.000749 0.000153 0.002207 0.001473 0.006119 0.002756 0.004875 0.001093 0.000591 0.000034 0.001421 0.007703 0.003316 0.000793 0.005750 0.002441 0.004923 0.006536 0.001312 0.013291 0.001862 0.000408 0.000541 0.001660 0.004538 0.003404 0.007798 0.003333 0.003312 0.014582 0.000190 0.004058 0.006173 0.006860 0.000175 0.004620 0.000284 0.005135 0.009514 0.001552 0.021982 0.001746 0.000482 0.002751 0.000460 0.012329 0.000150 0.007884 0.004235 0.001533 0.021787 0.006992 0.002949 0.001319 0.001727 0.000971 0.016555 0.004519 0.006898 0.000088 0.003548 0.000408 
0.000029 0.001908 0.007026 0.004764 0.000573 0.013997 0.003842 0.001161 0.003786 0.005654 0.003744 0.000363 0.004414 0.003134 0.012026 0.006842 0.019500 0.004800 0.002725 0.000835 0.004224 0.035278 0.011369 0.002855 0.015959 0.003616 0.036923 0.056643 0.003645 0.014240 0.002375 0.001191 0.001050 0.002590 0.079166 0.033137 0.016499 0.009600 0.009825 0.037427 0.000291 0.054265 0.030063 0.152520 0.000187 0.011452 0.002862 0.006394 0.010618 0.015808 0.026541 0.001968 0.054712 0.002645 0.023209 0.096104 0.000121 0.007884 0.004111 0.001914 0.022516 0.009490 0.248601 0.364770 0.001727 0.000913 0.026100 0.002636 0.011288 0.000111 0.029218 0.000490 
0.000015 0.001240 0.003441 0.004940 0.000243 0.009498 0.003415 0.003650 0.007670 0.003040 0.012355 0.000859 0.008227 0.002983 0.023631 0.008743 0.011561 0.002210 0.001772 0.000178 0.005172 0.025111 0.010184 0.010310 0.025347 0.018714 0.019692 0.023556 0.015019 0.106802 0.018038 0.003210 0.005894 0.016135 0.015882 0.013614 0.046017 0.021066 0.027230 0.149546 0.003458 0.021928 0.039665 0.036017 0.003160 0.051733 0.001974 0.109763 0.241575 0.008823 0.485719 0.061607 0.002942 0.081157 0.002561 0.088201 0.003713 0.380598 0.163682 0.039740 0.383140 0.341460 0.020566 0.008884 0.049335 0.057074 0.334821 0.199024 0.314365 0.003662 0.058435 0.022457 
0.000029 0.002194 0.005879 0.004940 0.000495 0.016996 0.006937 0.002323 0.007670 0.005107 0.008236 0.000763 0.010935 0.005740 0.024264 0.010738 0.015043 0.003279 0.002515 0.000250 0.007304 0.031273 0.014033 0.009200 0.026051 0.012748 0.026040 0.033087 0.010936 0.069065 0.011812 0.002559 0.003802 0.009694 0.019609 0.016450 0.036285 0.016566 0.021048 0.110336 0.001624 0.024939 0.037436 0.044470 0.001273 0.033251 0.002107 0.044322 0.079506 0.008902 0.173250 0.020218 0.003673 0.030050 0.003291 0.070919 0.001378 0.096967 0.056429 0.014645 0.191798 0.112044 0.024724 0.010819 0.013710 0.014019 0.274091 0.067596 0.202507 0.001334 0.052170 0.008493 
0.000007 0.002767 0.004445 0.002647 0.000388 0.009748 0.003309 0.000664 0.002816 0.004013 0.002621 0.000172 0.002307 0.002190 0.007385 0.004847 0.014486 0.003327 0.001829 0.000455 0.002645 0.027113 0.008290 0.001903 0.013730 0.002622 0.023708 0.037172 0.002479 0.017088 0.002664 0.000927 0.000780 0.001859 0.046673 0.021508 0.014050 0.008466 0.008206 0.028354 0.000265 0.034889 0.023033 0.092492 0.000158 0.009675 0.002111 0.006006 0.008749 0.011119 0.024262 0.001714 0.026625 0.002116 0.014125 0.071762 0.000093 0.008497 0.002990 0.001494 0.020328 0.006659 0.154998 0.224210 0.001403 0.000817 0.021961 0.003389 0.008324 0.000076 0.022565 0.000612 
0.000051 0.001717 0.002151 0.004234 0.000262 0.010748 0.004696 0.001991 0.006602 0.004134 0.007113 0.000649 0.006521 0.003437 0.018778 0.009883 0.011840 0.002234 0.002039 0.000123 0.004619 0.018949 0.007638 0.006504 0.017015 0.010126 0.017619 0.014841 0.008360 0.053638 0.009083 0.001478 0.002418 0.006773 0.009967 0.007611 0.019850 0.009600 0.010782 0.060596 0.001307 0.011913 0.015317 0.018866 0.001016 0.016033 0.000857 0.029160 0.057676 0.003580 0.109584 0.019932 0.001845 0.029680 0.001341 0.028241 0.001535 0.076645 0.067391 0.006498 0.069919 0.126029 0.011568 0.004574 0.020943 0.021653 0.067404 0.091321 0.080558 0.001772 0.018351 0.011106 
0.000051 0.002385 0.006022 0.004411 0.000418 0.012747 0.003309 0.001327 0.004466 0.004985 0.005241 0.000210 0.003010 0.003550 0.010760 0.007412 0.019640 0.002804 0.002191 0.000441 0.004461 0.026959 0.009888 0.001745 0.014434 0.003526 0.023968 0.038125 0.003257 0.014715 0.002600 0.001009 0.001098 0.002457 0.041001 0.019712 0.013728 0.009200 0.008942 0.038561 0.000330 0.034496 0.024233 0.085999 0.000197 0.011847 0.002212 0.007121 0.012741 0.011484 0.029798 0.002254 0.019611 0.003598 0.012145 0.078928 0.000121 0.010249 0.005232 0.002031 0.025524 0.009823 0.148117 0.099483 0.002483 0.001125 0.024664 0.005649 0.010319 0.000099 0.027388 0.000612 
0.000044 0.002385 0.005019 0.004764 0.000418 0.011247 0.004056 0.001659 0.005631 0.005897 0.009360 0.000401 0.006621 0.003625 0.018567 0.009408 0.015322 0.002852 0.002515 0.000254 0.005409 0.028654 0.011191 0.005393 0.021474 0.009674 0.030057 0.031181 0.007534 0.053401 0.007992 0.001815 0.002577 0.007105 0.021554 0.017632 0.030613 0.015533 0.018583 0.082307 0.001170 0.026510 0.036407 0.043735 0.000797 0.027288 0.001912 0.027949 0.049012 0.008965 0.108607 0.011109 0.004321 0.017723 0.003411 0.074923 0.000793 0.053608 0.031640 0.008318 0.116136 0.060434 0.025329 0.011347 0.009392 0.008009 0.200521 0.037658 0.103477 0.000889 0.072573 0.005961 
0.000059 0.001526 0.004015 0.004058 0.000408 0.012497 0.005016 0.001825 0.005146 0.005472 0.011606 0.000744 0.007223 0.002719 0.019411 0.008743 0.015879 0.002115 0.002039 0.000146 0.005014 0.023878 0.009474 0.006504 0.015490 0.008770 0.023320 0.021105 0.006756 0.044382 0.007414 0.001715 0.002514 0.006773 0.011425 0.012432 0.022686 0.012099 0.013689 0.062540 0.001111 0.016364 0.024290 0.026584 0.000850 0.020338 0.001503 0.025915 0.046718 0.005417 0.104536 0.013870 0.002377 0.019840 0.002021 0.046893 0.000885 0.060353 0.035626 0.007431 0.095534 0.077415 0.016105 0.007125 0.011551 0.009692 0.140973 0.050274 0.151823 0.001047 0.038587 0.007268 
0.000029 0.002003 0.003298 0.004411 0.000447 0.012247 0.001708 0.000498 0.001942 0.004377 0.000749 0.000114 0.003411 0.002115 0.008862 0.005417 0.014347 0.002994 0.001486 0.000591 0.004145 0.026189 0.007165 0.003014 0.013847 0.001808 0.027984 0.045069 0.002965 0.012342 0.001894 0.001037 0.000955 0.002014 0.055586 0.023494 0.014114 0.009433 0.009531 0.034186 0.000245 0.046541 0.029091 0.115523 0.000177 0.012045 0.002636 0.006878 0.009598 0.015444 0.030449 0.002317 0.031162 0.002592 0.017737 0.111068 0.000100 0.009723 0.004609 0.001860 0.030265 0.010156 0.228565 0.204683 0.002051 0.001135 0.032942 0.006967 0.014880 0.000099 0.042856 0.000939 
0.000015 0.001240 0.001721 0.002999 0.000214 0.008248 0.003629 0.002489 0.003884 0.002979 0.005241 0.000534 0.006220 0.002681 0.014980 0.009028 0.010725 0.001830 0.001791 0.000085 0.003751 0.015868 0.007698 0.006821 0.016311 0.008318 0.018008 0.016475 0.006999 0.046993 0.007222 0.001109 0.002116 0.006065 0.010777 0.007989 0.017595 0.008300 0.010303 0.053629 0.001085 0.012044 0.014860 0.016538 0.000828 0.015836 0.001013 0.023202 0.048077 0.003421 0.088742 0.016282 0.001629 0.026717 0.001331 0.033721 0.001285 0.067886 0.055682 0.005852 0.072471 0.114375 0.010358 0.004222 0.020727 0.015518 0.076610 0.089062 0.101368 0.001778 0.020901 0.014250 
0.000007 0.000286 0.001004 0.001764 0.000058 0.001250 0.001281 0.000498 0.001165 0.001094 0.000374 0.000210 0.001405 0.000604 0.004431 0.002756 0.003900 0.001188 0.000553 0.000129 0.001935 0.011554 0.003790 0.003172 0.009622 0.003797 0.012049 0.018245 0.004131 0.021835 0.005360 0.001373 0.001997 0.005024 0.016368 0.013519 0.025264 0.013599 0.016596 0.084251 0.000977 0.024678 0.046466 0.048145 0.000957 0.042887 0.002738 0.040108 0.077892 0.011959 0.206956 0.017742 0.004687 0.026559 0.004922 0.144894 0.001228 0.124822 0.060789 0.022224 0.310760 0.152833 0.046499 0.018120 0.023102 0.032816 0.796426 0.129733 0.650964 0.002942 0.260464 0.023397 
-0.000000 0.000191 0.001721 0.000882 0.000068 0.004499 0.001494 0.000664 0.001553 0.002249 0.004493 0.000248 0.002909 0.001435 0.008229 0.003611 0.005014 0.001188 0.000781 0.000155 0.002250 0.012941 0.007757 0.004283 0.012791 0.005605 0.012567 0.018790 0.004909 0.036787 0.006259 0.001566 0.002243 0.006219 0.015801 0.012101 0.025651 0.013266 0.014535 0.081659 0.001291 0.020947 0.037893 0.041040 0.001111 0.035028 0.002072 0.040592 0.080525 0.009757 0.195232 0.023646 0.004338 0.031267 0.003962 0.110962 0.001642 0.129465 0.075613 0.019399 0.247131 0.165985 0.034856 0.015569 0.028500 0.032412 0.498600 0.140465 0.608947 0.003089 0.165770 0.026908 
0.000015 0.000382 0.001147 0.003352 0.000126 0.005999 0.001387 0.000830 0.001845 0.002067 0.001872 0.000210 0.002006 0.001322 0.005908 0.003326 0.004039 0.000784 0.000629 0.000047 0.001263 0.006316 0.002901 0.000952 0.006689 0.002531 0.007644 0.005583 0.002382 0.017326 0.002247 0.000452 0.000724 0.002103 0.003160 0.002978 0.007025 0.003233 0.004526 0.019767 0.000366 0.004255 0.004629 0.008208 0.000248 0.005213 0.000327 0.007799 0.013931 0.001267 0.028007 0.003650 0.000465 0.005820 0.000440 0.012118 0.000278 0.019008 0.012457 0.001743 0.021149 0.024640 0.004007 0.001407 0.004426 0.003202 0.025002 0.016381 0.034321 0.000339 0.007097 0.002981 
0.000007 0.000668 0.002438 0.000882 0.000185 0.004249 0.000534 -0.000000 0.000680 0.002128 0.001498 0.000076 0.000903 0.000680 0.002532 0.001235 0.008357 0.001806 0.000534 0.000366 0.001895 0.013865 0.002961 0.000476 0.004694 0.000362 0.012437 0.024781 0.000972 0.005221 0.000449 0.000507 0.000358 0.000863 0.042298 0.014607 0.005543 0.004566 0.004342 0.014744 0.000105 0.025921 0.017546 0.079384 0.000078 0.006318 0.001480 0.003488 0.003568 0.009536 0.013026 0.000762 0.031660 0.001005 0.013755 0.069022 0.000043 0.004380 0.001495 0.001105 0.015406 0.004828 0.175261 0.360548 0.000648 0.000529 0.020356 0.002448 0.008210 0.000064 0.029495 0.000408 
0.000022 0.002003 0.003155 0.005117 0.000437 0.010998 0.003202 0.001327 0.004369 0.005532 0.002246 0.000172 0.003812 0.002266 0.010549 0.007032 0.015461 0.002875 0.001753 0.000345 0.004382 0.028192 0.007342 0.003014 0.013377 0.003526 0.022672 0.033087 0.003062 0.020886 0.002889 0.000976 0.001161 0.002324 0.032979 0.017963 0.014952 0.009200 0.010524 0.039047 0.000360 0.033776 0.025433 0.072279 0.000240 0.013150 0.002193 0.008235 0.014185 0.010011 0.034194 0.002285 0.012232 0.004920 0.008753 0.081668 0.000193 0.013577 0.007225 0.002187 0.030173 0.012486 0.098518 0.056294 0.001295 0.001356 0.037672 0.009415 0.015507 0.000111 0.045795 0.000939 
0.000022 0.001049 0.001864 0.003705 0.000214 0.009248 0.002668 0.000332 0.003689 0.002918 0.003369 0.000363 0.003210 0.002379 0.012237 0.006272 0.009332 0.001782 0.001448 0.000144 0.003474 0.014943 0.005744 0.002538 0.011617 0.004430 0.015158 0.014024 0.004569 0.021123 0.003338 0.001015 0.001217 0.003431 0.011344 0.007705 0.013599 0.006966 0.008243 0.030622 0.000523 0.012175 0.014517 0.025359 0.000380 0.010978 0.001071 0.010705 0.017328 0.004324 0.047058 0.004158 0.002094 0.005396 0.002021 0.036671 0.000278 0.019621 0.012083 0.002965 0.040201 0.021976 0.012022 0.007125 0.003023 0.002644 0.058957 0.014122 0.025884 0.000281 0.054055 0.001674 
0.000007 0.000763 0.003728 0.001941 0.000291 0.003749 0.001387 0.000995 0.001359 0.002857 0.001872 0.000114 0.001806 0.001284 0.007385 0.003991 0.011422 0.002281 0.001277 0.000447 0.002448 0.020027 0.006928 0.001745 0.013260 0.002803 0.022542 0.040576 0.002965 0.010443 0.002696 0.001489 0.001384 0.002988 0.053885 0.031530 0.021913 0.015199 0.015565 0.068697 0.000441 0.061269 0.058354 0.137575 0.000324 0.030368 0.004872 0.015452 0.023274 0.029905 0.078321 0.004697 0.024032 0.005767 0.019708 0.286100 0.000278 0.025928 0.010339 0.006817 0.100366 0.022975 0.234160 0.097020 0.003994 0.004279 0.164201 0.016570 0.065792 0.000374 0.323556 0.002736 
0.000022 0.001431 0.003585 0.005470 0.000398 0.012747 0.003309 0.000995 0.004078 0.004925 0.003369 0.000210 0.004314 0.003134 0.012448 0.006082 0.013650 0.002947 0.001886 0.000290 0.004224 0.022492 0.007520 0.003014 0.016663 0.004882 0.027206 0.033632 0.004423 0.017563 0.003723 0.001103 0.001169 0.003254 0.032412 0.018672 0.017917 0.009700 0.012290 0.044394 0.000431 0.033253 0.028977 0.068726 0.000333 0.015283 0.002220 0.010754 0.015969 0.010961 0.045104 0.004317 0.010155 0.005079 0.007893 0.095050 0.000228 0.015417 0.011336 0.003097 0.044303 0.019812 0.079389 0.041077 0.002483 0.002077 0.051271 0.011862 0.022178 0.000211 0.072739 0.001143 
-0.000000 0.000572 0.001577 0.001059 0.000068 0.002749 0.001921 0.000166 0.002136 0.001702 0.002246 0.000229 0.002809 0.001360 0.005908 0.002756 0.004179 0.000642 0.000629 0.000047 0.001382 0.005392 0.002961 0.003490 0.005046 0.005153 0.006348 0.004629 0.002625 0.017563 0.003499 0.000480 0.000780 0.002877 0.004133 0.002647 0.007412 0.002800 0.004158 0.019281 0.000389 0.004517 0.005087 0.005758 0.000347 0.005371 0.000331 0.010172 0.017668 0.001172 0.035822 0.007427 0.000515 0.013703 0.000510 0.010748 0.000750 0.026103 0.033260 0.001891 0.019234 0.065928 0.002873 0.001056 0.018028 0.006009 0.021201 0.091509 0.023888 0.002404 0.006986 0.020497 
0.000037 0.001526 0.004015 0.004940 0.000379 0.012497 0.002348 0.000498 0.004175 0.004013 0.003744 0.000248 0.003210 0.002304 0.011393 0.007602 0.013929 0.002685 0.001886 0.000337 0.004540 0.026651 0.008704 0.003807 0.015959 0.003978 0.025133 0.035946 0.003500 0.018275 0.003210 0.001274 0.001336 0.003077 0.038165 0.023825 0.019979 0.011899 0.011150 0.050389 0.000402 0.040518 0.035893 0.088572 0.000294 0.015362 0.002874 0.011383 0.016649 0.014668 0.046081 0.003301 0.014459 0.005343 0.010874 0.113702 0.000243 0.015679 0.009841 0.003214 0.042298 0.019312 0.115908 0.066234 0.002483 0.002144 0.059717 0.010168 0.022349 0.000193 0.082220 0.001429 
0.000037 0.001526 0.002007 0.000882 0.000165 0.005249 0.003842 0.001493 0.005340 0.002128 0.004118 0.000420 0.004515 0.002266 0.013081 0.005987 0.008497 0.001426 0.001105 0.000068 0.003237 0.010630 0.004086 0.004441 0.011500 0.008046 0.011271 0.011982 0.006416 0.033464 0.005874 0.001120 0.001670 0.004427 0.008022 0.006665 0.014179 0.006800 0.008243 0.042450 0.000863 0.009491 0.012574 0.015558 0.000700 0.011689 0.000720 0.019763 0.042471 0.003073 0.078321 0.014061 0.001230 0.023913 0.001140 0.025923 0.001142 0.057462 0.059543 0.005299 0.060256 0.108215 0.006654 0.003694 0.020295 0.014595 0.069177 0.113163 0.085176 0.002463 0.020236 0.020497 
0.000029 0.001240 0.002581 0.002823 0.000301 0.005999 0.003842 0.001327 0.003689 0.002432 0.004493 0.000496 0.003712 0.002115 0.012870 0.005322 0.007800 0.001735 0.001277 0.000133 0.003632 0.014481 0.006809 0.004600 0.016663 0.006419 0.016453 0.015931 0.007631 0.044382 0.008185 0.001318 0.002108 0.006286 0.016125 0.009549 0.021010 0.011599 0.013652 0.059138 0.001252 0.016692 0.024519 0.028421 0.000977 0.022944 0.001515 0.030032 0.063961 0.005576 0.123750 0.018282 0.002360 0.027458 0.002501 0.056588 0.001292 0.091799 0.061786 0.010334 0.123064 0.127028 0.020187 0.009060 0.020943 0.019566 0.191737 0.117494 0.243328 0.002656 0.061540 0.020824 
0.000044 0.001049 0.002868 0.002117 0.000204 0.007498 0.001814 0.000498 0.001845 0.002857 0.001123 0.000095 0.002006 0.001511 0.004009 0.002756 0.009611 0.002257 0.001048 0.000335 0.002053 0.014019 0.004322 0.000634 0.009740 0.001718 0.017619 0.026960 0.002333 0.007595 0.001605 0.000645 0.000676 0.001350 0.037112 0.016072 0.010505 0.007166 0.006476 0.023007 0.000196 0.031878 0.020232 0.080854 0.000125 0.009162 0.001838 0.004844 0.005776 0.010708 0.019377 0.001460 0.021157 0.001852 0.011474 0.074502 0.000043 0.008146 0.003862 0.001510 0.022881 0.006992 0.148193 0.155689 0.000756 0.000904 0.026184 0.006025 0.010775 0.000070 0.034263 0.000327 
0.000037 0.000382 0.002581 0.002117 0.000214 0.003749 0.001601 0.000995 0.003398 0.002249 0.002621 0.000286 0.002709 0.001926 0.008018 0.003421 0.004318 0.000879 0.000857 0.000057 0.002448 0.009397 0.003671 0.003490 0.008566 0.004430 0.007903 0.007625 0.004034 0.026582 0.003402 0.000756 0.000955 0.003475 0.006725 0.003545 0.009216 0.005066 0.005851 0.028678 0.000611 0.006677 0.007773 0.010413 0.000444 0.007227 0.000417 0.013224 0.027266 0.002138 0.047220 0.008633 0.000598 0.014655 0.000810 0.015069 0.000693 0.031622 0.033633 0.002786 0.033091 0.062099 0.004915 0.002199 0.015438 0.007653 0.037418 0.075128 0.043899 0.001977 0.010090 0.015475 
-0.000000 0.000382 0.000430 0.001235 0.000039 0.001500 0.001601 0.000332 0.001262 0.000912 0.001498 0.000229 0.001906 0.000755 0.003376 0.001520 0.003622 0.000499 0.000362 0.000025 0.001263 0.003081 0.001599 0.002221 0.004342 0.002893 0.004146 0.003132 0.002139 0.010680 0.002183 0.000265 0.000549 0.001594 0.002998 0.001749 0.004189 0.002233 0.002024 0.010855 0.000379 0.002160 0.003201 0.004900 0.000226 0.002646 0.000218 0.007363 0.014355 0.000649 0.019377 0.005872 0.000449 0.010422 0.000270 0.006112 0.000900 0.019271 0.030395 0.001478 0.015315 0.050944 0.002193 0.001143 0.020080 0.004077 0.013683 0.121259 0.016020 0.005335 0.003825 0.080275 
0.000022 0.001526 0.002868 0.002823 0.000243 0.007248 0.002241 0.000664 0.003592 0.003709 0.003369 0.000439 0.004615 0.002681 0.012237 0.004847 0.010447 0.001877 0.001543 0.000195 0.003435 0.016638 0.007224 0.002379 0.014903 0.005424 0.017619 0.021377 0.004666 0.025870 0.004461 0.001131 0.001225 0.004449 0.017827 0.011723 0.016563 0.009433 0.011371 0.046338 0.000546 0.019965 0.024405 0.036262 0.000450 0.016073 0.001573 0.013418 0.021830 0.007492 0.056339 0.005427 0.003989 0.008676 0.003401 0.058906 0.000393 0.025140 0.014076 0.004257 0.054422 0.026804 0.030168 0.012842 0.003563 0.003221 0.081594 0.018076 0.044526 0.000404 0.164883 0.002491 
0.000022 0.001336 0.001864 0.004411 0.000282 0.005999 0.002561 0.000166 0.003107 0.003405 0.002246 0.000210 0.003411 0.001926 0.009917 0.004561 0.010168 0.001901 0.001239 0.000267 0.003356 0.021259 0.006691 0.001903 0.011031 0.003616 0.019174 0.026007 0.002819 0.016376 0.002632 0.000910 0.000867 0.002280 0.024633 0.014370 0.013857 0.007733 0.007948 0.033862 0.000258 0.027165 0.023319 0.056598 0.000193 0.010189 0.001826 0.006927 0.011892 0.009425 0.032566 0.002285 0.009673 0.003227 0.007613 0.070919 0.000136 0.010862 0.004983 0.002109 0.027256 0.014651 0.078028 0.046355 0.001619 0.001308 0.037925 0.005649 0.014424 0.000099 0.049398 0.000817 
0.000029 0.001622 0.004158 0.002294 0.000214 0.009248 0.002135 0.000664 0.003495 0.004256 0.002621 0.000229 0.002408 0.001548 0.011182 0.004752 0.012536 0.001925 0.001543 0.000288 0.003593 0.021259 0.008645 0.003014 0.015138 0.004430 0.026688 0.027777 0.003791 0.019699 0.003787 0.001280 0.001376 0.003497 0.029009 0.016781 0.019206 0.012066 0.011812 0.059138 0.000474 0.032009 0.032178 0.059783 0.000380 0.018719 0.002492 0.013757 0.022764 0.012450 0.061224 0.005745 0.009041 0.007089 0.007293 0.108539 0.000271 0.023651 0.012581 0.004653 0.062535 0.023807 0.065023 0.033337 0.004534 0.002990 0.100007 0.018264 0.042189 0.000345 0.202029 0.001960 
