# Flux Network Reconstruction using RW method
# Walkers leave from emitting cells
# Probability involves emitting fluxes, then absorbing flux is shared among connections
# Seed: 1685008047
# Threshold: 0.5
# Precision: 100000.0
# Dt: 1.0
# Radius step: 9.000000
# Matrix output


0.003097 0.011076 0.000917 0.029735 0.000639 0.014200 0.011129 0.001855 0.001909 0.001051 0.013644 0.036938 0.001303 0.010123 0.001353 0.003499 0.010574 0.001440 0.003179 0.000057 0.001426 0.000015 0.000616 0.000072 0.001090 0.005391 0.000736 0.002021 0.002433 0.000140 0.000835 0.000818 0.000227 0.009244 0.001338 0.000735 0.000040 0.000248 0.000012 0.000496 0.000054 0.000056 0.000717 0.000410 0.000244 0.000291 -0.000000 0.000285 0.000904 0.000071 0.000220 0.000346 0.000169 0.000171 0.000111 0.000036 0.000049 0.000007 0.000218 0.000117 0.000375 0.000226 0.000112 0.000053 0.000168 0.000142 -0.000000 0.000063 0.000048 -0.000000 
0.003994 0.000939 0.000917 0.000497 0.000997 0.003415 0.000307 0.002782 0.000400 0.000660 0.002472 0.003560 0.000090 0.000321 0.000934 0.000597 0.003231 0.000589 0.003020 0.000010 0.001216 0.000012 0.000233 0.000050 0.000488 0.000539 0.000173 0.003031 0.001298 0.000034 0.000835 0.000243 0.000119 0.002397 0.000487 0.000420 0.000049 0.000268 0.000003 0.000496 0.000121 0.000023 0.000299 0.000328 0.000061 0.000065 0.000144 0.000237 0.000226 0.000213 0.000037 0.000231 0.000169 0.000214 0.000148 0.000054 0.000033 -0.000000 0.000073 0.000156 0.000150 -0.000000 0.000022 -0.000000 0.000084 0.000142 0.000032 0.000190 -0.000000 0.000208 
0.084853 0.001961 0.104368 0.001223 0.026535 0.017705 0.000921 0.086428 0.001879 0.013708 0.010975 0.004450 0.000276 0.001848 0.011404 0.001763 0.011749 0.003905 0.061672 0.000027 0.008430 0.000422 0.000887 0.000452 0.004809 0.001617 0.000455 0.030889 0.011192 0.000283 0.011483 0.000796 0.000887 0.009929 0.001642 0.007981 0.000494 0.001301 0.000011 0.001447 0.000769 0.000168 0.003109 0.004019 0.001130 0.000648 0.000866 0.000665 0.002034 0.002130 0.001392 0.001326 0.000394 0.000897 0.000334 0.000072 0.000344 0.000060 0.001238 0.000662 0.000300 0.000226 0.000112 0.000026 0.000378 0.001424 0.000080 0.000506 0.000071 0.000417 
0.001467 0.002596 0.000483 0.001185 0.000562 0.004404 0.000460 0.001484 0.000784 0.000342 0.004350 0.005340 0.000179 0.001044 0.001063 0.000895 0.002644 0.000567 0.002543 0.000012 0.000545 0.000011 0.000093 0.000037 0.000601 0.000809 0.000260 0.001299 0.001460 0.000076 0.001183 0.000221 0.000119 0.005478 0.000973 0.000315 0.000030 0.000248 0.000002 0.000538 0.000040 0.000051 0.000359 0.000410 0.000122 0.000162 0.000120 0.000190 0.000339 0.000142 0.000073 0.000346 0.000113 0.000342 0.000074 -0.000000 0.000082 0.000014 0.000073 0.000117 0.000300 0.000226 -0.000000 -0.000000 0.000168 0.000427 0.000032 0.000126 0.000024 -0.000000 
0.076213 0.001353 0.224619 0.000229 0.035712 0.013930 0.000153 0.622056 0.000666 0.023996 0.002867 0.000445 0.000076 0.000321 0.012403 0.000244 0.004406 0.002684 0.147026 0.000009 0.006542 0.001672 0.000177 0.000541 0.002367 -0.000000 0.000065 0.046911 0.007056 0.000106 0.028604 0.000177 0.000444 0.002397 0.000182 0.017641 0.000499 0.000929 0.000001 0.000579 0.000634 0.000023 0.002152 0.005906 0.000947 0.000162 0.000578 0.000047 0.000339 0.003763 0.000953 0.000922 0.000056 0.000128 0.000074 -0.000000 0.000082 0.000060 0.001456 0.000078 -0.000000 -0.000000 0.000045 0.000026 0.000084 0.000285 -0.000000 -0.000000 -0.000000 0.000417 
0.005054 0.013064 0.001834 0.009670 0.001457 0.015099 0.004605 0.002597 0.002382 0.001662 0.019082 0.022697 0.001048 0.007713 0.002674 0.003390 0.011945 0.001942 0.008901 0.000067 0.002726 0.000051 0.000868 0.000134 0.001916 0.005391 0.001040 0.004619 0.003082 0.000264 0.002157 0.000929 0.000530 0.014380 0.002311 0.001785 0.000119 0.000351 0.000011 0.001613 0.000202 0.000107 0.001315 0.001066 0.000519 0.000291 0.000265 0.000570 0.002825 0.000639 0.000476 0.000461 0.000732 0.000726 0.000260 0.000054 0.000164 0.000011 0.000146 0.000350 0.000375 0.000226 0.000202 0.000131 0.000210 0.000712 0.000064 0.000316 0.000119 -0.000000 
0.086728 0.038613 0.020179 0.019034 0.021959 0.130496 0.010131 0.026707 0.011808 0.014319 0.062683 0.064085 0.002585 0.017916 0.021841 0.011419 0.065305 0.014029 0.050545 0.000213 0.017405 0.000198 0.003257 0.000745 0.009956 0.015364 0.003358 0.033054 0.019383 0.001028 0.009674 0.004201 0.001862 0.040401 0.007360 0.007876 0.000405 0.002209 0.000046 0.003266 0.000728 0.000346 0.004962 0.005004 0.001711 0.002007 0.001131 0.001757 0.005312 0.001775 0.001319 0.002075 0.001801 0.001709 0.001633 0.000271 0.000754 0.000060 0.001238 0.000974 0.001652 0.001131 0.000381 0.000131 0.000546 0.001709 0.000096 0.001011 0.000214 0.000208 
0.017199 0.000856 0.016751 0.000497 0.005726 0.003505 0.000460 0.013725 0.000769 0.003299 0.003658 0.005340 0.000214 0.001607 0.003511 0.001058 0.005581 0.001811 0.016689 0.000017 0.002978 0.000097 0.000579 0.000180 0.002705 0.001078 0.000217 0.009382 0.005028 0.000204 0.004315 0.000685 0.000595 0.006505 0.002372 0.002940 0.000203 0.000599 0.000008 0.001282 0.000539 0.000154 0.001794 0.002707 0.000855 0.000712 0.000553 0.000760 0.002147 0.000497 0.000733 0.000980 0.000563 0.000769 0.000705 0.000127 0.000262 0.000042 0.000728 0.000428 0.000751 0.000226 0.000202 0.000053 0.000630 0.001567 0.000080 0.000442 0.000071 0.000139 
0.001793 0.005524 0.000724 0.022397 0.000690 0.008448 0.031620 0.001298 0.001746 0.000733 0.013347 0.081442 0.001654 0.015184 0.001482 0.003689 0.007441 0.001309 0.003974 0.000084 0.001678 0.000008 0.000588 0.000075 0.001540 0.009434 0.000996 0.001732 0.002027 0.000147 0.000348 0.000973 0.000314 0.016777 0.001764 0.000735 0.000054 0.000289 0.000006 0.000620 0.000054 0.000056 0.000717 0.000410 0.000183 0.000324 0.000072 0.000855 0.001356 0.000284 0.000110 0.000115 0.000225 0.000128 0.000334 0.000090 0.000115 0.000007 -0.000000 0.000195 0.000526 0.000678 0.000067 -0.000000 0.000084 0.000570 0.000080 0.000063 -0.000000 -0.000000 
0.072056 0.050351 0.017137 0.023544 0.019019 0.163210 0.014275 0.024296 0.016514 0.014784 0.084435 0.086337 0.003543 0.021852 0.023935 0.017603 0.074606 0.016974 0.056903 0.000304 0.020718 0.000225 0.004303 0.000859 0.013413 0.020486 0.004267 0.033921 0.027330 0.001473 0.011135 0.005262 0.002500 0.068134 0.010644 0.009766 0.000554 0.002788 0.000063 0.005665 0.001011 0.000598 0.005321 0.006562 0.002597 0.003011 0.001396 0.003086 0.011075 0.002414 0.002088 0.003632 0.003151 0.003289 0.002042 0.000398 0.000754 0.000092 0.001602 0.001636 0.002177 0.002487 0.000606 0.000184 0.000882 0.003703 0.000304 0.001706 0.000214 0.000556 
0.016139 0.060101 0.005069 0.087142 0.005803 0.069831 0.034383 0.010386 0.010787 0.005400 0.075537 0.163329 0.005148 0.040491 0.010727 0.018336 0.051206 0.007811 0.026385 0.000322 0.011407 0.000115 0.003276 0.000484 0.008266 0.031268 0.005654 0.019631 0.015409 0.000963 0.006125 0.004356 0.001602 0.051015 0.008515 0.003990 0.000326 0.001404 0.000074 0.003680 0.000728 0.000378 0.002929 0.002625 0.001283 0.001878 0.000866 0.002422 0.007459 0.001420 0.001062 0.001499 0.002476 0.002008 0.001188 0.000470 0.000623 0.000057 0.000728 0.000896 0.001652 0.003166 0.000494 0.000184 0.000840 0.001567 0.000176 0.000569 0.000166 0.000625 
0.007825 0.028449 0.001545 0.131555 0.002301 0.040353 0.202617 0.002040 0.006452 0.001759 0.056257 0.455273 0.007995 0.088293 0.003995 0.016220 0.030547 0.003949 0.008106 0.000331 0.003858 0.000029 0.002007 0.000147 0.002292 0.031537 0.005177 0.004186 0.004623 0.000404 0.001392 0.002897 0.000617 0.032526 0.004684 0.001050 0.000040 0.000434 0.000030 0.000744 0.000135 0.000126 0.000837 0.000410 0.000214 0.000907 0.000289 0.001045 0.001582 0.000071 0.000110 0.000461 0.001125 0.000256 0.000334 0.000109 0.000049 0.000011 0.000364 0.000117 0.000526 0.000226 0.000022 0.000053 0.000168 0.000285 0.000032 0.000253 0.000048 -0.000000 
0.254642 0.009750 0.283610 0.005427 0.115369 0.074235 0.003914 0.198635 0.007857 0.052977 0.036878 0.026702 0.001220 0.007472 0.048128 0.008517 0.056101 0.016996 0.220778 0.000149 0.033006 0.001192 0.003360 0.001997 0.020439 0.014825 0.002621 0.113165 0.048254 0.001371 0.041549 0.004135 0.003550 0.046906 0.009854 0.030872 0.001493 0.005678 0.000063 0.008435 0.002858 0.000692 0.013930 0.015339 0.006141 0.002558 0.003562 0.002991 0.009267 0.008590 0.004433 0.006917 0.002588 0.003460 0.002302 0.000470 0.001229 0.000283 0.003713 0.002376 0.002177 0.002261 0.000651 0.000184 0.001428 0.005270 0.000336 0.002907 0.000285 0.001389 
0.024046 0.037287 0.006855 0.019263 0.008462 0.104792 0.012433 0.018176 0.012785 0.008724 0.072175 0.081887 0.003115 0.022013 0.015495 0.015542 0.065011 0.010058 0.035286 0.000254 0.013966 0.000125 0.003743 0.000607 0.010595 0.021294 0.004397 0.023961 0.022059 0.001077 0.007516 0.005108 0.002035 0.060944 0.011253 0.007456 0.000391 0.002581 0.000069 0.004135 0.000890 0.000561 0.005560 0.004922 0.001986 0.003011 0.001444 0.003609 0.009267 0.002840 0.001539 0.003632 0.002926 0.003033 0.002487 0.000669 0.000754 0.000103 0.001383 0.001636 0.002778 0.001809 0.000740 0.000184 0.001344 0.003276 0.000192 0.001327 0.000214 0.000833 
0.003587 0.008783 0.001207 0.036883 0.001304 0.018244 0.102920 0.002040 0.003418 0.001075 0.032034 0.227859 0.003226 0.042178 0.002287 0.007812 0.015078 0.002400 0.004768 0.000176 0.003020 0.000029 0.001381 0.000101 0.002367 0.020486 0.003401 0.006640 0.003649 0.000314 0.001253 0.001835 0.000617 0.020543 0.003893 0.000945 0.000054 0.000537 0.000024 0.001158 0.000108 0.000135 0.001136 0.000902 0.000306 0.000712 0.000265 0.000617 0.001921 0.000142 0.000256 0.000634 0.000844 0.000427 0.000371 0.000181 0.000147 0.000007 0.000146 0.000389 0.000601 0.000452 0.000135 0.000026 0.000336 -0.000000 0.000096 0.000379 0.000071 0.000069 
0.108573 0.003922 0.194303 0.001911 0.054144 0.034961 0.000844 1.914388 0.003374 0.054516 0.013743 0.006676 0.000400 0.002249 0.037755 0.003092 0.024281 0.009840 0.421052 0.000057 0.027680 0.005481 0.001456 0.002361 0.015968 0.002695 0.001083 0.201791 0.047848 0.000884 0.116366 0.001946 0.003225 0.018489 0.003710 0.085056 0.002887 0.006422 0.000024 0.006988 0.005164 0.000411 0.016799 0.032401 0.007302 0.001360 0.005150 0.002374 0.005425 0.021299 0.008683 0.008416 0.001238 0.002093 0.001411 0.000072 0.000819 0.000570 0.009902 0.001869 0.001051 0.001583 0.000606 0.000053 0.001260 0.007834 0.000064 0.002591 0.000166 0.002778 
0.028121 0.044910 0.008400 0.074797 0.008998 0.141281 0.068153 0.018176 0.027656 0.010214 0.223545 0.436582 0.018740 0.111029 0.018620 0.058126 0.128357 0.019789 0.045618 0.000988 0.022983 0.000178 0.009165 0.000763 0.017358 0.084908 0.015553 0.037385 0.032034 0.002425 0.011831 0.011984 0.003691 0.139691 0.021106 0.008296 0.000524 0.003923 0.000145 0.006450 0.001173 0.000818 0.008609 0.005250 0.002688 0.005148 0.001805 0.005271 0.012770 0.002414 0.001246 0.004266 0.005177 0.003204 0.003415 0.000904 0.001278 0.000113 0.001165 0.002453 0.004204 0.004522 0.000830 0.000184 0.001092 0.003988 0.000304 0.001453 0.000523 0.000625 
0.129359 0.008507 0.108810 0.005848 0.064983 0.069113 0.004605 0.261137 0.008568 0.077119 0.044590 0.044504 0.001730 0.008195 0.059468 0.009792 0.070788 0.023454 0.374957 0.000199 0.050788 0.001790 0.005012 0.003358 0.035317 0.014556 0.004376 0.185192 0.079801 0.002044 0.069179 0.006368 0.005996 0.077378 0.016544 0.059540 0.002640 0.009932 0.000090 0.013355 0.005083 0.001285 0.022897 0.027069 0.010143 0.005763 0.006979 0.005888 0.018421 0.012424 0.006924 0.012221 0.005290 0.007433 0.004232 0.001013 0.002671 0.000574 0.007281 0.004362 0.004580 0.002487 0.001683 0.000263 0.002688 0.011395 0.000432 0.003349 0.000547 0.003125 
0.012064 0.013976 0.004489 0.021709 0.004371 0.053834 0.025481 0.010943 0.012252 0.005400 0.099661 0.209613 0.011255 0.057523 0.009535 0.032115 0.065794 0.009905 0.026385 0.000599 0.014511 0.000136 0.005479 0.000528 0.010069 0.055527 0.010289 0.026270 0.019139 0.001330 0.009883 0.007872 0.002489 0.094497 0.015389 0.007141 0.000470 0.003242 0.000115 0.006657 0.001079 0.000649 0.006098 0.004922 0.002505 0.003691 0.001709 0.004274 0.012318 0.002343 0.001356 0.003862 0.004052 0.003930 0.003230 0.000832 0.001229 0.000124 0.000874 0.002531 0.003904 0.004975 0.000942 0.000368 0.002310 0.003846 0.000400 0.001453 0.000285 0.000833 
0.009129 0.000608 0.010620 0.000764 0.004013 0.007280 0.000537 0.188063 0.000814 0.005376 0.004647 0.002670 0.000207 0.001125 0.005412 0.001248 0.006951 0.002727 0.055314 0.000029 0.007549 0.001358 0.000597 0.000500 0.005936 0.004313 0.000715 0.049221 0.014436 0.000400 0.034033 0.001172 0.001429 0.016434 0.003102 0.041898 0.001538 0.003634 0.000024 0.004796 0.003411 0.000378 0.010761 0.022804 0.005621 0.002040 0.004789 0.001899 0.006216 0.015406 0.007364 0.009396 0.002645 0.002990 0.002339 0.000289 0.001065 0.000535 0.009902 0.002453 0.001877 0.002261 0.000516 0.000079 0.001764 0.009116 0.000208 0.003223 0.000119 0.003750 
0.003342 0.007706 0.001545 0.017276 0.001764 0.026602 0.065543 0.003338 0.006378 0.002346 0.063672 1.361815 0.010442 0.229127 0.003834 0.021970 0.039261 0.005454 0.011921 0.000816 0.006836 0.000042 0.004331 0.000261 0.005485 0.365778 0.027012 0.011114 0.012408 0.001050 0.004385 0.010414 0.001515 0.140718 0.016848 0.002625 0.000153 0.001549 0.000162 0.003928 0.000499 0.000514 0.002870 0.000984 0.001039 0.003400 0.000457 0.003941 0.010171 0.000497 0.000513 0.001268 0.003039 0.001794 0.001856 0.000832 0.000459 0.000028 0.000510 0.001090 0.003078 0.002261 0.000381 0.000131 0.000630 0.000855 0.000272 0.000632 0.000190 0.000347 
0.017362 0.002486 0.008931 0.002255 0.007107 0.024895 0.001842 0.040061 0.003507 0.014173 0.021356 0.018692 0.000965 0.005302 0.021229 0.005018 0.030743 0.009513 0.122549 0.000128 0.025667 0.000408 0.002856 0.001960 0.020401 0.011052 0.003054 0.079822 0.046226 0.001175 0.022619 0.004953 0.003896 0.055466 0.012287 0.022052 0.001137 0.005699 0.000073 0.009882 0.002953 0.000850 0.013511 0.012468 0.006477 0.004112 0.004235 0.005746 0.016161 0.006390 0.004213 0.009223 0.005121 0.005682 0.003712 0.000760 0.001852 0.000333 0.002912 0.003700 0.004505 0.004975 0.001660 0.000289 0.002142 0.006410 0.000448 0.004044 0.000523 0.001319 
0.057873 0.005911 0.043398 0.003593 0.025615 0.047363 0.004068 0.232761 0.007783 0.051339 0.046172 0.038273 0.001482 0.010524 0.049224 0.010741 0.058941 0.020705 0.742603 0.000220 0.063076 0.002615 0.005628 0.004656 0.047114 0.020486 0.005112 0.363022 0.118647 0.002656 0.128267 0.008071 0.010195 0.120860 0.020924 0.092932 0.004237 0.017325 0.000128 0.023610 0.009856 0.001827 0.041969 0.050693 0.018391 0.008839 0.013452 0.008927 0.030739 0.022790 0.013482 0.025883 0.009679 0.012517 0.009021 0.001664 0.003916 0.000935 0.009538 0.007944 0.007433 0.006331 0.003029 0.000473 0.005251 0.018802 0.000879 0.007583 0.001093 0.004931 
0.036191 0.012346 0.015689 0.013186 0.015568 0.106769 0.011359 0.052116 0.022566 0.025682 0.131793 0.100133 0.004866 0.031413 0.050415 0.033308 0.229986 0.069075 0.141940 0.000762 0.094698 0.000601 0.022792 0.003021 0.066651 0.060649 0.015336 0.123990 0.123108 0.008081 0.042176 0.023946 0.012186 0.261236 0.052188 0.035493 0.002072 0.013319 0.000314 0.024147 0.004395 0.002593 0.023734 0.021573 0.010265 0.012239 0.007171 0.016667 0.040458 0.009371 0.006595 0.016486 0.013730 0.013200 0.009132 0.002424 0.004260 0.000474 0.004660 0.007905 0.011412 0.011532 0.002446 0.000735 0.004578 0.010968 0.001247 0.006066 0.000998 0.002708 
0.004483 0.003701 0.001786 0.005160 0.001559 0.011324 0.014275 0.004822 0.003019 0.001882 0.026991 0.208723 0.002750 0.048364 0.002803 0.009114 0.019973 0.003513 0.010173 0.000325 0.005075 0.000054 0.002632 0.000208 0.004922 0.161460 0.011719 0.011403 0.009083 0.000665 0.003758 0.005550 0.001450 0.082856 0.011861 0.003150 0.000218 0.001962 0.000098 0.003308 0.000620 0.000537 0.002571 0.002871 0.001314 0.002623 0.001035 0.003514 0.009832 0.000994 0.000989 0.001326 0.003433 0.002350 0.001596 0.000850 0.000836 0.000081 0.000655 0.001791 0.002703 0.003618 0.000606 0.000236 0.001050 0.002279 0.000320 0.001201 0.000285 0.000208 
0.055835 0.009253 0.031957 0.007835 0.025129 0.079987 0.005526 0.112578 0.014279 0.056569 0.073460 0.053404 0.002819 0.017112 0.091134 0.019258 0.120133 0.041999 0.416601 0.000442 0.174256 0.001326 0.011592 0.011493 0.107265 0.036120 0.008665 0.324338 0.240620 0.005440 0.085047 0.016119 0.015174 0.198581 0.042638 0.063110 0.003466 0.020505 0.000226 0.031631 0.007712 0.002925 0.043344 0.038635 0.016956 0.012336 0.010564 0.013248 0.045657 0.015406 0.010991 0.021617 0.013168 0.014396 0.011063 0.002550 0.005227 0.000673 0.009319 0.008762 0.011111 0.007914 0.003567 0.000525 0.006091 0.017662 0.001007 0.008089 0.001141 0.004167 
0.017199 0.009750 0.007531 0.010320 0.006033 0.060125 0.016194 0.022256 0.015345 0.010116 0.125466 0.150423 0.005941 0.041776 0.018523 0.043995 0.122875 0.021709 0.054519 0.001230 0.029399 0.000251 0.018797 0.001144 0.025699 0.092455 0.021250 0.050231 0.049551 0.004560 0.017608 0.025428 0.006678 0.273904 0.043672 0.017641 0.000974 0.007558 0.000318 0.015754 0.002710 0.001939 0.015903 0.011894 0.005927 0.010296 0.004187 0.013153 0.034695 0.004828 0.003993 0.008993 0.011311 0.009056 0.008390 0.001863 0.002704 0.000255 0.002767 0.006153 0.007508 0.010175 0.001773 0.000604 0.003864 0.007976 0.000815 0.004360 0.000903 0.001806 
0.022579 0.001851 0.021627 0.002217 0.010456 0.017975 0.001765 0.309915 0.002649 0.015712 0.016314 0.014686 0.000675 0.003133 0.015624 0.003797 0.022715 0.007134 0.156881 0.000079 0.021263 0.005194 0.002091 0.001438 0.018447 0.008895 0.002664 0.138280 0.043307 0.001096 0.096113 0.004201 0.004459 0.055123 0.010279 0.106478 0.004168 0.010386 0.000078 0.015216 0.009977 0.001079 0.028995 0.056517 0.016100 0.004630 0.011262 0.007028 0.019325 0.030173 0.016853 0.022654 0.005909 0.009056 0.006571 0.000922 0.003588 0.001147 0.019513 0.007360 0.005706 0.004748 0.002132 0.000289 0.004830 0.021366 0.000719 0.007014 0.000594 0.005347 
0.031300 0.005331 0.023992 0.003478 0.016361 0.043139 0.004758 0.113320 0.007310 0.034357 0.040932 0.044949 0.001530 0.010042 0.041234 0.009439 0.062270 0.019047 0.410879 0.000246 0.058924 0.001274 0.005497 0.005057 0.046550 0.021294 0.005827 0.326648 0.120999 0.002788 0.084699 0.009552 0.009697 0.121203 0.025486 0.066995 0.003550 0.017531 0.000144 0.024106 0.008184 0.002032 0.036767 0.040194 0.018391 0.009875 0.010901 0.011871 0.032322 0.016542 0.010222 0.022712 0.012661 0.014866 0.010172 0.001755 0.004080 0.000782 0.009392 0.008840 0.009460 0.007462 0.002603 0.000788 0.006721 0.017805 0.000783 0.007899 0.001164 0.004028 
0.003179 0.002596 0.001352 0.004204 0.001534 0.012043 0.008135 0.003709 0.003078 0.002273 0.024816 0.124610 0.002523 0.027637 0.003511 0.008625 0.018015 0.003382 0.008583 0.000323 0.005242 0.000048 0.002193 0.000243 0.005636 0.128036 0.013582 0.012558 0.009975 0.000680 0.003689 0.006235 0.001450 0.081487 0.011800 0.003675 0.000257 0.001900 0.000108 0.004135 0.000553 0.000472 0.003647 0.002625 0.001925 0.002849 0.001251 0.003799 0.009719 0.001633 0.000806 0.002018 0.003770 0.002179 0.002079 0.000669 0.000836 0.000078 0.000291 0.002064 0.004129 0.002487 0.000740 0.000236 0.001176 0.001709 0.000288 0.001137 0.000404 0.000625 
0.006195 0.004557 0.003090 0.007529 0.002735 0.025075 0.009901 0.009273 0.006703 0.004032 0.051017 0.124165 0.004039 0.032136 0.006926 0.018173 0.047192 0.008509 0.023206 0.000906 0.013504 0.000100 0.006272 0.000526 0.011572 0.091647 0.023373 0.024250 0.020112 0.001674 0.009187 0.013797 0.003084 0.188652 0.026763 0.008506 0.000489 0.003655 0.000199 0.007815 0.001065 0.001061 0.006935 0.006316 0.003819 0.006378 0.002286 0.009449 0.018534 0.002201 0.001942 0.004323 0.007034 0.004870 0.004418 0.001429 0.001606 0.000181 0.001238 0.003115 0.005255 0.007688 0.001414 0.000394 0.001932 0.002991 0.000751 0.001833 0.000689 0.000764 
0.048907 0.006187 0.038764 0.004586 0.023697 0.048172 0.004068 0.252049 0.007620 0.051657 0.043898 0.037383 0.001475 0.009480 0.052058 0.009656 0.067557 0.021752 0.706522 0.000227 0.070877 0.003384 0.005945 0.006344 0.065824 0.021833 0.005264 0.740478 0.170632 0.003426 0.233915 0.010613 0.014145 0.136267 0.028405 0.135775 0.007347 0.026761 0.000161 0.033781 0.014589 0.002902 0.065165 0.073989 0.028473 0.011494 0.018602 0.012773 0.037294 0.032587 0.018611 0.035106 0.011198 0.015251 0.011471 0.001935 0.005522 0.001303 0.017692 0.010670 0.011262 0.008366 0.003926 0.000604 0.006469 0.030197 0.001167 0.012954 0.000974 0.005972 
0.006602 0.005110 0.002414 0.006880 0.002403 0.022109 0.016117 0.006491 0.005682 0.003348 0.047260 0.214063 0.004776 0.056559 0.006701 0.018607 0.040044 0.007156 0.020345 0.000780 0.010107 0.000079 0.005395 0.000423 0.010896 0.620771 0.041157 0.022806 0.020356 0.001696 0.006820 0.017026 0.003084 0.277670 0.036738 0.005880 0.000386 0.003841 0.000376 0.008311 0.001187 0.001187 0.006337 0.004512 0.002688 0.008548 0.001925 0.011159 0.020907 0.002556 0.001209 0.004093 0.010354 0.005425 0.004752 0.002261 0.001606 0.000131 0.001092 0.003661 0.008709 0.007462 0.001010 0.000578 0.002352 0.005128 0.000783 0.002464 0.000618 0.000278 
0.008640 0.004226 0.003717 0.003516 0.003656 0.023457 0.003761 0.018361 0.005845 0.006940 0.038658 0.042279 0.001509 0.013336 0.011050 0.010171 0.052772 0.011585 0.041167 0.000311 0.022270 0.000254 0.008363 0.000971 0.023933 0.033155 0.007841 0.046045 0.041198 0.005225 0.016077 0.014903 0.006505 0.178038 0.032116 0.014806 0.001004 0.006814 0.000216 0.012901 0.002292 0.001397 0.014289 0.012796 0.005713 0.010361 0.003899 0.008737 0.025767 0.004615 0.003517 0.007840 0.009454 0.007988 0.006757 0.001935 0.002589 0.000273 0.002330 0.004751 0.008258 0.006105 0.001862 0.000604 0.003024 0.008546 0.000815 0.004992 0.000713 0.000972 
0.019889 0.004364 0.012696 0.003554 0.009816 0.032894 0.003377 0.056196 0.006363 0.016763 0.037966 0.039608 0.001592 0.012212 0.025610 0.010877 0.051891 0.017432 0.158153 0.000253 0.050494 0.000777 0.006375 0.003253 0.062969 0.030189 0.005892 0.193852 0.174443 0.003800 0.061106 0.012714 0.014806 0.165370 0.035461 0.053134 0.003327 0.023065 0.000233 0.033037 0.007348 0.003126 0.042327 0.035272 0.018819 0.014343 0.011455 0.016382 0.048256 0.014128 0.009819 0.025306 0.016656 0.017771 0.013105 0.002406 0.006062 0.000779 0.008009 0.012033 0.013739 0.012436 0.004084 0.000551 0.007435 0.017805 0.001359 0.009100 0.001592 0.003403 
0.000815 0.001906 0.000434 0.003211 0.000767 0.007280 0.010361 0.001855 0.001924 0.000880 0.017203 0.164664 0.002819 0.038563 0.001643 0.008652 0.014392 0.002029 0.004133 0.000493 0.002516 0.000006 0.002959 0.000083 0.002480 1.508396 0.039814 0.005918 0.004542 0.000824 0.001879 0.014107 0.001255 0.276986 0.030352 0.000630 0.000079 0.001156 0.000566 0.003804 0.000121 0.000612 0.001255 0.000246 0.000580 0.004760 0.000289 0.007597 0.010284 0.000284 0.000147 0.000865 0.007315 0.001837 0.002339 0.002098 0.000442 0.000007 -0.000000 0.001090 0.005931 0.006331 0.000494 0.000263 0.000588 0.000285 0.000368 0.000632 0.000356 -0.000000 
0.037332 0.004889 0.025054 0.005083 0.016744 0.053744 0.004682 0.134278 0.009337 0.035456 0.050325 0.044059 0.001861 0.012694 0.051285 0.013481 0.085474 0.030196 0.394349 0.000347 0.105434 0.002076 0.010836 0.008407 0.140929 0.038815 0.009033 0.714352 0.407845 0.007083 0.193549 0.021205 0.037804 0.268426 0.062954 0.127900 0.008810 0.064177 0.000347 0.084846 0.017906 0.006102 0.117118 0.081536 0.042648 0.024834 0.025003 0.025214 0.083290 0.031380 0.020553 0.048133 0.024422 0.029177 0.022534 0.003111 0.009880 0.001335 0.017328 0.017875 0.019070 0.015828 0.005721 0.000893 0.010921 0.039455 0.001807 0.015040 0.001545 0.006042 
0.033827 0.003894 0.029640 0.002637 0.016898 0.033343 0.001995 0.258170 0.005342 0.037142 0.026893 0.024922 0.001034 0.005945 0.041170 0.006835 0.052968 0.018218 0.506725 0.000171 0.068990 0.004304 0.005992 0.006101 0.075367 0.017521 0.005155 1.006069 0.212073 0.003789 0.594983 0.010193 0.021429 0.136952 0.032845 0.285202 0.017359 0.055484 0.000177 0.059748 0.031402 0.004289 0.136966 0.135674 0.054777 0.015056 0.033739 0.014815 0.051873 0.053389 0.034402 0.062775 0.015362 0.021872 0.014887 0.002062 0.008897 0.002163 0.024609 0.016005 0.010736 0.008366 0.005475 0.000341 0.009493 0.041877 0.001087 0.016619 0.001093 0.011181 
0.020704 0.004557 0.012696 0.003822 0.009254 0.038196 0.004605 0.062873 0.007191 0.016445 0.043404 0.044504 0.001964 0.012935 0.025127 0.011500 0.061193 0.018545 0.141622 0.000321 0.052927 0.000810 0.007728 0.003222 0.071535 0.031537 0.009076 0.197317 0.181337 0.004662 0.063611 0.018153 0.023626 0.220835 0.046288 0.060170 0.003698 0.030106 0.000311 0.047592 0.009182 0.004471 0.057752 0.040850 0.019644 0.019265 0.014030 0.021937 0.066677 0.017323 0.013006 0.031820 0.024309 0.023965 0.018562 0.003093 0.008045 0.000878 0.009538 0.014331 0.019745 0.017411 0.005856 0.001077 0.008401 0.023645 0.001887 0.013902 0.002115 0.005000 
0.005217 0.005275 0.001496 0.007682 0.001789 0.025434 0.019648 0.003524 0.007310 0.002810 0.069802 0.302625 0.007788 0.086043 0.006282 0.033227 0.064228 0.010385 0.020504 0.001866 0.015266 0.000062 0.014485 0.000471 0.019236 1.132645 0.177755 0.021940 0.025627 0.005176 0.006403 0.096294 0.008474 1.915618 0.199262 0.005355 0.000410 0.005617 0.003023 0.020426 0.000688 0.003934 0.008609 0.004019 0.002688 0.029852 0.001300 0.042165 0.067808 0.001278 0.000879 0.004439 0.037983 0.010381 0.010914 0.010274 0.002769 0.000064 0.000801 0.005764 0.024250 0.033465 0.002356 0.001707 0.003066 0.002279 0.001615 0.003033 0.002234 0.000417 
0.018666 0.005938 0.007965 0.008638 0.007311 0.053475 0.012126 0.032271 0.012193 0.012487 0.093234 0.120160 0.005107 0.038804 0.023452 0.030568 0.119448 0.024458 0.089011 0.001110 0.049614 0.000471 0.021849 0.002010 0.064735 0.170894 0.042912 0.107680 0.111430 0.013222 0.033546 0.122518 0.027566 1.592411 0.350169 0.030662 0.002274 0.025749 0.001462 0.062684 0.004894 0.009125 0.040534 0.022640 0.013809 0.048988 0.008736 0.058262 0.137197 0.009016 0.006155 0.023865 0.054752 0.032381 0.029476 0.009279 0.008897 0.000492 0.004441 0.017914 0.035436 0.032560 0.006955 0.002022 0.009535 0.019371 0.002718 0.010869 0.003160 0.002431 
0.015406 0.002044 0.014917 0.001376 0.008053 0.015099 0.001458 0.155607 0.002501 0.013708 0.013941 0.019137 0.000517 0.003535 0.013981 0.003770 0.025358 0.007527 0.161968 0.000087 0.023654 0.002907 0.002679 0.001765 0.022730 0.011591 0.002361 0.194718 0.055634 0.001349 0.161812 0.005528 0.006894 0.070873 0.016423 0.428328 0.011876 0.019906 0.000100 0.026380 0.028139 0.002079 0.071323 0.183660 0.041518 0.009357 0.034028 0.010256 0.035373 0.084485 0.048360 0.057645 0.010016 0.017686 0.011100 0.001736 0.006554 0.003406 0.044923 0.013279 0.011787 0.006331 0.004622 0.000657 0.010165 0.058969 0.001295 0.017125 0.001022 0.016736 
0.012308 0.001878 0.008255 0.001873 0.006519 0.014649 0.001228 0.061946 0.003255 0.010019 0.019082 0.022252 0.000744 0.006507 0.013176 0.004801 0.028491 0.007505 0.103475 0.000125 0.021808 0.000835 0.003248 0.001447 0.024346 0.013208 0.003379 0.155890 0.060337 0.001802 0.081219 0.006479 0.008442 0.097236 0.022140 0.088207 0.005765 0.022033 0.000172 0.028737 0.012593 0.002434 0.060203 0.060454 0.028351 0.010685 0.017615 0.012346 0.040458 0.025203 0.016889 0.034472 0.012942 0.017728 0.013624 0.002189 0.006587 0.001115 0.012523 0.011839 0.011562 0.007688 0.003837 0.000683 0.008527 0.027775 0.001311 0.011122 0.001164 0.005625 
0.003994 0.000884 0.003717 0.000688 0.002020 0.007549 0.001151 0.029304 0.001273 0.003910 0.007613 0.006231 0.000248 0.002008 0.005187 0.001980 0.010476 0.002596 0.039578 0.000038 0.007130 0.000505 0.001027 0.000504 0.007401 0.005121 0.001040 0.049510 0.017436 0.000514 0.035634 0.002034 0.002446 0.031499 0.006022 0.075081 0.003075 0.005782 0.000052 0.007691 0.006822 0.000649 0.020925 0.037733 0.011029 0.003723 0.009554 0.004938 0.013675 0.016613 0.009086 0.015968 0.005064 0.005126 0.004603 0.000796 0.002327 0.000729 0.006990 0.004401 0.004580 0.004070 0.001930 0.000263 0.003234 0.013247 0.000528 0.003981 0.000356 0.002639 
0.000489 0.000746 0.000290 0.001261 0.000281 0.003056 0.003223 0.001113 0.001051 0.000562 0.009689 0.035603 0.000917 0.009560 0.001160 0.003933 0.008910 0.001440 0.003020 0.000174 0.002726 0.000015 0.001568 0.000083 0.003231 0.191110 0.017589 0.004186 0.005839 0.000699 0.000905 0.010768 0.001472 0.233503 0.031994 0.000945 0.000079 0.001590 0.000882 0.004176 0.000148 0.000860 0.002033 0.000574 0.000733 0.007253 0.000578 0.011444 0.018534 0.000497 0.000220 0.001095 0.010579 0.003375 0.002859 0.004739 0.000786 0.000035 0.000073 0.002259 0.010886 0.013793 0.000920 0.000893 0.001260 0.000997 0.000672 0.000695 0.000855 0.000069 
0.014754 0.000497 0.019841 0.000612 0.008385 0.007999 0.000460 0.322341 0.000977 0.013708 0.005141 0.002225 0.000214 0.000803 0.010663 0.001329 0.009693 0.004407 0.192803 0.000032 0.015056 0.006622 0.001008 0.001640 0.016268 0.001887 0.000650 0.221710 0.048010 0.000669 0.255281 0.002255 0.005314 0.032869 0.007542 0.792075 0.015683 0.018543 0.000045 0.019682 0.038737 0.001140 0.073894 0.340825 0.046742 0.003918 0.042041 0.003989 0.015822 0.274895 0.114746 0.071998 0.004277 0.010936 0.006051 0.000452 0.004653 0.006578 0.122463 0.007750 0.004129 0.002035 0.003119 0.000079 0.007099 0.083611 0.000688 0.017441 0.000428 0.034722 
0.008885 0.001602 0.004827 0.002408 0.003528 0.012942 0.002456 0.025038 0.002930 0.006329 0.019774 0.028037 0.000937 0.005784 0.008730 0.005235 0.026044 0.008094 0.051817 0.000154 0.020634 0.000382 0.003257 0.001037 0.022843 0.022373 0.004917 0.072460 0.051254 0.002134 0.026864 0.009375 0.012652 0.131816 0.026945 0.030872 0.002161 0.019307 0.000209 0.038908 0.005191 0.003252 0.036528 0.023952 0.014817 0.015671 0.009482 0.018044 0.048934 0.011927 0.006998 0.020464 0.017107 0.017259 0.015592 0.002641 0.005555 0.000598 0.005242 0.010125 0.013664 0.010853 0.004869 0.000867 0.006889 0.019371 0.001711 0.008152 0.001449 0.002500 
0.006276 0.003342 0.003186 0.003898 0.002224 0.020401 0.007368 0.012241 0.004321 0.004374 0.036186 0.074321 0.002481 0.020406 0.007377 0.013128 0.037597 0.008225 0.034968 0.000471 0.015056 0.000139 0.006412 0.000686 0.016644 0.137200 0.024413 0.036952 0.032358 0.002637 0.013989 0.031906 0.006494 0.701195 0.104011 0.013861 0.000865 0.008156 0.001845 0.024313 0.002238 0.003719 0.014289 0.011402 0.006416 0.026550 0.003971 0.042450 0.074475 0.004118 0.003041 0.011010 0.039896 0.016276 0.016669 0.009261 0.004801 0.000258 0.002403 0.012345 0.028679 0.033465 0.005026 0.002232 0.006973 0.012250 0.002542 0.007709 0.002994 0.001597 
0.014346 0.004088 0.007193 0.004701 0.006877 0.034511 0.006063 0.038577 0.007088 0.011167 0.050918 0.068091 0.002516 0.017514 0.018201 0.014593 0.063346 0.015840 0.093620 0.000509 0.039800 0.000502 0.010556 0.001916 0.048429 0.070352 0.016874 0.109989 0.096994 0.006403 0.043846 0.039115 0.027512 0.606698 0.157780 0.044103 0.003125 0.030581 0.000972 0.086955 0.007631 0.012279 0.055420 0.033959 0.021630 0.057503 0.013524 0.063248 0.167259 0.014980 0.010441 0.032858 0.055540 0.043360 0.039203 0.009134 0.012125 0.000793 0.006990 0.027143 0.041368 0.040248 0.010254 0.002258 0.016172 0.031194 0.003997 0.016872 0.003873 0.004792 
0.017688 0.004060 0.012696 0.002981 0.008410 0.028759 0.004758 0.068437 0.005667 0.016690 0.034209 0.037828 0.001730 0.012212 0.022679 0.010714 0.062661 0.016691 0.149411 0.000294 0.046175 0.001058 0.006813 0.002924 0.065637 0.034772 0.008990 0.221566 0.150925 0.004832 0.090963 0.020497 0.032761 0.292393 0.069036 0.094507 0.007396 0.109832 0.000456 0.140170 0.016679 0.009359 0.145037 0.072184 0.048025 0.038044 0.029720 0.042355 0.139118 0.031380 0.021249 0.068309 0.038208 0.051007 0.037903 0.005788 0.017204 0.001558 0.016527 0.032907 0.035136 0.021933 0.010478 0.001471 0.019112 0.053129 0.003533 0.024582 0.003303 0.008194 
0.008885 0.001989 0.004007 0.001223 0.002838 0.014470 0.001842 0.023183 0.002841 0.006182 0.016215 0.020027 0.000896 0.006909 0.009052 0.004611 0.025554 0.006916 0.053088 0.000151 0.016985 0.000409 0.003183 0.001052 0.021340 0.016712 0.004007 0.076069 0.049551 0.001919 0.035077 0.008800 0.009373 0.120518 0.025486 0.036438 0.002902 0.035847 0.000220 0.052471 0.006809 0.003729 0.049801 0.030924 0.018819 0.016934 0.011888 0.019468 0.060575 0.014199 0.010222 0.029918 0.018795 0.024051 0.017782 0.002894 0.008471 0.000761 0.005679 0.015967 0.018844 0.015376 0.005744 0.001208 0.010165 0.022790 0.001791 0.010869 0.001616 0.004167 
0.004076 0.001630 0.002365 0.001911 0.001380 0.007999 0.002763 0.010572 0.001983 0.003128 0.014138 0.022252 0.000731 0.006909 0.004639 0.004692 0.016742 0.004342 0.025432 0.000147 0.009394 0.000159 0.002492 0.000390 0.010370 0.020755 0.005025 0.030023 0.021653 0.001341 0.010231 0.010547 0.004481 0.216384 0.044220 0.011656 0.000796 0.006835 0.000484 0.018855 0.002481 0.002864 0.013930 0.011484 0.005163 0.021920 0.003610 0.026876 0.059106 0.005183 0.002968 0.009223 0.024534 0.013756 0.012065 0.004649 0.004014 0.000244 0.002912 0.008996 0.018469 0.018767 0.003500 0.001208 0.005124 0.010398 0.001743 0.005940 0.001806 0.000903 
0.002527 0.000856 0.001062 0.001720 0.000920 0.007999 0.002533 0.004637 0.001746 0.001979 0.014336 0.039608 0.001144 0.009239 0.003254 0.005018 0.016546 0.003513 0.013828 0.000244 0.005536 0.000073 0.003024 0.000311 0.007589 0.095151 0.014622 0.017032 0.014192 0.001424 0.005568 0.016406 0.003799 0.382439 0.063805 0.005460 0.000460 0.005038 0.002045 0.015795 0.000944 0.002715 0.008430 0.004840 0.002841 0.026809 0.001877 0.049763 0.071763 0.002272 0.001575 0.006629 0.052164 0.013670 0.014478 0.019426 0.003687 0.000131 0.001238 0.008528 0.042344 0.074391 0.004061 0.004123 0.004536 0.007407 0.004109 0.005182 0.004800 0.000556 
0.011330 0.002099 0.008593 0.002026 0.005215 0.015458 0.001381 0.069365 0.003093 0.009677 0.018785 0.021362 0.000834 0.006990 0.012435 0.005316 0.025946 0.006938 0.102203 0.000136 0.021892 0.001050 0.003192 0.001550 0.023820 0.017790 0.004029 0.150116 0.062446 0.001930 0.086787 0.007982 0.010119 0.118806 0.026337 0.163077 0.013067 0.035434 0.000200 0.049204 0.038804 0.003873 0.190952 0.151669 0.118964 0.018488 0.064686 0.019848 0.069503 0.054951 0.041106 0.116212 0.022677 0.037593 0.023796 0.004034 0.013714 0.002963 0.029269 0.026442 0.022373 0.014019 0.009222 0.001392 0.018608 0.069367 0.002638 0.030522 0.002329 0.013958 
0.010270 0.002320 0.008641 0.001796 0.005368 0.019413 0.003223 0.048778 0.003374 0.009554 0.022147 0.024922 0.001096 0.005945 0.014368 0.006483 0.029275 0.008858 0.089805 0.000154 0.025038 0.000819 0.003808 0.001471 0.027803 0.022912 0.005415 0.132218 0.068366 0.002252 0.071406 0.009441 0.013518 0.148935 0.034305 0.098182 0.007194 0.052882 0.000287 0.074840 0.019443 0.005476 0.212654 0.080715 0.061315 0.025870 0.038335 0.028918 0.093687 0.031593 0.024876 0.083873 0.030499 0.046863 0.033560 0.003889 0.017024 0.001894 0.018785 0.031388 0.028529 0.018994 0.011398 0.001602 0.019490 0.053129 0.003246 0.030522 0.003018 0.011806 
0.002445 0.001050 0.001641 0.000688 0.001150 0.006471 0.001151 0.006120 0.001184 0.001613 0.010975 0.016466 0.000524 0.004419 0.002706 0.002631 0.011455 0.002335 0.013669 0.000107 0.005033 0.000076 0.001531 0.000239 0.006011 0.022373 0.004072 0.012269 0.013543 0.000567 0.005707 0.007053 0.002240 0.123599 0.023600 0.009346 0.000450 0.003035 0.000633 0.009427 0.001348 0.001430 0.006875 0.006070 0.003910 0.012692 0.002286 0.021178 0.041702 0.002343 0.001978 0.006053 0.022902 0.009484 0.008724 0.006331 0.002998 0.000212 0.001602 0.006581 0.016442 0.026455 0.002468 0.001313 0.004242 0.004273 0.001503 0.004613 0.001830 0.000833 
0.006684 0.000497 0.009365 0.000497 0.003886 0.004314 0.000077 0.124077 0.000503 0.007599 0.004153 0.003560 0.000131 0.001285 0.006636 0.000732 0.005679 0.002465 0.097435 0.000029 0.009898 0.002540 0.000905 0.000890 0.011346 0.003774 0.000780 0.141456 0.036008 0.000608 0.153670 0.002034 0.005108 0.024994 0.006204 0.841009 0.020103 0.022115 0.000054 0.024891 0.070071 0.001603 0.113471 1.030350 0.084869 0.005958 0.093588 0.005651 0.026332 0.331975 0.234217 0.158523 0.006809 0.016959 0.012214 0.000651 0.009192 0.012130 0.125303 0.016434 0.007207 0.005879 0.004667 0.000394 0.013525 0.165512 0.001039 0.037283 0.000570 0.044514 
0.002853 0.000884 0.002028 0.000841 0.001176 0.006111 0.000998 0.010757 0.001154 0.002663 0.008602 0.008901 0.000317 0.002330 0.004091 0.002441 0.008910 0.002618 0.024001 0.000068 0.007465 0.000192 0.001316 0.000392 0.009731 0.005661 0.001885 0.027136 0.016382 0.000722 0.015659 0.003715 0.003723 0.063340 0.013381 0.019636 0.001172 0.010799 0.000115 0.028365 0.003546 0.002046 0.026305 0.016570 0.009196 0.009228 0.005776 0.012868 0.036051 0.008164 0.005056 0.013431 0.011930 0.016361 0.012436 0.001592 0.005522 0.000450 0.004368 0.011371 0.007958 0.007236 0.003276 0.000604 0.005419 0.012819 0.001327 0.007709 0.001117 0.002083 
0.002934 0.000718 0.001400 0.001070 0.001278 0.005392 0.000460 0.005749 0.001495 0.002053 0.008008 0.016466 0.000489 0.003294 0.003415 0.002577 0.011455 0.003054 0.015259 0.000095 0.005913 0.000106 0.001596 0.000338 0.006575 0.017521 0.003098 0.022662 0.013625 0.000771 0.008143 0.006058 0.002998 0.105453 0.023113 0.009241 0.000697 0.004956 0.000312 0.013521 0.001537 0.002177 0.011180 0.008859 0.004583 0.023280 0.003513 0.028870 0.055941 0.004899 0.001722 0.008416 0.023634 0.012389 0.012845 0.004052 0.003703 0.000216 0.002621 0.007983 0.019070 0.016506 0.003769 0.001155 0.005293 0.008689 0.001919 0.004297 0.001853 0.001458 
0.000408 0.000055 0.000145 0.000038 0.000128 0.000539 0.000230 0.000927 0.000030 0.000220 0.000791 0.002670 0.000055 0.000402 0.000419 0.000190 0.000881 0.000240 0.001431 0.000009 0.000419 0.000009 0.000084 0.000033 0.000564 0.001348 0.000282 0.002021 0.001054 0.000053 0.000487 0.000641 0.000325 0.011983 0.002251 0.001365 0.000035 0.000392 0.000032 0.001406 0.000175 0.000201 0.000717 0.000820 0.000550 0.001619 0.000289 0.002612 0.004521 0.000497 0.000366 0.000634 0.004896 0.001324 0.001448 0.000941 0.000311 0.000018 0.000218 0.001013 0.002628 0.002713 0.000381 0.000263 0.000630 0.000997 0.000496 0.000506 0.000261 0.000069 
0.001386 0.000387 0.000772 0.000344 0.000588 0.002876 0.000537 0.003153 0.000799 0.001002 0.004449 0.005340 0.000207 0.002330 0.001643 0.001383 0.005483 0.001505 0.009696 0.000041 0.003187 0.000056 0.000887 0.000134 0.002931 0.010512 0.001690 0.009382 0.006407 0.000382 0.004454 0.003007 0.001374 0.062656 0.011982 0.005775 0.000381 0.002788 0.000241 0.006244 0.000849 0.000906 0.006277 0.004101 0.002536 0.009551 0.001636 0.017759 0.033000 0.003266 0.001465 0.004842 0.024253 0.007390 0.008835 0.009514 0.002474 0.000135 0.001092 0.005919 0.025676 0.031656 0.003321 0.002390 0.004536 0.004700 0.002126 0.003792 0.002709 0.000625 
0.001386 0.000414 0.000772 0.000535 0.000358 0.002696 0.000844 0.003338 0.000621 0.000880 0.004845 0.007566 0.000262 0.002330 0.001031 0.001302 0.005679 0.001222 0.005404 0.000047 0.002097 0.000030 0.000663 0.000125 0.003720 0.009434 0.002101 0.006784 0.005515 0.000351 0.003062 0.003361 0.001310 0.067791 0.012226 0.003885 0.000257 0.002354 0.000314 0.005499 0.000647 0.001014 0.004902 0.003609 0.002230 0.010134 0.001420 0.019183 0.030965 0.001491 0.001356 0.003516 0.023747 0.006408 0.007276 0.014850 0.002867 0.000110 0.001019 0.006426 0.024400 0.082305 0.003029 0.004464 0.003444 0.005413 0.002686 0.004297 0.004396 0.000417 
0.006358 0.001353 0.004779 0.001452 0.002812 0.010785 0.001765 0.030046 0.002368 0.005107 0.012260 0.016466 0.000627 0.004740 0.007152 0.003933 0.019777 0.005760 0.051499 0.000121 0.013546 0.000429 0.002399 0.000800 0.017846 0.013477 0.003834 0.071305 0.037792 0.001549 0.034798 0.007297 0.007814 0.122572 0.028770 0.056704 0.003906 0.024097 0.000275 0.055861 0.011757 0.005079 0.084894 0.061111 0.036661 0.029561 0.026543 0.034188 0.118324 0.027901 0.021176 0.082029 0.038265 0.077962 0.051045 0.005481 0.033245 0.001830 0.015363 0.060945 0.041368 0.030073 0.020014 0.002153 0.034149 0.073498 0.005164 0.049795 0.004634 0.011111 
0.001549 0.000635 0.001062 0.000650 0.000614 0.002966 0.000614 0.004080 0.000621 0.000880 0.005833 0.007566 0.000310 0.002249 0.001707 0.001438 0.006070 0.001287 0.007947 0.000058 0.002852 0.000041 0.000840 0.000215 0.003494 0.012938 0.002339 0.010393 0.007623 0.000431 0.003619 0.003029 0.001299 0.079775 0.013868 0.005775 0.000410 0.002602 0.000281 0.007815 0.001011 0.001135 0.006636 0.006890 0.002719 0.012045 0.002214 0.020798 0.036729 0.002272 0.001465 0.005649 0.029205 0.009313 0.010098 0.020493 0.003195 0.000156 0.001529 0.008100 0.034686 0.078009 0.004106 0.004044 0.005419 0.004700 0.003454 0.004360 0.004990 0.001111 
0.003587 0.001215 0.002317 0.001070 0.001892 0.007010 0.001381 0.012055 0.001687 0.003079 0.010480 0.017356 0.000551 0.005383 0.004285 0.003689 0.014686 0.004254 0.027339 0.000108 0.008765 0.000151 0.001969 0.000491 0.010820 0.021564 0.004246 0.035220 0.022951 0.001232 0.015172 0.008093 0.005173 0.148251 0.030352 0.023312 0.001236 0.010738 0.000482 0.030391 0.003533 0.004560 0.026186 0.020589 0.011212 0.046009 0.007773 0.072175 0.183306 0.009158 0.007291 0.023750 0.113162 0.054979 0.065783 0.016605 0.017253 0.000673 0.006407 0.044628 0.134388 0.081401 0.022235 0.006460 0.028311 0.028203 0.011192 0.023255 0.011501 0.003611 
0.006521 0.000967 0.004103 0.000688 0.003068 0.008268 0.001688 0.036908 0.001746 0.005254 0.010876 0.011571 0.000482 0.003615 0.006797 0.003228 0.015763 0.004429 0.052453 0.000090 0.014175 0.000562 0.002221 0.000888 0.018260 0.013208 0.002989 0.088193 0.041604 0.001375 0.047047 0.007076 0.009437 0.106480 0.028344 0.099443 0.006249 0.031965 0.000289 0.063304 0.019739 0.005527 0.128477 0.117874 0.070694 0.029108 0.055301 0.035185 0.126800 0.057293 0.046345 0.218244 0.043385 0.098596 0.065004 0.006891 0.048762 0.004181 0.034438 0.095410 0.056833 0.030751 0.032264 0.002836 0.073297 0.219780 0.006907 0.125562 0.006154 0.025625 
0.002038 0.000166 0.002365 0.000076 0.001559 0.001438 -0.000000 0.042286 0.000192 0.001637 0.001384 0.000890 0.000021 0.000161 0.001997 0.000136 0.002154 0.000829 0.027180 0.000006 0.003313 0.000749 0.000271 0.000252 0.002968 0.001348 0.000303 0.035653 0.008596 0.000178 0.036747 0.000641 0.001472 0.009587 0.002129 0.143441 0.003856 0.006360 0.000019 0.009138 0.013658 0.000668 0.031506 0.149536 0.024807 0.002364 0.031212 0.002849 0.009493 0.517131 0.163655 0.077014 0.003151 0.010338 0.006608 0.000362 0.005735 0.024564 0.738348 0.011722 0.005330 0.001809 0.004375 0.000210 0.013819 0.291711 0.000927 0.047078 0.000760 0.228265 
0.000245 0.000193 0.000193 0.000076 0.000102 0.000899 0.000153 0.002040 0.000192 0.000269 0.001186 0.001335 0.000090 0.000723 0.000548 0.000515 0.001469 0.000240 0.001907 0.000015 0.001048 0.000017 0.000196 0.000035 0.001390 0.002156 0.000563 0.003320 0.002027 0.000140 0.002157 0.001238 0.000476 0.022939 0.002980 0.001785 0.000069 0.000764 0.000086 0.002729 0.000270 0.000416 0.002391 0.000820 0.000917 0.003205 0.001035 0.006505 0.013448 0.000923 0.000879 0.001211 0.010692 0.003289 0.003267 0.007163 0.000885 0.000032 0.000582 0.002882 0.015015 0.136120 0.002311 0.006670 0.002016 0.002421 0.002334 0.001833 0.004063 0.000208 
0.000815 0.000359 0.000772 0.000191 0.000869 0.002427 0.000614 0.006491 0.000725 0.001197 0.006328 0.007121 0.000214 0.002973 0.002932 0.001844 0.007049 0.002356 0.013193 0.000077 0.004278 0.000128 0.001381 0.000287 0.008979 0.017251 0.004051 0.024971 0.018653 0.000967 0.011692 0.008004 0.006126 0.173244 0.043186 0.018376 0.001360 0.014929 0.000798 0.053463 0.003546 0.008116 0.044719 0.020097 0.015031 0.089168 0.010733 0.161492 0.429109 0.009300 0.008426 0.039890 0.298802 0.171389 0.229945 0.046341 0.058511 0.000867 0.005461 0.190002 0.535750 0.220461 0.112387 0.018934 0.107530 0.066518 0.044976 0.066225 0.038233 0.004514 
0.002853 0.000276 0.001931 0.000229 0.001099 0.003146 0.000691 0.017990 0.000474 0.002028 0.002867 0.005340 0.000124 0.000643 0.002255 0.000868 0.003329 0.001724 0.018120 0.000029 0.004362 0.000328 0.000569 0.000248 0.003795 0.002965 0.000650 0.028002 0.008921 0.000295 0.018095 0.001327 0.001526 0.018831 0.004197 0.047464 0.001725 0.004997 0.000048 0.007195 0.006094 0.000687 0.019011 0.052908 0.012373 0.003950 0.013284 0.005413 0.014014 0.091797 0.038468 0.029802 0.004052 0.008031 0.005754 0.000669 0.003932 0.005328 0.116566 0.008723 0.005781 0.003618 0.003455 0.000499 0.007393 0.095433 0.000847 0.019653 0.000950 0.079653 
0.000245 0.000083 0.000097 0.000076 0.000051 0.000539 0.000153 0.000185 0.000044 0.000147 0.000593 0.000445 0.000062 0.000241 0.000322 0.000217 0.000490 0.000240 0.001589 0.000004 0.000587 0.000012 0.000103 0.000035 0.000526 0.001078 0.000130 0.001588 0.001460 0.000057 0.000974 0.000310 0.000216 0.006163 0.001034 0.002100 0.000079 0.000392 0.000015 0.000910 0.000310 0.000135 0.001315 0.002379 0.000733 0.001004 0.000409 0.001757 0.005312 0.000710 0.000659 0.001095 0.002138 0.002307 0.002376 0.000525 0.000901 0.000028 0.000291 0.002999 0.003604 0.003166 0.002289 0.000289 0.002226 0.001424 0.000448 0.001390 0.000499 0.000139 
0.002445 0.000635 0.001207 0.000764 0.001253 0.004763 0.000384 0.008531 0.001139 0.002224 0.007811 0.013351 0.000407 0.003455 0.002738 0.002387 0.008812 0.002356 0.017802 0.000079 0.005997 0.000159 0.001279 0.000342 0.008303 0.013747 0.002404 0.026126 0.016139 0.000903 0.011205 0.005329 0.003864 0.118121 0.024026 0.020267 0.001340 0.009127 0.000415 0.026297 0.003330 0.003579 0.027919 0.019687 0.011579 0.032540 0.007869 0.055176 0.146803 0.010010 0.007401 0.025537 0.095887 0.057115 0.060660 0.023297 0.022267 0.000779 0.006917 0.067760 0.252935 0.164385 0.060512 0.012710 0.065904 0.040879 0.040627 0.040695 0.033053 0.004306 
0.003587 0.000276 0.002607 0.000497 0.001917 0.004584 0.000460 0.021514 0.000769 0.002346 0.004350 0.004450 0.000193 0.000723 0.002352 0.000976 0.005679 0.001724 0.023047 0.000028 0.003984 0.000338 0.000831 0.000349 0.004922 0.005121 0.000758 0.029879 0.013787 0.000355 0.021366 0.001857 0.001851 0.026706 0.006447 0.064475 0.002492 0.007558 0.000060 0.011329 0.008157 0.000944 0.027800 0.066689 0.020377 0.004921 0.020287 0.005888 0.022376 0.092578 0.052354 0.056031 0.007765 0.011919 0.009912 0.001338 0.007209 0.008048 0.085477 0.013007 0.010135 0.004296 0.005609 0.000578 0.014365 0.214795 0.001519 0.038800 0.000950 0.090070 
0.001875 0.000746 0.001062 0.000573 0.000869 0.004673 0.000691 0.007604 0.000873 0.001955 0.006427 0.008456 0.000338 0.002089 0.002803 0.002251 0.009693 0.002029 0.014941 0.000079 0.004446 0.000137 0.001325 0.000283 0.006462 0.014017 0.002989 0.019919 0.012570 0.000710 0.010857 0.005550 0.003268 0.098606 0.021410 0.015121 0.000964 0.006959 0.000393 0.019268 0.002697 0.003037 0.020566 0.012386 0.007668 0.027812 0.006064 0.050523 0.115951 0.007029 0.004433 0.019945 0.086320 0.041480 0.043027 0.027638 0.015500 0.000428 0.003932 0.046537 0.279888 0.206668 0.036640 0.020168 0.039736 0.028487 0.046447 0.027741 0.044340 0.003819 
-0.000000 0.000028 0.000048 0.000153 0.000102 0.000270 -0.000000 0.000556 0.000074 0.000220 0.000791 -0.000000 0.000014 0.000161 0.000129 0.000108 0.000783 0.000109 0.001113 0.000006 0.000503 0.000003 0.000103 0.000022 0.000338 0.001078 0.000152 0.001443 0.001054 0.000038 0.000696 0.000088 0.000216 0.003424 0.000730 0.001470 0.000059 0.000248 0.000013 0.000951 0.000229 0.000150 0.001495 0.000902 0.000580 0.000745 0.000337 0.001282 0.003051 0.000284 0.000550 0.001153 0.001463 0.001581 0.001596 0.000380 0.000786 0.000021 0.000218 0.001791 0.003979 0.003618 0.001548 0.000315 0.002058 0.001282 0.000608 0.001453 0.000499 0.000278 
0.002445 0.000221 0.001834 0.000344 0.000971 0.002696 0.000460 0.020958 0.000547 0.002101 0.003559 0.002225 0.000110 0.001044 0.001836 0.000949 0.003916 0.001113 0.017961 0.000028 0.003733 0.000337 0.000532 0.000246 0.004020 0.001617 0.000931 0.026270 0.009245 0.000283 0.020740 0.001526 0.001862 0.021912 0.004927 0.068255 0.002433 0.006071 0.000047 0.010544 0.008225 0.000822 0.028457 0.069067 0.018483 0.004598 0.018337 0.006648 0.018082 0.112102 0.060560 0.054936 0.005683 0.013542 0.008835 0.000922 0.006046 0.009057 0.135714 0.012501 0.007883 0.004975 0.005744 0.000289 0.015962 0.278037 0.001247 0.045940 0.001117 0.198612 
0.002282 0.000442 0.001014 0.000573 0.000741 0.003954 0.000998 0.007604 0.000681 0.001539 0.005833 0.007121 0.000262 0.002169 0.001965 0.001627 0.007049 0.001484 0.013034 0.000044 0.004655 0.000088 0.001111 0.000199 0.004246 0.005391 0.001646 0.017321 0.010543 0.000521 0.008421 0.003162 0.002186 0.054096 0.012043 0.012076 0.000821 0.004481 0.000160 0.011950 0.002252 0.001710 0.013870 0.013124 0.006324 0.012951 0.004669 0.021605 0.058314 0.005325 0.004653 0.016775 0.031625 0.024905 0.022423 0.007941 0.011322 0.000439 0.002475 0.029947 0.071098 0.053589 0.029976 0.005042 0.033225 0.021081 0.016724 0.021548 0.012261 0.002014 
0.001223 0.000497 0.000724 0.000535 0.001099 0.002786 0.000537 0.004637 0.000547 0.001320 0.006921 0.011126 0.000283 0.002892 0.002287 0.001329 0.007049 0.001353 0.011126 0.000048 0.003942 0.000086 0.000999 0.000160 0.004095 0.012130 0.001906 0.016311 0.008840 0.000506 0.006890 0.003250 0.002089 0.067449 0.013868 0.010081 0.000761 0.004212 0.000225 0.013893 0.002009 0.001719 0.011718 0.008695 0.005621 0.017160 0.004356 0.025404 0.061931 0.004970 0.003700 0.011990 0.043048 0.024521 0.024836 0.014922 0.009585 0.000329 0.002621 0.024573 0.120499 0.141999 0.021427 0.013761 0.024236 0.017377 0.044880 0.016367 0.037306 0.002292 
0.002201 0.000635 0.001448 0.000726 0.000869 0.005213 0.001074 0.012612 0.000799 0.002101 0.006130 0.005785 0.000241 0.001607 0.003093 0.001926 0.006462 0.001767 0.016213 0.000044 0.005704 0.000165 0.001157 0.000379 0.006688 0.009973 0.001993 0.024683 0.016625 0.000722 0.015520 0.004046 0.003333 0.069846 0.016727 0.028142 0.001696 0.008693 0.000200 0.025594 0.004894 0.002995 0.033898 0.026741 0.016192 0.023344 0.012177 0.030485 0.100129 0.016329 0.012493 0.040294 0.044567 0.057030 0.051973 0.010003 0.029640 0.001345 0.008810 0.082364 0.090468 0.057885 0.104489 0.006329 0.199351 0.085605 0.017859 0.090933 0.013449 0.008125 
0.001467 0.000331 0.000676 0.000420 0.000895 0.002876 0.000921 0.006491 0.000621 0.001442 0.004251 0.006231 0.000255 0.002169 0.002158 0.001465 0.006658 0.001876 0.012239 0.000046 0.004068 0.000086 0.000877 0.000202 0.004358 0.009165 0.001690 0.015733 0.009326 0.000491 0.008491 0.003096 0.002294 0.061971 0.011253 0.010081 0.000742 0.004894 0.000183 0.012942 0.002171 0.001785 0.014886 0.009269 0.005682 0.016124 0.004885 0.025546 0.060236 0.006177 0.004506 0.013374 0.037983 0.026230 0.025281 0.009478 0.009536 0.000421 0.003859 0.028428 0.092570 0.081175 0.026678 0.008062 0.031503 0.023787 0.029291 0.021548 0.019010 0.002292 
0.000652 0.000110 0.001062 0.000191 0.000179 0.000270 -0.000000 0.013539 0.000104 0.000684 0.000692 0.000445 0.000014 0.000241 0.000483 0.000108 0.000979 0.000502 0.010491 0.000004 0.001258 0.000251 0.000075 0.000094 0.001503 -0.000000 0.000065 0.013135 0.003812 0.000091 0.011553 0.000243 0.000563 0.006848 0.001399 0.044523 0.001261 0.002375 0.000015 0.004135 0.005204 0.000271 0.014886 0.043967 0.010326 0.001457 0.011407 0.001567 0.006894 0.120195 0.047444 0.033261 0.002138 0.005724 0.003490 0.000326 0.003080 0.007385 0.239393 0.006620 0.003003 0.000678 0.002984 0.000210 0.008233 0.182035 0.000608 0.027046 0.000238 0.575488 
0.002771 0.000690 0.001545 0.000459 0.000741 0.003505 0.000384 0.013354 0.000784 0.001955 0.005734 0.005785 0.000221 0.001767 0.002932 0.001627 0.006756 0.001876 0.021617 0.000039 0.004907 0.000208 0.001167 0.000401 0.006124 0.007008 0.001776 0.029735 0.014436 0.000604 0.015242 0.002919 0.003214 0.059232 0.014051 0.031187 0.001923 0.009251 0.000148 0.021666 0.006202 0.002140 0.037844 0.035026 0.018361 0.015671 0.015041 0.020370 0.066225 0.022151 0.016633 0.054129 0.029936 0.047247 0.033857 0.005517 0.023824 0.001770 0.014634 0.061958 0.053680 0.036178 0.044021 0.003440 0.146762 0.145428 0.009337 0.200634 0.007010 0.012500 
0.001467 0.000387 0.001641 0.000268 0.000946 0.002966 0.000153 0.010572 0.000503 0.001955 0.002867 0.003115 0.000145 0.001526 0.001933 0.001085 0.004112 0.001375 0.015418 0.000027 0.002894 0.000186 0.000523 0.000232 0.004133 0.002426 0.000996 0.023239 0.011759 0.000366 0.012736 0.001305 0.001807 0.020885 0.006143 0.034023 0.001607 0.005121 0.000051 0.009097 0.004827 0.000804 0.021941 0.037405 0.012678 0.005375 0.012297 0.006173 0.021472 0.034149 0.025719 0.038737 0.008891 0.012816 0.009652 0.001320 0.006570 0.002910 0.027085 0.013085 0.011862 0.008140 0.005677 0.000578 0.016844 0.398681 0.001583 0.054471 0.001283 0.032292 
0.001467 0.000110 0.001496 0.000229 0.001023 0.002427 0.000460 0.015950 0.000607 0.001955 0.001977 0.007121 0.000110 0.000562 0.002094 0.000515 0.004895 0.001091 0.017643 0.000025 0.002642 0.000260 0.000467 0.000250 0.005298 0.002695 0.000715 0.026848 0.008759 0.000310 0.015590 0.001703 0.001786 0.023967 0.005778 0.049564 0.002047 0.006794 0.000064 0.012694 0.006930 0.000944 0.026544 0.049299 0.017750 0.004760 0.017567 0.008025 0.023507 0.052253 0.035940 0.049517 0.008947 0.015037 0.011063 0.001501 0.007291 0.005042 0.050893 0.017057 0.011337 0.007914 0.007472 0.000709 0.021506 0.450386 0.001679 0.062623 0.001568 0.072292 
0.001060 0.000304 0.000917 0.000229 0.000614 0.002696 0.000384 0.006306 0.000577 0.000758 0.004153 0.004895 0.000214 0.001526 0.001450 0.001221 0.003916 0.001309 0.009060 0.000034 0.002852 0.000103 0.000803 0.000169 0.003795 0.005121 0.000953 0.011836 0.008191 0.000359 0.006681 0.002101 0.001429 0.041428 0.008272 0.008821 0.000613 0.003717 0.000102 0.009221 0.001658 0.001075 0.010881 0.009515 0.005132 0.010490 0.004019 0.015290 0.036503 0.005680 0.004689 0.012509 0.020145 0.018839 0.018154 0.004938 0.007701 0.000347 0.002912 0.021964 0.043845 0.037535 0.025264 0.003992 0.033855 0.019941 0.012167 0.020411 0.009101 0.002639 
0.001060 0.000138 0.001352 0.000153 0.000537 0.002067 0.000153 0.011128 0.000326 0.001100 0.002669 0.003115 0.000096 0.000562 0.001707 0.000353 0.002350 0.001047 0.011126 0.000016 0.002474 0.000207 0.000261 0.000189 0.002968 0.001348 0.000520 0.016166 0.007218 0.000249 0.012319 0.001194 0.001266 0.018146 0.003102 0.038118 0.001538 0.003799 0.000024 0.006905 0.005299 0.000635 0.017696 0.041260 0.011884 0.003205 0.011599 0.003371 0.013222 0.065103 0.035244 0.035682 0.005121 0.008202 0.006200 0.000850 0.004211 0.005247 0.083074 0.009346 0.004655 0.004070 0.003343 0.000473 0.010375 0.194854 0.000895 0.030269 0.000594 0.230904 
0.000326 -0.000000 0.000579 -0.000000 0.000205 0.000180 -0.000000 0.009830 0.000015 0.000464 0.000198 0.000445 0.000021 0.000080 0.000419 0.000108 0.001175 0.000305 0.007153 0.000003 0.000881 0.000156 0.000103 0.000079 0.001353 -0.000000 0.000195 0.015300 0.005190 0.000140 0.010231 0.000486 0.001191 0.010614 0.002615 0.040323 0.001973 0.006670 0.000028 0.013479 0.006930 0.001079 0.037425 0.069395 0.023127 0.004695 0.025653 0.005223 0.024411 0.077669 0.053489 0.119383 0.007372 0.026699 0.016928 0.001320 0.017892 0.009018 0.070041 0.041747 0.018544 0.008366 0.023065 0.000840 0.086822 2.281415 0.003501 0.416181 0.001996 0.109306 
0.002527 0.000497 0.001303 0.000115 0.000690 0.001618 0.000077 0.014281 0.000355 0.001442 0.002669 0.002225 0.000110 0.000803 0.001707 0.000651 0.004112 0.001396 0.015418 0.000024 0.003691 0.000236 0.000485 0.000267 0.003720 0.002965 0.000910 0.023384 0.010381 0.000385 0.017121 0.001504 0.002338 0.035608 0.006995 0.040113 0.002017 0.009127 0.000085 0.016002 0.006809 0.001677 0.038382 0.051513 0.021110 0.009357 0.020046 0.011633 0.043171 0.038906 0.028467 0.072863 0.016656 0.031185 0.025133 0.003075 0.016500 0.003863 0.027594 0.044005 0.024851 0.016506 0.022908 0.001628 0.074893 0.507076 0.005644 0.319687 0.003968 0.033195 
