# Flux Network Reconstruction using RW method
# Walkers leave from emitting cells
# Probability involves emitting fluxes, then absorbing flux is shared among connections
# Seed: 1684539105
# Threshold: 0.5
# Precision: 100000.0
# Dt: 1.0
# Radius step: 9.000000
# Matrix output


0.004720 0.001109 0.000806 0.428966 0.033636 0.000172 0.108530 0.109127 0.003538 0.002395 0.012864 0.013478 0.000059 0.001180 0.014275 0.059463 0.002808 0.011485 0.002314 0.000022 0.051530 0.000274 0.002733 0.009550 0.000178 0.007729 0.000366 0.022659 0.002396 0.000632 0.001070 0.001370 0.002474 0.001022 0.000291 0.000058 0.002400 0.000293 0.001798 0.003191 0.000109 0.000826 0.009724 0.000294 0.000103 0.000589 0.000180 0.000487 0.000887 0.000022 0.000083 0.000039 0.000083 0.000249 -0.000000 0.000024 0.000054 0.000118 0.000017 0.001698 0.000032 0.000327 -0.000000 -0.000000 0.000121 -0.000000 0.000019 -0.000000 0.000197 0.000030 
0.704401 0.073615 0.030451 0.035357 0.009825 0.004432 0.078261 0.005947 0.047105 0.054810 0.029974 0.010908 0.003396 0.035621 0.136609 0.017990 0.016542 0.007175 0.003264 0.000293 0.005191 0.003322 0.002699 0.006723 0.003519 0.021565 0.005952 0.012844 0.001006 0.009479 0.002042 0.005051 0.000749 0.007661 0.001901 0.001615 0.000694 0.001756 0.002632 0.008993 0.000782 0.000546 0.003582 0.001051 0.000565 0.000624 0.001367 0.000302 0.002958 0.000650 0.000352 0.000019 0.000029 0.000178 0.000253 0.000168 0.000976 0.000354 0.000068 0.001080 0.000076 0.000109 0.000143 0.000088 0.000283 0.000041 0.000019 0.000078 0.000491 0.000104 
0.398217 0.057765 0.029087 0.064661 0.019403 0.005051 0.150933 0.011701 0.061299 0.071838 0.048370 0.020558 0.003701 0.036565 0.187235 0.031814 0.024967 0.012097 0.005219 0.000366 0.011921 0.004386 0.004225 0.011578 0.005657 0.035305 0.006593 0.019993 0.001286 0.012954 0.003095 0.007714 0.001131 0.012258 0.003298 0.001789 0.000956 0.002566 0.003509 0.012474 0.001600 0.000796 0.005118 0.002060 0.001285 0.001195 0.001691 0.000739 0.003352 0.000762 0.000331 0.000020 0.000047 0.000368 0.000221 0.000360 0.001193 0.000778 0.000272 0.001389 0.000076 0.001742 0.000359 0.000351 0.000607 0.000091 0.000038 -0.000000 0.000884 0.000104 
0.002950 0.000693 0.001116 0.082134 0.009241 0.000103 0.039812 0.008413 0.002715 0.003725 0.005489 0.004265 0.000200 0.002359 0.014109 0.012672 0.002387 0.003893 0.001223 0.000021 0.007595 0.000452 0.001727 0.005762 0.000668 0.006488 0.001007 0.009815 0.000903 0.001474 0.001120 0.001997 0.000905 0.002213 0.000563 0.000606 0.000713 0.000608 0.002105 0.006382 0.000527 0.000575 0.009212 0.000463 0.000462 0.000428 0.001115 0.000655 0.001578 0.000314 0.000352 0.000021 0.000059 0.000226 0.000284 0.000288 0.000868 0.000542 0.000238 0.002006 0.000108 0.002286 0.000251 0.000175 0.000607 0.000101 0.000047 0.000078 0.001572 0.000133 
0.014159 0.006516 0.058669 0.002339 0.000292 0.062156 0.005181 0.000338 0.008351 0.097381 0.001887 0.000793 0.003502 0.042227 0.019089 0.002038 0.002780 0.000751 0.000415 0.000107 0.000577 0.001645 0.000319 0.001067 0.002895 0.003530 0.003113 0.000969 0.000073 0.004634 0.000329 0.000783 0.000014 0.003235 0.000621 0.000663 0.000094 0.000473 0.000263 0.001886 0.000309 0.000118 0.000853 0.000357 0.000257 0.000214 0.000144 0.000101 0.000592 0.000157 0.000083 0.000003 0.000002 0.000071 0.000095 0.000072 0.000163 0.000094 0.000068 0.000154 0.000032 0.000218 0.000036 -0.000000 0.000162 0.000010 0.000009 -0.000000 0.000197 0.000015 
0.141293 0.063403 0.044033 0.013483 0.003642 0.006047 0.032450 0.004835 0.037314 0.085408 0.015866 0.007381 0.004453 0.053550 0.104905 0.014977 0.012779 0.005339 0.002653 0.000286 0.006345 0.004338 0.003051 0.009284 0.007171 0.020419 0.008516 0.017206 0.001089 0.015692 0.002486 0.006069 0.000580 0.012003 0.003104 0.002683 0.000619 0.002971 0.004649 0.013490 0.001800 0.000885 0.006312 0.002060 0.001285 0.001124 0.002626 0.000890 0.008381 0.000941 0.000684 0.000032 0.000074 0.000665 0.000474 0.000576 0.002550 0.001108 0.000544 0.002315 0.000184 0.003483 0.000609 0.000701 0.001012 0.000152 0.000094 0.000311 0.001179 0.000222 
0.166071 0.086093 0.203792 0.012382 0.003935 0.020891 0.037904 0.003626 0.057843 0.214983 0.020583 0.008147 0.009718 0.104741 0.161341 0.011609 0.017188 0.005478 0.003122 0.000514 0.004038 0.007612 0.003085 0.007630 0.010958 0.020133 0.013552 0.014662 0.001027 0.022959 0.002355 0.007479 0.000664 0.016089 0.003803 0.003519 0.000450 0.002971 0.004693 0.014070 0.001928 0.000649 0.006312 0.001640 0.001696 0.000945 0.002734 0.000739 0.007395 0.001187 0.000849 0.000016 0.000052 0.000475 0.000505 0.000720 0.001573 0.001155 0.000476 0.002006 0.000216 0.002830 0.000717 0.000789 0.000688 0.000111 0.000085 0.000311 0.001081 0.000148 
0.002950 0.000647 0.001054 0.017610 0.004474 0.000309 0.027950 0.003094 0.003332 0.003991 0.005575 0.003335 0.000223 0.003774 0.011785 0.007355 0.002612 0.002475 0.000928 0.000023 0.003173 0.000355 0.001308 0.002774 0.000668 0.006393 0.000549 0.008118 0.000415 0.001474 0.000724 0.001958 0.000608 0.001788 0.000601 0.000721 0.000525 0.000563 0.002149 0.005367 0.000364 0.000428 0.003582 0.000757 0.000360 0.000428 0.000432 0.000353 0.001873 0.000179 0.000145 0.000009 0.000032 0.000178 0.000158 0.000216 0.000488 0.000330 0.000119 0.001080 0.000076 0.001306 0.000394 0.000175 0.000445 0.000061 0.000038 -0.000000 0.000590 0.000104 
0.006194 0.002449 0.017613 0.001513 0.000247 0.070952 0.001772 0.000145 0.004237 0.056672 0.001158 0.000465 0.002162 0.025949 0.011121 0.001418 0.001376 0.000417 0.000349 0.000056 0.000769 0.000887 0.000251 0.000747 0.001915 0.002576 0.002381 0.002060 0.000041 0.003475 0.000296 0.000666 0.000071 0.002213 0.000679 0.000490 0.000075 0.000338 0.000263 0.002031 0.000218 0.000103 0.001024 0.000168 0.000411 0.000161 0.000288 0.000034 0.000690 0.000090 0.000166 0.000002 0.000002 0.000059 0.000126 0.000096 0.000163 0.000165 0.000068 0.000617 0.000065 0.000544 0.000072 0.000088 0.000202 0.000020 0.000009 -0.000000 0.000393 0.000015 
0.041887 0.020657 0.151449 0.004265 0.001596 0.137438 0.017452 0.001354 0.028181 0.358926 0.008833 0.003390 0.013642 0.155460 0.085816 0.005849 0.008313 0.003003 0.001463 0.000410 0.002403 0.005854 0.001308 0.003201 0.010022 0.011927 0.014102 0.007876 0.000550 0.016851 0.001367 0.004190 0.000410 0.011748 0.002289 0.002250 0.000281 0.002093 0.002281 0.007833 0.001055 0.000295 0.002388 0.000946 0.001028 0.000571 0.001547 0.000269 0.003648 0.000538 0.000414 0.000004 0.000025 0.000297 0.000663 0.000312 0.000651 0.000566 0.000238 0.000617 0.000140 0.001633 0.000323 0.000263 0.000283 0.000101 0.000038 -0.000000 0.000491 0.000015 
0.165481 0.053421 0.056375 0.033569 0.008949 0.009518 0.087805 0.009235 0.106511 0.161237 0.043396 0.016950 0.009013 0.089407 0.282181 0.032523 0.032185 0.013682 0.006419 0.000649 0.012209 0.009273 0.006673 0.016753 0.014699 0.047805 0.020054 0.036593 0.001940 0.032016 0.005845 0.015310 0.001852 0.030050 0.005763 0.005481 0.001763 0.005154 0.008421 0.033072 0.003783 0.001622 0.017912 0.004015 0.002518 0.002104 0.005612 0.001764 0.013705 0.001949 0.001202 0.000038 0.000164 0.000950 0.001264 0.001152 0.003472 0.001838 0.001225 0.002161 0.000475 0.006640 0.001470 0.001403 0.002144 0.000405 0.000104 0.000311 0.002457 0.000460 
0.051326 0.016267 0.017675 0.024764 0.006183 0.003642 0.062855 0.006527 0.062368 0.072903 0.029459 0.013204 0.004160 0.041519 0.184248 0.024459 0.021738 0.010262 0.004760 0.000409 0.012690 0.005418 0.005063 0.014672 0.008686 0.038549 0.011171 0.029323 0.001878 0.019905 0.004824 0.011668 0.001753 0.020516 0.004618 0.004241 0.001181 0.005019 0.008465 0.027850 0.003037 0.001460 0.015353 0.003090 0.002723 0.002229 0.005001 0.001697 0.011733 0.001613 0.001492 0.000040 0.000142 0.001021 0.001485 0.001272 0.003960 0.001838 0.001242 0.003550 0.000648 0.006531 0.002044 0.001140 0.001740 0.000416 0.000198 0.000467 0.002752 0.000415 
0.000885 0.000416 0.000310 0.015409 0.001956 0.000069 0.013089 0.013973 0.001522 0.001596 0.003988 0.003363 0.000129 0.001180 0.007801 0.013027 0.001685 0.003504 0.001015 0.000017 0.022400 0.000323 0.001928 0.005922 0.000535 0.006202 0.000549 0.016600 0.001183 0.001369 0.001416 0.002310 0.001626 0.003065 0.000718 0.000462 0.001725 0.001125 0.002983 0.007833 0.000473 0.001047 0.010747 0.000694 0.000411 0.000981 0.000971 0.000790 0.002169 0.000224 0.000186 0.000042 0.000130 0.000605 0.000284 0.000336 0.001519 0.000495 0.000357 0.003396 0.000162 0.003266 0.000574 0.000438 0.000647 0.000142 0.000066 0.000078 0.002260 0.000297 
0.041887 0.007856 0.007318 0.646200 0.139781 0.001271 1.076844 0.240350 0.030361 0.025809 0.124012 0.154214 0.001633 0.018636 0.156694 0.462500 0.037353 0.115408 0.025459 0.000234 0.161030 0.002870 0.029306 0.079657 0.003608 0.096754 0.004945 0.159460 0.014036 0.008847 0.010686 0.016954 0.011367 0.012429 0.003842 0.002221 0.009395 0.004636 0.013860 0.036988 0.001600 0.004926 0.061924 0.003217 0.001079 0.004494 0.002446 0.003478 0.008874 0.000672 0.000477 0.000155 0.000392 0.001685 0.000505 0.000336 0.001844 0.001320 0.000595 0.012811 0.000346 0.005007 0.000574 0.000351 0.000850 0.000162 0.000094 0.000233 0.002752 0.000445 
0.010619 0.004760 0.020094 0.001651 0.000697 0.025529 0.007363 0.000629 0.012095 0.388459 0.004674 0.001285 0.011151 0.200517 0.035190 0.003545 0.003454 0.001502 0.000852 0.000214 0.001634 0.003774 0.000855 0.002881 0.007617 0.006679 0.012545 0.006058 0.000259 0.014007 0.000873 0.002349 0.000212 0.007406 0.001552 0.001817 0.000131 0.001305 0.001447 0.005947 0.000782 0.000192 0.002900 0.000736 0.000925 0.000339 0.001295 0.000202 0.003254 0.000426 0.000394 0.000006 0.000017 0.000154 0.000221 0.000264 0.000976 0.000354 0.000153 0.000463 0.000162 0.001197 0.000323 0.000526 0.000364 0.000101 0.000028 -0.000000 0.000197 0.000059 
0.001770 0.000462 0.000558 0.058608 0.008274 0.000034 0.048947 0.089158 0.002468 0.002395 0.008276 0.009869 0.000071 0.000944 0.010623 0.065843 0.003651 0.013654 0.002828 0.000020 0.262648 0.000323 0.005415 0.021235 0.000401 0.017557 0.000366 0.061433 0.009492 0.001369 0.003589 0.004659 0.016471 0.003065 0.000504 0.000346 0.022448 0.001621 0.007018 0.014650 0.000546 0.005928 0.088536 0.000778 0.000051 0.003692 0.001439 0.003999 0.004141 0.000134 0.000228 0.000416 0.000765 0.001923 0.000126 0.000144 0.001139 0.000919 0.000408 0.030252 0.000140 0.006640 0.000609 0.000088 0.000728 0.000111 0.000028 0.000078 0.005012 0.000474 
0.023008 0.006932 0.012032 0.014170 0.003665 0.003436 0.030677 0.005705 0.065454 0.085674 0.020326 0.009432 0.004759 0.059447 0.202672 0.019319 0.019435 0.007425 0.004563 0.000546 0.009325 0.007466 0.005013 0.012485 0.012828 0.038549 0.015658 0.026052 0.001567 0.031385 0.005170 0.012725 0.001513 0.026900 0.006383 0.006058 0.001369 0.005582 0.009211 0.028140 0.003546 0.001814 0.016035 0.003868 0.003237 0.002283 0.005972 0.001512 0.012916 0.002554 0.001554 0.000056 0.000145 0.001151 0.001548 0.001535 0.004991 0.002757 0.001548 0.004785 0.000583 0.009035 0.002115 0.001754 0.002266 0.000547 0.000349 0.000934 0.003341 0.000445 
0.044836 0.015758 0.028652 0.023801 0.005643 0.008693 0.066536 0.009767 0.106553 0.241324 0.037092 0.014161 0.014406 0.154988 0.356544 0.033852 0.037886 0.013043 0.006900 0.001859 0.015478 0.021738 0.007679 0.022035 0.034075 0.061926 0.046975 0.043985 0.002573 0.073301 0.009138 0.023101 0.002248 0.061292 0.013465 0.013097 0.001875 0.011276 0.013553 0.051928 0.007529 0.002610 0.023541 0.006475 0.005703 0.003264 0.010685 0.002554 0.024353 0.004166 0.003025 0.000065 0.000191 0.001412 0.003001 0.002663 0.008191 0.003111 0.002092 0.004630 0.001059 0.012300 0.003334 0.002104 0.002509 0.000699 0.000283 0.000934 0.004717 0.000815 
0.036872 0.011368 0.028280 0.018023 0.004856 0.010377 0.041040 0.005899 0.068416 0.336576 0.025043 0.009896 0.022867 0.248405 0.249979 0.023307 0.028422 0.009455 0.005797 0.001963 0.011537 0.028818 0.006136 0.016380 0.048062 0.049522 0.060710 0.036351 0.002064 0.083833 0.006636 0.018755 0.001499 0.061547 0.012456 0.013962 0.001294 0.010263 0.011843 0.041195 0.006238 0.001784 0.017912 0.006181 0.006320 0.002907 0.009894 0.002201 0.018339 0.003942 0.003025 0.000044 0.000140 0.001317 0.002464 0.002159 0.005587 0.003394 0.001922 0.002778 0.000843 0.010015 0.003012 0.002718 0.003399 0.000568 0.000264 0.001089 0.004226 0.000667 
0.014159 0.006285 0.022947 0.002752 0.000719 0.013022 0.007090 0.000870 0.024478 0.855409 0.006304 0.002023 0.048095 1.881795 0.084156 0.002570 0.008257 0.001307 0.001190 0.000885 0.001154 0.030043 0.000855 0.002027 0.078930 0.014026 0.138636 0.004362 0.000176 0.082885 0.001482 0.004816 0.000127 0.030476 0.005491 0.008048 0.000075 0.002746 0.001974 0.007833 0.002273 0.000221 0.001706 0.001093 0.003237 0.000482 0.002267 0.000050 0.002958 0.000963 0.000559 0.000003 0.000005 0.000107 0.000379 0.000504 0.000922 0.000424 0.000306 0.000309 0.000108 0.000109 0.000323 0.000438 0.000202 0.000061 0.000038 0.000078 0.000295 0.000089 
0.016519 0.003836 0.004279 0.130010 0.027520 0.001134 0.245419 0.111641 0.020447 0.022616 0.069725 0.074250 0.001504 0.014154 0.115362 0.629634 0.029377 0.113184 0.025121 0.000242 0.201600 0.003725 0.048922 0.154779 0.006815 0.147612 0.008791 0.329946 0.025209 0.017483 0.021273 0.032538 0.019722 0.026134 0.007004 0.004962 0.014984 0.010848 0.035967 0.098200 0.004274 0.012550 0.129818 0.008661 0.002364 0.012894 0.008850 0.009207 0.028396 0.002419 0.001989 0.000351 0.001033 0.005495 0.001295 0.001440 0.007757 0.005962 0.002585 0.025004 0.000853 0.018396 0.003478 0.002280 0.004653 0.000831 0.000396 0.000622 0.012383 0.001631 
0.015929 0.003281 0.005582 0.028478 0.007757 0.001100 0.076762 0.013780 0.022833 0.033258 0.049742 0.023401 0.001821 0.025949 0.117686 0.055652 0.034544 0.022526 0.014815 0.000268 0.023842 0.004257 0.013513 0.036387 0.007038 0.092365 0.010714 0.076337 0.004181 0.019378 0.010834 0.022318 0.003761 0.028262 0.007315 0.005250 0.003076 0.008215 0.018071 0.056135 0.004364 0.003908 0.040941 0.007106 0.003545 0.004530 0.008131 0.003209 0.021888 0.003427 0.001968 0.000104 0.000361 0.002065 0.002401 0.001512 0.007974 0.003441 0.002551 0.007563 0.000951 0.014260 0.003012 0.003156 0.003803 0.000689 0.000368 0.000700 0.007960 0.000875 
0.032447 0.005776 0.007628 0.093002 0.022281 0.001477 0.230967 0.051010 0.032871 0.038580 0.103472 0.088110 0.002045 0.025242 0.188895 0.268337 0.049963 0.137823 0.055843 0.000374 0.093446 0.006805 0.063659 0.158941 0.010156 0.227859 0.012728 0.295897 0.015043 0.029489 0.027563 0.047808 0.011650 0.038988 0.011118 0.007298 0.008833 0.014652 0.037283 0.110819 0.006292 0.009689 0.095189 0.011836 0.004265 0.011414 0.012052 0.008216 0.031649 0.003696 0.002528 0.000250 0.000719 0.004688 0.002875 0.002351 0.011934 0.006575 0.002840 0.016824 0.001113 0.024383 0.004410 0.002280 0.005341 0.000841 0.000311 0.001323 0.012973 0.001409 
0.068729 0.019270 0.027784 0.066587 0.017267 0.006322 0.212424 0.022676 0.150572 0.158577 0.187476 0.058339 0.009835 0.104505 1.102664 0.094290 0.355692 0.047443 0.040394 0.002283 0.033167 0.027802 0.033011 0.076189 0.036614 0.419936 0.043862 0.143223 0.007117 0.110267 0.037673 0.103878 0.004496 0.146759 0.035720 0.020857 0.003413 0.032410 0.037765 0.134172 0.013475 0.004822 0.043330 0.016903 0.008375 0.007990 0.019860 0.004385 0.038748 0.005958 0.003481 0.000085 0.000260 0.002706 0.003064 0.002711 0.010470 0.006127 0.002687 0.005711 0.000907 0.014369 0.003191 0.003156 0.003196 0.000608 0.000302 0.001011 0.005405 0.000815 
0.005015 0.002033 0.003411 0.004678 0.002181 0.001340 0.014316 0.003191 0.013946 0.026873 0.010206 0.005085 0.001751 0.020524 0.073533 0.011343 0.010700 0.004283 0.002446 0.000310 0.006922 0.004338 0.002867 0.008270 0.006637 0.026717 0.009340 0.019751 0.001141 0.019589 0.003293 0.009593 0.001145 0.020516 0.004637 0.004183 0.000919 0.004456 0.006799 0.024514 0.002728 0.001195 0.013306 0.003027 0.002672 0.002033 0.004137 0.001428 0.011733 0.001725 0.001119 0.000035 0.000132 0.000819 0.001264 0.001056 0.004231 0.001885 0.001412 0.002006 0.000702 0.005552 0.001542 0.000964 0.001659 0.000436 0.000179 0.000622 0.003931 0.000326 
0.012389 0.004436 0.009985 0.007154 0.001911 0.004535 0.016770 0.002804 0.020076 0.172146 0.009991 0.004565 0.012620 0.173860 0.090630 0.011343 0.010953 0.004589 0.002882 0.000790 0.003846 0.029011 0.002733 0.007843 0.057950 0.023759 0.081863 0.018175 0.001245 0.093416 0.003408 0.011081 0.000976 0.041968 0.008751 0.011106 0.000881 0.007135 0.006623 0.026109 0.004837 0.001253 0.011771 0.003868 0.004676 0.001980 0.007160 0.001394 0.014494 0.003293 0.002548 0.000041 0.000093 0.000926 0.002085 0.002183 0.006130 0.002451 0.001548 0.002161 0.000778 0.006205 0.001828 0.002455 0.001983 0.000517 0.000217 0.000545 0.003538 0.000326 
0.022123 0.008688 0.022637 0.004402 0.001124 0.010755 0.011998 0.001209 0.036944 0.639627 0.009477 0.002652 0.046521 0.936769 0.129305 0.003811 0.011908 0.002114 0.001583 0.001814 0.001442 0.082212 0.001425 0.003841 0.298215 0.019656 0.553354 0.005816 0.000187 0.265294 0.002075 0.009515 0.000269 0.065888 0.011350 0.022876 0.000075 0.005897 0.002632 0.013780 0.005037 0.000221 0.002559 0.002502 0.007502 0.000642 0.004677 0.000218 0.007000 0.002464 0.002093 0.000003 0.000025 0.000237 0.001295 0.000912 0.002712 0.000613 0.000595 -0.000000 0.000140 0.001851 0.000394 0.000614 0.000324 0.000101 0.000085 -0.000000 0.000590 0.000030 
0.009439 0.001571 0.001426 0.117216 0.019921 0.000344 0.134435 0.175995 0.008886 0.009312 0.031732 0.035403 0.000646 0.004010 0.051789 0.262842 0.012385 0.055118 0.012348 0.000101 1.213160 0.001403 0.027227 0.105107 0.002138 0.080915 0.002564 0.268755 0.041632 0.007056 0.014094 0.021535 0.056820 0.013195 0.003357 0.002019 0.045383 0.005019 0.032940 0.071655 0.002710 0.019687 0.252301 0.005508 0.000976 0.014232 0.004605 0.013407 0.015973 0.001366 0.000601 0.000889 0.001997 0.007050 0.000821 0.000816 0.004502 0.004313 0.001293 0.059886 0.000486 0.017090 0.001721 0.001227 0.002994 0.000578 0.000189 0.000622 0.016707 0.001705 
0.045721 0.015481 0.023133 0.043199 0.012051 0.006219 0.124073 0.016004 0.114451 0.185715 0.084218 0.032341 0.011704 0.128331 0.693336 0.070452 0.114726 0.027337 0.019193 0.002373 0.024419 0.032511 0.020504 0.055968 0.049220 0.214405 0.066846 0.109538 0.005924 0.138492 0.027612 0.078114 0.004510 0.158422 0.039329 0.026453 0.003826 0.033265 0.035923 0.136348 0.017822 0.005309 0.046230 0.018921 0.013000 0.007722 0.024717 0.005225 0.055312 0.008265 0.006319 0.000137 0.000388 0.003656 0.005749 0.005902 0.016328 0.008248 0.004439 0.009261 0.001502 0.024166 0.004266 0.005261 0.006555 0.001257 0.000661 0.001323 0.011105 0.001453 
0.011799 0.003882 0.004341 0.085435 0.018054 0.000928 0.164022 0.072042 0.020076 0.027405 0.061663 0.052926 0.001528 0.014862 0.114864 0.334712 0.029348 0.090630 0.025165 0.000295 0.160165 0.004515 0.064413 0.223392 0.006548 0.176047 0.005952 0.507217 0.031206 0.022011 0.028403 0.044793 0.022097 0.034477 0.008285 0.006000 0.016428 0.012109 0.048950 0.119377 0.005892 0.016030 0.157454 0.011416 0.003700 0.016265 0.012304 0.012063 0.037959 0.003942 0.002424 0.000466 0.001374 0.007062 0.002685 0.002423 0.012151 0.007565 0.003453 0.031178 0.001350 0.028411 0.004446 0.003419 0.005988 0.001095 0.000396 0.001089 0.018771 0.002031 
0.020943 0.003512 0.006450 0.048427 0.011804 0.001065 0.119846 0.026109 0.025671 0.030598 0.058061 0.039585 0.002045 0.025006 0.148892 0.126281 0.037465 0.048694 0.031377 0.000337 0.054414 0.005660 0.046457 0.123034 0.010111 0.237305 0.012637 0.211441 0.011142 0.031069 0.026641 0.046673 0.008582 0.044181 0.010594 0.007702 0.007445 0.015147 0.038818 0.112705 0.007492 0.007993 0.083589 0.012929 0.005652 0.010915 0.014859 0.008585 0.038255 0.004435 0.003874 0.000263 0.000679 0.004997 0.003348 0.002711 0.013562 0.007801 0.003929 0.019602 0.001545 0.029608 0.005665 0.004033 0.006191 0.001530 0.000538 0.001167 0.013464 0.001809 
0.005310 0.001710 0.004279 0.004953 0.001484 0.001203 0.012271 0.002756 0.011766 0.039378 0.006432 0.002870 0.002526 0.036801 0.049797 0.009925 0.006881 0.003254 0.001725 0.000464 0.004615 0.012337 0.002364 0.007096 0.015813 0.018320 0.020512 0.012723 0.000954 0.036019 0.003013 0.008340 0.000778 0.029709 0.005995 0.007154 0.000675 0.004411 0.005351 0.022628 0.003091 0.001047 0.009553 0.003090 0.003648 0.001623 0.005720 0.001025 0.010648 0.002397 0.001616 0.000020 0.000088 0.000641 0.001832 0.001464 0.004231 0.001626 0.001003 0.002315 0.000454 0.006531 0.001828 0.001666 0.001659 0.000375 0.000160 0.000856 0.004128 0.000356 
0.015044 0.003420 0.005830 0.017747 0.004159 0.001546 0.047039 0.008993 0.022092 0.047094 0.024914 0.011947 0.002832 0.030196 0.127313 0.032080 0.027130 0.012904 0.007216 0.000491 0.018555 0.008918 0.008902 0.028544 0.015768 0.086163 0.021610 0.062887 0.003859 0.051816 0.013337 0.039625 0.003308 0.069464 0.018083 0.012693 0.003188 0.016768 0.020659 0.081374 0.009438 0.004159 0.034459 0.011079 0.007553 0.006367 0.016801 0.004385 0.039537 0.005421 0.004309 0.000103 0.000368 0.003086 0.004328 0.004175 0.013724 0.006363 0.003283 0.009878 0.001815 0.021988 0.005844 0.005261 0.006676 0.001196 0.000396 0.002023 0.006879 0.001260 
0.015929 0.003697 0.004403 0.058883 0.012096 0.001237 0.122846 0.039309 0.026330 0.030864 0.068910 0.045982 0.002186 0.017929 0.157855 0.201696 0.048614 0.075502 0.038921 0.000439 0.115269 0.006676 0.120359 0.397699 0.009309 0.562586 0.011904 0.917862 0.034017 0.033807 0.105065 0.132187 0.020571 0.063164 0.017928 0.008914 0.014234 0.027751 0.125314 0.289668 0.010111 0.022062 0.187307 0.023756 0.004830 0.029605 0.019860 0.015759 0.062411 0.004682 0.003377 0.000388 0.001283 0.009258 0.003127 0.002711 0.013670 0.012043 0.004031 0.027782 0.001286 0.035377 0.004446 0.002981 0.006595 0.001206 0.000453 0.001167 0.018673 0.002698 
0.004425 0.001710 0.003597 0.002614 0.000585 0.001477 0.006272 0.000629 0.008681 0.067847 0.004460 0.001695 0.004747 0.078084 0.035522 0.002393 0.004774 0.001196 0.000917 0.000422 0.000481 0.021690 0.001090 0.002027 0.126012 0.013263 0.416549 0.003999 0.000207 0.267506 0.002025 0.006735 0.000198 0.062739 0.009934 0.031386 0.000188 0.005762 0.003246 0.013925 0.006037 0.000369 0.002388 0.002880 0.019114 0.000678 0.007411 0.000386 0.009465 0.004614 0.003854 0.000004 0.000032 0.000190 0.003064 0.002111 0.004285 0.001131 0.001055 0.000463 0.000400 0.002939 0.001147 0.002718 0.000890 0.000172 0.000094 0.000467 0.000590 0.000104 
0.003540 0.000832 0.001116 0.007154 0.002878 0.000309 0.023315 0.006962 0.006788 0.011175 0.012821 0.007463 0.000729 0.008257 0.036186 0.026674 0.008875 0.009316 0.004705 0.000117 0.017689 0.002242 0.007947 0.028651 0.003118 0.072232 0.004670 0.060343 0.003330 0.012322 0.014934 0.021809 0.003040 0.017536 0.005142 0.003866 0.002569 0.007697 0.019124 0.053234 0.003637 0.003215 0.037871 0.005529 0.001953 0.005600 0.007195 0.003545 0.019423 0.002374 0.001906 0.000089 0.000304 0.002196 0.002180 0.001871 0.007432 0.003818 0.002466 0.008798 0.000951 0.013171 0.003119 0.002455 0.003561 0.000750 0.000264 0.001167 0.007567 0.000993 
0.013864 0.004852 0.008931 0.018710 0.004025 0.002989 0.042403 0.008123 0.031637 0.089399 0.026157 0.011509 0.005758 0.075017 0.164329 0.030042 0.028028 0.011736 0.007227 0.001004 0.017401 0.025351 0.008970 0.027744 0.046547 0.089598 0.063000 0.058767 0.003413 0.164190 0.014424 0.045146 0.002969 0.239973 0.052134 0.039896 0.002794 0.032095 0.028116 0.112125 0.022422 0.004100 0.038894 0.018753 0.018806 0.006991 0.030185 0.004738 0.065073 0.013126 0.009903 0.000113 0.000341 0.003478 0.008813 0.007965 0.022024 0.009780 0.005392 0.009415 0.002690 0.028302 0.008605 0.008329 0.008537 0.001733 0.000944 0.002801 0.009828 0.001512 
0.007079 0.001848 0.002543 0.040173 0.008634 0.000825 0.082079 0.034184 0.013247 0.017294 0.031346 0.024467 0.001269 0.013446 0.075027 0.121673 0.019715 0.035485 0.012741 0.000221 0.118153 0.003548 0.032290 0.123461 0.005791 0.129101 0.007967 0.354907 0.036102 0.020326 0.025406 0.043893 0.021942 0.033200 0.008731 0.007183 0.016522 0.015327 0.063600 0.150418 0.007092 0.021545 0.211019 0.014106 0.004624 0.021205 0.014823 0.017002 0.051566 0.005197 0.003211 0.000499 0.001754 0.009792 0.003380 0.003527 0.015514 0.011312 0.004881 0.038741 0.001880 0.039623 0.006812 0.004647 0.009306 0.001672 0.000661 0.002101 0.022505 0.003128 
0.018583 0.006331 0.010109 0.023113 0.005194 0.002955 0.057264 0.010057 0.043156 0.090995 0.039536 0.017032 0.006862 0.066053 0.231721 0.043512 0.042492 0.016741 0.010557 0.001293 0.023169 0.027995 0.014603 0.040282 0.045567 0.158967 0.062725 0.093058 0.005301 0.183568 0.026032 0.092915 0.004227 0.380604 0.104502 0.053368 0.003563 0.068692 0.047152 0.206988 0.039226 0.006489 0.052030 0.035592 0.026359 0.011539 0.054146 0.006586 0.107272 0.020137 0.013136 0.000154 0.000554 0.004819 0.012035 0.010437 0.032873 0.014446 0.008300 0.012656 0.003965 0.040929 0.010899 0.011486 0.010722 0.002422 0.001189 0.004279 0.015528 0.002091 
0.000885 0.000231 0.000434 0.003027 0.000630 0.000206 0.008044 0.001886 0.001440 0.003459 0.003602 0.002296 0.000212 0.002359 0.010623 0.008242 0.001994 0.002892 0.001212 0.000023 0.007403 0.000532 0.002397 0.009550 0.001158 0.011832 0.001007 0.024234 0.001660 0.003160 0.002865 0.004777 0.001767 0.005108 0.001319 0.000981 0.001463 0.002138 0.007369 0.017551 0.001218 0.001829 0.025247 0.002018 0.000668 0.002425 0.001835 0.001949 0.006606 0.000874 0.000518 0.000053 0.000186 0.001270 0.000537 0.000528 0.002007 0.001697 0.000748 0.003550 0.000465 0.005769 0.001111 0.000789 0.001983 0.000324 0.000142 0.000233 0.002850 0.000489 
0.000590 0.000555 0.000930 0.001238 0.000292 0.000206 0.003681 0.000290 0.002304 0.009046 0.001801 0.000902 0.000635 0.006605 0.011287 0.002393 0.001601 0.000890 0.000557 0.000082 0.001634 0.003435 0.000620 0.001387 0.011537 0.005630 0.021977 0.003756 0.000228 0.045076 0.001432 0.003406 0.000156 0.024772 0.004307 0.015433 0.000206 0.004051 0.002632 0.011459 0.004583 0.000605 0.002900 0.002313 0.020810 0.000553 0.005325 0.000470 0.009169 0.004166 0.003439 0.000009 0.000042 0.000392 0.002843 0.002399 0.005262 0.001555 0.001259 0.000772 0.000519 0.004354 0.001721 0.002893 0.001295 0.000345 0.000236 0.000700 0.001671 0.000252 
0.002065 0.000323 0.000992 0.010593 0.001844 0.000241 0.018270 0.010444 0.003044 0.005055 0.008105 0.005987 0.000458 0.004010 0.021911 0.027029 0.005055 0.007481 0.002708 0.000070 0.045858 0.001258 0.005717 0.020274 0.001604 0.028148 0.002472 0.058283 0.006567 0.007372 0.005203 0.011551 0.015354 0.009790 0.002542 0.001789 0.014946 0.004254 0.019168 0.046997 0.002764 0.011989 0.172295 0.005466 0.001541 0.009220 0.005181 0.009862 0.019719 0.001882 0.001326 0.000425 0.001379 0.004783 0.001927 0.001392 0.007540 0.004690 0.002313 0.034419 0.001048 0.020900 0.003334 0.002280 0.005098 0.000750 0.000245 0.000856 0.014447 0.001750 
0.000885 0.000601 0.000496 0.007842 0.001529 0.000241 0.016498 0.005125 0.002263 0.004257 0.006432 0.003773 0.000341 0.003303 0.014607 0.017812 0.004044 0.005284 0.002140 0.000039 0.020766 0.000871 0.004510 0.016113 0.002405 0.019847 0.003022 0.043742 0.004886 0.006003 0.004479 0.009476 0.006079 0.008768 0.002561 0.001817 0.005570 0.004029 0.017194 0.041775 0.002473 0.010957 0.085977 0.004099 0.001541 0.008418 0.005469 0.007376 0.015874 0.001568 0.001471 0.000219 0.000731 0.004190 0.001611 0.001296 0.005696 0.003559 0.001973 0.014354 0.000929 0.015566 0.002761 0.002104 0.003682 0.000791 0.000217 0.001011 0.011007 0.001438 
0.001475 0.000786 0.001054 0.007292 0.001866 0.000344 0.017316 0.005995 0.003373 0.007982 0.006389 0.004101 0.000552 0.006133 0.022740 0.019142 0.005139 0.006174 0.002642 0.000074 0.019900 0.001242 0.005315 0.017874 0.002806 0.030057 0.003480 0.047256 0.003610 0.008952 0.007360 0.014644 0.004623 0.017962 0.004075 0.003519 0.003957 0.007517 0.040002 0.091818 0.004492 0.008140 0.073524 0.008598 0.002877 0.016158 0.009750 0.009106 0.034706 0.003853 0.002362 0.000197 0.000623 0.005994 0.003064 0.002855 0.012965 0.007588 0.003317 0.016824 0.001512 0.028629 0.005736 0.004384 0.006353 0.001307 0.000538 0.001556 0.014643 0.002328 
0.006489 0.001294 0.001550 0.022012 0.004227 0.000378 0.038449 0.016052 0.008722 0.012505 0.017839 0.012220 0.001011 0.011323 0.048469 0.055209 0.011655 0.015879 0.006463 0.000147 0.076429 0.002709 0.014837 0.053140 0.004811 0.078148 0.007142 0.144192 0.014928 0.017061 0.019067 0.039077 0.019454 0.032859 0.008925 0.006923 0.018303 0.015912 0.088426 0.213371 0.008511 0.052411 0.400714 0.019383 0.004624 0.065381 0.022270 0.052805 0.071876 0.006384 0.004848 0.000984 0.003243 0.028189 0.005022 0.005302 0.027828 0.021234 0.008674 0.074549 0.003360 0.088280 0.012871 0.006225 0.017439 0.003385 0.001180 0.003190 0.056706 0.007161 
0.003835 0.001756 0.002481 0.005778 0.001596 0.000825 0.015816 0.003820 0.011231 0.028203 0.009262 0.004046 0.001951 0.025713 0.056270 0.014002 0.010419 0.004394 0.002893 0.000326 0.009902 0.009950 0.004191 0.012912 0.023430 0.041698 0.037727 0.030414 0.002023 0.111320 0.008084 0.031285 0.002262 0.167615 0.036438 0.081552 0.001913 0.036034 0.021756 0.104437 0.059193 0.003067 0.028318 0.027267 0.103331 0.006652 0.083144 0.004301 0.141387 0.076718 0.060125 0.000089 0.000329 0.003976 0.047319 0.037116 0.064879 0.017369 0.015393 0.009261 0.008848 0.049093 0.024129 0.033493 0.020393 0.004652 0.003312 0.009492 0.016314 0.002565 
0.000590 0.000508 0.000496 0.016234 0.003148 0.000034 0.023042 0.024755 0.001892 0.003193 0.006003 0.006178 0.000129 0.002123 0.013113 0.049449 0.004072 0.010873 0.003046 0.000036 0.178816 0.000548 0.010596 0.040389 0.000980 0.039980 0.001282 0.127228 0.024753 0.004002 0.011526 0.018990 0.067946 0.009194 0.002619 0.001558 0.112838 0.006099 0.061494 0.121263 0.002491 0.091638 2.173987 0.009229 0.001028 0.045603 0.006116 0.081064 0.034706 0.001501 0.000642 0.005526 0.018451 0.036735 0.001295 0.000912 0.010470 0.014164 0.003606 0.300202 0.001005 0.069449 0.004948 0.002017 0.009144 0.001591 0.000396 0.000545 0.082160 0.008288 
0.003245 0.000693 0.001799 0.004953 0.001327 0.000515 0.013362 0.002949 0.007117 0.019955 0.006732 0.003527 0.001175 0.016985 0.033696 0.010280 0.006544 0.003115 0.002216 0.000210 0.008556 0.005241 0.003118 0.010297 0.014120 0.028721 0.022343 0.020235 0.001587 0.057609 0.005104 0.016797 0.001301 0.083169 0.017113 0.039059 0.001350 0.017263 0.015746 0.067014 0.025059 0.002360 0.023371 0.014422 0.074402 0.004566 0.039611 0.003058 0.078384 0.043343 0.036361 0.000078 0.000250 0.002445 0.030925 0.025336 0.039654 0.010440 0.009899 0.005865 0.005671 0.034180 0.014592 0.023585 0.013312 0.003142 0.002350 0.007936 0.010909 0.001942 
0.002655 0.001895 0.002915 0.017197 0.003665 0.000447 0.036677 0.013006 0.012260 0.019157 0.016852 0.010908 0.001293 0.016749 0.061914 0.044752 0.015053 0.015379 0.007205 0.000251 0.047780 0.004467 0.015391 0.054207 0.010289 0.115742 0.014743 0.135589 0.011463 0.033386 0.034561 0.083909 0.012540 0.071932 0.021944 0.017741 0.011833 0.049606 0.218871 0.840428 0.023895 0.026191 0.207607 0.076566 0.013719 0.068538 0.068537 0.035383 0.279519 0.017897 0.012141 0.000574 0.002237 0.028771 0.012098 0.012260 0.079254 0.065327 0.024611 0.049236 0.007810 0.199855 0.030296 0.015256 0.041797 0.007145 0.002359 0.005835 0.079113 0.011594 
0.003835 0.000878 0.001550 0.014858 0.003597 0.000241 0.030405 0.011652 0.005554 0.011973 0.010592 0.008420 0.000740 0.007313 0.028384 0.030928 0.007414 0.010595 0.004443 0.000103 0.043358 0.001984 0.009590 0.033560 0.003831 0.049331 0.005769 0.085304 0.008662 0.013481 0.011888 0.026821 0.011777 0.027326 0.006810 0.005135 0.012208 0.011861 0.053029 0.139975 0.005892 0.029465 0.254689 0.013455 0.004470 0.041804 0.015578 0.039952 0.054228 0.005062 0.003854 0.000666 0.002205 0.021234 0.004612 0.004343 0.021644 0.016167 0.006361 0.049082 0.002690 0.064224 0.009824 0.005611 0.013352 0.002594 0.000934 0.002568 0.042554 0.006079 
0.004425 0.001802 0.002605 0.009906 0.002271 0.000928 0.022906 0.005609 0.011807 0.023414 0.012779 0.007573 0.001551 0.022647 0.063740 0.023041 0.012807 0.008760 0.004553 0.000310 0.019997 0.006934 0.008265 0.027371 0.013986 0.074426 0.021519 0.061797 0.004897 0.061821 0.020219 0.063235 0.004934 0.140971 0.036710 0.035569 0.004445 0.078752 0.070749 0.352330 0.063757 0.009232 0.077618 0.112746 0.031806 0.019136 0.250223 0.011945 0.662564 0.047017 0.028571 0.000231 0.000819 0.009745 0.028840 0.029462 0.140769 0.054533 0.035122 0.017904 0.012845 0.142816 0.039330 0.032090 0.041676 0.008554 0.003709 0.011437 0.040785 0.006687 
0.002950 0.000601 0.001426 0.006191 0.001237 0.000275 0.011180 0.003433 0.005760 0.009578 0.005446 0.003417 0.000658 0.009908 0.026890 0.011166 0.005280 0.004227 0.002074 0.000100 0.010479 0.002661 0.003487 0.011044 0.005702 0.026145 0.009981 0.028233 0.001961 0.025697 0.005862 0.017463 0.002460 0.042223 0.010031 0.013674 0.002344 0.016250 0.020791 0.087756 0.017931 0.003805 0.036847 0.018080 0.017316 0.006652 0.050872 0.004452 0.125611 0.028694 0.020739 0.000111 0.000370 0.003917 0.025049 0.024952 0.096776 0.020456 0.021958 0.009878 0.011073 0.065748 0.029650 0.025076 0.025653 0.006192 0.003067 0.009570 0.018771 0.003573 
0.005900 0.001294 0.001799 0.013895 0.002518 0.000344 0.027814 0.010250 0.006377 0.013569 0.012092 0.006889 0.000717 0.008492 0.037348 0.032080 0.007836 0.009038 0.004312 0.000131 0.035282 0.003096 0.008567 0.031425 0.005969 0.055629 0.007692 0.075731 0.006650 0.021274 0.014424 0.036375 0.008582 0.041457 0.011525 0.009260 0.009152 0.020031 0.075530 0.242091 0.012893 0.017667 0.168713 0.029979 0.008478 0.037007 0.035114 0.025739 0.154401 0.011917 0.008826 0.000555 0.001984 0.025993 0.010456 0.010700 0.060376 0.053049 0.019934 0.045995 0.007281 0.206278 0.030260 0.015957 0.038560 0.007054 0.002642 0.006069 0.081570 0.011446 
-0.000000 0.000046 -0.000000 -0.000000 0.000045 -0.000000 0.000273 0.000097 0.000165 0.000266 0.000172 0.000109 0.000047 -0.000000 0.000664 0.000089 0.000084 0.000056 0.000033 0.000001 0.000192 0.000065 0.000050 0.000213 0.000089 0.000668 0.000275 0.000364 0.000021 0.000948 0.000082 0.000196 0.000042 0.000766 0.000155 0.000548 0.000019 0.000428 0.000395 0.001160 0.000309 0.000103 0.000682 0.000252 0.001541 0.000178 0.000648 0.000067 0.001380 0.000851 0.000994 0.000004 0.000005 0.000071 0.001421 0.001032 0.001302 0.000236 0.000272 -0.000000 0.000194 0.001197 0.000609 0.001578 0.000283 0.000091 0.000132 0.000856 0.000197 0.000119 
0.002360 0.000693 0.001302 0.005641 0.001574 0.000275 0.013225 0.003723 0.004443 0.007716 0.005832 0.003417 0.000623 0.006133 0.024234 0.013204 0.004606 0.005200 0.002096 0.000098 0.012402 0.002225 0.003906 0.012752 0.004944 0.027385 0.005311 0.030535 0.002511 0.014955 0.006306 0.016837 0.002771 0.030220 0.006849 0.006433 0.002963 0.013279 0.025045 0.097910 0.010184 0.005117 0.047424 0.017323 0.008478 0.009452 0.031696 0.006771 0.124428 0.011469 0.009054 0.000168 0.000589 0.006006 0.010803 0.011636 0.063414 0.043104 0.022570 0.011267 0.007551 0.109833 0.028073 0.017009 0.030670 0.006679 0.002406 0.006536 0.028206 0.005056 
0.003245 0.000370 0.000558 0.004678 0.001012 0.000069 0.008726 0.005850 0.002962 0.002661 0.004760 0.003281 0.000212 0.002123 0.017263 0.018433 0.003904 0.004867 0.002380 0.000061 0.034321 0.001226 0.005398 0.022515 0.002049 0.042557 0.003113 0.071611 0.007791 0.009373 0.014259 0.030580 0.011946 0.021707 0.005995 0.004702 0.013727 0.019874 0.111804 0.343337 0.010020 0.035452 0.312519 0.038283 0.005292 0.084018 0.036517 0.074428 0.207347 0.009005 0.006361 0.001301 0.005465 0.100912 0.006381 0.008781 0.072310 0.118258 0.031023 0.120081 0.008988 0.657150 0.042844 0.013239 0.083271 0.013307 0.003341 0.007469 0.378563 0.050470 
0.000295 0.000092 0.000372 0.007704 0.001259 0.000103 0.008044 0.007736 0.001316 0.001862 0.003087 0.002597 0.000106 0.000708 0.006972 0.017812 0.002191 0.004032 0.001245 0.000019 0.050568 0.000323 0.003336 0.014406 0.000579 0.016030 0.000733 0.037199 0.005249 0.002844 0.003540 0.007948 0.015099 0.006044 0.001436 0.001096 0.030399 0.003264 0.019562 0.054249 0.001800 0.018950 0.290684 0.004793 0.001079 0.014642 0.004857 0.025050 0.019621 0.001299 0.001098 0.005427 0.009485 0.016878 0.001074 0.001368 0.006998 0.010134 0.002755 1.219176 0.001102 0.056713 0.005270 0.001929 0.009792 0.001419 0.000349 0.000778 0.099260 0.008125 
0.000295 0.000231 0.000062 0.001101 0.000247 0.000034 0.002454 0.001257 0.001111 0.001596 0.001973 0.000847 0.000176 0.000944 0.009959 0.003633 0.001629 0.001696 0.000721 0.000037 0.008749 0.000532 0.001509 0.005602 0.001203 0.012404 0.001465 0.021084 0.001888 0.009373 0.004791 0.014409 0.002022 0.017025 0.005083 0.004962 0.002719 0.011569 0.035177 0.139394 0.010238 0.007005 0.058683 0.024345 0.009352 0.020100 0.040762 0.013575 0.224700 0.016844 0.010753 0.000268 0.001136 0.017733 0.019742 0.022241 0.184221 0.166805 0.104755 0.029634 0.031771 1.253450 0.195182 0.037526 0.474983 0.059014 0.010984 0.023497 0.176211 0.038801 
0.000295 0.000323 0.000372 0.005228 0.001372 0.000241 0.009544 0.005077 0.002427 0.004257 0.003859 0.002734 0.000129 0.003067 0.010955 0.010811 0.002668 0.003560 0.001616 0.000035 0.028361 0.000742 0.002951 0.010938 0.001425 0.016984 0.001465 0.030898 0.003361 0.004107 0.003869 0.007909 0.006249 0.007236 0.001901 0.001385 0.010839 0.003826 0.015834 0.044241 0.002291 0.010249 0.144318 0.004520 0.001901 0.009916 0.005900 0.014348 0.021198 0.001994 0.001305 0.001388 0.003635 0.010338 0.001895 0.001631 0.010144 0.007541 0.003436 0.198025 0.001545 0.042344 0.005414 0.002806 0.008416 0.001459 0.000528 0.001089 0.074003 0.006509 
0.000295 0.000185 0.000496 0.005916 0.000697 0.000034 0.008862 0.004738 0.001604 0.001064 0.002830 0.002460 0.000118 0.000944 0.006972 0.011255 0.001601 0.003448 0.001092 0.000018 0.034898 0.000306 0.002448 0.008590 0.000624 0.012023 0.001282 0.029687 0.004025 0.002633 0.003145 0.006774 0.009585 0.004767 0.001552 0.001529 0.018641 0.003399 0.017720 0.041775 0.001819 0.013494 0.194130 0.004057 0.000925 0.013108 0.004929 0.019859 0.020015 0.001568 0.000953 0.003013 0.006704 0.014658 0.001169 0.001344 0.008083 0.009285 0.003096 0.732679 0.001232 0.050508 0.005127 0.002367 0.008740 0.001723 0.000415 0.001089 0.103289 0.009667 
0.001180 0.000185 0.000310 0.000550 0.000427 0.000034 0.003409 0.000484 0.001563 0.002395 0.001844 0.001012 0.000200 0.003303 0.008963 0.004165 0.002134 0.001168 0.000590 0.000049 0.005384 0.001080 0.001526 0.004535 0.002450 0.012595 0.003937 0.011632 0.001027 0.012006 0.002997 0.008653 0.001089 0.022388 0.005374 0.008250 0.001406 0.009656 0.015746 0.063097 0.010966 0.003008 0.022688 0.014590 0.017367 0.006634 0.035366 0.004452 0.118808 0.027126 0.024199 0.000085 0.000397 0.004522 0.049972 0.056981 0.155145 0.038555 0.055703 0.013737 0.088918 0.185596 0.268752 0.156942 0.158166 0.060727 0.036841 0.081928 0.048549 0.010601 
0.002360 0.000739 0.000558 0.004678 0.000967 0.000275 0.009544 0.003143 0.003250 0.005853 0.004074 0.002679 0.000353 0.003303 0.017429 0.011786 0.003651 0.003365 0.001649 0.000073 0.012402 0.001580 0.003068 0.009337 0.003385 0.023091 0.004945 0.029565 0.002625 0.015271 0.005401 0.014840 0.003407 0.025453 0.005840 0.006173 0.003544 0.011479 0.023949 0.096169 0.008511 0.005810 0.062777 0.015158 0.008530 0.011557 0.025724 0.010030 0.106286 0.011737 0.009365 0.000249 0.000871 0.009317 0.014846 0.014755 0.075240 0.046261 0.030972 0.019293 0.014303 0.310995 0.069447 0.028670 0.135264 0.022965 0.006209 0.017273 0.084518 0.016828 
0.001770 0.000416 0.000744 0.003852 0.000967 0.000344 0.005863 0.003433 0.002962 0.003991 0.004245 0.002624 0.000353 0.005190 0.014607 0.011609 0.002949 0.003309 0.001747 0.000063 0.014709 0.001677 0.003219 0.011471 0.003073 0.022519 0.003846 0.032352 0.002843 0.012006 0.006240 0.016328 0.004270 0.021878 0.005549 0.006000 0.005026 0.011456 0.031054 0.103277 0.008511 0.008199 0.073353 0.017680 0.008016 0.015641 0.028674 0.012903 0.112005 0.012275 0.009282 0.000288 0.001109 0.014243 0.014341 0.014995 0.080176 0.059506 0.034289 0.034573 0.016237 0.515966 0.078876 0.031125 0.156062 0.027485 0.007021 0.015172 0.149578 0.033019 
-0.000000 -0.000000 0.000062 0.000138 0.000022 -0.000000 0.000409 0.000145 -0.000000 -0.000000 0.000043 0.000164 -0.000000 -0.000000 0.000498 0.000266 0.000112 -0.000000 0.000076 0.000001 0.000577 0.000081 0.000084 0.000267 0.000223 0.000286 0.000183 0.000848 0.000104 0.000527 0.000099 0.000313 0.000042 0.000426 0.000136 0.000115 0.000056 0.000225 0.000307 0.001886 0.000309 0.000029 0.001706 0.000315 0.000514 0.000125 0.000576 0.000084 0.001479 0.000336 0.000435 0.000001 0.000020 0.000059 0.001169 0.001128 0.001682 0.000330 0.000442 -0.000000 0.000367 0.002068 0.001111 0.014642 0.000850 0.000243 0.000689 0.007314 0.000491 0.000119 
0.000590 0.000185 0.000310 0.003027 0.000719 -0.000000 0.006954 0.004835 0.001028 0.000798 0.001629 0.002296 0.000118 0.001180 0.006806 0.009837 0.001488 0.002280 0.000906 0.000027 0.032591 0.000371 0.002180 0.008377 0.000579 0.013072 0.000824 0.025325 0.003870 0.002738 0.003342 0.006539 0.009628 0.004512 0.001378 0.001125 0.016934 0.003331 0.017545 0.050913 0.001600 0.013833 0.209995 0.004877 0.001079 0.013162 0.004713 0.021673 0.022973 0.001635 0.001077 0.002785 0.006390 0.017115 0.001390 0.001344 0.009656 0.010110 0.003980 0.592224 0.001426 0.068251 0.006525 0.001841 0.011046 0.001875 0.000547 0.001556 0.153705 0.012899 
0.001475 0.000323 0.000186 0.003439 0.000697 0.000103 0.005045 0.002224 0.002180 0.004789 0.002444 0.001886 0.000259 0.002123 0.011121 0.008419 0.002443 0.002503 0.001234 0.000047 0.007787 0.000693 0.002280 0.006776 0.001826 0.011164 0.003388 0.016964 0.001629 0.007162 0.003079 0.008653 0.001711 0.013535 0.002852 0.003087 0.001688 0.005357 0.013071 0.043370 0.004383 0.003289 0.033435 0.007106 0.005447 0.005404 0.011909 0.005292 0.042100 0.006563 0.005366 0.000128 0.000427 0.004166 0.007802 0.006838 0.033090 0.016897 0.012637 0.011576 0.006417 0.117453 0.031120 0.014379 0.060936 0.011929 0.003114 0.008558 0.038721 0.008748 
0.001180 0.000185 0.000186 0.000963 0.000337 0.000069 0.003272 0.000822 0.001234 0.002129 0.002316 0.001340 0.000212 0.002595 0.005312 0.003811 0.001432 0.001363 0.000535 0.000033 0.002788 0.000500 0.001090 0.002668 0.001247 0.006393 0.002106 0.007391 0.000488 0.005582 0.001844 0.004738 0.000763 0.008853 0.001960 0.002164 0.001331 0.003421 0.006141 0.021903 0.002837 0.001209 0.012624 0.004457 0.003083 0.002533 0.008994 0.001966 0.025931 0.004256 0.004475 0.000055 0.000172 0.001721 0.007865 0.007126 0.022621 0.008060 0.008283 0.004322 0.007033 0.038752 0.027463 0.017272 0.028768 0.010652 0.004294 0.010659 0.012776 0.002595 
0.000295 0.000092 0.000186 0.004402 0.000944 0.000206 0.008453 0.005222 0.001810 0.001330 0.002830 0.002269 0.000118 0.002595 0.008963 0.013293 0.002247 0.003810 0.001321 0.000031 0.029995 0.000532 0.003135 0.011845 0.001247 0.015744 0.001648 0.033079 0.004461 0.004002 0.004791 0.010024 0.007776 0.008598 0.002231 0.002106 0.013446 0.005064 0.024870 0.067014 0.003037 0.013892 0.186454 0.007358 0.002055 0.017389 0.007663 0.025033 0.040227 0.002845 0.002362 0.001688 0.005237 0.021483 0.003285 0.002999 0.015786 0.016732 0.006888 0.232753 0.002398 0.103411 0.010577 0.004121 0.019260 0.003426 0.001029 0.002101 0.261122 0.021854 
0.000590 0.000046 0.000062 0.002201 0.000472 -0.000000 0.005181 0.002804 0.000576 0.000532 0.000943 0.000875 0.000047 0.000708 0.004482 0.005140 0.000814 0.001613 0.000437 0.000011 0.017978 0.000339 0.001408 0.005922 0.000223 0.007061 0.000366 0.015267 0.001847 0.001580 0.001614 0.003681 0.004793 0.003320 0.000854 0.000837 0.008645 0.001666 0.008509 0.019147 0.000618 0.005515 0.084612 0.002039 0.000462 0.005707 0.001907 0.008400 0.009761 0.000717 0.000601 0.001253 0.002497 0.005673 0.000758 0.000816 0.004285 0.003865 0.001514 0.366262 0.000724 0.026887 0.002976 0.000877 0.004087 0.000831 0.000236 0.000233 0.045699 0.004166 
0.001180 0.000508 0.000992 0.003990 0.000719 0.000103 0.008862 0.003191 0.003003 0.005853 0.003302 0.002597 0.000306 0.004718 0.012117 0.010102 0.002668 0.003309 0.001190 0.000047 0.012017 0.001177 0.002750 0.010511 0.001871 0.018129 0.002564 0.022659 0.002241 0.006951 0.004034 0.011159 0.003407 0.014812 0.003667 0.003202 0.003694 0.006279 0.017983 0.063242 0.004474 0.006091 0.062777 0.009292 0.004265 0.009488 0.012376 0.009039 0.052946 0.005779 0.004827 0.000280 0.001087 0.008522 0.006160 0.005830 0.032494 0.023967 0.013165 0.025621 0.005520 0.170791 0.025204 0.013064 0.043537 0.008898 0.002444 0.006925 0.144566 0.034057 
0.000590 0.000231 0.000372 0.002476 0.000427 0.000137 0.002591 0.001789 0.001769 0.005587 0.002273 0.001176 0.000141 0.002359 0.006640 0.004697 0.002247 0.001557 0.000841 0.000039 0.004711 0.001016 0.001257 0.004642 0.001826 0.011736 0.002381 0.010421 0.000903 0.009163 0.002552 0.007831 0.001060 0.012684 0.004094 0.004673 0.001350 0.006392 0.010746 0.045546 0.006074 0.002551 0.023200 0.008220 0.009300 0.004227 0.017161 0.003831 0.055214 0.012723 0.011416 0.000096 0.000365 0.003383 0.022901 0.022289 0.058044 0.018995 0.021039 0.007563 0.022416 0.092308 0.074215 0.074087 0.067895 0.025702 0.026253 0.060065 0.028304 0.006598 
0.000885 0.000462 0.000310 0.004678 0.000697 0.000069 0.007635 0.004158 0.002304 0.003725 0.003731 0.002679 0.000200 0.002595 0.012615 0.011609 0.002359 0.003782 0.001365 0.000042 0.017785 0.001016 0.002800 0.010724 0.001381 0.014217 0.001740 0.028233 0.002656 0.004423 0.004034 0.008732 0.004680 0.008853 0.002464 0.002106 0.007032 0.004209 0.019036 0.053524 0.003255 0.008539 0.099965 0.006917 0.002672 0.010915 0.008922 0.013155 0.034706 0.003494 0.002528 0.000701 0.002193 0.013044 0.002875 0.003167 0.017467 0.013457 0.005868 0.079488 0.002560 0.085886 0.011580 0.004735 0.017763 0.003324 0.001104 0.002334 0.237536 0.020327 
0.001475 0.000323 0.000558 0.003027 0.000495 0.000206 0.005317 0.001837 0.002304 0.003725 0.002444 0.001312 0.000294 0.002831 0.008963 0.004963 0.002163 0.002141 0.000884 0.000041 0.006249 0.000774 0.001593 0.005656 0.001559 0.013549 0.002839 0.014419 0.001255 0.005687 0.003063 0.008144 0.001739 0.012173 0.002910 0.003837 0.001444 0.005537 0.010790 0.042790 0.005001 0.002640 0.024224 0.007148 0.004624 0.005154 0.013312 0.004553 0.043086 0.007593 0.005822 0.000117 0.000365 0.003715 0.009666 0.010700 0.039112 0.016921 0.015835 0.010959 0.010079 0.106459 0.045497 0.024286 0.069433 0.020057 0.005889 0.015250 0.039016 0.008362 
-0.000000 -0.000000 0.000124 0.000138 0.000045 -0.000000 0.000273 0.000145 0.000123 -0.000000 0.000086 0.000164 -0.000000 0.000708 0.000332 0.000443 0.000056 0.000167 0.000044 0.000003 0.000481 0.000032 0.000184 0.000427 0.000089 0.000573 0.000275 0.001333 0.000083 0.000316 0.000115 0.000235 0.000042 0.000936 0.000116 0.000260 0.000169 0.000270 0.000570 0.001305 0.000255 0.000147 0.001535 0.000315 0.000154 0.000196 0.000971 0.000168 0.001380 0.000493 0.000373 0.000008 0.000015 0.000190 0.000600 0.000696 0.001899 0.000518 0.000765 0.000463 0.000497 0.003374 0.002330 0.001754 0.002144 0.000659 0.000415 0.001089 0.000590 0.000193 
0.000295 0.000139 0.000310 0.003715 0.000787 0.000137 0.008999 0.003191 0.001275 0.002927 0.002316 0.001859 0.000176 0.003067 0.007967 0.011077 0.001713 0.002837 0.001059 0.000031 0.018266 0.000710 0.002314 0.009870 0.001292 0.013931 0.001282 0.023870 0.003019 0.003686 0.004133 0.009867 0.005132 0.008853 0.002309 0.001933 0.007201 0.005244 0.024256 0.077748 0.003746 0.011635 0.125554 0.008956 0.002158 0.017192 0.011621 0.020497 0.052946 0.004032 0.002756 0.000806 0.002777 0.020059 0.004422 0.004750 0.025984 0.026630 0.010171 0.101251 0.003911 0.194413 0.020830 0.008242 0.038844 0.007256 0.002086 0.003890 1.189349 0.065356 
-0.000000 0.000092 -0.000000 0.002752 0.000652 0.000069 0.003545 0.003094 0.000741 -0.000000 0.001587 0.001094 0.000082 0.000708 0.003652 0.006115 0.001348 0.001919 0.000710 0.000019 0.017978 0.000290 0.001643 0.007523 0.000356 0.009065 0.000549 0.018660 0.002490 0.002633 0.002486 0.004464 0.005415 0.004341 0.001455 0.000721 0.009939 0.002206 0.012062 0.028285 0.001382 0.008671 0.117706 0.002754 0.000822 0.009042 0.003814 0.013340 0.018043 0.001098 0.000870 0.001558 0.003733 0.010908 0.000884 0.000888 0.007432 0.006787 0.002840 0.357619 0.000713 0.042235 0.004410 0.002280 0.008618 0.001520 0.000340 0.001400 0.100734 0.008525 
