# Flux Network Reconstruction using RW method
# Walkers leave from emitting cells
# Probability involves emitting fluxes, then absorbing flux is shared among connections
# Seed: 1685008047
# Threshold: 0.5
# Precision: 100000.0
# Dt: 1.0
# Radius step: 9.000000
# Matrix output


0.005249 0.000352 0.000090 0.001846 0.000074 0.044097 0.022170 0.000571 0.005119 0.046028 0.002285 0.000083 0.001289 0.004802 0.002570 0.003030 0.000430 0.002241 0.016304 0.004284 0.000761 0.002729 0.001060 0.004238 0.007350 0.000489 0.000517 0.002489 0.003443 0.001046 0.009198 0.001201 0.000811 0.002343 0.000500 0.006233 0.000213 0.002935 0.001783 0.000615 0.003425 0.002806 0.003843 0.000020 0.003561 0.001106 0.001685 0.000073 0.000010 0.000706 0.000067 0.000673 0.000044 0.001576 0.001627 0.001135 0.000167 0.000577 0.000325 0.000040 0.000726 0.000453 0.000005 0.000003 0.000200 0.000348 0.000161 0.000668 
0.744188 0.079286 0.003054 0.113215 0.003019 0.028341 0.042383 0.014423 0.167073 0.171880 0.000516 0.002242 0.023633 0.025727 0.005708 0.040448 0.008295 0.044268 0.016698 0.040768 0.006850 0.016280 0.012228 0.007774 0.003106 0.003952 0.003029 0.004653 0.009886 0.007194 0.009532 0.002248 0.006202 0.001754 0.002120 0.004049 0.000413 0.001034 0.004755 0.000505 0.004423 0.005039 0.001656 0.000096 0.002956 0.000776 0.001859 0.000035 0.000020 0.000511 0.000054 0.000813 0.000124 0.000875 0.000626 0.001135 0.000146 0.000577 0.000108 0.000054 0.000387 0.000136 0.000004 0.000001 0.000072 0.000232 0.000129 0.000668 
0.421668 0.008541 0.009058 0.203562 0.008395 0.005034 0.007064 0.033274 0.076124 0.032088 0.000151 0.001346 0.040176 0.006801 0.001573 0.023018 0.008172 0.065001 0.005514 0.019670 0.008788 0.006981 0.010806 0.004037 0.001138 0.005990 0.003670 0.002796 0.006682 0.008371 0.005519 0.001829 0.007419 0.000920 0.001965 0.001545 0.000324 0.000700 0.005696 0.000358 0.002997 0.004210 0.001656 0.000112 0.002687 0.000847 0.003253 0.000044 0.000033 0.000828 0.000201 0.000813 0.000195 0.002188 0.000751 0.001829 0.000251 0.000769 0.000542 0.000094 0.000290 0.000136 0.000003 0.000005 0.000100 0.000203 0.000323 0.000763 
0.018663 0.001171 0.000188 0.005999 0.000479 0.132896 0.079276 0.001856 0.016288 0.126905 0.001301 0.000357 0.005049 0.011647 0.004942 0.009207 0.001684 0.010647 0.022172 0.012438 0.001661 0.007898 0.002844 0.007924 0.006612 0.001508 0.000962 0.004519 0.007977 0.002616 0.013992 0.002485 0.002782 0.003148 0.001215 0.009003 0.000457 0.003335 0.004309 0.001056 0.005660 0.006123 0.006625 0.000086 0.006248 0.001835 0.002846 0.000091 0.000025 0.001583 0.000067 0.001682 0.000133 0.002976 0.002753 0.001766 0.000502 0.000913 0.000975 0.000181 0.001016 0.000724 0.000014 0.000005 0.000186 0.000842 0.000484 0.002195 
0.202377 0.005513 0.015451 0.142391 0.014765 0.005638 0.007404 0.064120 0.084700 0.032088 0.000178 0.001759 0.074444 0.007127 0.001985 0.030218 0.012252 0.124958 0.005986 0.021789 0.016399 0.008599 0.017605 0.005015 0.001784 0.010186 0.005986 0.003370 0.008625 0.012164 0.007135 0.002429 0.011418 0.001279 0.002906 0.002983 0.000543 0.001134 0.009312 0.000569 0.004899 0.006442 0.002849 0.000168 0.003359 0.001012 0.004763 0.000049 0.000046 0.001096 0.000201 0.001402 0.000195 0.003939 0.001001 0.003027 0.000544 0.001202 0.001301 0.000134 0.000290 0.000091 0.000011 0.000006 0.000186 0.000232 0.000419 0.000859 
0.005249 0.000333 0.000090 0.002051 0.000074 0.005638 0.009915 0.000857 0.005585 0.028932 0.000155 0.000084 0.002363 0.002912 0.001096 0.003305 0.000578 0.003362 0.003229 0.004284 0.000761 0.002609 0.001241 0.001906 0.001568 0.000489 0.000534 0.001455 0.002420 0.000654 0.002954 0.000726 0.001275 0.000805 0.000393 0.001492 0.000140 0.000534 0.001585 0.000303 0.001474 0.002041 0.001524 0.000015 0.001948 0.000494 0.001162 0.000029 0.000012 0.000682 0.000027 0.000477 0.000053 0.001663 0.000751 0.000946 0.000167 0.000529 0.000108 0.000013 0.000387 0.000045 0.000006 0.000003 0.000114 0.000145 0.000258 0.001050 
0.123643 0.003590 0.041836 0.109472 0.191356 0.002064 0.003234 1.068897 0.077719 0.015386 0.000056 0.002128 0.444945 0.004541 0.000857 0.029903 0.024676 0.554187 0.001654 0.018518 0.063037 0.004903 0.029652 0.001655 0.000246 0.017724 0.009763 0.001436 0.004193 0.029951 0.001728 0.000782 0.017562 0.000345 0.002870 0.000586 0.000263 0.000334 0.005300 0.000083 0.001379 0.002424 0.000199 0.000173 0.000806 0.000376 0.001859 0.000009 0.000020 0.000097 0.000147 0.000449 0.000089 0.000875 0.000125 0.000568 0.000105 0.000240 0.000434 0.000027 0.000048 0.000045 0.000001 0.000000 0.000014 -0.000000 0.000097 0.000382 
0.140556 0.006808 0.003242 0.088808 0.005192 0.010068 0.015106 0.018850 0.194664 0.063781 0.000397 0.003068 0.049844 0.015645 0.003665 0.051544 0.015079 0.085173 0.011145 0.041183 0.012732 0.014976 0.020397 0.010984 0.003936 0.010431 0.007358 0.007027 0.015272 0.015564 0.014939 0.004398 0.014896 0.002472 0.004669 0.006499 0.000984 0.002535 0.013523 0.001396 0.009751 0.012501 0.006294 0.000229 0.008129 0.002635 0.009236 0.000124 0.000076 0.002119 0.000428 0.002523 0.000390 0.006303 0.004005 0.004919 0.001004 0.003316 0.001734 0.000336 0.001210 0.000407 0.000021 0.000011 0.000315 0.000755 0.000968 0.003053 
0.013414 0.000857 0.000143 0.005486 0.000368 0.051195 0.039787 0.001571 0.015624 0.125590 0.008012 0.000313 0.004404 0.013776 0.008064 0.011253 0.001979 0.007845 0.057971 0.016492 0.002422 0.012391 0.003852 0.015823 0.029246 0.002363 0.002084 0.011010 0.015613 0.004447 0.037348 0.006785 0.004057 0.011097 0.002013 0.030366 0.001086 0.012741 0.009956 0.003959 0.016505 0.016583 0.022328 0.000117 0.020289 0.006682 0.009062 0.000415 0.000072 0.005139 0.000201 0.003532 0.000248 0.007441 0.012390 0.007631 0.001088 0.003220 0.001951 0.000436 0.003823 0.001992 0.000032 0.000017 0.000887 0.002002 0.001097 0.005439 
0.058905 0.004256 0.000488 0.017023 0.000442 0.263325 0.301147 0.003285 0.064090 1.320598 0.011328 0.001001 0.007412 0.084894 0.058705 0.032500 0.003539 0.012328 0.337705 0.056523 0.001799 0.048187 0.007549 0.055093 0.052895 0.002526 0.002476 0.023859 0.035011 0.003531 0.106302 0.011490 0.005970 0.021390 0.002692 0.045709 0.001413 0.014742 0.007281 0.004776 0.017646 0.012693 0.021069 0.000086 0.015989 0.006071 0.005228 0.000313 0.000042 0.003044 0.000107 0.002159 0.000221 0.004289 0.009386 0.002459 0.000356 0.000577 0.000759 0.000128 0.002468 0.001041 0.000016 0.000002 0.000300 0.000871 0.000194 0.002481 
0.024495 0.000990 0.003332 0.016254 0.015354 0.001359 0.002596 0.117814 0.021142 0.012230 0.000063 0.000647 0.253840 0.002912 0.000807 0.013889 0.007840 0.490307 0.002481 0.009996 0.046499 0.003647 0.014270 0.002257 0.000646 0.013365 0.006716 0.001474 0.004227 0.022889 0.004069 0.001298 0.013331 0.000618 0.002323 0.001652 0.000305 0.000700 0.005201 0.000321 0.003520 0.003763 0.001458 0.000132 0.002150 0.000635 0.003485 0.000026 0.000039 0.000463 0.000187 0.000897 0.000239 0.002451 0.000876 0.001135 0.000502 0.001009 0.001301 0.000148 0.000290 0.000181 0.000006 0.000005 0.000215 0.000145 0.000323 0.000382 
0.002333 0.000133 0.000053 0.001179 0.000110 0.007702 0.006043 0.000286 0.003258 0.022093 0.003328 0.000080 0.001289 0.002629 0.001441 0.002479 0.000430 0.002241 0.012839 0.004561 0.000623 0.002947 0.001189 0.004388 0.021250 0.000815 0.000517 0.003389 0.004670 0.001177 0.015051 0.002178 0.001159 0.004902 0.000524 0.021576 0.000406 0.012374 0.002823 0.002618 0.007800 0.006761 0.013847 0.000081 0.009002 0.004000 0.003079 0.000291 0.000028 0.002557 0.000107 0.001738 0.000159 0.002976 0.009762 0.003153 0.000418 0.001634 0.001192 0.000295 0.002274 0.001494 0.000013 0.000006 0.000787 0.001045 0.000710 0.004008 
0.044325 0.001980 0.001201 0.023433 0.002025 0.006745 0.008340 0.011853 0.066617 0.042214 0.000282 0.002783 0.036739 0.011494 0.003245 0.061970 0.016590 0.065001 0.009727 0.043670 0.012524 0.014396 0.026446 0.009655 0.002922 0.011939 0.009300 0.007736 0.015102 0.019357 0.017448 0.005096 0.018837 0.003177 0.005634 0.005967 0.001127 0.003235 0.016990 0.001470 0.011415 0.015180 0.006824 0.000411 0.011018 0.003129 0.009759 0.000168 0.000118 0.002557 0.000468 0.003785 0.000646 0.009191 0.003004 0.005297 0.001234 0.003413 0.002601 0.000443 0.001790 0.000906 0.000021 0.000017 0.000458 0.001219 0.001742 0.003817 
0.076985 0.002637 0.003512 0.044250 0.009757 0.005839 0.007362 0.048268 0.079780 0.045896 0.000258 0.002599 0.204748 0.011408 0.002636 0.054691 0.042028 0.364228 0.008782 0.043348 0.066359 0.014396 0.062560 0.009655 0.002645 0.039198 0.024906 0.007621 0.016227 0.062388 0.015218 0.005291 0.046599 0.002472 0.010922 0.005381 0.001273 0.002101 0.021596 0.000937 0.010749 0.016838 0.005234 0.000554 0.009876 0.002518 0.013361 0.000080 0.000135 0.002167 0.000589 0.004205 0.000726 0.009892 0.003629 0.006306 0.001694 0.003797 0.002818 0.000436 0.001403 0.000589 0.000022 0.000020 0.000501 0.001074 0.001064 0.004103 
0.006415 0.000362 0.000525 0.004922 0.001362 0.001107 0.001617 0.005998 0.008310 0.009074 0.000036 0.000288 0.057364 0.001803 0.000428 0.007043 0.003797 0.137846 0.001615 0.005620 0.028370 0.002488 0.007394 0.001881 0.000523 0.008312 0.004596 0.001340 0.002898 0.015695 0.003289 0.001089 0.008520 0.000489 0.001715 0.001438 0.000267 0.000500 0.005300 0.000294 0.002616 0.004082 0.001656 0.000132 0.003090 0.000635 0.002672 0.000040 0.000034 0.000584 0.000174 0.000729 0.000212 0.002626 0.000626 0.001577 0.000544 0.001009 0.001517 0.000114 0.000387 0.000181 0.000008 0.000007 0.000186 0.000319 0.000419 0.000763 
0.019829 0.001371 0.000368 0.008153 0.000773 0.037150 0.038170 0.002713 0.027923 0.170960 0.004121 0.000697 0.010420 0.027856 0.016746 0.022663 0.004129 0.014569 0.167691 0.037682 0.004636 0.030434 0.008376 0.043909 0.040470 0.004890 0.004436 0.027152 0.038692 0.009286 0.108476 0.015679 0.010201 0.024667 0.004467 0.052262 0.002489 0.018978 0.021200 0.007559 0.033057 0.033932 0.040481 0.000391 0.039705 0.012683 0.018414 0.000650 0.000157 0.010326 0.000401 0.007485 0.000646 0.018295 0.019148 0.012108 0.002635 0.005479 0.003251 0.000853 0.007016 0.003215 0.000058 0.000027 0.002060 0.003482 0.003064 0.011737 
0.039659 0.002199 0.000645 0.014613 0.000994 0.058897 0.066127 0.004998 0.049796 0.347048 0.004930 0.001220 0.013750 0.072009 0.049290 0.044422 0.006870 0.025216 0.236374 0.081582 0.005190 0.076834 0.014684 0.132831 0.047544 0.007334 0.006485 0.067057 0.085771 0.011640 0.233731 0.033871 0.012693 0.037174 0.007123 0.067019 0.004488 0.025748 0.033583 0.010499 0.052748 0.054789 0.048432 0.000442 0.055627 0.015483 0.023410 0.000712 0.000196 0.011227 0.000522 0.008214 0.000788 0.017945 0.019774 0.013874 0.002447 0.006441 0.004335 0.000759 0.006823 0.002717 0.000063 0.000029 0.001903 0.003134 0.002193 0.010496 
0.040825 0.002790 0.000946 0.021792 0.001731 0.039164 0.051446 0.007426 0.072068 0.276560 0.002638 0.001917 0.022881 0.089435 0.036317 0.065197 0.010642 0.044828 0.103537 0.126589 0.008234 0.134152 0.024507 0.132655 0.025217 0.010961 0.009923 0.070791 0.114441 0.017134 0.134954 0.035449 0.021619 0.021203 0.010755 0.041181 0.004898 0.015209 0.042499 0.007348 0.047897 0.057149 0.033127 0.000589 0.043265 0.012353 0.027709 0.000539 0.000237 0.010131 0.000723 0.009728 0.001080 0.018033 0.014017 0.014189 0.002447 0.007787 0.004985 0.000953 0.005710 0.003169 0.000055 0.000030 0.001788 0.003076 0.002580 0.011546 
0.082817 0.004428 0.001981 0.042097 0.003387 0.023811 0.030766 0.018565 0.154774 0.185162 0.001194 0.004991 0.067569 0.076246 0.016737 0.235842 0.031681 0.122156 0.045329 0.573703 0.023042 0.155432 0.080372 0.065676 0.010640 0.028318 0.030838 0.048234 0.144440 0.039238 0.068954 0.032684 0.056163 0.010249 0.031706 0.017101 0.006771 0.006037 0.084801 0.004179 0.044424 0.064101 0.013383 0.001275 0.030232 0.007059 0.036887 0.000253 0.000319 0.006259 0.001231 0.010008 0.001434 0.019171 0.006758 0.012108 0.002740 0.005479 0.005310 0.000745 0.002903 0.000860 0.000034 0.000026 0.000744 0.001712 0.001935 0.006775 
0.002916 0.000190 0.000090 0.001128 0.000331 0.000755 0.001191 0.000143 0.003723 0.005786 0.000067 0.000147 0.002793 0.001369 0.000395 0.005036 0.001315 0.004483 0.001339 0.006173 0.001384 0.001812 0.003723 0.001856 0.000615 0.001915 0.001639 0.001321 0.003204 0.002223 0.002453 0.001061 0.003709 0.000374 0.001060 0.001492 0.000200 0.000367 0.002873 0.000230 0.001998 0.002615 0.001458 0.000096 0.002553 0.000447 0.001859 0.000022 0.000029 0.000536 0.000067 0.000869 0.000106 0.001488 0.000876 0.001072 0.000293 0.000865 0.000867 0.000094 0.000387 0.000272 0.000004 0.000004 0.000143 0.000087 0.000355 0.001240 
0.022746 0.000733 0.001148 0.011434 0.001951 0.002718 0.003319 0.016280 0.024134 0.014860 0.000218 0.000812 0.097862 0.004780 0.001507 0.020617 0.012092 0.300908 0.004371 0.019993 0.074593 0.006908 0.029729 0.005216 0.001753 0.061282 0.024068 0.004634 0.009920 0.097440 0.007860 0.003058 0.054366 0.001524 0.007706 0.003729 0.000889 0.001768 0.017238 0.000817 0.008466 0.013586 0.004638 0.000574 0.006382 0.002000 0.010572 0.000089 0.000115 0.001997 0.000642 0.003056 0.000717 0.009191 0.001377 0.003910 0.001401 0.003557 0.002709 0.000430 0.001161 0.000589 0.000020 0.000014 0.000443 0.000667 0.000774 0.003435 
0.008165 0.000324 0.000308 0.005179 0.000736 0.001359 0.002298 0.004570 0.011236 0.008416 0.000127 0.000372 0.019658 0.003107 0.000848 0.010742 0.005174 0.052113 0.002717 0.009950 0.010518 0.003575 0.014942 0.003511 0.001476 0.013161 0.009211 0.002183 0.005864 0.019750 0.005351 0.002024 0.018895 0.001279 0.003704 0.002717 0.000448 0.001267 0.010204 0.000533 0.005280 0.006378 0.002783 0.000340 0.004904 0.001106 0.005693 0.000069 0.000073 0.001096 0.000227 0.001906 0.000328 0.005777 0.001001 0.002207 0.000774 0.001586 0.001951 0.000262 0.000677 0.000272 0.000016 0.000011 0.000272 0.000551 0.000935 0.002481 
0.050157 0.002285 0.001426 0.025689 0.003019 0.011528 0.015532 0.014852 0.073863 0.081140 0.000797 0.002574 0.051133 0.027117 0.007298 0.099271 0.021285 0.090777 0.024220 0.122489 0.024218 0.042608 0.057933 0.028838 0.009134 0.029582 0.024122 0.022499 0.053249 0.046300 0.041027 0.017703 0.050830 0.007532 0.021106 0.016142 0.003981 0.006604 0.056220 0.003527 0.033532 0.047071 0.018021 0.001021 0.030098 0.007553 0.033111 0.000259 0.000346 0.007087 0.001325 0.011186 0.001602 0.023898 0.010262 0.015451 0.003827 0.009901 0.008562 0.001262 0.004210 0.001675 0.000062 0.000044 0.001216 0.002322 0.003161 0.010783 
0.014580 0.000647 0.001096 0.011281 0.003314 0.001158 0.001660 0.016423 0.018948 0.010389 0.000087 0.000663 0.127618 0.003129 0.000898 0.018060 0.010814 0.559230 0.003190 0.014833 0.204335 0.004299 0.029031 0.002708 0.000738 0.147378 0.032174 0.002604 0.005795 0.393553 0.005073 0.002318 0.092503 0.000647 0.008564 0.001279 0.000641 0.000434 0.018872 0.000404 0.005613 0.009950 0.002451 0.000980 0.003225 0.001129 0.008946 0.000040 0.000106 0.001072 0.000736 0.001598 0.000620 0.006128 0.001001 0.003468 0.001339 0.002019 0.002709 0.000248 0.000532 0.000045 0.000012 0.000011 0.000186 0.000319 0.000710 0.001622 
0.012248 0.000847 0.000375 0.007896 0.000368 0.019985 0.023021 0.002999 0.023269 0.098105 0.002328 0.000552 0.009561 0.019795 0.011342 0.018729 0.003748 0.019612 0.067187 0.033306 0.004013 0.026908 0.007083 0.040373 0.026909 0.004767 0.003581 0.026980 0.038590 0.008109 0.126091 0.016321 0.008926 0.022741 0.004205 0.044484 0.002758 0.017410 0.022389 0.007624 0.034912 0.037695 0.039090 0.000345 0.040645 0.012377 0.021028 0.000694 0.000201 0.009863 0.000468 0.008382 0.000770 0.016632 0.016144 0.014505 0.002259 0.006056 0.004877 0.000947 0.007210 0.002581 0.000065 0.000030 0.002046 0.003860 0.002838 0.013073 
0.015747 0.000905 0.000188 0.004563 0.000221 0.045356 0.040425 0.001142 0.014892 0.159387 0.015140 0.000375 0.002793 0.019925 0.014184 0.013024 0.001733 0.009526 0.140438 0.022296 0.001453 0.021256 0.003723 0.041201 0.351841 0.001752 0.002102 0.024184 0.031227 0.003270 0.174978 0.014688 0.005390 0.073586 0.002632 0.253852 0.002314 0.095688 0.014464 0.019665 0.047041 0.035909 0.109253 0.000183 0.064293 0.026730 0.014987 0.001838 0.000102 0.015830 0.000147 0.006897 0.000292 0.010242 0.052313 0.013748 0.001506 0.003509 0.002493 0.000557 0.011420 0.006973 0.000061 0.000013 0.002675 0.005224 0.001677 0.012214 
0.019246 0.001390 0.000570 0.010665 0.000589 0.024566 0.027702 0.004141 0.033042 0.139135 0.002431 0.000899 0.016758 0.029703 0.015378 0.031871 0.005616 0.024655 0.074275 0.054358 0.006158 0.047052 0.013572 0.097899 0.029984 0.007579 0.006859 0.061083 0.076873 0.013472 0.203351 0.032810 0.015069 0.026838 0.007754 0.050398 0.004698 0.021112 0.035812 0.010232 0.061310 0.062315 0.048631 0.000518 0.058516 0.017812 0.029568 0.000783 0.000275 0.013589 0.000642 0.011775 0.001195 0.024073 0.019148 0.019424 0.003576 0.008411 0.004985 0.001262 0.008371 0.004482 0.000095 0.000042 0.002360 0.003802 0.004096 0.016222 
0.030327 0.001819 0.000923 0.018767 0.002246 0.012686 0.013745 0.010139 0.056644 0.077984 0.000916 0.001814 0.043614 0.022598 0.006631 0.063348 0.015582 0.072846 0.025756 0.092132 0.020205 0.039444 0.046274 0.028989 0.009134 0.027055 0.025137 0.028167 0.066033 0.047608 0.050838 0.021529 0.056858 0.008668 0.030027 0.018060 0.005507 0.008472 0.089704 0.004951 0.043711 0.067928 0.024117 0.001422 0.039638 0.010353 0.047459 0.000448 0.000485 0.010253 0.001740 0.015671 0.002399 0.032389 0.013266 0.023397 0.006128 0.013602 0.012138 0.001645 0.005613 0.002083 0.000085 0.000071 0.002117 0.002699 0.005225 0.014695 
0.020996 0.001124 0.000548 0.008819 0.000810 0.018122 0.020042 0.003285 0.031779 0.102839 0.001936 0.000879 0.011387 0.024271 0.011672 0.030021 0.005653 0.030819 0.056081 0.051271 0.006504 0.042221 0.014089 0.074779 0.025063 0.008964 0.007269 0.070216 0.086828 0.014387 0.198724 0.049578 0.020112 0.028002 0.008635 0.056471 0.006663 0.020612 0.047998 0.012005 0.080383 0.083108 0.056051 0.000767 0.079880 0.021130 0.042289 0.000895 0.000355 0.018021 0.001178 0.017213 0.001425 0.028975 0.021150 0.025667 0.004978 0.011776 0.007370 0.001651 0.010501 0.003396 0.000120 0.000058 0.003276 0.005862 0.004838 0.017176 
0.004083 0.000095 0.000180 0.002615 0.000368 0.000503 0.000596 0.003713 0.004055 0.003551 0.000020 0.000155 0.015684 0.000978 0.000297 0.005115 0.002286 0.049871 0.000945 0.004284 0.015984 0.001594 0.007988 0.001204 0.000400 0.050892 0.012186 0.000747 0.002761 0.295852 0.002174 0.001019 0.069957 0.000446 0.005217 0.000693 0.000333 0.000133 0.010055 0.000285 0.003329 0.005230 0.000994 0.001061 0.002486 0.000400 0.005809 0.000024 0.000102 0.000365 0.000736 0.001654 0.000637 0.003852 0.000751 0.001198 0.000837 0.001730 0.002276 0.000208 0.000484 -0.000000 0.000007 0.000007 0.000143 0.000058 0.000645 0.000763 
0.019829 0.001438 0.001066 0.013639 0.001988 0.008658 0.010298 0.011567 0.040023 0.054707 0.000627 0.001417 0.040498 0.016970 0.005395 0.049262 0.014120 0.086294 0.018943 0.064446 0.019859 0.029275 0.042448 0.025578 0.007873 0.035368 0.032745 0.023801 0.056487 0.066050 0.044929 0.021836 0.090011 0.007662 0.061257 0.019658 0.006342 0.008271 0.167620 0.004850 0.056458 0.090953 0.024382 0.003082 0.047565 0.011647 0.083300 0.000430 0.000834 0.011081 0.003292 0.022203 0.003816 0.057425 0.013767 0.027243 0.009642 0.018938 0.019941 0.002282 0.004936 0.001902 0.000117 0.000092 0.002060 0.003628 0.007225 0.018893 
0.002916 0.000209 0.000098 0.002154 0.000221 0.001359 0.001021 0.001999 0.005319 0.006049 0.000091 0.000177 0.005479 0.002282 0.000667 0.005390 0.001942 0.013448 0.002796 0.006587 0.003045 0.002705 0.004472 0.003059 0.001353 0.005419 0.004685 0.002719 0.005932 0.009286 0.005742 0.002360 0.013736 0.001092 0.006563 0.003356 0.000629 0.001367 0.018030 0.000680 0.007135 0.010460 0.004108 0.000523 0.007457 0.001882 0.009875 0.000084 0.000133 0.001973 0.000616 0.003196 0.000646 0.009454 0.002128 0.005423 0.001652 0.003413 0.003251 0.000490 0.001258 0.000543 0.000028 0.000020 0.000615 0.001132 0.001161 0.002863 
0.007582 0.000514 0.000323 0.004615 0.000847 0.003926 0.004340 0.003427 0.013962 0.022619 0.000286 0.000438 0.014609 0.005823 0.001977 0.016211 0.003982 0.024655 0.007876 0.019578 0.006366 0.009541 0.012228 0.008777 0.004275 0.012346 0.009460 0.008100 0.017454 0.018180 0.016054 0.006422 0.030023 0.003594 0.015365 0.009110 0.002222 0.003802 0.064344 0.002214 0.019977 0.033932 0.013383 0.001102 0.021230 0.005224 0.035028 0.000273 0.000377 0.004919 0.001352 0.009672 0.001930 0.026524 0.006758 0.013622 0.004392 0.010190 0.010946 0.001296 0.003774 0.001087 0.000066 0.000050 0.001102 0.002525 0.003903 0.008492 
0.013414 0.000714 0.000323 0.008460 0.000994 0.007148 0.008340 0.003142 0.023203 0.043792 0.000698 0.000733 0.019444 0.011907 0.004555 0.026716 0.006378 0.040345 0.017722 0.038833 0.009411 0.020338 0.018742 0.020939 0.009318 0.017969 0.012987 0.018574 0.041454 0.027859 0.043312 0.017773 0.038137 0.008869 0.020141 0.022748 0.006688 0.009405 0.155881 0.005640 0.067445 0.105814 0.030742 0.001782 0.057642 0.013718 0.085392 0.000583 0.000826 0.013735 0.002462 0.024811 0.003072 0.061801 0.014267 0.039226 0.010645 0.021774 0.015931 0.002900 0.009630 0.003260 0.000139 0.000111 0.002704 0.004875 0.009451 0.023569 
0.004083 0.000229 0.000135 0.002102 0.000589 0.001460 0.002000 0.001999 0.005651 0.011441 0.000119 0.000185 0.006982 0.002694 0.000692 0.006335 0.001966 0.021854 0.003032 0.007324 0.004498 0.003696 0.005170 0.003285 0.001630 0.009127 0.005558 0.003447 0.005489 0.019750 0.006410 0.002373 0.023705 0.001294 0.006206 0.003996 0.000740 0.001634 0.020655 0.000873 0.008038 0.014606 0.005830 0.001361 0.007390 0.002588 0.016962 0.000115 0.000232 0.002533 0.001459 0.004738 0.001301 0.016019 0.002753 0.006559 0.003367 0.006825 0.007912 0.000678 0.001307 0.000362 0.000041 0.000035 0.000701 0.001190 0.002226 0.003912 
0.000583 0.000029 0.000053 0.000615 0.000074 0.000201 0.000596 0.000714 0.001263 0.002499 0.000028 0.000056 0.001396 0.000587 0.000231 0.001771 0.000602 0.003922 0.000473 0.002488 0.000969 0.000797 0.002223 0.001154 0.000431 0.003830 0.002067 0.000479 0.001398 0.008763 0.001505 0.000628 0.008404 0.000302 0.001334 0.001065 0.000187 0.000500 0.003913 0.000110 0.001712 0.002870 0.001590 0.001036 0.002150 0.000612 0.003834 0.000022 0.000051 0.000536 0.000575 0.001598 0.000602 0.003501 0.000626 0.002333 0.000648 0.001778 0.002168 0.000175 0.000339 0.000136 0.000009 0.000009 0.000100 0.000232 0.000548 0.001336 
0.007582 0.000352 0.000143 0.002871 0.000221 0.013390 0.012085 0.001714 0.011169 0.054313 0.002772 0.000263 0.003438 0.009343 0.005140 0.009915 0.002003 0.007845 0.036941 0.016630 0.002283 0.012005 0.004446 0.020989 0.065811 0.003097 0.002726 0.016812 0.023352 0.004709 0.088186 0.012887 0.006665 0.040149 0.003573 0.300041 0.002644 0.126473 0.023429 0.036465 0.065400 0.060338 0.308811 0.000432 0.132349 0.065884 0.031485 0.004064 0.000252 0.041620 0.000709 0.016681 0.001054 0.026349 0.104250 0.032225 0.003974 0.009998 0.006936 0.001759 0.031889 0.016843 0.000168 0.000053 0.007825 0.016077 0.005677 0.040458 
0.005832 0.000333 0.000105 0.002205 0.000368 0.001963 0.002979 0.001428 0.008643 0.015518 0.000242 0.000253 0.005908 0.003324 0.001540 0.008302 0.002015 0.023535 0.004962 0.010227 0.002768 0.005193 0.006489 0.006319 0.003045 0.007905 0.005202 0.005342 0.009988 0.011117 0.011762 0.004803 0.018083 0.002544 0.006575 0.007885 0.001340 0.002835 0.047998 0.001736 0.017313 0.029531 0.011131 0.001112 0.018542 0.004847 0.035493 0.000191 0.000481 0.005163 0.001713 0.010793 0.002461 0.031338 0.006383 0.017784 0.006107 0.011632 0.009429 0.001450 0.004016 0.001041 0.000073 0.000057 0.001245 0.001596 0.004548 0.010019 
0.008165 0.000343 0.000233 0.003179 0.000110 0.008054 0.008000 0.001000 0.010105 0.035376 0.001472 0.000256 0.005371 0.008300 0.003756 0.009758 0.001819 0.014569 0.024220 0.017367 0.002699 0.012246 0.005144 0.017579 0.031306 0.004360 0.003082 0.016027 0.023386 0.007455 0.064049 0.012705 0.009100 0.024581 0.004526 0.099943 0.003085 0.047994 0.027095 0.037705 0.074009 0.074497 0.250375 0.000477 0.174943 0.086190 0.036654 0.003283 0.000342 0.047781 0.000977 0.020661 0.001186 0.040705 0.074465 0.043388 0.005898 0.014948 0.006828 0.002531 0.031598 0.013040 0.000214 0.000084 0.008197 0.016222 0.006838 0.044180 
0.002333 0.000105 0.000075 0.001282 0.000074 0.001258 0.001830 0.000143 0.003723 0.010258 0.000115 0.000117 0.003438 0.002238 0.000758 0.004289 0.001045 0.005604 0.004056 0.006357 0.001522 0.003575 0.002947 0.003611 0.002214 0.003300 0.002013 0.003408 0.007193 0.004185 0.009532 0.002974 0.005622 0.002113 0.002728 0.004848 0.000943 0.002501 0.019863 0.001378 0.014507 0.028638 0.009077 0.000421 0.013907 0.003459 0.027186 0.000160 0.000227 0.003994 0.000709 0.008186 0.001036 0.018558 0.005256 0.012928 0.003263 0.007835 0.005636 0.001121 0.003436 0.000724 0.000043 0.000039 0.001202 0.002206 0.002709 0.005344 
0.008748 0.000428 0.000195 0.003846 0.000405 0.007148 0.008596 0.002713 0.013430 0.037874 0.001440 0.000396 0.008272 0.010191 0.004926 0.014086 0.003392 0.020733 0.026898 0.026856 0.005120 0.017608 0.009074 0.027584 0.025279 0.006601 0.005932 0.026903 0.044249 0.011640 0.104574 0.027016 0.018605 0.026709 0.009541 0.078207 0.008609 0.035020 0.078064 0.031193 0.326192 0.304113 0.143904 0.001178 0.499030 0.085578 0.115250 0.002538 0.000893 0.084676 0.001914 0.064423 0.003134 0.096379 0.058696 0.104433 0.012800 0.033261 0.020808 0.005088 0.034840 0.010912 0.000466 0.000163 0.010887 0.019821 0.015547 0.073188 
0.004666 0.000409 0.000225 0.003538 0.000331 0.009766 0.008723 0.001856 0.013164 0.039584 0.001468 0.000360 0.006231 0.009278 0.004094 0.010938 0.002458 0.013448 0.024772 0.019025 0.002837 0.014903 0.006101 0.021817 0.028354 0.005704 0.003812 0.018631 0.030204 0.009548 0.073246 0.016991 0.012403 0.023474 0.005276 0.089235 0.004222 0.042058 0.035317 0.034949 0.111537 0.114680 0.188560 0.000594 0.325162 0.108849 0.056114 0.003088 0.000484 0.067994 0.001352 0.031399 0.001992 0.055936 0.064077 0.060793 0.007132 0.020380 0.010838 0.003216 0.032324 0.013900 0.000308 0.000118 0.009614 0.017935 0.010031 0.055535 
0.003499 0.000133 0.000030 0.001026 0.000110 0.006745 0.005617 0.000143 0.003657 0.026433 0.002336 0.000069 0.002148 0.003694 0.002932 0.003581 0.000565 0.001681 0.022921 0.005205 0.000484 0.006183 0.001913 0.011962 0.062582 0.000774 0.000926 0.009957 0.012852 0.001700 0.069010 0.008921 0.002666 0.031826 0.001489 0.261417 0.002044 0.206219 0.015256 0.047818 0.065685 0.059636 0.949225 0.000229 0.192544 0.128826 0.026605 0.014474 0.000165 0.080439 0.000214 0.019288 0.000567 0.024423 0.262190 0.044901 0.002342 0.007690 0.003035 0.001618 0.072052 0.040251 0.000271 0.000049 0.013634 0.029456 0.005000 0.067844 
0.006415 0.000381 0.000345 0.004205 0.000589 0.003121 0.003532 0.003427 0.012898 0.016964 0.000214 0.000449 0.016758 0.005584 0.001705 0.013299 0.004940 0.037544 0.005198 0.019209 0.010379 0.008430 0.014787 0.008275 0.003537 0.026118 0.018955 0.008387 0.017863 0.054671 0.017113 0.007525 0.081549 0.003536 0.021737 0.009376 0.002717 0.003769 0.117790 0.002315 0.033104 0.065185 0.012588 0.016489 0.030769 0.007082 0.117457 0.000301 0.002251 0.009206 0.019244 0.030137 0.021628 0.108546 0.005507 0.041244 0.025683 0.043691 0.072721 0.004639 0.005178 0.001268 0.000137 0.000196 0.001845 0.002699 0.012967 0.019657 
0.007582 0.000409 0.000218 0.004974 0.000663 0.003876 0.004511 0.002999 0.011768 0.025907 0.000377 0.000416 0.012139 0.006366 0.002265 0.013889 0.004313 0.025776 0.008152 0.020407 0.007681 0.010386 0.012150 0.011009 0.006151 0.013935 0.009977 0.009976 0.020897 0.022758 0.025029 0.009536 0.032110 0.005161 0.013328 0.013105 0.003158 0.006871 0.104465 0.003913 0.042427 0.075518 0.023255 0.003052 0.044609 0.011059 0.129714 0.000454 0.001723 0.012493 0.005032 0.032744 0.007091 0.103469 0.011764 0.047991 0.017965 0.038404 0.037607 0.004498 0.008275 0.002807 0.000167 0.000180 0.002918 0.004875 0.012096 0.022328 
0.006415 0.000295 0.000210 0.002871 0.000368 0.003675 0.003319 0.001285 0.008111 0.015912 0.000301 0.000250 0.007197 0.004411 0.001425 0.008617 0.002396 0.023535 0.006419 0.011701 0.004013 0.006618 0.006773 0.007648 0.004090 0.007334 0.005451 0.006549 0.013227 0.012033 0.018228 0.006101 0.018837 0.003608 0.006908 0.010229 0.001920 0.004903 0.056963 0.002655 0.027587 0.049431 0.015967 0.001569 0.028284 0.007200 0.087599 0.000343 0.000952 0.008572 0.002864 0.022147 0.003656 0.063027 0.007384 0.032289 0.010311 0.023936 0.020483 0.002987 0.006000 0.001992 0.000126 0.000116 0.001989 0.003744 0.008386 0.017367 
0.006999 0.000438 0.000135 0.003435 0.000295 0.008004 0.007447 0.001142 0.011967 0.037611 0.001309 0.000302 0.005371 0.008083 0.003583 0.010742 0.002495 0.011767 0.021739 0.017920 0.002629 0.011932 0.005713 0.019409 0.025709 0.005745 0.003581 0.016180 0.027511 0.007194 0.066613 0.014730 0.009911 0.020182 0.005634 0.076076 0.003927 0.040090 0.036704 0.029108 0.102024 0.113213 0.176766 0.000589 0.338531 0.131061 0.056463 0.003338 0.000515 0.081194 0.001044 0.034595 0.001797 0.059088 0.072838 0.065964 0.007822 0.021485 0.015715 0.003578 0.039486 0.014806 0.000353 0.000122 0.010515 0.019124 0.011193 0.066413 
0.006999 0.000428 0.000158 0.003128 0.000331 0.003675 0.003787 0.002856 0.009108 0.017754 0.000420 0.000285 0.007090 0.004302 0.001985 0.010584 0.002790 0.020733 0.008467 0.014234 0.003321 0.008478 0.007109 0.009379 0.005289 0.007253 0.005416 0.008387 0.015988 0.015172 0.019120 0.006785 0.018489 0.004039 0.007873 0.012892 0.002425 0.005603 0.066374 0.003582 0.035578 0.070734 0.019545 0.001371 0.034196 0.010165 0.118619 0.000437 0.001090 0.011105 0.002690 0.028035 0.003833 0.077733 0.009136 0.040171 0.013197 0.026388 0.020917 0.003417 0.007839 0.002626 0.000157 0.000130 0.002790 0.004875 0.009773 0.018130 
0.008748 0.000533 0.000300 0.004358 0.000626 0.005638 0.007149 0.002713 0.014826 0.034323 0.000940 0.000430 0.010313 0.009582 0.003262 0.016329 0.003392 0.021293 0.017761 0.024277 0.004775 0.015362 0.009332 0.020538 0.014946 0.009046 0.007108 0.019014 0.034022 0.015303 0.053346 0.018122 0.020460 0.013297 0.010970 0.041767 0.006120 0.018377 0.087525 0.012740 0.155295 0.278217 0.070163 0.001544 0.164731 0.039507 0.148942 0.001452 0.001110 0.044177 0.003105 0.070675 0.004126 0.121940 0.037295 0.101280 0.016836 0.044220 0.026119 0.006545 0.022937 0.007833 0.000385 0.000227 0.008612 0.015468 0.018031 0.060306 
0.000583 0.000114 0.000053 0.000667 0.000110 0.000604 0.001064 0.000286 0.002061 0.003945 0.000071 0.000078 0.002578 0.000891 0.000313 0.001889 0.000614 0.003922 0.001890 0.002672 0.001384 0.001473 0.002172 0.001831 0.000707 0.002160 0.001247 0.001494 0.002386 0.004839 0.004292 0.001326 0.005274 0.000733 0.002061 0.002451 0.000346 0.001134 0.009907 0.000661 0.005708 0.009759 0.004638 0.000884 0.006853 0.001529 0.015394 0.000084 0.000324 0.002265 0.001900 0.005102 0.002762 0.017683 0.001252 0.008703 0.004664 0.009084 0.010513 0.001000 0.001452 0.000362 0.000031 0.000042 0.000615 0.001074 0.002838 0.005439 
0.000583 0.000029 0.000045 0.000154 0.000074 0.000554 0.000596 0.000143 0.001064 0.001973 0.000028 0.000034 0.000859 0.000521 0.000239 0.001023 0.000393 0.003922 0.000906 0.001750 0.000761 0.000628 0.001163 0.001028 0.000615 0.001548 0.000837 0.000862 0.001875 0.001700 0.002954 0.000572 0.002376 0.000446 0.000905 0.001279 0.000187 0.000834 0.006043 0.000349 0.002901 0.005230 0.002518 0.000579 0.002956 0.001035 0.008191 0.000053 0.000156 0.001218 0.001539 0.002551 0.001797 0.009804 0.001877 0.004288 0.002970 0.005191 0.007370 0.000450 0.000677 0.000272 0.000023 0.000023 0.000386 0.000493 0.001451 0.002576 
0.004083 0.000095 0.000038 0.001590 0.000037 0.004279 0.003830 0.000143 0.003457 0.018148 0.001138 0.000075 0.001719 0.003716 0.001886 0.004525 0.000786 0.006724 0.014414 0.007002 0.000830 0.004565 0.001861 0.007523 0.027770 0.001548 0.001247 0.006606 0.009613 0.002223 0.028875 0.005501 0.004289 0.012334 0.001906 0.083215 0.001248 0.081547 0.012581 0.013153 0.030203 0.031381 0.154240 0.000193 0.073497 0.039601 0.017543 0.008180 0.000170 0.035410 0.000388 0.011943 0.000646 0.021097 0.366566 0.031532 0.003095 0.009469 0.004010 0.001645 0.064697 0.051118 0.000198 0.000050 0.012561 0.028701 0.006064 0.056585 
0.002916 0.000276 0.000173 0.002512 0.000479 0.004883 0.006213 0.001000 0.009773 0.025118 0.000754 0.000267 0.007842 0.005563 0.002768 0.010781 0.002138 0.014009 0.014335 0.017689 0.003667 0.011111 0.007497 0.015623 0.013131 0.006234 0.005220 0.013748 0.024068 0.009679 0.046936 0.013501 0.015823 0.011802 0.007897 0.044910 0.004609 0.022279 0.069247 0.014558 0.121145 0.190708 0.088979 0.001356 0.220156 0.052260 0.150626 0.002091 0.001331 0.084871 0.002543 0.124193 0.004497 0.176825 0.050936 0.221164 0.023152 0.064888 0.032947 0.010788 0.042341 0.013266 0.000797 0.000339 0.015780 0.025741 0.030578 0.124620 
0.004083 0.000352 0.000173 0.001846 0.000258 0.002366 0.003191 0.001714 0.006449 0.013677 0.000317 0.000189 0.005479 0.003716 0.001540 0.006099 0.001745 0.011207 0.006931 0.010687 0.002906 0.005628 0.004938 0.007699 0.004736 0.005338 0.003795 0.006740 0.012818 0.008632 0.017671 0.005850 0.011476 0.004427 0.004419 0.012573 0.001920 0.006437 0.035664 0.004234 0.034484 0.057659 0.025309 0.001209 0.045684 0.012212 0.091840 0.000527 0.001056 0.015586 0.002596 0.072722 0.003594 0.174637 0.015894 0.095793 0.020538 0.056573 0.029479 0.007263 0.011178 0.002943 0.000308 0.000277 0.004621 0.007748 0.019869 0.038359 
-0.000000 0.000029 0.000030 0.000256 -0.000000 0.000252 0.000553 0.000428 0.001130 0.001973 0.000048 0.000019 0.000967 0.000413 0.000239 0.000708 0.000147 0.000560 0.000827 0.001060 0.000208 0.001087 0.000362 0.000928 0.000584 0.000407 0.000392 0.000843 0.001602 0.001177 0.001784 0.000782 0.002087 0.000532 0.000417 0.001705 0.000203 0.000901 0.003765 0.000395 0.003092 0.005932 0.002186 0.000107 0.003628 0.001012 0.009004 0.000056 0.000175 0.001437 0.000455 0.004261 0.000726 0.022234 0.001752 0.006243 0.003576 0.007835 0.005310 0.000853 0.001210 0.000407 0.000028 0.000036 0.000501 0.000667 0.001903 0.004199 
0.001750 0.000076 0.000038 0.000974 0.000037 0.002366 0.001915 0.000714 0.004055 0.009337 0.000488 0.000088 0.001934 0.002977 0.001301 0.004446 0.000934 0.003922 0.009570 0.007693 0.001592 0.005241 0.003076 0.008727 0.011963 0.002893 0.003135 0.008885 0.014931 0.005232 0.036623 0.010667 0.010375 0.011802 0.005217 0.040116 0.003977 0.024347 0.058003 0.017195 0.143357 0.218198 0.121577 0.000899 0.312666 0.083978 0.164684 0.003704 0.001238 0.201060 0.001994 0.173198 0.003940 0.223308 0.076968 0.441445 0.022106 0.068349 0.025577 0.014037 0.084101 0.018201 0.001831 0.000365 0.034935 0.049596 0.043867 0.289125 
-0.000000 -0.000000 -0.000000 0.000103 0.000074 0.000151 0.000043 -0.000000 0.000399 0.000921 0.000008 0.000005 0.000322 0.000217 0.000074 0.000512 0.000086 0.000560 0.000118 0.000138 0.000069 0.000290 0.000052 0.000326 0.000092 0.000244 0.000303 0.000268 0.000614 0.000392 0.001059 0.000195 0.000464 0.000086 0.000226 0.000533 0.000073 0.000100 0.001486 0.000064 0.000904 0.001722 0.000331 0.000091 0.000806 0.000165 0.002498 0.000009 0.000064 0.000365 0.000401 0.000701 0.000691 0.004552 0.000626 0.001766 0.001339 0.002163 0.003576 0.000248 0.000290 0.000091 0.000008 0.000011 0.000100 0.000174 0.000839 0.000954 
0.001166 0.000029 0.000045 0.000513 -0.000000 0.002668 0.002213 0.000143 0.001130 0.008548 0.000793 0.000036 0.000752 0.001369 0.001038 0.001535 0.000184 -0.000000 0.007010 0.002211 0.000277 0.002270 0.000827 0.003962 0.021035 0.000407 0.000499 0.003389 0.004704 0.001177 0.019622 0.002834 0.001681 0.008869 0.000858 0.064782 0.000689 0.074743 0.006093 0.010058 0.021404 0.024365 0.148741 0.000112 0.066376 0.037012 0.013825 0.009444 0.000091 0.039842 0.000201 0.010765 0.000469 0.017157 1.357884 0.030901 0.002175 0.006489 0.001842 0.001282 0.140571 0.182737 0.000246 0.000040 0.021144 0.052962 0.003935 0.079486 
0.002916 0.000219 0.000068 0.001436 0.000258 0.002316 0.002511 0.001142 0.005518 0.012756 0.000301 0.000144 0.004834 0.003107 0.001252 0.006138 0.001401 0.007285 0.006577 0.007877 0.002007 0.004903 0.003180 0.005768 0.005013 0.002974 0.002744 0.005515 0.009818 0.005232 0.015441 0.004733 0.008346 0.003996 0.003311 0.013585 0.001425 0.007538 0.025212 0.003527 0.027825 0.048602 0.022328 0.000716 0.039772 0.011647 0.059658 0.000645 0.000774 0.016049 0.001753 0.053770 0.003276 0.135333 0.017897 0.155136 0.019534 0.056765 0.025902 0.009727 0.013452 0.003667 0.000428 0.000297 0.005350 0.009432 0.024159 0.051814 
0.002333 0.000076 0.000075 0.000564 -0.000000 0.000906 0.000979 0.000571 0.002393 0.006049 0.000242 0.000083 0.001504 0.001304 0.000601 0.003541 0.000848 0.003922 0.003663 0.005850 0.001176 0.003116 0.002895 0.003310 0.003567 0.002893 0.002334 0.004117 0.008045 0.006670 0.013323 0.004272 0.008926 0.003752 0.004443 0.012253 0.002047 0.006637 0.044679 0.004620 0.047326 0.081322 0.032200 0.001650 0.071146 0.019059 0.150394 0.000874 0.002010 0.038186 0.004256 0.155648 0.007888 0.556475 0.021401 0.590085 0.067867 0.263493 0.075214 0.061585 0.027292 0.005116 0.001785 0.001292 0.013533 0.019153 0.128409 0.162597 
0.001750 0.000057 0.000060 0.000513 0.000147 0.002014 0.002000 0.000571 0.001995 0.008416 0.000373 0.000050 0.000645 0.001760 0.000733 0.002321 0.000406 0.001681 0.005159 0.004146 0.000346 0.002029 0.000931 0.003461 0.008611 0.001019 0.000748 0.002834 0.005182 0.001962 0.013378 0.002695 0.002029 0.004715 0.000965 0.027010 0.000644 0.023213 0.006737 0.005061 0.014697 0.015371 0.056979 0.000127 0.036346 0.016047 0.010688 0.002756 0.000105 0.018289 0.000361 0.008382 0.000513 0.015669 0.336029 0.020685 0.001987 0.005383 0.003902 0.001074 0.074084 0.095127 0.000148 0.000044 0.012446 0.031632 0.004290 0.049714 
-0.000000 0.000076 0.000068 0.000308 0.000037 0.000503 0.000553 0.000571 0.001463 0.002893 0.000091 0.000048 0.001611 0.000674 0.000321 0.002243 0.000639 0.003922 0.001693 0.003409 0.000830 0.001522 0.001861 0.002207 0.001138 0.003708 0.002209 0.001877 0.004193 0.005886 0.005519 0.001759 0.009100 0.001207 0.003788 0.003889 0.001009 0.002101 0.033138 0.001249 0.019549 0.038269 0.008348 0.002377 0.025798 0.006471 0.091433 0.000253 0.002404 0.011836 0.009220 0.050322 0.019344 0.410988 0.006383 0.127010 0.252896 0.528861 0.243090 0.037559 0.007742 0.001404 0.000628 0.002611 0.004192 0.005485 0.121571 0.047520 
0.000583 0.000048 0.000053 0.001179 0.000037 0.001410 0.001617 0.000143 0.001263 0.004077 0.000262 0.000044 0.000752 0.001717 0.000774 0.002046 0.000233 0.002802 0.003505 0.002856 0.000415 0.002150 0.000879 0.002432 0.004305 0.000978 0.000713 0.001991 0.003273 0.001046 0.007525 0.001885 0.001507 0.002458 0.000929 0.015929 0.000463 0.010406 0.004557 0.002765 0.010892 0.010460 0.029483 0.000086 0.022573 0.009647 0.009585 0.001273 0.000094 0.010959 0.000321 0.004766 0.000443 0.012255 0.086980 0.013117 0.001736 0.005527 0.002601 0.000920 0.049212 0.026713 0.000112 0.000026 0.008412 0.017760 0.002935 0.029867 
0.002333 0.000076 0.000075 0.001692 0.000110 0.001107 0.001574 0.000143 0.003258 0.008679 0.000175 0.000089 0.001934 0.001890 0.000717 0.003620 0.000799 0.007285 0.003859 0.005021 0.001799 0.002729 0.002740 0.004188 0.003537 0.003056 0.002654 0.004002 0.008079 0.003662 0.013490 0.004105 0.008868 0.003536 0.003669 0.011134 0.001505 0.006704 0.032791 0.004207 0.035958 0.062889 0.028158 0.001275 0.058919 0.015883 0.092537 0.000827 0.001391 0.028810 0.003386 0.082982 0.006498 0.309707 0.022903 0.324210 0.054189 0.199038 0.071204 0.055731 0.023517 0.004935 0.001565 0.001387 0.012761 0.017354 0.144117 0.144563 
-0.000000 0.000029 0.000008 0.000461 0.000037 0.000554 0.000426 0.000571 0.001729 0.002104 0.000016 0.000034 0.001182 0.000478 0.000239 0.001220 0.000492 0.001121 0.001142 0.001704 0.000484 0.000870 0.001112 0.001028 0.000707 0.001426 0.000766 0.000900 0.002182 0.001962 0.003122 0.000949 0.003130 0.000517 0.001179 0.001065 0.000298 0.001101 0.008074 0.000450 0.004851 0.007654 0.003710 0.000691 0.005307 0.001882 0.016265 0.000053 0.000324 0.002192 0.003948 0.006700 0.006011 0.034315 0.001877 0.014694 0.013511 0.023023 0.264116 0.002403 0.001548 0.000136 0.000067 0.000188 0.000858 0.001248 0.009677 0.006775 
-0.000000 -0.000000 0.000008 0.000103 0.000074 0.000151 0.000085 -0.000000 0.000598 0.000395 0.000020 0.000005 0.000107 0.000087 0.000074 0.000236 0.000037 -0.000000 0.000354 0.000461 0.000208 0.000242 0.000181 0.000276 0.000154 0.000081 0.000125 0.000172 0.000545 0.000131 0.000836 0.000335 0.000290 0.000144 0.000202 0.000426 0.000044 0.000233 0.000941 0.000092 0.001142 0.002360 0.000795 0.000051 0.001948 0.000518 0.002324 0.000018 0.000041 0.000828 0.000080 0.001262 0.000283 0.006915 0.000751 0.004099 0.001673 0.005672 0.002709 0.000745 0.000726 0.000136 0.000021 0.000051 0.000229 0.000493 0.003548 0.002004 
0.002916 0.000124 0.000090 0.001538 0.000074 0.002064 0.001702 0.001000 0.004454 0.011047 0.000190 0.000128 0.002793 0.002238 0.001112 0.004131 0.001192 0.006724 0.004726 0.006357 0.002214 0.004227 0.003206 0.005116 0.004029 0.003137 0.002280 0.004825 0.008352 0.005232 0.015329 0.004300 0.008056 0.003651 0.002847 0.013372 0.001355 0.008171 0.024073 0.003867 0.028443 0.043499 0.026700 0.000843 0.041922 0.012777 0.056405 0.000703 0.000741 0.019994 0.002128 0.045528 0.003621 0.144612 0.019899 0.174560 0.025641 0.085892 0.035114 0.018884 0.020807 0.005433 0.001160 0.000616 0.009742 0.016135 0.068898 0.103722 
-0.000000 0.000029 0.000015 0.000256 0.000037 0.000906 0.000851 0.000143 0.000665 0.005655 0.000500 0.000033 0.000430 0.000956 0.000552 0.000551 0.000172 0.001121 0.004765 0.002165 0.000277 0.001328 0.000698 0.002984 0.012024 0.000570 0.000499 0.001723 0.003273 0.001308 0.013434 0.002234 0.001623 0.005462 0.000631 0.034628 0.000559 0.038022 0.006192 0.006613 0.017979 0.020474 0.095207 0.000076 0.049849 0.029130 0.012605 0.006047 0.000089 0.038162 0.000174 0.011410 0.000372 0.018120 0.612612 0.033424 0.002217 0.006729 0.003468 0.001369 0.249012 0.238790 0.000286 0.000040 0.032374 0.088831 0.005677 0.114696 
0.001166 0.000019 0.000015 0.000359 0.000110 0.000302 0.000383 0.000143 0.000864 0.002236 0.000048 0.000039 0.000967 0.000478 0.000231 0.000944 0.000344 0.001681 0.001260 0.001704 0.000415 0.000725 0.000879 0.000903 0.000523 0.000937 0.000588 0.000823 0.001568 0.002223 0.002676 0.000684 0.001971 0.000661 0.000703 0.001652 0.000283 0.001167 0.004557 0.000450 0.003615 0.006123 0.002650 0.000264 0.005509 0.001365 0.009817 0.000067 0.000191 0.001924 0.001392 0.004934 0.002036 0.025298 0.003129 0.012234 0.009934 0.019899 0.042484 0.002336 0.001452 0.000362 0.000062 0.000180 0.000687 0.001306 0.010096 0.007920 
-0.000000 0.000038 0.000015 0.000154 -0.000000 0.000252 0.000383 0.000571 0.000665 0.000789 0.000044 0.000023 0.000322 0.000282 0.000099 0.000669 0.000123 0.001121 0.000709 0.000737 0.000069 0.000531 0.000517 0.000702 0.000400 0.000367 0.000321 0.000383 0.001125 0.000785 0.001282 0.000335 0.000869 0.000302 0.000322 0.001438 0.000102 0.000934 0.002179 0.000349 0.002378 0.003444 0.002385 0.000076 0.003493 0.000965 0.003834 0.000056 0.000076 0.001510 0.000201 0.003196 0.000390 0.011117 0.001377 0.008766 0.002175 0.007258 0.002818 0.001410 0.001936 0.000272 0.000064 0.000060 0.000443 0.001306 0.009032 0.007538 
0.001166 0.000029 0.000023 0.000154 0.000037 0.001007 0.001106 -0.000000 0.000864 0.003945 0.000250 0.000014 0.000537 0.000695 0.000511 0.001062 0.000147 0.002802 0.003269 0.001520 0.000346 0.000966 0.000465 0.001730 0.006550 0.000530 0.000232 0.001589 0.002454 0.000654 0.008417 0.001284 0.000985 0.003220 0.000381 0.019818 0.000368 0.017577 0.004210 0.003564 0.009703 0.012310 0.046047 0.000056 0.026671 0.013836 0.005751 0.002607 0.000065 0.015854 0.000187 0.006224 0.000186 0.011205 0.349546 0.016523 0.001464 0.004037 0.001842 0.000752 0.095811 0.313270 0.000152 0.000028 0.013734 0.035695 0.003645 0.051718 
0.002916 0.000143 0.000015 0.001231 -0.000000 0.001208 0.001702 0.000714 0.002792 0.008416 0.000278 0.000077 0.001934 0.001608 0.000865 0.003148 0.000737 0.005043 0.004529 0.004376 0.001246 0.003140 0.002094 0.003761 0.005658 0.001956 0.001425 0.003523 0.005829 0.003008 0.014326 0.003030 0.003883 0.003939 0.001644 0.016835 0.001022 0.011206 0.015999 0.004657 0.025875 0.039609 0.040150 0.000437 0.050521 0.019789 0.034854 0.001392 0.000386 0.032463 0.000856 0.031511 0.001824 0.076508 0.043052 0.120704 0.011649 0.040519 0.018207 0.007633 0.063632 0.011319 0.002108 0.000306 0.035436 0.050960 0.036287 0.588365 
0.000583 0.000019 0.000023 0.000256 -0.000000 0.000453 0.000723 0.000143 0.000465 0.005392 0.000167 0.000020 0.000645 0.000891 0.000461 0.001023 0.000160 0.001121 0.003544 0.001750 0.000415 0.001425 0.000853 0.002207 0.005812 0.000896 0.000748 0.002183 0.003443 0.001177 0.010090 0.002234 0.002087 0.003809 0.001072 0.015769 0.000771 0.014542 0.010798 0.005318 0.023639 0.032274 0.049757 0.000234 0.065100 0.026189 0.030323 0.002374 0.000297 0.048390 0.000669 0.031567 0.001275 0.060838 0.079596 0.125307 0.008345 0.027974 0.009212 0.006257 0.161718 0.024812 0.001915 0.000235 0.126050 0.147685 0.031256 1.166329 
-0.000000 0.000038 0.000008 0.000308 0.000037 0.000403 0.000340 -0.000000 0.000798 0.001710 0.000040 0.000027 0.000752 0.000478 0.000173 0.000748 0.000221 0.001681 0.000512 0.001106 0.000208 0.000773 0.000465 0.000777 0.000738 0.000407 0.000410 0.000651 0.001227 0.000523 0.001561 0.000642 0.001101 0.000374 0.000512 0.001705 0.000168 0.000600 0.003963 0.000358 0.002997 0.004273 0.003511 0.000178 0.004568 0.001294 0.007668 0.000058 0.000130 0.001632 0.000535 0.004121 0.000894 0.021797 0.002628 0.010469 0.006902 0.015765 0.012463 0.002054 0.001548 0.000407 0.000068 0.000235 0.000744 0.001567 0.012128 0.007252 
0.001166 0.000057 0.000030 0.000564 0.000074 0.001460 0.000979 0.000286 0.001197 0.004734 0.000175 0.000031 0.000645 0.000826 0.000486 0.000669 0.000258 0.001681 0.002442 0.002073 0.000208 0.001618 0.000672 0.002006 0.003014 0.000448 0.000321 0.001551 0.002114 0.001046 0.005909 0.001368 0.001101 0.002156 0.000560 0.010229 0.000330 0.007671 0.003022 0.001938 0.008086 0.007973 0.020539 0.000046 0.015989 0.007153 0.006390 0.000947 0.000065 0.008353 0.000134 0.004149 0.000186 0.008666 0.093988 0.010342 0.001339 0.003893 0.001734 0.000712 0.049067 0.046454 0.000090 0.000023 0.007182 0.020604 0.002000 0.027672 
-0.000000 0.000038 0.000008 0.000103 0.000074 0.000302 0.000553 -0.000000 0.000066 0.001710 0.000147 0.000008 0.000107 0.000304 0.000231 0.000393 0.000074 -0.000000 0.001772 0.000829 0.000069 0.000459 0.000336 0.001505 0.004182 0.000326 0.000356 0.001091 0.001670 0.000392 0.006243 0.001089 0.000580 0.002602 0.000453 0.015130 0.000311 0.012574 0.005300 0.004087 0.014459 0.016711 0.046312 0.000066 0.042190 0.021036 0.013767 0.002829 0.000116 0.036286 0.000254 0.015307 0.000407 0.024598 0.135037 0.061424 0.003242 0.011391 0.002926 0.002759 0.391277 0.044960 0.000859 0.000097 0.163775 0.590478 0.011935 0.395424 
0.002916 0.000048 0.000008 0.000718 0.000037 0.001561 0.001489 0.000428 0.002061 0.005655 0.000218 0.000083 0.001826 0.001369 0.000651 0.002479 0.000639 0.003922 0.003426 0.003962 0.000623 0.002319 0.001267 0.003185 0.003875 0.001589 0.000962 0.002834 0.005148 0.001962 0.009811 0.002653 0.003072 0.002990 0.001775 0.014650 0.000857 0.008338 0.012780 0.003500 0.020690 0.029340 0.025707 0.000345 0.038697 0.013553 0.030497 0.000964 0.000343 0.020725 0.000883 0.026184 0.001390 0.063727 0.028659 0.094658 0.011607 0.032877 0.016257 0.007666 0.042873 0.009418 0.001868 0.000289 0.023262 0.035492 0.035933 0.361931 
-0.000000 0.000038 0.000015 0.000513 0.000037 0.000805 0.000723 0.000428 0.001396 0.004603 0.000234 0.000016 0.000430 0.000869 0.000412 0.001023 0.000160 0.000560 0.002599 0.002211 0.000415 0.001449 0.000620 0.002056 0.006274 0.000489 0.000392 0.001819 0.002898 0.000785 0.006912 0.001592 0.001681 0.003622 0.000774 0.019658 0.000489 0.015943 0.005894 0.004308 0.014459 0.017923 0.052275 0.000147 0.038630 0.019012 0.013535 0.002848 0.000123 0.030953 0.000268 0.012419 0.000390 0.021709 0.168828 0.040676 0.003074 0.009229 0.003793 0.001886 0.374922 0.065833 0.000501 0.000067 0.063919 0.206770 0.007967 0.202101 
0.000583 0.000038 0.000008 0.000410 0.000110 0.000050 0.000340 0.000143 0.000598 0.001052 0.000036 0.000022 0.000752 0.000304 0.000132 0.001141 0.000258 0.002241 0.000788 0.001336 0.000415 0.000580 0.000724 0.000853 0.000523 0.000693 0.000517 0.000862 0.001159 0.000523 0.002007 0.000558 0.002145 0.000230 0.000691 0.001918 0.000222 0.000734 0.005795 0.000468 0.003377 0.006697 0.001855 0.000477 0.004300 0.001318 0.013186 0.000049 0.000306 0.002119 0.002275 0.006420 0.004064 0.032214 0.002128 0.014126 0.013992 0.025955 0.118023 0.002678 0.001790 0.000407 0.000084 0.000270 0.000959 0.001248 0.013354 0.007634 
