# Flux Network Reconstruction using RW method
# Walkers leave from emitting cells
# Probability involves emitting fluxes, then absorbing flux is shared among connections
# Seed: 1685008047
# Threshold: 0.5
# Precision: 100000.0
# Dt: 1.0
# Radius step: 9.000000
# Matrix output


0.004031 0.004321 0.005175 0.005016 0.009457 0.007709 0.003656 0.021513 0.000474 0.007891 0.002776 0.000150 0.001063 0.004369 0.002406 0.000575 0.012700 0.009609 0.009506 0.003608 0.001231 0.001279 0.000165 0.000235 0.000276 0.002448 0.000817 0.000265 0.004631 0.003337 0.002323 0.001402 0.000250 0.000471 0.000836 0.000448 0.001072 0.001402 0.001069 0.000888 0.000504 0.000037 0.000644 0.000363 0.001910 0.000535 0.002183 0.001975 0.000196 0.000232 0.001642 0.000085 0.000050 0.000299 0.000003 0.000014 0.000071 0.000233 0.000595 0.000311 0.000092 0.000168 0.000815 0.000062 0.000493 0.000030 0.000138 0.000257 0.000232 0.000232 0.000036 
0.000456 0.001312 0.091545 0.001601 0.190565 0.012895 0.023489 0.074411 0.015699 0.002586 0.001009 0.000021 0.003413 0.004956 0.000418 0.000131 0.004445 0.006344 0.054589 0.010916 0.003109 0.000301 0.000052 0.000359 0.003646 0.005932 0.000074 0.000102 0.004794 0.009296 0.010207 0.000191 0.000155 0.000125 0.000924 0.000288 0.000146 0.002855 0.000184 -0.000000 0.000149 0.000318 0.000161 0.001070 0.001652 0.000146 0.001679 0.005679 0.000044 0.000502 0.000205 0.000012 0.000978 0.000391 -0.000000 -0.000000 0.000027 0.000104 0.002082 0.000078 -0.000000 0.000084 0.000136 0.000031 0.000296 0.000030 0.000118 0.000386 0.000093 0.000405 0.000054 
0.103591 0.099002 0.016691 0.094874 0.029250 0.030907 0.013990 0.080010 0.001439 0.070619 0.048708 0.001561 0.004712 0.024707 0.013496 0.004634 0.094866 0.057281 0.027974 0.012164 0.005801 0.008954 0.001266 0.001035 0.000780 0.007722 0.003564 0.002262 0.020231 0.009773 0.006265 0.005354 0.001881 0.002149 0.002926 0.002066 0.004436 0.004908 0.003870 0.002982 0.001905 0.000133 0.002658 0.001312 0.003769 0.000923 0.004030 0.004074 0.001284 0.000657 0.002566 0.000230 0.000501 0.000529 0.000024 0.000036 0.000168 0.000595 0.001339 0.001321 0.000122 0.000421 0.000815 0.000051 0.000789 0.000038 0.000079 0.001158 0.000418 0.000347 0.000054 
0.085565 0.093523 0.030904 0.099676 0.049593 0.054208 0.020898 0.132614 0.001766 0.086533 0.048708 0.001861 0.007185 0.035721 0.012973 0.005472 0.126107 0.080137 0.040874 0.016142 0.008826 0.010209 0.001275 0.001419 0.001043 0.008804 0.005791 0.001976 0.025187 0.014779 0.007532 0.006501 0.002417 0.002427 0.003982 0.002498 0.004533 0.005108 0.004349 0.003553 0.001924 0.000188 0.002604 0.001514 0.003510 0.001336 0.004198 0.005432 0.000609 0.000869 0.003388 0.000291 0.000652 0.001035 0.000016 0.000027 0.000106 0.000518 0.001041 0.001709 0.000260 0.000337 0.000543 0.000082 0.000789 0.000068 0.000079 0.000772 0.000371 0.000289 0.000045 
0.010648 0.046144 0.001749 0.046263 0.004508 0.003457 0.002188 0.014588 0.000294 0.027120 0.104735 0.002243 0.001097 0.006058 0.025004 0.003517 0.039877 0.019964 0.007333 0.003284 0.002107 0.007374 0.001125 0.000252 0.000228 0.003484 0.006311 0.002445 0.006825 0.004688 0.003027 0.007139 0.001441 0.001567 0.001650 0.000881 0.003510 0.002404 0.002838 0.003553 0.001382 0.000033 0.001423 0.000646 0.002220 0.001166 0.003023 0.002469 0.000675 0.000290 0.003593 0.000194 0.000150 0.000345 0.000013 0.000072 0.000151 0.000440 0.001041 0.000699 0.000183 0.000084 0.001359 0.000072 0.000789 0.000083 0.000118 0.000900 0.000278 0.000347 0.000045 
0.002814 0.015664 0.000437 0.016381 0.001210 0.001348 0.000432 0.004420 0.000082 0.015118 0.115587 0.001718 0.000425 0.002460 0.021970 0.002342 0.017017 0.008303 0.002309 0.001018 0.000689 0.003662 0.000631 0.000120 0.000060 0.001036 0.002895 0.001447 0.004062 0.001192 0.000422 0.002677 0.000738 0.000624 0.000638 0.000304 0.001560 0.000351 0.001474 0.001142 0.000504 0.000004 0.000832 0.000162 0.000619 0.000219 0.001176 0.000494 0.000196 0.000058 0.000924 0.000097 0.000025 0.000092 0.000003 0.000014 0.000053 0.000181 -0.000000 0.000311 -0.000000 0.000168 -0.000000 0.000062 0.000099 0.000015 0.000020 -0.000000 0.000093 0.000174 0.000009 
0.024034 0.109110 0.005175 0.144179 0.008907 0.009265 0.004260 0.033448 0.000736 0.066574 0.148648 0.004375 0.002641 0.012262 0.039964 0.007534 0.084198 0.043381 0.017789 0.008510 0.004173 0.014021 0.002023 0.000795 0.000588 0.005979 0.009503 0.003871 0.015437 0.009773 0.004294 0.010453 0.002834 0.002843 0.003058 0.002162 0.007409 0.004607 0.005491 0.005964 0.002577 0.000078 0.003356 0.001252 0.004130 0.002236 0.006717 0.004198 0.001262 0.000676 0.004312 0.000436 0.000451 0.000713 0.000042 0.000099 0.000266 0.001190 0.001339 0.001865 0.000321 0.000757 0.002717 0.000195 0.002169 0.000181 0.000217 0.000643 0.000603 0.000405 0.000144 
-0.000000 0.000231 -0.000000 0.000320 -0.000000 -0.000000 0.000058 0.000295 -0.000000 0.000332 0.001514 0.000014 0.000011 0.000037 0.000418 0.000008 0.000635 0.000187 -0.000000 0.000093 0.000042 0.000075 -0.000000 -0.000000 -0.000000 0.000047 0.000074 0.000020 0.000081 -0.000000 0.000211 0.000064 -0.000000 0.000028 0.000022 -0.000000 0.000049 0.000100 0.000111 0.000063 0.000056 -0.000000 0.000027 -0.000000 0.000052 0.000049 -0.000000 0.000123 0.000044 -0.000000 -0.000000 0.000012 -0.000000 -0.000000 -0.000000 -0.000000 -0.000000 0.000026 -0.000000 0.000078 0.000015 -0.000000 -0.000000 0.000021 -0.000000 -0.000000 -0.000000 -0.000000 -0.000000 -0.000000 -0.000000 
0.009051 0.040743 0.002332 0.048878 0.005938 0.004805 0.001871 0.015324 0.000278 0.047345 0.375783 0.005646 0.001197 0.007159 0.073860 0.006910 0.062228 0.026775 0.009506 0.003053 0.002045 0.013319 0.001910 0.000359 0.000276 0.003296 0.012695 0.004279 0.010806 0.003973 0.002534 0.011090 0.002250 0.001941 0.001980 0.001313 0.006922 0.002304 0.003575 0.004378 0.001382 0.000052 0.001772 0.000747 0.002478 0.001239 0.003443 0.002840 0.000892 0.000386 0.003490 0.000267 0.000201 0.000368 0.000013 0.000045 0.000159 0.000466 0.000446 0.000855 0.000107 0.000084 0.001087 0.000113 0.000592 0.000053 0.000098 0.000772 0.000093 0.000232 0.000027 
0.003042 0.016205 0.000875 0.019316 0.002419 0.001971 0.000806 0.006778 0.000131 0.019097 0.267263 0.002807 0.000638 0.003378 0.046555 0.003172 0.025399 0.011568 0.003123 0.001110 0.001064 0.006722 0.000983 0.000162 0.000132 0.001554 0.006979 0.002465 0.004550 0.002384 0.000986 0.006119 0.001250 0.001068 0.000550 0.000801 0.001950 0.000851 0.001769 0.002411 0.000672 0.000037 0.000564 0.000040 0.000619 0.000656 0.002015 0.000988 0.000435 0.000116 0.001335 0.000145 0.000050 0.000161 0.000011 0.000036 0.000062 0.000311 0.000595 0.000311 0.000046 0.000252 0.001087 0.000031 0.000296 0.000030 0.000020 -0.000000 0.000186 0.000289 0.000036 
0.044494 0.121302 0.019096 0.202608 0.036178 0.033293 0.014191 0.116406 0.001848 0.243951 0.187513 0.006268 0.007890 0.047506 0.051576 0.017476 0.287392 0.139004 0.053367 0.021415 0.012185 0.031579 0.004197 0.002138 0.001355 0.016149 0.014626 0.007029 0.046393 0.022168 0.013798 0.019631 0.006644 0.006837 0.007568 0.005829 0.017255 0.009665 0.012419 0.013896 0.005584 0.000262 0.006927 0.002443 0.009654 0.003864 0.014106 0.014074 0.003351 0.001545 0.009958 0.001127 0.001128 0.001909 0.000058 0.000221 0.000611 0.001682 0.002231 0.003729 0.000443 0.001346 0.003533 0.000298 0.003648 0.000241 0.000591 0.003473 0.001114 0.000868 0.000253 
0.013234 0.037193 0.010204 0.051226 0.019793 0.015868 0.009614 0.069549 0.001635 0.115046 0.071674 0.002579 0.005349 0.028636 0.023539 0.008184 0.154300 0.085642 0.045355 0.016975 0.008909 0.017508 0.002390 0.001676 0.001355 0.015113 0.008686 0.004116 0.033881 0.023042 0.014290 0.013449 0.004215 0.004715 0.006930 0.004628 0.011796 0.009465 0.010356 0.009898 0.004483 0.000318 0.005665 0.002443 0.009964 0.004179 0.014190 0.014938 0.003460 0.002240 0.011703 0.001163 0.001429 0.001909 0.000071 0.000239 0.000682 0.002510 0.005057 0.005439 0.000871 0.002020 0.004212 0.000534 0.003944 0.000399 0.000709 0.004502 0.001996 0.001911 0.000298 
0.001825 0.002855 0.037828 0.005389 0.101275 0.018945 0.026338 0.127015 0.029157 0.013660 0.007824 0.000336 0.010027 0.023092 0.003557 0.001216 0.033273 0.033025 0.173409 0.044078 0.016400 0.004540 0.000598 0.002770 0.011646 0.031357 0.002673 0.001223 0.035912 0.056334 0.052938 0.003569 0.001869 0.002399 0.009306 0.004756 0.006337 0.023788 0.005786 0.005140 0.003735 0.001532 0.004430 0.007995 0.017501 0.002406 0.017884 0.046914 0.002372 0.004982 0.015090 0.000570 0.004563 0.004576 0.000034 0.000239 0.000717 0.003390 0.012344 0.006760 0.000764 0.001262 0.005706 0.000524 0.006113 0.000542 0.001693 0.007203 0.002877 0.002895 0.000533 
0.006389 0.012038 0.165234 0.018036 0.441829 0.114744 0.177834 1.192052 0.039525 0.046748 0.014890 0.000671 0.062638 0.099968 0.003662 0.002687 0.096517 0.115681 0.676935 0.162299 0.061365 0.006898 0.000941 0.006614 0.019011 0.069729 0.002524 0.001019 0.078812 0.106153 0.094682 0.004780 0.002512 0.002940 0.012848 0.006934 0.005167 0.037610 0.005602 0.003934 0.003605 0.002049 0.003947 0.010680 0.019359 0.001579 0.018892 0.043827 0.001675 0.004886 0.009034 0.000279 0.004839 0.004024 0.000021 0.000068 0.000310 0.002199 0.013832 0.004662 0.000290 0.000505 0.002717 0.000175 0.002859 0.000143 0.001142 0.006431 0.001717 0.001737 0.000298 
0.003042 0.010649 0.001385 0.013393 0.002309 0.001798 0.000921 0.006631 0.000180 0.019163 0.601657 0.003436 0.000795 0.003892 0.126169 0.003862 0.031241 0.017166 0.005432 0.002451 0.001148 0.010409 0.001595 0.000282 0.000168 0.001365 0.011210 0.004625 0.006581 0.002622 0.001971 0.009306 0.001738 0.001553 0.001342 0.000817 0.004826 0.001102 0.003059 0.004949 0.001251 0.000030 0.001853 0.000404 0.001549 0.000996 0.003275 0.001605 0.000457 0.000270 0.001540 0.000303 0.000125 0.000207 0.000016 0.000036 0.000151 0.000362 0.000297 0.000466 0.000092 0.000168 0.001087 0.000123 0.000592 0.000038 0.000098 0.000900 0.000325 0.000174 0.000027 
0.000608 0.000154 0.014723 0.000854 0.037167 0.005462 0.009528 0.049804 0.048633 0.002851 0.002271 0.000061 0.003660 0.006131 0.000209 0.000238 0.007366 0.009422 0.088945 0.020490 0.005508 0.000602 0.000061 0.001047 0.028090 0.017844 0.000371 0.000163 0.012025 0.033053 0.058992 0.000701 0.000298 0.000430 0.003784 0.001714 0.001072 0.018379 0.000921 0.000508 0.001046 0.003932 0.000967 0.009569 0.008725 0.000680 0.007221 0.056790 0.000675 0.004751 0.004004 0.000121 0.009251 0.003932 0.000005 0.000050 0.000133 0.001604 0.026325 0.002486 0.000214 0.000252 0.001902 0.000134 0.002761 0.000181 0.001674 0.009132 0.001531 0.001968 0.000343 
0.013614 0.041129 0.006560 0.062004 0.015615 0.011443 0.005728 0.047446 0.001243 0.143559 0.359127 0.018128 0.003939 0.021587 0.109221 0.027698 0.189732 0.090399 0.032455 0.014061 0.007824 0.050441 0.007303 0.001586 0.001127 0.011488 0.033037 0.014772 0.040218 0.019943 0.010067 0.038306 0.008716 0.008099 0.007348 0.005557 0.022471 0.008964 0.016510 0.019987 0.005995 0.000207 0.008861 0.002281 0.008673 0.005346 0.015450 0.011852 0.003677 0.001448 0.015501 0.001430 0.000928 0.001633 0.000063 0.000289 0.000788 0.002174 0.002975 0.005439 0.000795 0.002020 0.006522 0.000493 0.004338 0.000407 0.000630 0.003987 0.000975 0.001216 0.000226 
0.003499 0.008642 0.003353 0.011953 0.008027 0.005186 0.003569 0.023576 0.000867 0.063789 0.037604 0.001504 0.002675 0.010757 0.014542 0.006360 0.097025 0.045433 0.019419 0.008140 0.004298 0.014297 0.001901 0.000842 0.000756 0.006686 0.008909 0.003505 0.022019 0.011998 0.007321 0.010453 0.003060 0.003467 0.004686 0.003251 0.009456 0.006310 0.008439 0.007614 0.003530 0.000207 0.004672 0.001857 0.007176 0.003086 0.010747 0.008148 0.002306 0.001139 0.010984 0.001006 0.001178 0.001633 0.000050 0.000225 0.000460 0.001992 0.001190 0.004662 0.000703 0.001010 0.004484 0.000432 0.004437 0.000271 0.000512 0.002573 0.001346 0.001274 0.000172 
0.004411 0.011883 0.002770 0.019103 0.004618 0.004391 0.002274 0.018419 0.000523 0.044096 0.568092 0.006914 0.001869 0.008664 0.212792 0.009276 0.071626 0.034238 0.014258 0.005227 0.003526 0.024806 0.004559 0.000778 0.000516 0.006027 0.032963 0.012266 0.017144 0.011044 0.005632 0.028172 0.005072 0.005006 0.003806 0.003107 0.014526 0.004758 0.009950 0.014023 0.003175 0.000103 0.005719 0.001292 0.005782 0.003183 0.009824 0.006543 0.002415 0.001024 0.010266 0.000921 0.000476 0.000943 0.000053 0.000207 0.000514 0.001475 0.001487 0.003108 0.000474 0.001767 0.004484 0.000247 0.002859 0.000248 0.000335 0.001929 0.001392 0.000868 0.000172 
0.004640 0.005479 0.045627 0.009658 0.097427 0.030631 0.036442 0.259481 0.024104 0.030171 0.017666 0.000621 0.026938 0.055215 0.006905 0.002785 0.081531 0.089560 0.879133 0.182465 0.059257 0.008026 0.001205 0.009859 0.022993 0.132820 0.004529 0.002628 0.120249 0.201896 0.168879 0.010070 0.003989 0.005450 0.026005 0.014717 0.014185 0.077574 0.011867 0.008629 0.008928 0.003020 0.009478 0.022389 0.043261 0.005370 0.048112 0.100494 0.005222 0.011452 0.029873 0.001369 0.010254 0.010969 0.000061 0.000464 0.001302 0.006573 0.023945 0.014219 0.001574 0.002440 0.011685 0.001007 0.011930 0.000858 0.003190 0.019294 0.006404 0.005963 0.001011 
0.006237 0.013427 0.024636 0.020597 0.054431 0.030803 0.022798 0.196121 0.006018 0.083152 0.047446 0.001929 0.024319 0.111642 0.019040 0.007600 0.228974 0.298533 0.195951 0.089914 0.056753 0.022825 0.003407 0.011420 0.006225 0.075944 0.012547 0.006948 0.211654 0.111873 0.061244 0.025750 0.010990 0.013729 0.033155 0.020819 0.028905 0.050431 0.027013 0.023858 0.015838 0.001178 0.018581 0.012053 0.041816 0.010692 0.054913 0.046420 0.009617 0.007995 0.037469 0.002242 0.005340 0.007520 0.000137 0.000667 0.002090 0.007401 0.012493 0.016783 0.002353 0.003366 0.014674 0.001244 0.012423 0.000926 0.002107 0.014406 0.006033 0.005442 0.000867 
0.004944 0.009877 0.024125 0.013927 0.052012 0.024200 0.021215 0.173430 0.007342 0.050329 0.039623 0.001171 0.023390 0.077206 0.010357 0.004790 0.132330 0.153185 0.231394 0.105085 0.074134 0.013444 0.002357 0.012873 0.006945 0.085219 0.010468 0.004299 0.162905 0.120216 0.065890 0.016890 0.006894 0.009000 0.028557 0.016175 0.023738 0.048828 0.019937 0.016244 0.012869 0.001270 0.015761 0.012941 0.039906 0.008723 0.046600 0.055803 0.007572 0.007493 0.034082 0.002048 0.005441 0.008531 0.000129 0.000460 0.001824 0.007142 0.015170 0.016550 0.001864 0.004207 0.017391 0.001439 0.017451 0.001031 0.002048 0.015950 0.004919 0.005153 0.000858 
0.012093 0.025619 0.019752 0.043488 0.041236 0.035436 0.020869 0.185217 0.004562 0.213449 0.115587 0.004368 0.022607 0.138443 0.040173 0.020311 0.723624 0.966966 0.159151 0.070442 0.047427 0.065916 0.009279 0.011633 0.004198 0.062337 0.031256 0.013305 0.306391 0.092327 0.046532 0.049460 0.025064 0.031188 0.045695 0.030507 0.062392 0.041066 0.050157 0.034200 0.025046 0.000742 0.029321 0.008520 0.043210 0.014458 0.058775 0.033951 0.010988 0.005446 0.044142 0.003235 0.002557 0.005703 0.000163 0.000591 0.001798 0.006547 0.006246 0.010878 0.001391 0.002188 0.008560 0.000987 0.007888 0.000700 0.001063 0.007718 0.003620 0.004053 0.000542 
0.004107 0.007871 0.006633 0.014194 0.015065 0.008159 0.006160 0.044941 0.001684 0.059612 0.058803 0.002050 0.004432 0.020926 0.023748 0.008824 0.159253 0.093291 0.042368 0.017206 0.009056 0.031629 0.004639 0.002099 0.001751 0.016903 0.016036 0.008272 0.048262 0.026061 0.017106 0.029765 0.009978 0.009957 0.011176 0.007927 0.027443 0.014223 0.022222 0.022716 0.009544 0.000388 0.013103 0.004199 0.016365 0.008893 0.025945 0.017654 0.006179 0.003090 0.026382 0.002060 0.001404 0.004070 0.000147 0.000478 0.001284 0.003933 0.004908 0.009868 0.001559 0.003618 0.011820 0.001141 0.008282 0.000685 0.000788 0.004631 0.003759 0.003532 0.000487 
0.002662 0.007099 0.002478 0.010352 0.005278 0.003526 0.002188 0.017387 0.000507 0.029176 0.147638 0.003043 0.001690 0.009141 0.085473 0.006885 0.064006 0.033398 0.016160 0.006845 0.003067 0.024581 0.005882 0.000919 0.000624 0.005462 0.071198 0.026549 0.017225 0.010170 0.008096 0.054878 0.007311 0.005783 0.004466 0.004068 0.021545 0.006160 0.016142 0.022716 0.005099 0.000170 0.007840 0.001534 0.009344 0.005735 0.015030 0.006543 0.004178 0.001429 0.012832 0.001515 0.000652 0.001541 0.000124 0.000388 0.000868 0.002277 0.002082 0.004817 0.000779 0.001935 0.007880 0.000401 0.005127 0.000354 0.000591 0.002701 0.001299 0.001389 0.000181 
0.003651 0.009568 0.001604 0.017609 0.003079 0.002835 0.001439 0.010609 0.000164 0.042570 0.474966 0.007153 0.000940 0.006755 0.393885 0.012547 0.074928 0.034145 0.005975 0.003515 0.002087 0.050892 0.013142 0.000496 0.000168 0.003107 0.379449 0.100714 0.015762 0.003655 0.002112 0.140987 0.011371 0.008140 0.003322 0.002530 0.031391 0.002454 0.017247 0.044099 0.004090 0.000055 0.007115 0.000444 0.004336 0.005370 0.005206 0.001235 0.003111 0.000483 0.008315 0.001297 0.000075 0.000437 0.000084 0.000338 0.000549 0.000932 0.000892 0.002176 0.000520 0.001346 0.003397 0.000154 0.002169 0.000113 0.000098 0.000386 0.000278 0.000405 0.000063 
0.012473 0.025387 0.015015 0.044022 0.030460 0.023751 0.014450 0.119942 0.003287 0.206685 0.152433 0.005818 0.014191 0.078491 0.060260 0.028199 0.679429 0.476719 0.097636 0.048611 0.027500 0.107829 0.015240 0.007273 0.002903 0.045058 0.046475 0.022555 0.213279 0.064915 0.035761 0.086045 0.037054 0.042282 0.036983 0.029098 0.087447 0.031901 0.072711 0.057487 0.029062 0.000569 0.036839 0.007106 0.039080 0.019682 0.063309 0.029753 0.013229 0.005446 0.052252 0.003647 0.002708 0.005542 0.000237 0.000830 0.002488 0.006883 0.006841 0.013986 0.002246 0.003871 0.014402 0.001233 0.010352 0.000640 0.001063 0.010933 0.004177 0.003011 0.000641 
0.001521 0.002778 0.032289 0.003842 0.081922 0.017908 0.025676 0.148086 0.052574 0.014986 0.005805 0.000296 0.014090 0.026580 0.002511 0.001167 0.044195 0.048138 0.354152 0.082745 0.028168 0.003712 0.000532 0.005357 0.113261 0.096190 0.001411 0.000998 0.068737 0.183622 0.288552 0.004270 0.001905 0.003356 0.018920 0.010569 0.007117 0.095553 0.006044 0.004251 0.006276 0.009397 0.005746 0.041387 0.045894 0.003985 0.048028 0.215803 0.003460 0.019582 0.025253 0.000909 0.024671 0.016994 0.000053 0.000212 0.001089 0.007038 0.066778 0.016860 0.001115 0.001431 0.007337 0.000853 0.013705 0.000919 0.006045 0.032800 0.007611 0.007932 0.001381 
0.001597 0.005864 0.029082 0.008804 0.075984 0.024511 0.025676 0.190817 0.018593 0.032624 0.020190 0.000700 0.022730 0.052499 0.006486 0.002909 0.084452 0.102621 0.575089 0.179320 0.065120 0.008954 0.001388 0.012347 0.022321 0.223265 0.006088 0.002608 0.154455 0.351909 0.230405 0.011983 0.004870 0.007322 0.036521 0.020290 0.017012 0.111528 0.015478 0.012437 0.012009 0.003870 0.012512 0.030202 0.059575 0.007460 0.065409 0.128395 0.006375 0.015295 0.035519 0.001696 0.011633 0.014326 0.000119 0.000505 0.001975 0.007504 0.033612 0.020512 0.001849 0.003198 0.012364 0.001233 0.015282 0.001190 0.003918 0.026240 0.007564 0.010016 0.001309 
0.004107 0.007639 0.024344 0.010619 0.060259 0.025618 0.023316 0.196711 0.013164 0.042504 0.023723 0.000811 0.028247 0.073608 0.007532 0.003730 0.122043 0.160555 0.507056 0.223075 0.105995 0.012917 0.001981 0.033981 0.014669 0.435890 0.006682 0.002954 0.328409 0.489049 0.191899 0.014660 0.007442 0.010942 0.064814 0.031084 0.020667 0.131660 0.019127 0.014213 0.016847 0.002636 0.017533 0.027235 0.077592 0.007581 0.076240 0.102346 0.007964 0.013093 0.042602 0.001915 0.008274 0.012878 0.000071 0.000424 0.001638 0.007970 0.024837 0.019424 0.001834 0.002104 0.009918 0.001254 0.011043 0.001039 0.002855 0.016979 0.006636 0.007353 0.001065 
0.001521 0.003550 0.001822 0.005069 0.004289 0.002247 0.001871 0.012083 0.000458 0.018036 0.048203 0.001150 0.001253 0.006021 0.018936 0.003582 0.036575 0.024722 0.011678 0.005689 0.002859 0.015551 0.004437 0.000723 0.000504 0.006215 0.030068 0.014690 0.016250 0.010647 0.006969 0.042066 0.006727 0.006102 0.004180 0.003107 0.020960 0.005709 0.013636 0.020051 0.004987 0.000196 0.006605 0.001595 0.007227 0.005321 0.010664 0.009012 0.003917 0.001584 0.013345 0.001866 0.000727 0.001633 0.000105 0.000361 0.000965 0.002432 0.002082 0.006527 0.000963 0.001767 0.005706 0.000545 0.004535 0.000407 0.000453 0.003344 0.001763 0.001853 0.000190 
0.004563 0.011729 0.009913 0.016381 0.024742 0.013725 0.009125 0.077800 0.003418 0.080300 0.070412 0.002339 0.008830 0.042146 0.029921 0.010813 0.208655 0.178653 0.091797 0.037649 0.019885 0.041386 0.007246 0.005353 0.003166 0.040962 0.033260 0.013875 0.164611 0.065551 0.039633 0.059403 0.026516 0.036957 0.034717 0.028057 0.080818 0.038161 0.070057 0.051586 0.031116 0.000882 0.039282 0.009347 0.045739 0.022234 0.075484 0.047531 0.017603 0.007435 0.070524 0.005380 0.004563 0.008072 0.000245 0.001366 0.003427 0.010713 0.009667 0.025796 0.003759 0.006984 0.023097 0.002292 0.020902 0.001551 0.002343 0.015435 0.007472 0.007353 0.001174 
0.003423 0.005787 0.016399 0.008111 0.041676 0.016698 0.016177 0.128488 0.010139 0.036802 0.026247 0.000796 0.016395 0.050700 0.008892 0.003665 0.100073 0.135832 0.281909 0.112532 0.053874 0.014573 0.002240 0.019227 0.013733 0.282825 0.008389 0.003729 0.333284 0.468390 0.197882 0.018930 0.008668 0.013382 0.108551 0.048604 0.027882 0.199819 0.028856 0.018655 0.026447 0.003116 0.024944 0.037046 0.125602 0.014021 0.136947 0.146914 0.013316 0.021050 0.071140 0.003114 0.012160 0.021386 0.000158 0.000798 0.003135 0.014620 0.035992 0.035197 0.002766 0.006311 0.019837 0.002210 0.022972 0.001777 0.004568 0.029713 0.010534 0.011753 0.002004 
0.000837 0.001929 0.000583 0.004269 0.000990 0.001314 0.000576 0.006631 0.000114 0.011869 0.058803 0.001221 0.000582 0.002680 0.038290 0.002958 0.025145 0.016046 0.004889 0.002359 0.001043 0.014498 0.004169 0.000338 0.000264 0.002260 0.307731 0.059088 0.010725 0.004132 0.001267 0.161510 0.008001 0.006185 0.002046 0.002242 0.033877 0.002304 0.016215 0.067259 0.003642 0.000022 0.008163 0.000646 0.003356 0.008966 0.007389 0.002716 0.004504 0.000406 0.013140 0.003005 0.000176 0.000828 0.000198 0.000500 0.000903 0.001630 0.000595 0.002486 0.000947 0.002609 0.006522 0.000349 0.003549 0.000241 0.000158 0.001286 0.000603 0.000695 0.000072 
0.000913 0.001852 0.004592 0.002828 0.009237 0.003526 0.004347 0.026081 0.001717 0.010808 0.009590 0.000282 0.003234 0.009655 0.003452 0.001093 0.029844 0.028081 0.038022 0.016003 0.007658 0.004239 0.000621 0.002377 0.002027 0.023918 0.004306 0.001956 0.055656 0.039013 0.022456 0.007075 0.002691 0.003689 0.018062 0.009513 0.010626 0.022486 0.009619 0.006789 0.006145 0.000554 0.006095 0.005350 0.021889 0.004593 0.024686 0.029136 0.004482 0.003978 0.021250 0.001236 0.002482 0.003564 0.000068 0.000316 0.001089 0.004037 0.005503 0.011499 0.001115 0.002356 0.007337 0.000874 0.008578 0.000670 0.001201 0.010290 0.003063 0.003184 0.000650 
0.002130 0.004476 0.016399 0.005870 0.040686 0.012584 0.013644 0.103734 0.011578 0.024335 0.019180 0.000550 0.011438 0.029370 0.007742 0.002333 0.064260 0.065864 0.224604 0.071783 0.031152 0.006722 0.001289 0.007939 0.017464 0.146050 0.006014 0.002771 0.126505 0.307890 0.293057 0.009943 0.005525 0.008029 0.041999 0.023349 0.019936 0.201922 0.017800 0.014213 0.015782 0.004054 0.016513 0.045950 0.092924 0.010764 0.095804 0.176173 0.010183 0.022363 0.057179 0.002763 0.015795 0.022881 0.000137 0.000708 0.002860 0.013507 0.045064 0.034420 0.002888 0.005049 0.021603 0.002261 0.023663 0.001995 0.006064 0.037559 0.012159 0.014416 0.002302 
0.002206 0.003858 0.006633 0.006350 0.016714 0.006983 0.006275 0.041552 0.002698 0.022147 0.020695 0.000675 0.004924 0.017916 0.009311 0.002662 0.052957 0.054855 0.060972 0.025948 0.013395 0.010459 0.001953 0.003660 0.002867 0.033382 0.010542 0.004442 0.096849 0.056890 0.036676 0.019057 0.008620 0.011455 0.034453 0.041253 0.032512 0.039663 0.027161 0.022462 0.023085 0.000971 0.026931 0.010256 0.054825 0.014312 0.080774 0.044691 0.012511 0.009192 0.064468 0.004132 0.004563 0.009474 0.000195 0.000938 0.003206 0.011515 0.013683 0.024164 0.003133 0.007489 0.025271 0.002631 0.024944 0.001724 0.002914 0.017879 0.008028 0.007700 0.001210 
0.001065 0.001775 0.010860 0.002881 0.027821 0.007640 0.008808 0.062623 0.012494 0.010742 0.010852 0.000314 0.005920 0.016117 0.003034 0.001298 0.031749 0.031999 0.126560 0.037834 0.015357 0.004013 0.000649 0.003215 0.026651 0.056075 0.003564 0.001671 0.052893 0.110364 0.170639 0.006947 0.002917 0.004146 0.018172 0.010954 0.009749 0.085937 0.008624 0.007107 0.008274 0.009755 0.009962 0.046777 0.054928 0.006779 0.058691 0.262469 0.006288 0.026650 0.039728 0.001951 0.028557 0.023019 0.000126 0.000622 0.002223 0.010661 0.081799 0.027427 0.002521 0.002777 0.017663 0.002035 0.020705 0.001679 0.007364 0.051965 0.011602 0.014416 0.002681 
0.000228 0.000231 0.000437 0.000374 0.000440 0.000415 0.000317 0.002358 0.000098 0.002122 0.004543 0.000104 0.000157 0.000734 0.001778 0.000238 0.003683 0.002892 0.002173 0.000833 0.000417 0.001229 0.000315 0.000128 0.000156 0.000800 0.005420 0.002078 0.002844 0.001510 0.001197 0.008859 0.000976 0.001082 0.000594 0.000625 0.005362 0.001252 0.003354 0.010850 0.001102 0.000026 0.002255 0.000464 0.001652 0.002211 0.002939 0.000988 0.001153 0.000348 0.005338 0.001054 0.000100 0.000598 0.000103 0.000221 0.000354 0.000776 0.000149 0.001476 0.000443 0.001262 0.003397 0.000175 0.001380 0.000120 0.000138 0.001158 0.000603 0.000753 0.000126 
0.000761 0.001620 0.011152 0.002721 0.026061 0.007260 0.008089 0.057761 0.016271 0.008488 0.004038 0.000186 0.006200 0.014869 0.001883 0.000970 0.027558 0.026588 0.146386 0.041720 0.016024 0.003411 0.000579 0.003596 0.033979 0.068882 0.002376 0.000978 0.059637 0.142543 0.257296 0.004971 0.002131 0.003550 0.022859 0.014765 0.007897 0.148337 0.009029 0.006662 0.009843 0.020164 0.008941 0.112674 0.086213 0.006050 0.086820 0.843951 0.007790 0.060175 0.050096 0.001696 0.064685 0.050292 0.000087 0.000527 0.002409 0.016483 0.158691 0.040480 0.002644 0.003198 0.021059 0.002210 0.028198 0.002454 0.017071 0.094412 0.018934 0.026921 0.003981 
0.000228 0.000849 0.002041 0.001281 0.004508 0.002593 0.002591 0.015324 0.002044 0.004244 0.006057 0.000139 0.001768 0.005507 0.001465 0.000592 0.013843 0.011848 0.030961 0.009852 0.004465 0.001630 0.000311 0.001099 0.003023 0.014454 0.001485 0.000978 0.020719 0.026618 0.030622 0.003569 0.001512 0.001844 0.006974 0.004260 0.006775 0.022085 0.005344 0.004822 0.003437 0.001278 0.004833 0.018957 0.021837 0.003086 0.030983 0.110370 0.003655 0.014889 0.020736 0.001030 0.007923 0.011452 0.000053 0.000293 0.001257 0.005382 0.019334 0.015462 0.001375 0.002188 0.010598 0.001367 0.014296 0.000949 0.003032 0.021223 0.006590 0.007526 0.001264 
0.000989 0.002083 0.001385 0.002988 0.004289 0.002455 0.002015 0.017977 0.000720 0.012599 0.020695 0.000461 0.001511 0.006902 0.008160 0.001668 0.031749 0.024722 0.017517 0.008002 0.003964 0.008252 0.001812 0.001082 0.001187 0.010499 0.019600 0.007396 0.028925 0.017242 0.013586 0.038752 0.009144 0.010470 0.009702 0.007975 0.054886 0.012370 0.040096 0.102982 0.016025 0.000399 0.030529 0.004421 0.019824 0.044492 0.047692 0.020247 0.028438 0.003940 0.092185 0.021509 0.002131 0.005082 0.001383 0.004130 0.007084 0.013585 0.005949 0.030224 0.009138 0.022972 0.060732 0.003741 0.029578 0.002063 0.001299 0.011962 0.008121 0.007990 0.000912 
0.001217 0.003009 0.004082 0.003362 0.008467 0.005531 0.003800 0.033596 0.002437 0.016644 0.016657 0.000536 0.003111 0.012042 0.007742 0.002136 0.040512 0.041608 0.043997 0.017437 0.007845 0.008854 0.001760 0.002027 0.003166 0.025189 0.010617 0.004686 0.058418 0.044733 0.031889 0.022117 0.008049 0.013049 0.020592 0.019714 0.037874 0.034906 0.036705 0.039974 0.032872 0.000934 0.044223 0.011629 0.062466 0.032658 0.161800 0.059506 0.038665 0.011394 0.188270 0.008482 0.005817 0.015223 0.000464 0.002538 0.008448 0.028231 0.017550 0.057574 0.008542 0.014726 0.058830 0.005355 0.050184 0.003599 0.003583 0.031513 0.016707 0.015574 0.002257 
0.000761 0.002469 0.004227 0.003148 0.010227 0.004460 0.004174 0.030501 0.003303 0.011737 0.011609 0.000286 0.003525 0.010316 0.004394 0.001315 0.029844 0.030506 0.058935 0.019287 0.009431 0.004916 0.001030 0.002450 0.004882 0.029568 0.005197 0.002751 0.053706 0.059671 0.051811 0.010580 0.004036 0.006448 0.020592 0.015246 0.016280 0.059245 0.016031 0.016244 0.013448 0.001758 0.016459 0.022914 0.098551 0.011080 0.119566 0.109506 0.012816 0.022363 0.075349 0.003248 0.010079 0.025410 0.000232 0.001032 0.003870 0.019045 0.030786 0.044754 0.004019 0.007994 0.033423 0.003721 0.037466 0.002936 0.006438 0.041546 0.018331 0.019627 0.002925 
0.000685 0.001389 0.006487 0.003042 0.017264 0.005635 0.006074 0.037574 0.004595 0.010609 0.013123 0.000325 0.004152 0.013106 0.002929 0.001364 0.035559 0.037037 0.075909 0.025948 0.011768 0.005769 0.000950 0.003083 0.008456 0.043598 0.005642 0.002384 0.061343 0.084779 0.093063 0.009178 0.004358 0.005228 0.023035 0.015566 0.017012 0.093850 0.016842 0.013071 0.012943 0.003759 0.014741 0.056771 0.098241 0.011250 0.119818 0.282099 0.013273 0.053261 0.080790 0.003708 0.020433 0.051372 0.000195 0.001127 0.004401 0.021037 0.062019 0.058662 0.004706 0.007573 0.038858 0.004461 0.046043 0.003523 0.011420 0.071773 0.023668 0.028484 0.004198 
0.000076 0.000694 0.000364 0.000587 0.001320 0.000519 0.000173 0.001916 0.000164 0.002056 0.003533 0.000068 0.000436 0.001358 0.001360 0.000238 0.005334 0.004012 0.005024 0.001249 0.000709 0.000928 0.000169 0.000180 0.000372 0.001977 0.002450 0.001141 0.003737 0.002543 0.001478 0.007011 0.001393 0.001290 0.001518 0.001041 0.007604 0.002354 0.004349 0.015038 0.001924 0.000044 0.003168 0.000767 0.002994 0.004155 0.007389 0.002593 0.003220 0.000637 0.011189 0.002848 0.000376 0.000782 0.000414 0.000631 0.000983 0.001708 0.001636 0.003885 0.001360 0.005385 0.009375 0.000658 0.004831 0.000346 0.000197 0.001672 0.001021 0.000984 0.000235 
0.000380 0.001312 0.007143 0.001654 0.018254 0.004840 0.005757 0.034627 0.010270 0.007427 0.003786 0.000164 0.003749 0.008517 0.001360 0.000657 0.015367 0.021084 0.090167 0.025994 0.009661 0.002182 0.000325 0.002386 0.022513 0.043598 0.001039 0.000795 0.041112 0.093678 0.158601 0.004015 0.001988 0.003370 0.018546 0.011402 0.006142 0.104867 0.006891 0.006345 0.008890 0.018210 0.008538 0.088790 0.079295 0.006318 0.090766 1.109878 0.008138 0.084044 0.055229 0.001733 0.112471 0.067699 0.000100 0.000586 0.002931 0.018579 0.256404 0.055398 0.002781 0.004292 0.022282 0.003001 0.038353 0.003027 0.026856 0.158210 0.025292 0.036706 0.006626 
0.001065 0.002469 0.006050 0.003789 0.014295 0.004356 0.005009 0.034480 0.002993 0.017108 0.016152 0.000461 0.004365 0.013253 0.007428 0.002095 0.044576 0.042074 0.067626 0.022571 0.011330 0.008653 0.001336 0.003211 0.005313 0.037384 0.008612 0.003994 0.074099 0.069921 0.055894 0.016635 0.007537 0.010720 0.028777 0.024662 0.031732 0.065905 0.031104 0.028109 0.027661 0.001950 0.033724 0.022611 0.143722 0.023570 0.353492 0.108889 0.027938 0.024893 0.177286 0.007707 0.011082 0.032102 0.000432 0.001984 0.008484 0.041014 0.034504 0.087565 0.009092 0.016998 0.062906 0.006938 0.068424 0.005112 0.007718 0.056981 0.027380 0.026227 0.004541 
0.000380 0.000309 0.001968 0.001174 0.005718 0.001936 0.001785 0.013998 0.001341 0.004509 0.004543 0.000125 0.001600 0.004589 0.001988 0.000641 0.012319 0.012594 0.023492 0.007632 0.003693 0.001655 0.000358 0.001013 0.002147 0.012712 0.002079 0.000713 0.018362 0.022724 0.020837 0.004207 0.001548 0.002413 0.007854 0.004964 0.005752 0.022185 0.007113 0.005330 0.004800 0.000849 0.006578 0.011205 0.030097 0.004301 0.040135 0.053704 0.004917 0.012553 0.029052 0.001345 0.004739 0.012832 0.000087 0.000392 0.001532 0.007763 0.014873 0.021134 0.002093 0.003198 0.015625 0.001614 0.016564 0.001197 0.003406 0.022124 0.008957 0.008974 0.001625 
0.000456 0.000694 0.001604 0.001761 0.003519 0.002040 0.001324 0.009136 0.000589 0.006631 0.009338 0.000250 0.001018 0.003892 0.004603 0.000961 0.014986 0.014460 0.012357 0.005365 0.002337 0.004164 0.001045 0.000594 0.000648 0.005650 0.009206 0.003932 0.016656 0.010329 0.006265 0.020970 0.004275 0.005547 0.004598 0.004228 0.026614 0.008714 0.017431 0.044162 0.007882 0.000247 0.013184 0.003049 0.012545 0.019852 0.025693 0.013210 0.014796 0.002356 0.049275 0.014953 0.001429 0.003656 0.001077 0.003133 0.004897 0.007711 0.004908 0.021367 0.005975 0.020448 0.044564 0.002426 0.021099 0.001310 0.000866 0.007074 0.005290 0.004516 0.000695 
0.000761 0.002392 0.008018 0.002455 0.014625 0.005739 0.005095 0.040963 0.005544 0.013063 0.012366 0.000343 0.004566 0.012446 0.003557 0.001421 0.032384 0.034145 0.091390 0.027613 0.011622 0.004715 0.000941 0.003467 0.010567 0.051037 0.004751 0.002221 0.064268 0.099081 0.109324 0.010517 0.004048 0.006989 0.027237 0.019457 0.017207 0.115985 0.014815 0.016434 0.016324 0.004985 0.018097 0.075789 0.133139 0.013705 0.160373 0.399630 0.015405 0.102448 0.099576 0.004241 0.032593 0.086786 0.000216 0.001420 0.005623 0.033484 0.099052 0.084069 0.005914 0.009004 0.048776 0.005807 0.061424 0.005195 0.017327 0.112033 0.034620 0.039774 0.006401 
0.001521 0.003241 0.003644 0.003468 0.008027 0.004149 0.003569 0.027996 0.001521 0.016975 0.017414 0.000593 0.002820 0.010573 0.008788 0.002227 0.044576 0.037410 0.039924 0.015309 0.007699 0.009280 0.001976 0.002180 0.002315 0.023118 0.014329 0.006276 0.058906 0.042270 0.030833 0.030339 0.010609 0.015338 0.021605 0.020611 0.058834 0.037860 0.050673 0.060977 0.041146 0.000912 0.061407 0.012315 0.069641 0.062254 0.173471 0.058642 0.106029 0.012726 0.453532 0.018770 0.006017 0.018098 0.000982 0.005103 0.019119 0.044843 0.019632 0.092926 0.016595 0.029873 0.118476 0.009446 0.079171 0.005586 0.004450 0.033571 0.022275 0.020842 0.003205 
0.000228 0.000772 0.001093 0.001014 0.002639 0.001141 0.001151 0.006778 0.000556 0.004443 0.005805 0.000221 0.000929 0.002423 0.003034 0.000698 0.012573 0.010822 0.008148 0.005088 0.001857 0.003135 0.000621 0.000534 0.000588 0.004991 0.006162 0.002608 0.013406 0.010250 0.006899 0.012492 0.003298 0.003661 0.004202 0.003699 0.017402 0.006210 0.012935 0.027030 0.006574 0.000218 0.011438 0.002079 0.010790 0.015600 0.023594 0.010617 0.013730 0.002819 0.047016 0.020746 0.001153 0.003265 0.001270 0.004382 0.005172 0.008927 0.004016 0.021211 0.008129 0.024740 0.055298 0.002806 0.024747 0.001536 0.001122 0.008489 0.005847 0.005442 0.000803 
0.000228 0.000154 0.001312 0.000694 0.003629 0.001175 0.001238 0.008694 0.001063 0.002918 0.001767 0.000068 0.000839 0.002313 0.001255 0.000296 0.005969 0.006157 0.016703 0.004764 0.002066 0.001104 0.000151 0.000445 0.002267 0.006921 0.000668 0.000408 0.009019 0.015494 0.014924 0.001721 0.000667 0.000888 0.003278 0.002162 0.003315 0.010367 0.002911 0.002538 0.001924 0.001163 0.002658 0.006723 0.010531 0.002138 0.014526 0.058025 0.002089 0.007686 0.013243 0.000666 0.014165 0.008600 0.000037 0.000230 0.000824 0.003830 0.037182 0.010567 0.000902 0.000926 0.008424 0.000956 0.009662 0.000723 0.004548 0.029198 0.004548 0.007179 0.001345 
0.000304 0.001775 0.002259 0.002348 0.005718 0.002455 0.002044 0.015472 0.001226 0.011803 0.009590 0.000336 0.001835 0.006498 0.006382 0.001208 0.025145 0.023509 0.026073 0.008325 0.004236 0.006045 0.001209 0.001236 0.001667 0.013371 0.011062 0.004401 0.032987 0.025585 0.016473 0.025622 0.007513 0.009610 0.012166 0.011450 0.040214 0.022937 0.031214 0.055203 0.021385 0.000702 0.035980 0.007470 0.038718 0.048914 0.099162 0.039259 0.063100 0.008864 0.285075 0.033384 0.004438 0.012786 0.001699 0.011000 0.037184 0.047612 0.013534 0.098520 0.031891 0.059325 0.225947 0.013423 0.108848 0.007077 0.003918 0.028169 0.026823 0.020437 0.003006 
0.000837 0.001003 0.004373 0.002508 0.010007 0.003457 0.003972 0.022250 0.002338 0.010278 0.013628 0.000311 0.002652 0.009215 0.004917 0.001126 0.027177 0.026401 0.045627 0.015263 0.007678 0.004640 0.000974 0.002240 0.004570 0.027308 0.005494 0.002588 0.046637 0.054189 0.047939 0.011218 0.004548 0.007031 0.018084 0.015678 0.024469 0.049930 0.019090 0.021954 0.017818 0.001854 0.021910 0.021663 0.084612 0.018054 0.159197 0.118766 0.021889 0.029991 0.161272 0.006531 0.013438 0.045302 0.000398 0.002218 0.009945 0.060550 0.045064 0.150112 0.010544 0.018597 0.088857 0.010021 0.113087 0.008681 0.011243 0.079105 0.046175 0.048574 0.006690 
0.000532 0.001312 0.001749 0.001601 0.005498 0.001625 0.001353 0.014882 0.001030 0.007161 0.006309 0.000279 0.001421 0.005176 0.003557 0.000896 0.018033 0.016979 0.022542 0.008603 0.003902 0.003737 0.000579 0.001082 0.001739 0.011582 0.004677 0.001813 0.022019 0.021294 0.016261 0.009561 0.003512 0.004618 0.008932 0.007575 0.014038 0.017378 0.013378 0.015736 0.010366 0.000617 0.014392 0.007228 0.029839 0.013122 0.061294 0.034815 0.017494 0.008420 0.131296 0.006665 0.004337 0.012096 0.000374 0.002398 0.010768 0.047716 0.014426 0.089119 0.011674 0.017082 0.086275 0.007822 0.083706 0.005647 0.003800 0.028169 0.021904 0.018758 0.002889 
-0.000000 -0.000000 0.000073 0.000107 0.000220 0.000069 0.000144 0.000442 0.000065 0.000663 0.000757 0.000025 0.000112 0.000220 0.000523 0.000082 0.001016 0.001493 0.001086 0.000648 0.000083 0.000075 0.000052 0.000038 0.000036 0.000471 0.000371 0.000122 0.001462 0.000795 0.000493 0.000765 0.000250 0.000305 0.000352 0.000464 0.001219 0.000801 0.001216 0.002157 0.000598 0.000033 0.000859 0.000141 0.001084 0.000948 0.002183 0.001235 0.001153 0.000348 0.003798 0.001212 0.000075 0.000391 0.000166 0.000582 0.000576 0.000776 0.000446 0.001942 0.000871 0.004207 0.006250 0.000370 0.003254 0.000196 0.000118 0.000643 0.000835 0.000637 0.000099 
0.000608 0.000617 0.003207 0.001974 0.009127 0.002282 0.002159 0.020629 0.003074 0.006233 0.003786 0.000175 0.001981 0.006058 0.002929 0.000641 0.016890 0.019405 0.041825 0.013876 0.005717 0.003261 0.000583 0.001663 0.005457 0.023588 0.003192 0.001508 0.040218 0.049342 0.058288 0.008541 0.003405 0.005533 0.019448 0.015118 0.016232 0.063201 0.015478 0.016370 0.016903 0.003135 0.019896 0.034785 0.108824 0.015964 0.190180 0.227161 0.024217 0.064810 0.183959 0.006471 0.028857 0.126362 0.000382 0.002403 0.011778 0.087720 0.099646 0.282586 0.013676 0.016156 0.103802 0.015510 0.194625 0.016134 0.031424 0.253265 0.115878 0.130322 0.020827 
0.000228 0.001080 0.001968 0.001547 0.003519 0.001487 0.001526 0.011051 0.000867 0.007095 0.010600 0.000189 0.001399 0.004552 0.003766 0.000764 0.017652 0.015673 0.018740 0.007030 0.003172 0.003486 0.000701 0.000881 0.001355 0.011206 0.005271 0.002139 0.021206 0.018434 0.017810 0.011154 0.003417 0.004992 0.008294 0.007110 0.017304 0.016276 0.015294 0.020114 0.010385 0.000587 0.015869 0.006218 0.028497 0.017811 0.062218 0.033580 0.022346 0.007589 0.146182 0.011173 0.004237 0.012303 0.000574 0.004337 0.021439 0.041997 0.011749 0.096500 0.025488 0.032650 0.191844 0.016311 0.126989 0.007469 0.003997 0.033057 0.027380 0.022058 0.003232 
0.000076 0.000077 0.001968 0.000320 0.004179 0.000657 0.001238 0.009283 0.003499 0.001724 0.001009 0.000021 0.001030 0.001689 0.000314 0.000099 0.004318 0.005131 0.024850 0.007030 0.002733 0.000351 0.000075 0.000577 0.008564 0.011300 0.000297 0.000245 0.010969 0.028366 0.044420 0.000765 0.000500 0.000721 0.005236 0.003235 0.001706 0.030148 0.002359 0.001523 0.002671 0.008437 0.002712 0.025276 0.027671 0.001920 0.033250 0.276297 0.002916 0.036074 0.023098 0.000642 0.190896 0.040932 0.000024 0.000225 0.001311 0.010971 1.554187 0.034031 0.001146 0.001094 0.011956 0.001871 0.024353 0.002161 0.062671 0.293782 0.025338 0.042669 0.007737 
0.000076 0.000231 0.000437 0.000053 0.000770 0.000346 0.000432 0.003978 0.000621 0.001790 0.002019 0.000050 0.000313 0.001248 0.000314 0.000189 0.005207 0.007370 0.008419 0.002636 0.001043 0.000953 0.000212 0.000466 0.000912 0.005273 0.002079 0.000876 0.011944 0.013825 0.013798 0.004398 0.001548 0.002663 0.006996 0.006246 0.011552 0.017328 0.009287 0.015673 0.010534 0.000628 0.013962 0.008015 0.042848 0.017131 0.103277 0.053333 0.028199 0.015642 0.247708 0.011257 0.006569 0.028262 0.000764 0.005946 0.034085 0.158439 0.021714 0.719712 0.047614 0.052172 0.407465 0.096686 1.154043 0.055291 0.009628 0.081420 0.142562 0.086322 0.011095 
-0.000000 0.000540 0.000583 0.000747 0.001320 0.000761 0.000662 0.005452 0.000458 0.002785 0.002271 0.000064 0.000582 0.002019 0.001465 0.000444 0.008509 0.008490 0.009913 0.003793 0.001356 0.002132 0.000334 0.000607 0.000996 0.006121 0.002524 0.001386 0.012675 0.010409 0.010348 0.009561 0.002381 0.004188 0.006292 0.006294 0.014916 0.013121 0.013230 0.024619 0.010833 0.000502 0.016701 0.006077 0.032059 0.021748 0.078423 0.034938 0.032137 0.009733 0.204901 0.018722 0.003786 0.014878 0.001478 0.011176 0.040691 0.075170 0.013980 0.224779 0.110555 0.113264 0.949166 0.074053 0.423461 0.022059 0.004981 0.046177 0.067708 0.042090 0.005101 
0.000076 0.000386 0.001166 0.000587 0.002749 0.000899 0.001036 0.007515 0.002077 0.001591 0.001262 0.000036 0.000951 0.002460 0.000209 0.000222 0.004699 0.004105 0.018604 0.005319 0.001920 0.000502 0.000113 0.000500 0.005086 0.009605 0.000445 0.000245 0.011375 0.019149 0.031467 0.001530 0.000583 0.001040 0.004400 0.003491 0.002096 0.024139 0.002727 0.002094 0.002652 0.004527 0.002712 0.017605 0.024005 0.002138 0.030899 0.170000 0.002742 0.027268 0.021558 0.000836 0.088678 0.031596 0.000037 0.000293 0.001302 0.010868 0.783786 0.033721 0.001910 0.001683 0.013994 0.001788 0.025141 0.002349 0.066589 0.303557 0.024549 0.043248 0.007972 
0.000228 0.000540 0.002405 0.000694 0.004618 0.001487 0.001497 0.011199 0.002142 0.003117 0.002524 0.000100 0.001186 0.002643 0.001255 0.000320 0.006223 0.007836 0.027295 0.006707 0.003130 0.001003 0.000249 0.000821 0.003946 0.011441 0.001782 0.000571 0.013650 0.023042 0.027806 0.002741 0.001179 0.001359 0.005082 0.003715 0.003948 0.021334 0.003796 0.004442 0.003437 0.002647 0.004565 0.014011 0.022302 0.003086 0.032662 0.114074 0.004047 0.020548 0.025869 0.001454 0.043374 0.025295 0.000087 0.000464 0.001922 0.010402 0.254024 0.031623 0.002124 0.002440 0.018070 0.002282 0.028198 0.002567 0.049046 0.233456 0.022925 0.037400 0.007123 
0.000608 0.000617 0.000875 0.000854 0.003079 0.000795 0.001065 0.008252 0.000540 0.003780 0.006562 0.000150 0.000795 0.003157 0.002302 0.000460 0.011176 0.008490 0.013715 0.004440 0.002316 0.002157 0.000438 0.000560 0.001043 0.007015 0.003638 0.001549 0.016087 0.012157 0.010630 0.006501 0.002643 0.003855 0.005302 0.004292 0.014185 0.010066 0.010429 0.016751 0.007378 0.000432 0.012888 0.004684 0.019101 0.013826 0.044921 0.023951 0.016558 0.006450 0.097215 0.010349 0.003159 0.009106 0.000864 0.005586 0.015913 0.031051 0.009816 0.096423 0.049815 0.064794 0.562896 0.025027 0.167906 0.010043 0.003288 0.028941 0.032671 0.025763 0.003376 
0.000076 0.000309 0.000146 0.000107 0.000440 0.000173 0.000201 0.001621 0.000033 0.000464 0.000757 0.000039 0.000157 0.000404 0.000314 0.000058 0.001524 0.001773 0.001494 0.000463 0.000313 0.000326 0.000089 0.000086 0.000120 0.000565 0.000371 0.000183 0.001787 0.001192 0.000704 0.000829 0.000321 0.000374 0.000704 0.000657 0.001511 0.001653 0.001437 0.002475 0.000859 0.000044 0.001289 0.000646 0.002168 0.001628 0.003946 0.001852 0.002111 0.000599 0.008623 0.001309 0.000301 0.000759 0.000245 0.000960 0.001373 0.002174 0.000446 0.006449 0.003530 0.050489 0.029619 0.001203 0.008873 0.000663 0.000315 0.001929 0.002088 0.001968 0.000253 
0.000304 0.000463 0.001239 0.000587 0.003079 0.000899 0.001065 0.005894 0.000442 0.003448 0.004038 0.000111 0.000571 0.002423 0.002092 0.000386 0.008636 0.006717 0.009098 0.003330 0.001189 0.001655 0.000343 0.000470 0.000648 0.004755 0.002524 0.000876 0.011537 0.009137 0.007814 0.005035 0.001548 0.002357 0.003036 0.003427 0.007458 0.006711 0.006265 0.008947 0.004333 0.000288 0.006068 0.003573 0.011719 0.006342 0.025189 0.017901 0.008138 0.003997 0.049275 0.004059 0.002256 0.006071 0.000369 0.001997 0.006022 0.017026 0.007288 0.053067 0.016045 0.021542 0.152850 0.016291 0.105200 0.006159 0.002245 0.015435 0.020233 0.016963 0.002320 
0.000304 0.000309 0.001312 0.000374 0.002859 0.000657 0.001295 0.005305 0.002420 0.001194 0.002019 0.000061 0.000851 0.001689 0.000209 0.000107 0.003683 0.005131 0.017789 0.004903 0.002024 0.000652 0.000108 0.000552 0.004666 0.009040 0.000520 0.000326 0.009344 0.017877 0.027736 0.001466 0.000536 0.000860 0.004202 0.002915 0.002778 0.021584 0.002838 0.002221 0.002727 0.004014 0.003007 0.016272 0.022044 0.001895 0.027876 0.154321 0.002981 0.026283 0.022892 0.000715 0.073711 0.032539 0.000047 0.000280 0.001638 0.011178 0.558169 0.039781 0.001604 0.002356 0.012228 0.002066 0.028099 0.002846 0.083739 0.373787 0.029793 0.047590 0.010021 
-0.000000 0.000309 0.000292 0.000267 0.000550 0.000346 0.000345 0.001031 0.000114 0.000332 0.000505 0.000021 0.000246 0.000698 0.000314 0.000058 0.001397 0.001959 0.003802 0.001203 0.000480 0.000426 0.000118 0.000158 0.000252 0.001460 0.000891 0.000245 0.002762 0.002701 0.002393 0.001211 0.000393 0.000541 0.001034 0.000769 0.001852 0.001953 0.001585 0.001777 0.001027 0.000070 0.001584 0.000808 0.003201 0.001555 0.006465 0.005679 0.002198 0.001120 0.011395 0.000739 0.001203 0.001771 0.000063 0.000388 0.001240 0.003597 0.002975 0.014374 0.002598 0.003871 0.024320 0.003351 0.029677 0.001875 0.000591 0.005531 0.006033 0.005037 0.000849 
0.000304 0.000154 0.000510 0.000374 0.001759 0.000449 0.000288 0.004126 0.000572 0.000796 0.001009 0.000011 0.000280 0.001358 0.000418 0.000107 0.002159 0.002332 0.005432 0.002359 0.000939 0.000376 0.000066 0.000180 0.000936 0.002025 0.000297 0.000143 0.003656 0.004688 0.007321 0.000574 0.000345 0.000499 0.001408 0.001041 0.001121 0.004908 0.001179 0.001459 0.000710 0.000738 0.001289 0.003149 0.005782 0.000656 0.006549 0.026914 0.001110 0.004422 0.006878 0.000351 0.011107 0.005197 0.000026 0.000117 0.000390 0.002277 0.115114 0.007847 0.000611 0.000673 0.004619 0.000565 0.006902 0.000527 0.008683 0.041546 0.004734 0.007816 0.001399 
0.000304 0.000772 0.000948 0.000907 0.002529 0.000864 0.000892 0.004715 0.000442 0.003514 0.003533 0.000125 0.000683 0.001909 0.001255 0.000394 0.008128 0.008490 0.009370 0.003654 0.001481 0.001480 0.000391 0.000552 0.000756 0.004944 0.001708 0.000876 0.012675 0.010329 0.008096 0.005035 0.001643 0.002593 0.004334 0.003411 0.009066 0.008413 0.008918 0.011548 0.004912 0.000380 0.008028 0.003513 0.014352 0.009307 0.030647 0.019877 0.010705 0.004982 0.064673 0.006544 0.002758 0.008117 0.000521 0.003733 0.009431 0.021270 0.009072 0.072414 0.026329 0.047544 0.288038 0.019641 0.145623 0.008741 0.003465 0.021995 0.030350 0.023448 0.003178 
0.000152 0.000386 0.000802 0.000534 0.002089 0.000899 0.000576 0.003831 0.000801 0.002321 0.003028 0.000086 0.000638 0.001762 0.000837 0.000304 0.005969 0.006624 0.010320 0.002636 0.001648 0.001304 0.000268 0.000500 0.001427 0.007486 0.002005 0.000611 0.012187 0.012713 0.013727 0.004717 0.001536 0.002385 0.005434 0.004580 0.007555 0.016627 0.006965 0.009962 0.006014 0.000665 0.008941 0.007429 0.026845 0.010497 0.058188 0.045185 0.014012 0.012572 0.105941 0.006665 0.006494 0.021823 0.000493 0.003399 0.013080 0.053900 0.022011 0.251584 0.025289 0.034585 0.257875 0.044627 0.603001 0.060870 0.009805 0.085536 0.173655 0.101490 0.012928 
-0.000000 0.000386 0.000875 0.000747 0.000990 0.001003 0.000259 0.004715 0.000474 0.002918 0.003281 0.000061 0.000582 0.002166 0.000523 0.000345 0.006477 0.005971 0.008148 0.002081 0.001085 0.000803 0.000188 0.000415 0.000708 0.004002 0.001262 0.000530 0.006581 0.007310 0.005702 0.003187 0.000762 0.001623 0.002134 0.002034 0.005508 0.004808 0.003538 0.004695 0.003044 0.000277 0.003491 0.002261 0.009086 0.003718 0.016793 0.014691 0.004743 0.003264 0.029462 0.002460 0.002006 0.005289 0.000124 0.000893 0.003365 0.011541 0.008031 0.050659 0.006723 0.009509 0.062635 0.008973 0.104214 0.007837 0.002146 0.021223 0.026591 0.018932 0.002663 
0.000380 0.000386 0.001239 0.000534 0.002969 0.000830 0.000979 0.006631 0.000867 0.001857 0.001009 0.000089 0.000716 0.001799 0.001255 0.000337 0.004318 0.005504 0.011135 0.004209 0.002024 0.001129 0.000188 0.000445 0.001307 0.006027 0.001262 0.000367 0.008856 0.009852 0.011123 0.002040 0.000714 0.001137 0.003168 0.002194 0.003510 0.008413 0.003243 0.003109 0.002428 0.000720 0.003222 0.005552 0.011151 0.002892 0.019732 0.035309 0.003220 0.008555 0.020120 0.001042 0.006995 0.010601 0.000071 0.000352 0.001603 0.007944 0.034356 0.026417 0.001818 0.002440 0.018478 0.002210 0.024451 0.002221 0.021008 0.223166 0.021997 0.039253 0.007981 
0.000076 0.000386 0.000437 0.000267 0.000660 0.000104 0.000259 0.001916 0.000164 0.000928 0.001009 0.000018 0.000145 0.000587 0.000314 0.000123 0.001778 0.001306 0.003123 0.000648 0.000396 0.000251 0.000089 0.000094 0.000156 0.001554 0.000594 0.000245 0.002437 0.001907 0.002041 0.001593 0.000393 0.000499 0.000726 0.000641 0.002145 0.001803 0.002211 0.002792 0.001046 0.000063 0.001799 0.000323 0.002323 0.001579 0.005290 0.003827 0.002002 0.000753 0.010984 0.001127 0.000527 0.000828 0.000087 0.000784 0.001417 0.002199 0.001339 0.008624 0.003530 0.013969 0.041168 0.001953 0.014000 0.000926 0.000473 0.003602 0.003713 0.002142 0.000379 
0.000152 0.000309 0.001166 0.000854 0.003409 0.001106 0.001094 0.006631 0.000850 0.003183 0.002019 0.000079 0.000951 0.002790 0.001360 0.000329 0.006477 0.005038 0.013715 0.004440 0.002045 0.001154 0.000221 0.000479 0.001427 0.007298 0.001336 0.000530 0.010237 0.012475 0.014009 0.002549 0.001000 0.001650 0.004004 0.003187 0.004728 0.012370 0.004643 0.004378 0.003829 0.000753 0.004618 0.006864 0.015539 0.003645 0.028380 0.046667 0.004286 0.009791 0.029052 0.001757 0.009076 0.014165 0.000084 0.000667 0.002276 0.013507 0.035248 0.043277 0.003453 0.004796 0.027309 0.003690 0.045452 0.004517 0.018094 0.153065 0.045015 0.098306 0.021441 
0.000380 0.000540 0.000364 0.000587 0.000880 0.000553 0.000633 0.002652 0.000343 0.002056 0.002019 0.000039 0.000313 0.001579 0.001360 0.000197 0.004445 0.003638 0.005568 0.002174 0.001043 0.000903 0.000165 0.000291 0.000444 0.002542 0.001039 0.000754 0.006012 0.005085 0.004365 0.003187 0.000893 0.001401 0.002222 0.001794 0.004874 0.005409 0.003870 0.006218 0.002727 0.000162 0.003866 0.001736 0.008415 0.004131 0.016877 0.010494 0.005505 0.002356 0.026280 0.002811 0.001529 0.003748 0.000277 0.001659 0.004162 0.009833 0.005354 0.034498 0.010834 0.021121 0.117117 0.007657 0.053241 0.003599 0.001260 0.012477 0.013644 0.010479 0.001508 
0.000456 0.000231 0.001093 0.000213 0.001649 0.000622 0.000432 0.003831 0.000752 0.001857 0.001009 0.000018 0.000470 0.001505 0.000628 0.000115 0.004191 0.004105 0.006654 0.003284 0.001356 0.000803 0.000075 0.000286 0.001535 0.003955 0.000742 0.000326 0.007069 0.008184 0.009011 0.001912 0.000321 0.000624 0.002134 0.001329 0.002388 0.007812 0.001806 0.001523 0.001401 0.000916 0.001665 0.004462 0.008157 0.001385 0.010076 0.035803 0.001545 0.005890 0.012421 0.000557 0.013589 0.007865 0.000045 0.000144 0.000638 0.003752 0.103960 0.012432 0.000932 0.001767 0.006929 0.000976 0.010550 0.000873 0.018390 0.085665 0.008725 0.013316 0.002799 
-0.000000 -0.000000 0.000073 -0.000000 0.000550 0.000207 0.000115 0.000884 0.000605 0.000133 -0.000000 0.000004 0.000123 0.000294 -0.000000 0.000033 0.001143 0.000746 0.004210 0.001341 0.000417 0.000176 0.000005 0.000098 0.001619 0.002072 -0.000000 0.000020 0.002681 0.005721 0.011545 0.000127 0.000155 0.000236 0.001694 0.001505 0.000634 0.010917 0.000737 0.000825 0.001345 0.001687 0.001530 0.009549 0.017914 0.001166 0.027960 0.102716 0.001915 0.026727 0.023303 0.000570 0.033471 0.044681 0.000042 0.000216 0.001311 0.014775 0.187692 0.071326 0.001604 0.002188 0.016032 0.003484 0.050086 0.006091 0.201205 2.209538 0.101121 0.248081 0.062662 
0.000228 0.000540 0.000802 0.000267 0.002419 0.001072 0.000806 0.006041 0.000850 0.002188 0.002019 0.000057 0.000795 0.001946 0.000837 0.000288 0.006096 0.006810 0.010049 0.003746 0.001523 0.000828 0.000174 0.000462 0.001439 0.008381 0.000891 0.000571 0.010806 0.013031 0.013094 0.002613 0.001191 0.001692 0.004466 0.003507 0.005069 0.013972 0.004717 0.005584 0.004016 0.000912 0.006015 0.007329 0.019721 0.005710 0.041311 0.056420 0.007528 0.013615 0.051636 0.002557 0.009502 0.022950 0.000145 0.001082 0.004472 0.024349 0.038520 0.112428 0.007976 0.011276 0.068613 0.010669 0.140595 0.014523 0.019748 0.170944 0.203402 0.333187 0.034143 
0.000076 -0.000000 -0.000000 0.000160 0.000220 0.000173 0.000144 0.000589 -0.000000 0.000862 0.000252 0.000014 0.000011 0.000257 0.000314 0.000041 0.001397 0.000840 0.000407 0.000231 0.000104 0.000426 0.000071 0.000038 0.000024 0.001036 0.000520 0.000285 0.002112 0.000953 0.001619 0.001721 0.000345 0.000499 0.000748 0.000625 0.002535 0.001402 0.001806 0.004124 0.001307 0.000037 0.001692 0.000727 0.002633 0.003086 0.006297 0.002963 0.004069 0.000966 0.016014 0.003538 0.000301 0.001426 0.000450 0.002371 0.002931 0.004916 0.001339 0.014607 0.011491 0.105774 0.122688 0.004235 0.030367 0.001754 0.000532 0.004116 0.005105 0.005095 0.000352 
0.000152 0.000617 0.001458 0.000374 0.002419 0.000622 0.000892 0.004126 0.000899 0.001724 0.000505 0.000039 0.000694 0.001799 0.001674 0.000197 0.004953 0.004944 0.011543 0.004163 0.001586 0.000978 0.000155 0.000423 0.001559 0.004755 0.001039 0.000306 0.009100 0.010170 0.012390 0.001338 0.000738 0.000998 0.002992 0.002370 0.002437 0.010266 0.003390 0.002602 0.002054 0.000783 0.003088 0.005915 0.013164 0.001822 0.019312 0.047037 0.002176 0.009926 0.020531 0.000969 0.011809 0.013269 0.000045 0.000243 0.001213 0.006624 0.066034 0.024009 0.001742 0.001851 0.016168 0.002086 0.027606 0.002101 0.044951 0.262654 0.019166 0.039600 0.007565 
