# Flux Network Reconstruction using RW method
# Walkers leave from emitting cells
# Probability involves emitting fluxes, then absorbing flux is shared among connections
# Seed: 1685008047
# Threshold: 0.5
# Precision: 100000.0
# Dt: 1.0
# Radius step: 9.000000
# Matrix output


0.001542 0.039038 0.002404 0.008963 0.014043 0.009501 0.001096 0.005318 0.006648 0.033987 0.003106 0.002861 0.006597 0.002255 0.000183 0.002970 0.002583 0.001152 0.004872 0.001070 0.002410 0.003088 0.001663 0.001914 0.002223 0.000668 0.002504 0.001444 0.000238 0.007845 0.001064 0.000317 0.002328 0.001525 0.001245 0.000281 0.000039 0.000396 0.000261 0.001194 0.000735 0.003559 0.000050 0.000448 0.000079 0.000555 0.000405 0.000537 0.001149 0.000261 0.001242 0.000859 0.000197 0.000135 0.000235 0.000172 0.000683 0.000188 0.000025 0.000535 0.000130 0.000281 -0.000000 -0.000000 0.000091 0.000314 0.000040 0.000236 0.000028 0.000091 0.000157 0.000333 0.000084 
0.015017 0.011628 0.037360 0.060502 0.021938 0.012470 0.001139 0.021158 0.026480 0.057684 0.007875 0.015376 0.008700 0.006444 0.000634 0.002931 0.002782 0.005923 0.003876 0.006809 0.002218 0.008718 0.004023 0.001576 0.008893 0.004295 0.003275 0.002589 0.000724 0.011163 0.003665 0.000592 0.002686 0.003316 0.001011 0.000200 0.000105 0.000667 0.002002 0.001659 0.001103 0.006880 0.000802 0.000768 0.000145 0.002036 0.000658 0.000787 0.000795 0.000621 0.003371 0.000644 0.000691 0.000304 0.000611 0.000172 0.001479 0.000282 0.000041 0.000892 0.000261 0.000281 -0.000000 0.000529 0.000068 0.000627 0.000080 -0.000000 0.000110 0.000046 0.000078 0.000222 0.000253 
0.002950 0.022426 0.006720 0.022205 0.020416 0.012200 0.001683 0.010862 0.014736 0.054254 0.004510 0.007986 0.007830 0.004994 0.000360 0.003857 0.003537 0.005265 0.006312 0.003599 0.003471 0.006357 0.003325 0.002365 0.005697 0.002673 0.006165 0.003187 0.000713 0.012069 0.001537 0.000528 0.003492 0.002719 0.001478 0.000501 0.000072 0.000792 0.001393 0.002256 0.001365 0.005694 0.000752 0.000960 0.000157 0.002592 0.001215 0.000894 0.001679 0.000425 0.002307 0.000859 0.000789 0.000506 0.000846 0.000517 0.001138 0.000400 0.000082 0.000446 0.000196 0.000469 0.000263 -0.000000 0.000205 0.000941 0.000240 -0.000000 0.000138 0.000069 0.000118 0.000444 0.000338 
0.264003 0.000831 0.054621 0.297011 0.005527 0.004265 0.000351 0.088368 0.040218 0.024633 0.005546 0.112044 0.003045 0.022606 0.002703 0.000656 0.000318 0.146255 0.001218 0.027527 0.000193 0.010172 0.006114 0.000676 0.034598 0.037702 0.000963 0.001245 0.000916 0.002414 0.033100 0.002303 0.000895 0.002255 0.000817 0.000100 0.001098 0.000229 0.012011 0.003252 0.000158 0.005219 0.003560 0.000192 0.000054 0.015181 0.000051 0.000894 0.000707 0.001111 0.001420 0.000107 0.007006 0.001486 0.001222 -0.000000 0.000114 0.000306 0.000020 0.000982 -0.000000 -0.000000 0.002281 -0.000000 0.000023 0.000209 0.000160 -0.000000 0.000028 -0.000000 -0.000000 0.000666 0.000253 
0.025341 0.047344 0.077617 0.163784 0.103827 0.056033 0.005571 0.063815 0.092734 0.258174 0.026841 0.036593 0.035307 0.021264 0.001854 0.015157 0.009657 0.018919 0.018382 0.024998 0.009834 0.028971 0.014320 0.007657 0.021954 0.012122 0.018109 0.010008 0.002081 0.028361 0.006265 0.001902 0.008775 0.008887 0.004512 0.001063 0.000362 0.001334 0.005396 0.004712 0.002993 0.019217 0.002808 0.002049 0.000284 0.007961 0.002684 0.002325 0.003624 0.001307 0.007807 0.003007 0.002664 0.001081 0.001503 0.000861 0.002616 0.000706 0.000163 0.002498 0.000522 0.001782 0.001053 0.000529 0.000296 0.001569 0.000360 0.000709 0.000138 0.000114 0.000313 0.000777 0.000760 
0.397412 0.009967 0.142842 0.438794 0.021544 0.015655 0.001353 0.113373 0.085754 0.095100 0.015195 0.096071 0.012035 0.032003 0.003358 0.005361 0.003060 0.057416 0.006865 0.033946 0.002989 0.025883 0.018236 0.003153 0.041545 0.028443 0.008284 0.004431 0.002014 0.015991 0.023288 0.003423 0.005820 0.009285 0.003540 0.000782 0.000875 0.001147 0.012881 0.007432 0.002993 0.014709 0.005165 0.001665 0.000284 0.017588 0.001671 0.003076 0.002033 0.002189 0.005678 0.000967 0.005625 0.001351 0.002349 0.000861 0.002161 0.001106 0.000107 0.002320 0.000684 0.000938 0.001579 0.000794 0.000228 0.001255 0.000360 0.000473 0.000303 0.000069 0.000353 0.001998 0.000760 
0.009453 0.191868 0.022379 0.069466 0.104278 0.071796 0.008679 0.038470 0.062598 0.296214 0.023292 0.025150 0.055316 0.016700 0.001359 0.023874 0.018519 0.009213 0.034438 0.017119 0.018994 0.025792 0.011960 0.014863 0.021259 0.010213 0.031016 0.013692 0.001923 0.047067 0.008866 0.002092 0.013969 0.009020 0.006379 0.001864 0.000224 0.003273 0.005135 0.006105 0.005619 0.022301 0.002307 0.003841 0.000610 0.009442 0.003747 0.002218 0.006099 0.001895 0.012066 0.003222 0.001085 0.000743 0.001926 0.002066 0.004550 0.000776 0.000194 0.003034 0.001010 0.002251 0.000790 0.000265 0.000342 0.002615 0.000720 0.000236 0.000413 0.000183 0.000274 0.001443 0.000760 
0.004492 1.003363 0.011467 0.035649 0.073824 0.060460 0.008221 0.019688 0.037227 0.231359 0.016119 0.014184 0.059159 0.009827 0.000682 0.028193 0.025315 0.005265 0.045733 0.008851 0.026996 0.015530 0.007777 0.019254 0.010699 0.005250 0.036025 0.012646 0.001471 0.040128 0.002482 0.001078 0.009402 0.007296 0.004629 0.001784 0.000112 0.001897 0.001828 0.004645 0.003256 0.013523 0.001254 0.002945 0.000284 0.003888 0.002127 0.001180 0.003182 0.000784 0.007098 0.001718 0.000888 0.000675 0.001081 0.001205 0.002161 0.000494 0.000127 0.002142 0.000652 0.000750 0.000439 -0.000000 0.000228 0.000523 0.000280 0.000945 0.000275 0.000114 0.000274 0.000888 0.000253 
0.007844 0.451846 0.017693 0.053576 0.096213 0.074279 0.009725 0.030663 0.048306 0.271582 0.020704 0.019906 0.064596 0.013156 0.001037 0.028232 0.023208 0.011352 0.043518 0.014882 0.023911 0.022523 0.010620 0.018917 0.016118 0.007540 0.040456 0.013543 0.001414 0.049179 0.005438 0.001796 0.014417 0.007826 0.005523 0.002586 0.000204 0.002752 0.001741 0.004645 0.004621 0.017081 0.001906 0.003457 0.000610 0.005739 0.003292 0.001502 0.005215 0.001111 0.006920 0.002685 0.001382 0.000439 0.000987 0.002239 0.004209 0.000847 0.000117 0.003302 0.001043 0.002157 0.000877 0.000794 0.000501 0.002196 0.000640 0.000236 0.000358 0.000229 0.000196 0.000777 0.000844 
0.002548 1.382947 0.004994 0.013852 0.025491 0.024940 0.003573 0.010183 0.015290 0.101648 0.006951 0.007509 0.029144 0.005907 0.000376 0.014849 0.013432 0.003126 0.024140 0.005058 0.017740 0.008991 0.004452 0.013287 0.007642 0.002863 0.020613 0.007419 0.000973 0.026551 0.002364 0.000718 0.006089 0.003780 0.003151 0.001443 0.000092 0.001355 0.001567 0.003053 0.002153 0.010676 0.000903 0.002625 0.000236 0.003332 0.001722 0.000966 0.002740 0.000294 0.005678 0.001504 0.000888 0.000473 0.000799 0.001378 0.003981 0.000588 0.000127 0.002231 0.000619 0.001313 0.000351 0.000529 0.000250 0.000732 0.000240 0.000236 0.000193 0.000069 0.000196 0.000888 0.000422 
0.000536 1.063166 0.001110 0.005704 0.005865 0.006856 0.001096 0.002942 0.005650 0.023697 0.002588 0.002265 0.009860 0.001665 0.000150 0.005245 0.003457 0.000658 0.008083 0.001945 0.005206 0.002452 0.001019 0.004054 0.001945 0.000859 0.007899 0.002290 0.000271 0.007845 0.000827 0.000169 0.001880 0.001724 0.000972 0.000361 0.000026 0.000521 0.000522 0.000929 0.000788 0.004745 0.000251 0.000768 0.000115 0.001666 0.000709 0.000286 0.001414 0.000261 0.001597 0.000752 0.000395 0.000068 0.000329 0.000344 0.001138 0.000188 0.000010 0.000535 0.000196 0.000750 0.000088 -0.000000 0.000091 0.000314 0.000040 -0.000000 0.000055 -0.000000 -0.000000 0.000333 0.000169 
0.049207 0.008306 0.039517 0.175599 0.009982 0.008745 0.001053 0.054310 0.043431 0.059555 0.009982 0.041599 0.008192 0.018418 0.001848 0.003548 0.003298 0.027474 0.007530 0.021496 0.004821 0.017891 0.013087 0.003040 0.031402 0.017849 0.008091 0.004282 0.001776 0.022025 0.013358 0.003148 0.007432 0.008423 0.003617 0.000862 0.000454 0.001730 0.010096 0.008162 0.002888 0.024199 0.004463 0.002177 0.000495 0.015551 0.002431 0.003612 0.005126 0.001993 0.011356 0.003222 0.004737 0.002060 0.003054 0.001378 0.004436 0.001553 0.000321 0.004818 0.001369 0.001688 0.002457 0.000529 0.000820 0.005438 0.000760 0.001182 0.000523 0.000160 0.000509 0.002886 0.001266 
0.020246 0.210141 0.045004 0.141579 0.299524 0.169179 0.018046 0.076940 0.129296 0.638887 0.048358 0.046009 0.109908 0.030607 0.002240 0.043775 0.032508 0.021552 0.056806 0.031126 0.032877 0.047679 0.022151 0.025110 0.038766 0.016131 0.055483 0.024297 0.003518 0.092022 0.010048 0.003655 0.023550 0.017045 0.010735 0.003568 0.000447 0.004273 0.007224 0.011348 0.007404 0.033926 0.003510 0.007234 0.000882 0.011293 0.005064 0.003362 0.009546 0.002189 0.016147 0.004618 0.002467 0.001351 0.002725 0.003444 0.006711 0.001576 0.000296 0.004729 0.001695 0.003939 0.001492 0.001587 0.000410 0.003033 0.001199 0.001182 0.000358 0.000183 0.000470 0.001887 0.001520 
0.365233 0.019934 0.226993 2.096597 0.052280 0.033955 0.003251 0.785351 0.338806 0.255992 0.050243 0.627205 0.025302 0.180529 0.017789 0.008986 0.005882 0.318338 0.010741 0.159033 0.004146 0.093361 0.062698 0.003716 0.195499 0.128950 0.010981 0.010057 0.006097 0.037412 0.089843 0.011685 0.011283 0.022749 0.008013 0.000782 0.003215 0.002668 0.037511 0.018515 0.002783 0.041754 0.013991 0.001472 0.000459 0.047579 0.002127 0.007010 0.004242 0.005424 0.009937 0.000537 0.016776 0.004457 0.005967 0.000861 0.002389 0.001929 0.000214 0.003212 0.000880 0.000469 0.006493 -0.000000 0.000273 0.002405 0.000440 0.000473 0.000220 0.000046 0.000235 0.002220 0.001857 
0.028492 0.003322 0.015227 0.087392 0.005865 0.007557 0.000938 0.064833 0.033570 0.048330 0.008651 0.084986 0.008120 0.024110 0.002848 0.003857 0.002663 0.167971 0.006422 0.046980 0.003471 0.025429 0.019362 0.002590 0.066695 0.058032 0.009632 0.005078 0.002760 0.025646 0.058752 0.007607 0.009223 0.014392 0.004862 0.001083 0.002571 0.002168 0.033247 0.013272 0.004043 0.039145 0.013690 0.002241 0.000719 0.052207 0.003747 0.008012 0.005922 0.007450 0.014550 0.002470 0.017664 0.005605 0.007752 0.002066 0.005688 0.003246 0.000428 0.007495 0.001923 0.002813 0.006581 0.000529 0.000683 0.006484 0.002079 0.001654 0.000991 0.000251 0.000745 0.005550 0.003799 
0.002883 0.758337 0.004870 0.016501 0.032767 0.036816 0.005958 0.012333 0.020718 0.155902 0.011424 0.006556 0.052996 0.005262 0.000338 0.034673 0.032190 0.002797 0.065443 0.005836 0.041169 0.011534 0.004344 0.035581 0.005975 0.002577 0.053171 0.013443 0.000962 0.052196 0.001182 0.000486 0.011641 0.004178 0.003967 0.002506 0.000072 0.001626 0.001131 0.002654 0.003413 0.009490 0.000702 0.003905 0.000236 0.001851 0.002583 0.000644 0.003535 0.000131 0.005146 0.001611 0.000592 0.000203 0.000611 0.001378 0.003071 0.000353 0.000087 0.000803 0.000456 0.001219 -0.000000 0.000265 0.000182 0.001255 0.000520 0.000236 0.000055 0.000114 0.000118 0.000444 0.000253 
0.104783 0.008306 0.051600 0.355273 0.017765 0.015763 0.001898 0.196988 0.113231 0.130022 0.022996 0.276295 0.017110 0.074155 0.009042 0.007097 0.005285 0.313238 0.012291 0.113803 0.006171 0.060757 0.042907 0.004166 0.148257 0.121887 0.014641 0.009111 0.006086 0.042541 0.102019 0.015319 0.013521 0.026529 0.008985 0.001443 0.004353 0.003627 0.056745 0.024952 0.005514 0.059785 0.023118 0.003777 0.001094 0.079236 0.004760 0.011982 0.010783 0.011142 0.022180 0.004403 0.023091 0.009353 0.009914 0.001722 0.007394 0.004234 0.000637 0.010083 0.002216 0.002719 0.009652 -0.000000 0.000911 0.008157 0.001839 0.002127 0.001046 0.000366 0.000588 0.007215 0.006417 
0.003486 0.312305 0.005918 0.023834 0.030511 0.039677 0.005715 0.014143 0.026147 0.166815 0.013310 0.011800 0.057564 0.008162 0.000629 0.034441 0.032309 0.006910 0.073526 0.010116 0.049172 0.018436 0.007080 0.040986 0.013756 0.007540 0.065501 0.016231 0.001482 0.065472 0.004610 0.001078 0.020237 0.010081 0.005679 0.003468 0.000145 0.003690 0.003307 0.004712 0.007194 0.023724 0.001755 0.005954 0.000653 0.005739 0.004608 0.002432 0.007778 0.000948 0.009759 0.004618 0.001678 0.000642 0.001222 0.003272 0.006143 0.000823 0.000285 0.003569 0.001369 0.003095 0.000439 0.001323 0.000524 0.002615 0.000520 0.000945 0.000688 0.000229 0.000392 0.001554 0.001098 
0.036939 0.000831 0.014981 0.105115 0.003384 0.003293 0.000265 0.053292 0.024929 0.018708 0.004141 0.104296 0.002247 0.019707 0.003046 0.000501 0.000835 0.577616 0.001993 0.045230 0.000386 0.017437 0.013784 0.000450 0.072948 0.096975 0.000771 0.001444 0.001742 0.006638 0.146586 0.008579 0.002149 0.006699 0.002062 0.000100 0.009034 0.000500 0.072411 0.012409 0.000735 0.019691 0.019407 0.000192 0.000163 0.083309 0.000608 0.006331 0.001414 0.007025 0.003904 0.000537 0.042236 0.011143 0.006954 0.000344 0.001024 0.001600 0.000127 0.002855 0.000359 0.000656 0.017549 -0.000000 0.000091 0.002719 0.000440 0.000236 0.000275 0.000069 -0.000000 0.005328 0.003968 
0.001140 0.049005 0.001603 0.005500 0.007332 0.007935 0.001396 0.005205 0.008088 0.044276 0.003364 0.004768 0.014137 0.002685 0.000296 0.009218 0.009895 0.001316 0.023143 0.005155 0.014077 0.005631 0.002682 0.015088 0.005836 0.002673 0.021191 0.005576 0.000532 0.029266 0.002482 0.000592 0.005910 0.003515 0.002489 0.001163 0.000079 0.001292 0.001915 0.002787 0.002783 0.009015 0.001304 0.003009 0.000278 0.002036 0.002026 0.000751 0.003093 0.000686 0.004791 0.002255 0.000789 0.000371 0.000799 0.000861 0.002730 0.000423 0.000112 0.001785 0.000522 0.001875 0.000439 0.000265 0.000478 0.000941 0.000480 0.000709 0.000385 0.000137 0.000196 0.000888 0.000084 
0.001207 0.032393 0.001418 0.007130 0.006993 0.007665 0.001275 0.004978 0.007866 0.048642 0.003475 0.005245 0.014572 0.003168 0.000263 0.008408 0.009220 0.002303 0.018492 0.004085 0.013209 0.006902 0.003218 0.010584 0.006392 0.002482 0.021384 0.004630 0.000781 0.028964 0.002246 0.000803 0.006089 0.003117 0.002489 0.001063 0.000105 0.001501 0.002089 0.002522 0.001680 0.011388 0.000852 0.002049 0.000260 0.004073 0.002026 0.000966 0.002475 0.000588 0.006743 0.003222 0.000789 0.000439 0.000752 0.000517 0.002730 0.000494 0.000112 0.001874 0.000554 0.001032 0.000263 0.000794 0.000478 0.001255 0.000880 0.000709 0.000248 0.000297 0.000313 0.000444 0.000084 
0.005162 0.049836 0.010049 0.038909 0.036150 0.056249 0.010928 0.029192 0.043653 0.299956 0.021591 0.024793 0.091493 0.015948 0.001085 0.039687 0.030918 0.011845 0.059796 0.025387 0.029503 0.030787 0.014910 0.024547 0.025011 0.012599 0.056446 0.024745 0.003134 0.095945 0.009221 0.003212 0.027132 0.016581 0.009180 0.003829 0.000342 0.005441 0.008094 0.010220 0.009819 0.040568 0.004363 0.008002 0.001118 0.015921 0.007546 0.004364 0.013169 0.002973 0.018631 0.008270 0.003454 0.001486 0.003618 0.003789 0.011603 0.002446 0.000433 0.008120 0.002738 0.004970 0.002369 0.002117 0.001230 0.005020 0.001959 0.002127 0.001266 0.000663 0.001058 0.003996 0.001689 
0.002816 0.032393 0.004439 0.016908 0.014945 0.019164 0.003258 0.013351 0.018059 0.106949 0.009649 0.011324 0.038062 0.006766 0.000510 0.023874 0.021976 0.007897 0.041635 0.011186 0.025839 0.014803 0.006919 0.017903 0.013756 0.006586 0.037952 0.011700 0.001550 0.052196 0.005674 0.001648 0.013790 0.008224 0.005679 0.002586 0.000210 0.003148 0.003394 0.006238 0.005776 0.019217 0.002206 0.005186 0.000634 0.009257 0.004305 0.002325 0.006894 0.001830 0.013486 0.005048 0.002171 0.000912 0.002584 0.003616 0.007621 0.001529 0.000270 0.005086 0.001597 0.004126 0.001755 0.001587 0.000934 0.002405 0.000880 0.002600 0.000661 0.000297 0.000627 0.002331 0.000760 
0.001743 0.215125 0.003946 0.014667 0.029439 0.034063 0.006638 0.009391 0.021605 0.172740 0.012459 0.005721 0.084026 0.005316 0.000360 0.067070 0.090926 0.002468 0.252138 0.005058 0.263984 0.014168 0.004505 0.252785 0.007225 0.002673 0.216923 0.032612 0.001063 0.117366 0.001537 0.000655 0.021133 0.007030 0.006535 0.007778 0.000026 0.002960 0.001131 0.002920 0.007561 0.012811 0.000451 0.007554 0.000369 0.001296 0.004001 0.000572 0.005922 0.000294 0.006033 0.005155 0.000395 0.000270 0.000329 0.002583 0.004664 0.000400 0.000138 0.001338 0.000717 0.001594 0.000088 0.001323 0.000228 0.000941 0.000320 0.000945 0.000110 0.000091 0.000196 0.000222 0.000169 
0.030101 0.010798 0.025215 0.163580 0.018160 0.020027 0.002163 0.153201 0.104146 0.132205 0.024068 0.341852 0.023272 0.085271 0.011847 0.008794 0.008981 0.155303 0.017939 0.165453 0.008870 0.090727 0.062430 0.007657 0.209394 0.129141 0.026008 0.014738 0.009050 0.073920 0.092562 0.019292 0.026684 0.041120 0.017037 0.003107 0.003143 0.005941 0.051959 0.037096 0.011080 0.109606 0.028433 0.009091 0.001837 0.084790 0.009318 0.018134 0.018738 0.013167 0.040279 0.009344 0.021907 0.010602 0.017008 0.006544 0.016380 0.006893 0.001009 0.018471 0.004824 0.008627 0.010442 0.002117 0.001639 0.014851 0.003518 0.002600 0.001955 0.000732 0.001763 0.012431 0.008105 
0.025475 0.069770 0.035818 0.175395 0.074162 0.097113 0.012783 0.154219 0.250726 0.910157 0.191620 0.116573 0.141517 0.088546 0.006582 0.057814 0.044469 0.062352 0.098109 0.112831 0.046183 0.193442 0.093484 0.041099 0.139781 0.056123 0.109810 0.067514 0.017478 0.260981 0.039956 0.015087 0.081575 0.070634 0.043058 0.008861 0.001618 0.017302 0.024108 0.042604 0.028250 0.165832 0.016047 0.021254 0.003480 0.052763 0.022181 0.015594 0.034028 0.009802 0.077542 0.019332 0.010559 0.006112 0.012357 0.011882 0.028211 0.007598 0.001448 0.020969 0.006845 0.015285 0.005440 0.004233 0.002801 0.017779 0.004797 0.004018 0.002505 0.001212 0.002273 0.009545 0.006332 
0.031241 0.023257 0.031071 0.219397 0.034289 0.041674 0.004662 0.241116 0.221255 0.315546 0.056935 0.211214 0.051257 0.184932 0.013153 0.020364 0.016929 0.093445 0.035213 0.184809 0.017933 0.190081 0.115421 0.012836 0.211201 0.091534 0.048162 0.032711 0.014491 0.124306 0.060289 0.018214 0.043340 0.060686 0.028122 0.004831 0.002005 0.010819 0.041950 0.046718 0.019219 0.143294 0.023318 0.015429 0.002930 0.076089 0.014433 0.017168 0.025720 0.012383 0.056249 0.015250 0.016973 0.007699 0.015927 0.007921 0.022523 0.008492 0.001162 0.021594 0.006095 0.010221 0.008599 0.003175 0.002618 0.019661 0.004478 0.003545 0.002395 0.001006 0.001842 0.012986 0.006163 
0.001743 0.131235 0.004809 0.017519 0.025435 0.035952 0.006323 0.012333 0.020054 0.191448 0.016193 0.007033 0.095626 0.006014 0.000403 0.080261 0.117115 0.003619 0.379370 0.005739 0.517169 0.017891 0.006919 0.482825 0.009032 0.004200 0.392233 0.045208 0.001493 0.183743 0.001773 0.001204 0.039937 0.009484 0.009102 0.012750 0.000066 0.005587 0.001305 0.004911 0.011552 0.016607 0.001153 0.015621 0.000665 0.002592 0.007495 0.000930 0.007424 0.000392 0.012066 0.011169 0.000395 0.000270 0.000846 0.005855 0.008531 0.000353 0.000158 0.002588 0.001304 0.004032 0.000088 0.002646 0.000433 0.001360 0.000600 0.001182 0.000358 0.000206 0.000470 0.000555 0.000253 
0.001743 0.011628 0.002404 0.011204 0.007388 0.009663 0.001525 0.007468 0.010636 0.054566 0.005028 0.005006 0.017472 0.003759 0.000263 0.011686 0.019234 0.003126 0.056141 0.007295 0.044833 0.007629 0.003486 0.031866 0.008615 0.004581 0.045658 0.010754 0.000928 0.047067 0.003310 0.001268 0.013521 0.005770 0.004084 0.002406 0.000171 0.002376 0.002002 0.004911 0.005776 0.017319 0.001805 0.005378 0.000495 0.004628 0.003393 0.001681 0.007071 0.001111 0.009937 0.004940 0.001085 0.000844 0.001503 0.002927 0.006029 0.001012 0.000255 0.003658 0.001434 0.003282 0.000965 0.000265 0.000615 0.003033 0.000880 0.000709 0.000440 0.000366 0.000470 0.002442 0.000675 
0.008849 0.038208 0.010234 0.051335 0.032936 0.046640 0.006989 0.045485 0.063485 0.350780 0.039078 0.036712 0.110488 0.024862 0.001923 0.048056 0.041211 0.021387 0.083160 0.034725 0.035963 0.055490 0.026603 0.031640 0.050855 0.021858 0.089004 0.047300 0.005634 0.180726 0.017732 0.005473 0.051757 0.032432 0.020576 0.007678 0.000651 0.010048 0.012794 0.019842 0.019901 0.085170 0.008224 0.016453 0.002151 0.028325 0.016205 0.008083 0.022715 0.005456 0.047909 0.015895 0.007895 0.003545 0.006578 0.007405 0.021727 0.004070 0.000867 0.016775 0.005476 0.010597 0.002983 0.002646 0.002482 0.012445 0.003718 0.003545 0.002313 0.000937 0.002155 0.007215 0.003630 
0.020849 0.023257 0.022070 0.148913 0.035586 0.039515 0.005063 0.141999 0.179042 0.313987 0.063331 0.121460 0.056549 0.094399 0.007312 0.022948 0.019632 0.068932 0.042964 0.122168 0.023622 0.193896 0.097668 0.019029 0.162291 0.063759 0.059336 0.035101 0.014853 0.158399 0.046576 0.013946 0.049071 0.061084 0.029717 0.005393 0.001677 0.012112 0.033595 0.046718 0.021371 0.154919 0.019206 0.016709 0.003214 0.058502 0.018889 0.016345 0.028372 0.010652 0.058024 0.015143 0.013519 0.007057 0.014659 0.009644 0.025708 0.007622 0.001376 0.023289 0.006519 0.012753 0.007721 0.002910 0.002710 0.019661 0.005077 0.005672 0.002450 0.001166 0.002155 0.012320 0.008105 
0.055107 0.009137 0.030578 0.206156 0.011843 0.013226 0.001217 0.154219 0.084203 0.086370 0.017931 0.286665 0.013630 0.073296 0.009354 0.004011 0.003418 1.601892 0.008194 0.168954 0.004435 0.068386 0.055082 0.003153 0.275811 0.310491 0.012522 0.008614 0.008903 0.038318 0.332064 0.031928 0.013521 0.035085 0.012330 0.001383 0.013742 0.003836 0.168234 0.046187 0.007666 0.101302 0.057669 0.003713 0.001559 0.209754 0.005267 0.024608 0.009987 0.023754 0.026439 0.004511 0.071741 0.024750 0.023539 0.001894 0.009441 0.008492 0.000749 0.015705 0.002803 0.003657 0.030008 0.002117 0.001002 0.014537 0.003198 0.000709 0.001377 0.000549 0.001019 0.015650 0.010976 
0.020447 0.084721 0.029653 0.145654 0.091589 0.134199 0.019156 0.122877 0.225354 1.217285 0.159566 0.086417 0.303914 0.068678 0.005400 0.122493 0.089098 0.046887 0.195664 0.099408 0.088220 0.198436 0.086941 0.067334 0.122274 0.042570 0.211529 0.142944 0.018428 0.508084 0.030972 0.012763 0.143003 0.084230 0.060639 0.016218 0.001052 0.026537 0.018625 0.046652 0.041745 0.186709 0.013489 0.029833 0.004864 0.047209 0.030233 0.014736 0.043043 0.008593 0.073816 0.027709 0.008684 0.004018 0.010947 0.014982 0.032078 0.007363 0.001580 0.025520 0.007366 0.014723 0.004036 0.005291 0.002892 0.016210 0.005277 0.005436 0.002313 0.000800 0.002312 0.008991 0.004137 
0.038280 0.014120 0.031256 0.209823 0.022333 0.025210 0.002907 0.215658 0.146469 0.207038 0.039115 0.421832 0.030667 0.140417 0.019562 0.013885 0.011247 0.209100 0.023918 0.366992 0.013016 0.152937 0.117888 0.010134 0.448245 0.203685 0.033714 0.019816 0.016166 0.098358 0.124125 0.034421 0.037609 0.066854 0.025127 0.003208 0.004451 0.009214 0.080418 0.061185 0.015018 0.171763 0.039465 0.010243 0.002864 0.135887 0.013673 0.025645 0.024129 0.018591 0.056427 0.011062 0.030789 0.012527 0.023210 0.006716 0.019565 0.010045 0.001483 0.024360 0.005672 0.009846 0.013513 0.002646 0.002527 0.023636 0.005917 0.004490 0.003194 0.001074 0.002390 0.017537 0.010638 
0.006570 0.004153 0.007275 0.044816 0.009362 0.009771 0.001382 0.044467 0.041658 0.073274 0.012977 0.051016 0.014500 0.030285 0.002880 0.005670 0.006358 0.030764 0.014063 0.053497 0.006460 0.057851 0.038831 0.004617 0.067390 0.028157 0.016760 0.008912 0.005034 0.039826 0.019269 0.006254 0.017014 0.021157 0.009257 0.001965 0.000750 0.004399 0.013925 0.016590 0.007929 0.050532 0.009478 0.005442 0.001154 0.030176 0.006077 0.006939 0.012993 0.004901 0.025019 0.007410 0.006020 0.003309 0.006484 0.002066 0.010238 0.003552 0.000545 0.010351 0.002999 0.004220 0.002983 0.000265 0.001161 0.008576 0.002239 0.002600 0.000826 0.000434 0.001136 0.006993 0.003799 
0.018570 0.040699 0.022564 0.133838 0.056284 0.080487 0.011644 0.109073 0.180926 0.705302 0.110136 0.097025 0.184509 0.072544 0.005652 0.085005 0.068512 0.053797 0.166320 0.113512 0.079060 0.255016 0.105659 0.066996 0.144922 0.055264 0.219427 0.182377 0.025589 0.673423 0.034755 0.018108 0.209266 0.135299 0.100119 0.020969 0.001407 0.040400 0.025327 0.070475 0.062592 0.295603 0.019858 0.044173 0.007456 0.055354 0.044261 0.020280 0.067703 0.010586 0.125984 0.039415 0.010954 0.006179 0.015317 0.017565 0.045273 0.010656 0.002452 0.034711 0.012484 0.023069 0.005177 0.008466 0.004508 0.026041 0.007276 0.008981 0.004377 0.001623 0.004154 0.013319 0.007936 
0.000469 0.004984 0.000863 0.003463 0.003722 0.005614 0.000781 0.003734 0.007091 0.030245 0.002995 0.002980 0.013195 0.002416 0.000183 0.009642 0.015300 0.001152 0.058024 0.002529 0.098729 0.005812 0.003433 0.191644 0.003752 0.001909 0.166834 0.013244 0.000645 0.084178 0.001300 0.000697 0.016476 0.003250 0.003578 0.008159 0.000026 0.002481 0.000435 0.002654 0.007666 0.011388 0.000702 0.011395 0.000483 0.002407 0.005419 0.000644 0.006717 0.000457 0.012421 0.007196 0.000789 0.000169 0.000470 0.005166 0.005460 0.000706 0.000209 0.001874 0.001141 0.003470 0.000439 0.001058 0.000751 0.002301 0.000680 0.001418 0.000468 0.000251 0.000470 0.000999 0.000253 
0.026213 0.013290 0.021392 0.151358 0.024363 0.028179 0.003437 0.152861 0.133285 0.217640 0.045659 0.233980 0.043209 0.109112 0.011734 0.016430 0.014624 0.189193 0.037095 0.442666 0.018030 0.300425 0.247576 0.012949 0.725446 0.251027 0.052208 0.037043 0.046178 0.176200 0.144103 0.072370 0.062860 0.171512 0.051771 0.006034 0.004813 0.018386 0.096606 0.153758 0.029143 0.397617 0.062132 0.016581 0.005824 0.190686 0.023649 0.052577 0.038624 0.032281 0.099190 0.018795 0.038881 0.016511 0.040030 0.008610 0.035491 0.018513 0.002365 0.046668 0.009941 0.014254 0.016233 0.005027 0.003802 0.036081 0.008635 0.006617 0.004267 0.001417 0.003488 0.022421 0.013171 
0.007374 0.008306 0.008569 0.046242 0.011674 0.013442 0.001654 0.047408 0.047530 0.097907 0.017376 0.056856 0.021460 0.029318 0.003175 0.008524 0.007670 0.045242 0.021371 0.077328 0.010702 0.100898 0.060928 0.010021 0.101015 0.045624 0.027549 0.015883 0.016505 0.091419 0.038656 0.014432 0.028744 0.055380 0.019876 0.003669 0.001355 0.008443 0.028895 0.042272 0.014703 0.136177 0.018203 0.011331 0.002525 0.055354 0.014686 0.013842 0.025013 0.010259 0.052878 0.013425 0.012631 0.006618 0.013014 0.009299 0.021727 0.007645 0.001259 0.021148 0.005476 0.008815 0.005265 0.003439 0.002505 0.017256 0.005597 0.003545 0.002918 0.001074 0.002430 0.011543 0.006248 
0.015687 0.008306 0.012823 0.085762 0.013704 0.015601 0.002005 0.089046 0.071573 0.118798 0.021110 0.137671 0.021750 0.053751 0.006275 0.009295 0.007630 0.167642 0.019710 0.184031 0.012823 0.099173 0.073103 0.009121 0.333336 0.246637 0.027164 0.019965 0.014061 0.087798 0.144221 0.046592 0.033848 0.065527 0.026138 0.003969 0.005004 0.009860 0.097564 0.077111 0.017538 0.192877 0.057919 0.012420 0.003214 0.179393 0.016155 0.034122 0.027488 0.028034 0.069025 0.014821 0.039769 0.017896 0.032231 0.007921 0.027301 0.013715 0.001784 0.032212 0.008377 0.013597 0.017724 0.002910 0.003962 0.030329 0.007516 0.005436 0.004708 0.001257 0.003331 0.020756 0.014015 
0.005765 0.016612 0.006905 0.035649 0.015848 0.023320 0.003273 0.034283 0.045315 0.170557 0.021369 0.034567 0.042412 0.021210 0.001709 0.024182 0.024520 0.021552 0.071755 0.042117 0.038373 0.057669 0.028265 0.030289 0.052661 0.029016 0.117516 0.085139 0.007376 0.433863 0.018087 0.007797 0.143003 0.048416 0.046131 0.013512 0.000743 0.023952 0.015927 0.035105 0.047364 0.143531 0.012938 0.034762 0.004012 0.034064 0.032410 0.011553 0.049584 0.007548 0.089076 0.032756 0.009079 0.004761 0.010618 0.014810 0.041633 0.007316 0.001754 0.028018 0.009648 0.021193 0.003334 0.004762 0.005032 0.020916 0.006796 0.009453 0.004350 0.001806 0.003527 0.011321 0.004306 
0.004089 0.007475 0.004439 0.021390 0.006655 0.008259 0.001124 0.021950 0.026590 0.058307 0.011239 0.027534 0.014935 0.014176 0.001365 0.007019 0.006160 0.020894 0.016831 0.032877 0.009159 0.048678 0.022741 0.008783 0.043213 0.024244 0.023311 0.013393 0.007659 0.081764 0.020333 0.007079 0.027222 0.047885 0.022715 0.003328 0.000730 0.009089 0.015057 0.027473 0.015070 0.112690 0.011032 0.012100 0.002302 0.029621 0.012306 0.010587 0.023157 0.006861 0.044893 0.013747 0.008092 0.003951 0.008786 0.007233 0.020703 0.005928 0.001081 0.017222 0.005672 0.008346 0.004212 0.001852 0.002345 0.014642 0.003838 0.004490 0.001927 0.000754 0.002155 0.008991 0.004137 
0.020447 0.007475 0.013008 0.089633 0.009249 0.009177 0.001074 0.080787 0.056394 0.077328 0.014788 0.138743 0.013340 0.044193 0.005813 0.005361 0.004292 0.415896 0.011738 0.154072 0.006267 0.075833 0.059588 0.004954 0.268030 0.389426 0.017531 0.012149 0.012817 0.060041 0.698882 0.062439 0.025162 0.061084 0.020615 0.002225 0.017300 0.007025 0.437601 0.099873 0.012445 0.206637 0.165584 0.008387 0.003033 0.570206 0.011293 0.063236 0.021831 0.064988 0.063347 0.009021 0.128779 0.049872 0.061219 0.004822 0.021158 0.020536 0.001799 0.040511 0.007334 0.009565 0.046241 0.002381 0.003097 0.038905 0.008715 0.004254 0.004240 0.001166 0.003409 0.039403 0.027017 
0.000603 0.001661 0.000740 0.004074 0.001805 0.002051 0.000294 0.003281 0.003767 0.012472 0.001775 0.002741 0.004277 0.001665 0.000107 0.003780 0.004650 0.002139 0.013399 0.003404 0.016391 0.003905 0.002735 0.015539 0.004029 0.002482 0.054327 0.007070 0.000577 0.059437 0.001182 0.000655 0.014417 0.003581 0.003345 0.007017 0.000066 0.002126 0.001915 0.002522 0.006039 0.010201 0.001254 0.013956 0.000405 0.003332 0.005874 0.001037 0.009104 0.000490 0.014905 0.013532 0.000691 0.000270 0.000752 0.009471 0.010693 0.000541 0.000296 0.003658 0.001956 0.007783 0.000263 0.002117 0.001161 0.002510 0.000999 0.001654 0.000578 0.000709 0.000862 0.001110 0.000929 
0.003620 0.001661 0.003637 0.018741 0.002989 0.003671 0.000358 0.018443 0.017173 0.026503 0.004880 0.024554 0.006525 0.010793 0.001171 0.002970 0.002941 0.045406 0.006865 0.031807 0.003953 0.020071 0.016251 0.003491 0.046270 0.039420 0.010018 0.005128 0.003303 0.041335 0.056743 0.013016 0.012894 0.019499 0.007157 0.001303 0.002051 0.003231 0.047607 0.026080 0.006196 0.064055 0.037109 0.004417 0.001317 0.099786 0.006280 0.016989 0.011578 0.015847 0.031585 0.005585 0.021907 0.009758 0.017572 0.004133 0.014105 0.006940 0.000811 0.014455 0.003879 0.005251 0.007546 0.001587 0.001958 0.015060 0.004198 0.002600 0.001624 0.000846 0.002038 0.012542 0.008527 
0.004894 0.004984 0.004809 0.023019 0.004625 0.004696 0.000773 0.019235 0.019500 0.041158 0.006396 0.027177 0.010222 0.013317 0.001327 0.004474 0.004212 0.036687 0.012513 0.031126 0.006749 0.025611 0.019845 0.004617 0.055023 0.037225 0.013871 0.010505 0.005950 0.060644 0.040666 0.014009 0.023908 0.039661 0.015170 0.002686 0.001729 0.006650 0.031767 0.066294 0.012970 0.163934 0.029887 0.009795 0.002695 0.077940 0.012762 0.040488 0.027134 0.019375 0.070267 0.014284 0.018848 0.009758 0.026593 0.005683 0.026391 0.014961 0.001850 0.032569 0.008377 0.014254 0.007985 0.003439 0.003324 0.030747 0.007956 0.006617 0.003854 0.001394 0.003448 0.019757 0.012158 
0.009654 0.009137 0.009371 0.051539 0.007050 0.009987 0.001239 0.049558 0.038778 0.079510 0.013975 0.077119 0.013050 0.030231 0.003487 0.007019 0.006319 0.139016 0.016167 0.093961 0.008967 0.069385 0.046876 0.006756 0.166598 0.154721 0.029475 0.016430 0.013586 0.092022 0.180513 0.057115 0.036892 0.086154 0.029367 0.004350 0.007476 0.012237 0.163448 0.154090 0.021529 0.374841 0.200687 0.015429 0.005776 0.485231 0.021168 0.152403 0.045165 0.127590 0.130775 0.020620 0.090195 0.052472 0.125446 0.010849 0.045501 0.044672 0.003874 0.081289 0.015222 0.019693 0.038695 0.007144 0.006626 0.083980 0.016511 0.010162 0.009305 0.002560 0.006270 0.066929 0.043228 
0.000469 0.003322 0.001233 0.007537 0.002481 0.003023 0.000430 0.004865 0.006869 0.019955 0.003216 0.005841 0.006307 0.002739 0.000263 0.004050 0.004093 0.006581 0.013620 0.005933 0.012245 0.007629 0.004130 0.009909 0.008476 0.004486 0.037952 0.010505 0.001357 0.089307 0.003783 0.001247 0.021938 0.008954 0.007157 0.010605 0.000178 0.005253 0.002698 0.006304 0.018063 0.030841 0.002708 0.041933 0.001190 0.008331 0.016762 0.002504 0.026250 0.001862 0.036021 0.055632 0.001875 0.001182 0.002161 0.051145 0.032533 0.002094 0.000816 0.011778 0.006226 0.026726 0.001141 0.012700 0.003438 0.010249 0.003678 0.011344 0.002340 0.001806 0.003213 0.004551 0.002280 
0.008983 0.001661 0.003637 0.031372 0.002030 0.001350 0.000258 0.026137 0.013849 0.017149 0.004363 0.051492 0.003770 0.013478 0.001891 0.000887 0.000874 0.269806 0.002768 0.057194 0.000964 0.025156 0.021507 0.000788 0.111297 0.181446 0.003082 0.003784 0.005554 0.020215 0.518369 0.041901 0.006000 0.031702 0.007896 0.000561 0.035349 0.002731 0.655705 0.066162 0.005986 0.138074 0.272648 0.002369 0.001861 2.117908 0.004203 0.076219 0.010606 0.144580 0.045425 0.003866 0.459165 0.238723 0.134702 0.001550 0.010806 0.026864 0.001509 0.039172 0.005280 0.004032 0.151972 0.001323 0.001822 0.050513 0.006836 0.002127 0.004019 0.000869 0.001803 0.076475 0.069654 
0.002145 0.004984 0.002034 0.013445 0.005696 0.008313 0.001339 0.010296 0.014182 0.060178 0.010167 0.009416 0.022040 0.006605 0.000596 0.013692 0.015896 0.009542 0.065332 0.012548 0.040494 0.025247 0.011263 0.041887 0.020286 0.009354 0.203437 0.052428 0.004016 0.534937 0.007566 0.004099 0.144436 0.031835 0.035474 0.062367 0.000414 0.030102 0.007746 0.024620 0.142091 0.121705 0.006168 0.691152 0.006211 0.017588 0.136580 0.007511 0.191176 0.004346 0.204413 0.443660 0.004145 0.002364 0.007987 0.232822 0.234898 0.008892 0.003879 0.056215 0.038169 0.174796 0.001492 0.058471 0.020697 0.038277 0.019429 0.055066 0.010819 0.009190 0.014656 0.012209 0.005319 
0.000201 0.000831 0.000432 0.001426 0.000564 0.000216 0.000086 0.001697 0.001330 0.004989 0.001109 0.002622 0.000870 0.001504 0.000183 0.000656 0.000517 0.001645 0.001218 0.002918 0.000675 0.002180 0.001770 0.000788 0.005419 0.003341 0.000963 0.001145 0.000396 0.007241 0.003310 0.000909 0.003134 0.003648 0.001750 0.000401 0.000112 0.000855 0.002611 0.004579 0.001680 0.019454 0.001504 0.001152 0.000332 0.006109 0.001975 0.002146 0.003182 0.000948 0.009404 0.002148 0.001480 0.000743 0.002161 0.001205 0.004436 0.001647 0.000306 0.005265 0.001010 0.001219 0.000351 0.000265 0.000387 0.003660 0.000880 0.000236 0.000716 0.000229 0.000431 0.002109 0.001182 
0.002682 0.002492 0.002651 0.012426 0.003102 0.003941 0.000380 0.013578 0.011633 0.021515 0.004584 0.019429 0.004495 0.009128 0.001021 0.002738 0.002742 0.034713 0.006312 0.023539 0.003375 0.019617 0.012443 0.003378 0.035154 0.028348 0.008862 0.005427 0.003156 0.039524 0.039838 0.009530 0.014327 0.018570 0.007740 0.001704 0.001453 0.003898 0.031680 0.029199 0.007719 0.078290 0.035103 0.005058 0.001450 0.086642 0.008103 0.026503 0.012904 0.024832 0.037795 0.008377 0.022401 0.010366 0.025136 0.003961 0.017518 0.010209 0.001218 0.020434 0.004531 0.007783 0.008423 0.001323 0.002163 0.021021 0.005517 0.002363 0.003496 0.000983 0.002312 0.017315 0.011651 
0.004022 0.004984 0.003946 0.033409 0.009136 0.011606 0.001661 0.028513 0.030025 0.088864 0.014123 0.032540 0.023925 0.018042 0.001692 0.013190 0.015379 0.034055 0.035656 0.046883 0.021597 0.060575 0.033039 0.019817 0.070446 0.037129 0.078408 0.043267 0.011426 0.357831 0.032864 0.015784 0.142018 0.098026 0.081916 0.016719 0.001571 0.048843 0.028199 0.095294 0.122505 0.533556 0.026678 0.080984 0.030511 0.077200 0.152076 0.037162 0.342668 0.020356 0.943638 0.118674 0.019638 0.009826 0.035848 0.052178 0.240586 0.034227 0.012612 0.181406 0.064636 0.084678 0.010354 0.017197 0.023248 0.114308 0.036460 0.037814 0.020070 0.007430 0.016654 0.046618 0.019250 
0.000067 -0.000000 0.000185 0.000815 0.000564 0.000324 0.000057 0.000566 0.000665 0.002183 0.000481 0.000477 0.000580 0.000376 0.000054 0.000424 0.000477 0.000494 0.000886 0.001167 0.000675 0.000817 0.000965 0.000563 0.001112 0.000954 0.001156 0.000996 0.000102 0.010560 0.001064 0.000254 0.002776 0.001260 0.001167 0.000341 0.000046 0.000771 0.000435 0.001526 0.002048 0.006406 0.000351 0.003521 0.000230 0.002592 0.002684 0.000537 0.003447 0.000229 0.006033 0.008162 0.000592 0.000304 0.000329 0.002411 0.006029 0.000541 0.000163 0.002766 0.001467 0.005439 0.000088 0.001323 0.000615 0.002196 0.000999 0.002127 0.000606 0.000320 0.000313 0.001221 0.000422 
0.000603 0.001661 0.000678 0.003463 0.000902 0.001781 0.000193 0.004073 0.003324 0.012472 0.001701 0.003814 0.002465 0.002255 0.000172 0.001581 0.001470 0.004442 0.007308 0.004863 0.004146 0.006721 0.002789 0.003378 0.007781 0.003722 0.014834 0.004879 0.000916 0.040731 0.004256 0.001395 0.013969 0.007760 0.005095 0.003147 0.000184 0.002918 0.002959 0.006172 0.011237 0.027757 0.002858 0.018886 0.000882 0.005924 0.012863 0.003326 0.022538 0.001666 0.030343 0.066050 0.001875 0.000844 0.003289 0.063544 0.033784 0.002446 0.000811 0.011422 0.008409 0.055421 0.001404 0.023018 0.005647 0.013596 0.005317 0.026469 0.004130 0.003521 0.005133 0.004995 0.002533 
0.003151 -0.000000 0.002281 0.015686 0.001861 0.003509 0.000516 0.015501 0.015290 0.027127 0.005878 0.027892 0.006017 0.010095 0.001128 0.003780 0.002901 0.062845 0.007641 0.042992 0.005014 0.034511 0.021936 0.003378 0.071141 0.058891 0.011752 0.010655 0.007421 0.067885 0.084996 0.025018 0.032863 0.065859 0.026177 0.003127 0.004557 0.010590 0.081637 0.124957 0.024312 0.444116 0.092320 0.017669 0.008036 0.290287 0.028157 0.126293 0.065582 0.102693 0.303604 0.034582 0.104898 0.059968 0.277297 0.017565 0.086565 0.180829 0.012015 0.301599 0.039081 0.035634 0.052822 0.008731 0.019240 0.430147 0.072680 0.021979 0.032596 0.007224 0.019632 0.341196 0.155350 
0.001743 0.003322 0.001726 0.009167 0.001748 0.003995 0.000408 0.009278 0.008310 0.025568 0.004584 0.010132 0.007902 0.005907 0.000521 0.003741 0.004530 0.015958 0.014395 0.015660 0.006171 0.021705 0.011853 0.007206 0.024733 0.018230 0.035255 0.013543 0.004276 0.121892 0.019269 0.007100 0.051220 0.037207 0.028355 0.008981 0.000842 0.016886 0.017494 0.048311 0.052825 0.242698 0.017652 0.061907 0.009208 0.045913 0.080773 0.026003 0.179510 0.016075 0.522567 0.160667 0.016776 0.008171 0.036224 0.089891 0.426571 0.038768 0.025019 0.354156 0.258445 0.193175 0.008599 0.055561 0.099730 0.307995 0.165830 0.112023 0.088675 0.031090 0.069046 0.096565 0.031239 
0.002749 -0.000000 0.001295 0.012426 0.000846 0.001242 0.000165 0.008939 0.006648 0.010290 0.001886 0.018118 0.001305 0.005799 0.000709 0.000501 0.000636 0.087687 0.000664 0.019648 0.000868 0.011171 0.008099 0.000788 0.035432 0.046101 0.001349 0.001792 0.002059 0.012974 0.111949 0.011516 0.005552 0.011739 0.004006 0.000481 0.011211 0.001834 0.113839 0.024288 0.002258 0.066190 0.059925 0.001600 0.000882 0.310281 0.003646 0.026539 0.008220 0.048716 0.028568 0.003437 0.641529 0.149717 0.070287 0.002583 0.010238 0.017714 0.001229 0.026858 0.003357 0.003376 0.728887 0.000529 0.002209 0.051977 0.007916 0.002600 0.004267 0.000892 0.002351 0.099229 0.114317 
0.003151 0.002492 0.002898 0.017927 0.004681 0.004966 0.000788 0.015162 0.019056 0.048642 0.007320 0.024912 0.009787 0.012458 0.001032 0.004898 0.004212 0.033068 0.013509 0.028889 0.007906 0.029879 0.019094 0.008220 0.044741 0.035220 0.026008 0.014538 0.005192 0.098962 0.038892 0.012699 0.039937 0.046360 0.025944 0.005573 0.001808 0.013237 0.034465 0.060654 0.033659 0.261203 0.031542 0.028168 0.006477 0.100527 0.039196 0.041204 0.088915 0.028916 0.282665 0.059069 0.034045 0.017288 0.057602 0.034269 0.137754 0.055917 0.014182 0.343806 0.051826 0.063016 0.015794 0.013758 0.028052 0.469993 0.086433 0.039468 0.041130 0.011659 0.029938 0.132971 0.051840 
0.000335 0.000831 0.000370 0.002852 0.001015 0.001188 0.000122 0.002829 0.002327 0.009042 0.001590 0.002861 0.002392 0.001665 0.000124 0.001234 0.001510 0.002632 0.003211 0.003015 0.002218 0.003814 0.002789 0.001802 0.005975 0.003436 0.007513 0.002589 0.000747 0.028964 0.002246 0.000782 0.010835 0.004643 0.004395 0.001604 0.000125 0.002376 0.002959 0.005176 0.009242 0.023724 0.002457 0.011459 0.000810 0.006480 0.009166 0.002432 0.016086 0.001732 0.033182 0.034475 0.001974 0.001317 0.002725 0.049767 0.032988 0.002023 0.001020 0.016151 0.009941 0.056734 0.001404 0.086516 0.010770 0.014746 0.010035 0.204429 0.007543 0.012825 0.014577 0.006882 0.002702 
0.000402 -0.000000 0.000986 0.004482 0.000733 0.001188 0.000165 0.004978 0.004543 0.013719 0.002292 0.008463 0.003045 0.003276 0.000317 0.001234 0.001709 0.014148 0.004097 0.010991 0.003182 0.011806 0.007026 0.003040 0.019036 0.015558 0.013678 0.006672 0.002681 0.054912 0.016786 0.006910 0.022923 0.026861 0.015442 0.003508 0.000986 0.008714 0.019495 0.042405 0.026202 0.197385 0.021413 0.023879 0.005885 0.061094 0.038335 0.030330 0.082905 0.021467 0.320638 0.082804 0.021809 0.014148 0.048628 0.041674 0.196678 0.053470 0.019371 0.403233 0.104271 0.111779 0.016759 0.034924 0.073864 0.861863 0.461029 0.103042 0.164658 0.029079 0.084250 0.220212 0.075311 
0.001006 0.000831 0.000432 0.004889 0.001354 0.001565 0.000243 0.003847 0.004099 0.009666 0.001849 0.004529 0.002102 0.002631 0.000204 0.001388 0.001232 0.005100 0.003876 0.005058 0.002989 0.005903 0.003057 0.002590 0.008198 0.005918 0.007128 0.004332 0.001075 0.031378 0.005556 0.001944 0.008507 0.007561 0.005057 0.001684 0.000355 0.002939 0.005483 0.007698 0.008086 0.032265 0.003811 0.008899 0.001112 0.015551 0.008964 0.004542 0.020859 0.002941 0.037263 0.018258 0.003750 0.002161 0.004792 0.009471 0.033443 0.004305 0.001463 0.025788 0.013201 0.024006 0.002106 0.006879 0.012295 0.032002 0.023867 0.018434 0.016683 0.005304 0.012579 0.011876 0.006332 
0.002548 0.001661 0.001171 0.011815 0.001636 0.001997 0.000229 0.007920 0.007091 0.018085 0.002551 0.012992 0.002972 0.005853 0.000596 0.001350 0.001351 0.028790 0.003543 0.014687 0.002314 0.011988 0.007992 0.001351 0.021954 0.022144 0.004624 0.003585 0.001697 0.018706 0.043976 0.006233 0.006805 0.011540 0.005445 0.001283 0.002564 0.001897 0.040035 0.019776 0.004148 0.046737 0.024472 0.004097 0.000894 0.101267 0.004406 0.015845 0.009369 0.018036 0.024842 0.006336 0.094833 0.032348 0.029224 0.003961 0.012740 0.008257 0.000918 0.020345 0.004009 0.005533 0.082128 0.001852 0.002254 0.031898 0.006916 0.002836 0.003882 0.001006 0.002390 0.049947 0.054626 
0.002011 0.002492 0.001418 0.007945 0.001015 0.000810 0.000107 0.007128 0.003989 0.006236 0.001183 0.011443 0.000870 0.004027 0.000457 0.000617 0.000437 0.054784 0.001440 0.015952 0.000771 0.008446 0.006275 0.000788 0.024038 0.030066 0.002119 0.001344 0.001731 0.011163 0.079085 0.008325 0.004209 0.010612 0.004006 0.000461 0.007128 0.000980 0.075719 0.019975 0.002205 0.059548 0.043477 0.001729 0.001027 0.229563 0.002887 0.024536 0.006629 0.037052 0.028923 0.003329 0.353576 0.103762 0.064649 0.002927 0.010010 0.014844 0.001076 0.031677 0.004531 0.004126 0.523040 0.001323 0.002505 0.051350 0.009115 0.001654 0.004405 0.000640 0.003213 0.114102 0.150031 
0.001274 0.002492 0.001973 0.010389 0.002087 0.002915 0.000358 0.007015 0.006648 0.018085 0.002995 0.010489 0.005147 0.004242 0.000510 0.002893 0.002901 0.012010 0.009412 0.010991 0.005110 0.012896 0.006972 0.005180 0.017785 0.010976 0.016183 0.006970 0.001980 0.065170 0.012176 0.003317 0.020953 0.014259 0.010152 0.003849 0.000493 0.006754 0.009748 0.018913 0.018903 0.076154 0.009277 0.021446 0.002513 0.027955 0.021523 0.010122 0.046667 0.006600 0.103626 0.056706 0.009572 0.004119 0.013061 0.034097 0.087362 0.010586 0.004165 0.067280 0.034485 0.067518 0.005265 0.025664 0.046950 0.087431 0.060167 0.073736 0.053877 0.020620 0.056624 0.031633 0.011567 
0.001475 0.001661 0.000863 0.005296 0.001579 0.001781 0.000337 0.005092 0.006315 0.018396 0.002958 0.006437 0.004277 0.003598 0.000317 0.002546 0.002663 0.009048 0.006755 0.009338 0.005592 0.010716 0.006543 0.004729 0.014590 0.009640 0.020806 0.008016 0.002206 0.066980 0.011112 0.003825 0.026863 0.016050 0.012058 0.004851 0.000546 0.007025 0.009574 0.018382 0.024417 0.089203 0.009327 0.031818 0.003353 0.027955 0.035044 0.012161 0.071945 0.007188 0.156504 0.106216 0.008783 0.004660 0.015599 0.077493 0.164258 0.015620 0.006449 0.099760 0.061637 0.161480 0.006493 0.068525 0.100823 0.128845 0.101984 0.199230 0.092474 0.066844 0.167481 0.052722 0.017899 
0.001274 0.001661 0.001665 0.010593 0.002256 0.002699 0.000344 0.010409 0.010636 0.026192 0.004289 0.014423 0.005437 0.006712 0.000747 0.002006 0.002543 0.018590 0.008416 0.016244 0.004821 0.018618 0.010298 0.004504 0.025011 0.020903 0.018109 0.007568 0.003405 0.061248 0.028135 0.008389 0.024177 0.028254 0.017114 0.003949 0.001341 0.007922 0.024891 0.042073 0.022842 0.162036 0.025324 0.021062 0.004676 0.079977 0.026789 0.029937 0.064079 0.023982 0.207785 0.052732 0.030098 0.016950 0.050319 0.024281 0.121032 0.040297 0.010425 0.198270 0.051044 0.067705 0.018338 0.021960 0.036978 0.560038 0.165510 0.058375 0.080801 0.017123 0.051295 0.200344 0.071258 
0.002145 0.000831 0.001480 0.008760 0.001523 0.001080 0.000136 0.008260 0.006869 0.013096 0.001405 0.012754 0.001812 0.005477 0.000478 0.000771 0.000954 0.048039 0.002325 0.014493 0.000578 0.009173 0.005900 0.001126 0.027651 0.033025 0.003275 0.002340 0.001708 0.014482 0.071992 0.008832 0.004925 0.013066 0.003929 0.000461 0.005596 0.001751 0.067537 0.021700 0.003571 0.065479 0.038262 0.002689 0.001142 0.188464 0.003950 0.024751 0.010164 0.035810 0.036376 0.006122 0.243053 0.080396 0.057696 0.003616 0.013309 0.015338 0.001448 0.032391 0.005346 0.005626 0.281482 0.001587 0.002322 0.050513 0.009475 0.003072 0.005066 0.000960 0.003488 0.118209 0.148764 
0.000134 -0.000000 0.000185 0.001222 0.000113 0.000378 0.000050 0.001245 0.000554 0.002494 0.000148 0.001550 0.000725 0.000591 0.000054 0.000154 0.000318 0.000823 0.001440 0.001848 0.000386 0.001816 0.000536 0.000563 0.001945 0.001814 0.002312 0.000597 0.000147 0.006034 0.002719 0.000380 0.003224 0.001658 0.000817 0.000301 0.000053 0.000563 0.001218 0.001924 0.001208 0.006168 0.000903 0.001665 0.000175 0.003332 0.001924 0.000680 0.004596 0.000948 0.007807 0.004833 0.001382 0.000405 0.001738 0.002583 0.007053 0.001059 0.000367 0.004908 0.002477 0.004689 0.000263 0.002117 0.002983 0.007530 0.005157 0.004018 0.005534 0.001715 0.006427 0.003108 0.001435 
0.001207 -0.000000 0.000678 0.005704 0.000564 0.000864 0.000122 0.004413 0.003767 0.006548 0.001146 0.009774 0.001232 0.003383 0.000328 0.000771 0.000755 0.024513 0.001107 0.008171 0.000386 0.005177 0.004613 0.000450 0.015562 0.015081 0.004816 0.001295 0.000973 0.007543 0.031681 0.003254 0.003045 0.006566 0.002450 0.000381 0.002321 0.001272 0.030287 0.008892 0.002993 0.030130 0.016197 0.001600 0.000562 0.074053 0.002785 0.008405 0.006010 0.012808 0.016325 0.003222 0.094142 0.028127 0.019921 0.000689 0.005574 0.005787 0.000551 0.011065 0.002608 0.002719 0.168819 0.000794 0.001207 0.019661 0.003438 0.000709 0.002010 0.000572 0.001959 0.039181 0.041455 
0.000469 -0.000000 0.000740 0.002648 0.000395 0.000432 0.000165 0.002263 0.003767 0.008107 0.001442 0.005483 0.002030 0.002309 0.000231 0.001080 0.000715 0.010200 0.002768 0.007587 0.002603 0.008174 0.004666 0.001126 0.013478 0.013076 0.006165 0.004182 0.001742 0.028964 0.015250 0.004818 0.014685 0.017708 0.009374 0.002305 0.000907 0.004690 0.015927 0.029730 0.014125 0.135702 0.017451 0.017285 0.003619 0.055169 0.020662 0.023177 0.057627 0.019996 0.193944 0.050369 0.024572 0.013371 0.049333 0.031514 0.122966 0.042626 0.011067 0.230483 0.065516 0.078958 0.015267 0.032543 0.058654 0.656254 0.343772 0.095243 0.191858 0.032622 0.109721 0.316888 0.087046 
0.001877 -0.000000 0.001849 0.010797 0.001466 0.001619 0.000215 0.010409 0.006758 0.019020 0.002588 0.013827 0.002755 0.005692 0.000736 0.001466 0.002106 0.032739 0.002990 0.016438 0.001832 0.011897 0.008796 0.001689 0.029735 0.027203 0.009440 0.004033 0.002421 0.021422 0.046222 0.006994 0.010656 0.016117 0.006340 0.001022 0.002972 0.003273 0.043168 0.025814 0.006354 0.078764 0.032495 0.006210 0.001468 0.125149 0.009166 0.020029 0.016086 0.028459 0.046312 0.008699 0.093155 0.040384 0.052152 0.005166 0.019338 0.016420 0.001917 0.034621 0.007040 0.009846 0.071160 0.002646 0.003370 0.058671 0.012513 0.009690 0.006938 0.001555 0.005133 0.135635 0.178483 
0.001207 0.000831 0.001788 0.008760 0.002369 0.001997 0.000337 0.008147 0.008420 0.017461 0.002995 0.014661 0.005582 0.006444 0.000650 0.002160 0.002384 0.022045 0.006865 0.016730 0.004049 0.016075 0.009761 0.002815 0.027512 0.020903 0.013293 0.006273 0.002647 0.047671 0.029435 0.007417 0.018446 0.021422 0.011436 0.002466 0.001532 0.005545 0.025327 0.033048 0.012235 0.115537 0.022867 0.011780 0.002948 0.074978 0.017623 0.024357 0.039420 0.021434 0.109659 0.025024 0.034835 0.015600 0.042661 0.018943 0.058924 0.026370 0.004675 0.099403 0.022914 0.028601 0.020181 0.010318 0.015916 0.231754 0.054770 0.027178 0.030696 0.007978 0.022454 0.278373 0.085105 
0.001408 0.000831 0.000925 0.006926 0.000733 0.000594 0.000186 0.005997 0.005540 0.007483 0.002033 0.012039 0.001595 0.003705 0.000489 0.001196 0.000835 0.034055 0.001661 0.013034 0.001543 0.010081 0.008045 0.000788 0.028762 0.027489 0.003468 0.002987 0.002455 0.020215 0.052369 0.008811 0.008417 0.016183 0.006729 0.000862 0.003445 0.002877 0.052481 0.031920 0.006459 0.109368 0.042926 0.005698 0.002127 0.183651 0.009217 0.034801 0.017147 0.047736 0.074526 0.011062 0.119898 0.059461 0.098289 0.005166 0.028211 0.034227 0.003390 0.077363 0.012256 0.013691 0.089499 0.003704 0.007013 0.157815 0.028744 0.012053 0.015830 0.003703 0.010071 0.540097 0.802415 
0.000872 0.002492 0.000986 0.004074 0.001015 0.001619 0.000201 0.004639 0.004321 0.014031 0.001590 0.004887 0.003335 0.003329 0.000269 0.001427 0.001073 0.006910 0.004983 0.006809 0.002603 0.007629 0.003915 0.001464 0.011811 0.005345 0.005972 0.004132 0.001007 0.024439 0.008630 0.002514 0.010029 0.008821 0.005407 0.001624 0.000401 0.003106 0.006963 0.011613 0.007614 0.042941 0.006118 0.008963 0.001353 0.015736 0.009875 0.005973 0.019887 0.005130 0.046667 0.017935 0.007401 0.003174 0.008833 0.011366 0.037311 0.006140 0.001845 0.032123 0.011734 0.022693 0.002720 0.008731 0.011817 0.057311 0.037060 0.027415 0.032100 0.008276 0.023041 0.024641 0.010047 
0.000201 -0.000000 0.000308 0.002445 0.000733 0.000918 0.000050 0.001131 0.001662 0.006548 0.000702 0.002622 0.001232 0.000967 0.000150 0.001041 0.000636 0.002468 0.002104 0.002724 0.001061 0.003451 0.001555 0.000563 0.005697 0.002577 0.003853 0.001494 0.000566 0.012370 0.002601 0.001078 0.005910 0.003184 0.002217 0.000601 0.000138 0.001292 0.002611 0.003318 0.003833 0.018742 0.002407 0.004161 0.000514 0.008516 0.003950 0.001788 0.008662 0.001470 0.018986 0.008807 0.001678 0.000945 0.002772 0.005683 0.015698 0.002188 0.000622 0.010351 0.005313 0.011347 0.001053 0.004233 0.005487 0.016001 0.009995 0.017016 0.008617 0.005944 0.023277 0.007437 0.002026 
0.001006 0.000831 0.000863 0.008352 0.001015 0.000702 0.000129 0.006223 0.005650 0.006860 0.001627 0.011681 0.001377 0.003383 0.000317 0.000887 0.000755 0.028955 0.001329 0.012256 0.001350 0.007901 0.004934 0.001013 0.018758 0.015081 0.002119 0.001942 0.001369 0.011465 0.040547 0.005599 0.004835 0.010346 0.003384 0.000601 0.003104 0.001188 0.037946 0.015728 0.003098 0.037484 0.023268 0.003201 0.000943 0.116633 0.003342 0.014092 0.006806 0.020160 0.023067 0.005477 0.112102 0.037953 0.034016 0.002755 0.008759 0.009904 0.000877 0.021415 0.003683 0.005251 0.134072 0.001852 0.002026 0.029492 0.007116 0.002600 0.003744 0.001074 0.002038 0.074588 0.102159 
0.000067 -0.000000 0.000185 0.001833 0.000395 0.000540 0.000036 0.000566 0.001219 0.002494 0.000592 0.001788 0.001160 0.000644 0.000070 0.000656 0.000477 0.001316 0.001772 0.001167 0.000675 0.001998 0.001019 0.000788 0.002501 0.001336 0.004431 0.001394 0.000486 0.009655 0.001419 0.000549 0.004298 0.002587 0.002217 0.000882 0.000066 0.001292 0.002002 0.002654 0.003938 0.012574 0.001705 0.005826 0.000508 0.004443 0.005064 0.001610 0.010606 0.000948 0.018631 0.020083 0.000789 0.000473 0.002396 0.019287 0.022182 0.001858 0.000749 0.011778 0.007758 0.027851 0.000351 0.036247 0.009791 0.014119 0.010914 0.318579 0.008617 0.026838 0.025667 0.006549 0.001857 
0.001408 0.001661 0.001110 0.005908 0.000846 0.001296 0.000129 0.006223 0.006094 0.012784 0.002218 0.009178 0.002247 0.003651 0.000408 0.000849 0.000994 0.023197 0.002436 0.013228 0.002410 0.009899 0.005953 0.001239 0.024872 0.019758 0.005202 0.003137 0.002466 0.023534 0.034637 0.007248 0.010029 0.016382 0.007313 0.001243 0.002170 0.003377 0.037598 0.025682 0.007981 0.094185 0.031592 0.006018 0.002157 0.122557 0.008609 0.027862 0.021743 0.033229 0.086769 0.013532 0.067597 0.035116 0.068455 0.006716 0.035036 0.029899 0.003711 0.076381 0.014961 0.018192 0.045276 0.005291 0.008311 0.172247 0.037380 0.013471 0.017950 0.004709 0.010894 0.786726 0.470270 
0.001341 0.002492 0.001726 0.007945 0.001354 0.001458 0.000222 0.007355 0.006537 0.017461 0.002551 0.011085 0.002900 0.004725 0.000543 0.001774 0.001868 0.019084 0.005204 0.014396 0.002314 0.012170 0.007777 0.001689 0.020981 0.016608 0.008091 0.005228 0.002036 0.037412 0.026835 0.005790 0.011730 0.015122 0.007468 0.001704 0.001473 0.004294 0.024804 0.023558 0.009189 0.096794 0.018755 0.008835 0.002145 0.068129 0.011546 0.018670 0.028902 0.019637 0.087124 0.022017 0.031775 0.016579 0.041627 0.010160 0.044477 0.021924 0.003370 0.079594 0.017373 0.022600 0.019655 0.007144 0.011726 0.165868 0.043376 0.017961 0.024419 0.005601 0.015674 0.409124 0.120903 
0.000067 -0.000000 0.000308 0.000815 0.000226 0.000378 0.000129 0.001018 0.000886 0.005924 0.000370 0.001669 0.000870 0.000752 0.000081 0.000501 0.000278 0.002139 0.001440 0.001556 0.001543 0.001544 0.001180 0.000450 0.002223 0.001527 0.003468 0.001543 0.000238 0.011767 0.001655 0.000782 0.003582 0.002719 0.001789 0.000842 0.000092 0.001230 0.001480 0.002654 0.003046 0.011150 0.001204 0.003777 0.000453 0.005369 0.003849 0.001502 0.006806 0.000948 0.018454 0.012136 0.000987 0.000473 0.001363 0.009471 0.013537 0.001811 0.000489 0.008209 0.004694 0.016223 0.000877 0.016404 0.005533 0.009726 0.006037 0.122894 0.005919 0.017191 0.015674 0.004218 0.001604 
0.001810 0.000831 0.001233 0.009778 0.001579 0.001511 0.000215 0.006902 0.006537 0.011225 0.001922 0.009416 0.002247 0.004188 0.000424 0.001041 0.001550 0.020729 0.003211 0.012937 0.001928 0.011715 0.005578 0.001351 0.018897 0.018517 0.005394 0.002938 0.001787 0.018706 0.031918 0.006128 0.007432 0.011607 0.005368 0.000922 0.002051 0.002647 0.030374 0.017121 0.004988 0.056701 0.021864 0.003393 0.001015 0.090529 0.006381 0.014951 0.011932 0.019898 0.040634 0.008270 0.055459 0.026202 0.034768 0.005855 0.014788 0.012938 0.001560 0.033372 0.006291 0.007596 0.043521 0.003175 0.003575 0.053964 0.011554 0.005672 0.005644 0.001394 0.004271 0.144292 0.260717 
0.001408 0.002492 0.001480 0.006519 0.001636 0.001619 0.000165 0.006336 0.004875 0.008731 0.002033 0.009059 0.002537 0.004403 0.000521 0.001157 0.000914 0.029284 0.002325 0.013520 0.000964 0.007265 0.006758 0.001351 0.022648 0.019853 0.005202 0.003236 0.001991 0.020516 0.037356 0.006402 0.007522 0.011142 0.004473 0.000982 0.002183 0.002147 0.034900 0.017917 0.005041 0.065004 0.026076 0.004161 0.001003 0.103859 0.005368 0.016310 0.011667 0.021663 0.037085 0.006981 0.077761 0.034002 0.042379 0.003789 0.015698 0.013973 0.001432 0.034621 0.005900 0.006189 0.065106 0.002117 0.003415 0.055115 0.010834 0.005436 0.006745 0.001372 0.004154 0.155836 0.244929 
