# Flux Network Reconstruction using RW method
# Walkers leave from emitting cells
# Probability involves emitting fluxes, then absorbing flux is shared among connections
# Seed: 1684539105
# Threshold: 0.5
# Precision: 100000.0
# Dt: 1.0
# Radius step: 9.000000
# Matrix output


0.001881 0.004289 0.199587 0.004613 0.000109 0.246391 0.001008 0.075352 0.101813 0.003673 0.000406 0.007732 0.000414 0.005844 0.000034 0.000339 0.025024 0.040660 0.003648 0.000698 0.000146 0.000010 0.003090 0.000176 0.000524 0.000154 0.000029 0.004305 0.000017 0.019556 0.000189 0.010565 0.000703 0.000627 0.000314 0.002912 0.000441 0.000069 0.007038 0.000275 0.002392 0.004070 0.000073 0.001916 0.000927 0.005783 0.000020 0.000085 0.000457 0.000011 0.000489 0.001121 0.000369 0.000356 0.000339 0.000101 0.000366 0.001387 0.000028 -0.000000 0.000009 0.000043 -0.000000 0.000031 -0.000000 -0.000000 -0.000000 0.001372 0.000034 0.000044 0.000015 -0.000000 0.000078 0.000080 0.000068 
0.101462 0.209550 0.011071 0.131558 0.004635 0.013880 0.000856 0.011918 0.040222 0.031447 0.007363 0.009633 0.004220 0.036887 0.000452 0.017637 0.005079 0.016898 0.010182 0.005320 0.001211 0.000124 0.003571 0.003511 0.000045 0.002719 0.000030 0.008989 0.000451 0.009126 0.005579 0.003392 0.004924 0.002032 0.003815 0.000752 0.003310 0.001475 0.000907 0.001715 0.001252 0.005299 0.000966 0.003705 0.000633 0.002530 0.000365 0.000680 0.000558 0.000114 0.003017 0.000934 0.000180 0.000557 0.001258 0.000625 0.001464 0.001280 0.000249 0.002696 0.000098 0.000174 0.000028 0.000168 0.000273 0.000019 0.000279 0.000457 0.000224 0.000174 0.000062 0.000121 0.000117 0.000641 0.000078 
0.173061 0.396736 0.046621 0.318625 0.009992 0.047644 0.003783 0.046683 0.140150 0.085389 0.011019 0.029155 0.010774 0.097439 0.000935 0.034597 0.013666 0.046820 0.026766 0.009532 0.002561 0.000197 0.007503 0.005492 0.000106 0.004207 0.000051 0.015990 0.000684 0.016335 0.006809 0.004678 0.007561 0.003329 0.004233 0.000926 0.003494 0.001544 0.001684 0.001842 0.001476 0.007527 0.000732 0.005238 0.000541 0.002892 0.000223 0.000595 0.000482 0.000171 0.002528 0.000903 0.000214 0.000340 0.001306 0.000303 0.000805 0.000747 0.000055 0.000989 0.000023 0.000174 0.000028 0.000061 0.000164 0.000019 0.000127 0.000686 0.000086 0.000349 0.000108 0.000030 0.000078 0.000480 0.000010 
0.007407 0.121931 0.001320 0.063546 0.008094 0.001870 0.000109 0.001428 0.005405 0.013830 0.008632 0.002466 0.002290 0.014946 0.000338 0.026456 0.001293 0.005016 0.003847 0.003410 0.000919 0.000104 0.001424 0.002483 0.000019 0.003232 0.000013 0.002176 0.000534 0.003604 0.004350 0.001053 0.003209 0.001167 0.002822 0.000228 0.002243 0.000961 0.000475 0.000868 0.000581 0.001997 0.000454 0.002044 0.000263 0.001175 0.000223 0.000663 0.000279 0.000103 0.002528 0.000623 0.000086 0.000278 0.000677 0.000323 0.000732 0.000107 0.000102 0.001258 0.000014 0.000217 0.000084 0.000061 0.000437 0.000038 0.000279 0.000457 0.000086 0.000065 0.000155 0.000121 0.000098 0.000240 0.000020 
0.006466 0.084555 0.000813 0.055510 0.007640 0.001280 0.000089 0.001593 0.003771 0.014633 0.026811 0.001978 0.002770 0.014467 0.000457 0.068854 0.000800 0.002464 0.003284 0.003205 0.001371 0.000139 0.000461 0.003009 0.000005 0.003848 0.000004 0.001325 0.000784 0.002224 0.004823 0.000351 0.002418 0.001405 0.001515 0.000081 0.001250 0.000995 0.000130 0.000487 0.000112 0.000768 0.000161 0.001278 0.000093 0.000271 0.000162 0.000153 0.000101 0.000019 0.000734 0.000093 0.000017 0.000015 0.000048 0.000081 0.000366 0.000213 0.000028 0.000090 0.000005 0.000043 0.000056 0.000046 0.000109 0.000019 0.000076 -0.000000 0.000017 0.000044 0.000031 -0.000000 0.000059 -0.000000 0.000010 
0.016695 0.231914 0.003453 0.154922 0.019609 0.004233 0.000218 0.004229 0.012067 0.043785 0.084750 0.005163 0.008855 0.044168 0.001420 0.201475 0.002339 0.008889 0.009519 0.012017 0.004169 0.000475 0.002448 0.010056 0.000019 0.013954 0.000020 0.006292 0.002003 0.004218 0.018535 0.001949 0.008880 0.003610 0.006636 0.000403 0.004376 0.003122 0.000561 0.001672 0.000648 0.002918 0.000922 0.004408 0.000263 0.001807 0.000466 0.000714 0.000368 0.000114 0.003180 0.000405 0.000069 0.000232 0.001161 0.000343 0.001098 0.000747 0.000222 0.001168 0.000023 0.000087 0.000056 0.000153 0.000491 0.000038 0.000076 0.000114 0.000121 0.000022 0.000093 0.000212 0.000117 0.000320 0.000068 
0.000235 0.002757 -0.000000 0.001786 0.000158 -0.000000 0.000013 0.000220 0.000754 0.000803 0.001523 0.000180 0.000142 0.000862 0.000020 0.002713 0.000031 0.000704 0.000166 0.000185 0.000077 0.000012 0.000080 0.000301 -0.000000 0.000462 0.000001 0.000378 0.000067 0.000383 0.000567 0.000078 0.000088 0.000130 0.000157 0.000027 0.000184 0.000172 0.000130 0.000085 0.000045 0.000307 0.000059 0.000128 0.000031 0.000090 -0.000000 0.000034 0.000025 0.000023 0.000163 0.000156 -0.000000 0.000031 0.000097 0.000040 0.000220 -0.000000 0.000046 -0.000000 0.000005 0.000022 0.000084 0.000015 0.000055 0.000019 0.000025 -0.000000 -0.000000 -0.000000 0.000031 -0.000000 -0.000000 0.000080 -0.000000 
0.104636 0.763755 0.029557 0.844707 0.035303 0.033469 0.002374 0.035754 0.131351 0.316306 0.053217 0.043591 0.040292 0.280436 0.004005 0.139065 0.015913 0.063278 0.061427 0.037264 0.009674 0.000758 0.014565 0.021415 0.000131 0.017853 0.000106 0.029899 0.003071 0.027148 0.030261 0.007290 0.020090 0.010485 0.016199 0.001181 0.011364 0.005523 0.003152 0.004403 0.002504 0.014285 0.002122 0.010476 0.001205 0.006235 0.000892 0.001887 0.001434 0.000440 0.008725 0.002367 0.000309 0.000881 0.002419 0.001049 0.002636 0.001707 0.000277 0.001977 0.000094 0.000326 0.000393 0.000199 0.000655 0.000057 0.000305 0.000572 0.000207 0.000436 0.000139 0.000272 0.000254 0.001041 0.000068 
0.017165 0.130509 0.012189 0.122777 0.005357 0.016735 0.000825 0.016971 0.056437 0.089406 0.012187 0.016799 0.011613 0.098589 0.001267 0.038328 0.008742 0.033619 0.024013 0.015222 0.003807 0.000334 0.008486 0.010056 0.000114 0.009542 0.000070 0.018876 0.001685 0.018713 0.018818 0.007095 0.013804 0.006421 0.012437 0.001678 0.008789 0.004871 0.003325 0.004297 0.003085 0.014131 0.002313 0.010604 0.001916 0.008133 0.000831 0.002006 0.001434 0.000543 0.008888 0.002585 0.000489 0.001392 0.003822 0.001513 0.005492 0.002560 0.000665 0.005482 0.000215 0.000956 0.000478 0.000535 0.002566 0.000190 0.001194 0.001486 0.000551 0.000763 0.000495 0.000938 0.000430 0.002963 0.000234 
0.001528 0.009191 0.032401 0.006102 0.000435 0.055519 0.000651 0.031305 0.075543 0.009583 0.001371 0.010301 0.001298 0.016288 0.000156 0.004749 0.027825 0.061694 0.008657 0.002650 0.000856 0.000063 0.007985 0.002232 0.001088 0.002052 0.000105 0.016369 0.000250 0.044250 0.005012 0.028108 0.005583 0.002940 0.005800 0.008294 0.005480 0.001887 0.021415 0.002858 0.009458 0.020352 0.001405 0.014565 0.005608 0.031355 0.000405 0.001564 0.003413 0.000334 0.009378 0.007694 0.001629 0.003031 0.004209 0.001250 0.006151 0.010666 0.000831 0.007369 0.000215 0.001151 0.000421 0.000520 0.002675 0.000266 0.000965 0.004459 0.000861 0.001287 0.000650 0.001210 0.001310 0.006166 0.000517 
0.004703 0.020220 0.185976 0.023365 0.000820 0.349948 0.002834 0.185085 0.410520 0.019396 0.002387 0.043951 0.002235 0.042252 0.000227 0.005766 0.169044 0.262176 0.023184 0.003266 0.000835 0.000053 0.025860 0.002081 0.003682 0.001950 0.000242 0.038841 0.000200 0.158136 0.003688 0.094266 0.005583 0.004280 0.004024 0.022520 0.004009 0.001681 0.048012 0.002900 0.018647 0.037326 0.001054 0.020506 0.008110 0.056747 0.000203 0.001156 0.004834 0.000281 0.007013 0.009905 0.002847 0.003433 0.004548 0.000807 0.002929 0.017172 0.000572 0.006560 0.000080 0.000261 0.000084 0.000168 0.000983 0.000019 0.000330 0.007088 0.000276 0.000502 0.000155 0.000484 0.001154 0.004244 0.000537 
0.010581 0.049324 0.225792 0.049557 0.001710 0.416394 0.005900 0.340622 1.034974 0.042924 0.004570 0.091729 0.005572 0.086517 0.000510 0.012550 0.189605 0.395244 0.047496 0.007190 0.001684 0.000141 0.036814 0.004338 0.001569 0.003335 0.000305 0.059893 0.000584 0.144102 0.008605 0.062259 0.010243 0.007004 0.008361 0.012172 0.006656 0.002539 0.023574 0.005165 0.013840 0.038478 0.001595 0.020825 0.006395 0.038223 0.000304 0.001581 0.004466 0.000368 0.009704 0.008286 0.001843 0.002582 0.005177 0.001371 0.003807 0.011199 0.000554 0.006470 0.000084 0.000739 0.000112 0.000290 0.001146 0.000038 0.000559 0.004459 0.000569 0.000850 0.000232 0.000454 0.000978 0.003764 0.000390 
0.000941 0.013480 0.001016 0.007590 0.000810 0.000788 0.000020 0.000604 0.002514 0.005107 0.018991 0.001130 0.001156 0.007377 0.000199 0.050199 0.000523 0.002904 0.001625 0.001767 0.000633 0.000073 0.000682 0.001856 0.000007 0.002616 0.000005 0.001325 0.000534 0.001380 0.003310 0.000585 0.001846 0.000994 0.002142 0.000094 0.001618 0.001029 0.000389 0.000572 0.000291 0.001536 0.000424 0.001469 0.000093 0.000994 0.000162 0.000357 0.000190 0.000087 0.001305 0.000187 0.000077 0.000108 0.000532 0.000282 0.000659 0.000427 0.000083 0.000989 0.000019 0.000043 0.000056 0.000061 0.000164 0.000038 0.000127 -0.000000 0.000086 0.000044 0.000031 0.000212 0.000039 0.000320 0.000039 
0.020457 0.211695 0.008735 0.187812 0.014034 0.014569 0.000666 0.012247 0.053043 0.143749 0.116843 0.018520 0.035789 0.174662 0.007762 0.357159 0.007480 0.034763 0.039105 0.058340 0.021214 0.001947 0.010131 0.047621 0.000077 0.051200 0.000088 0.025026 0.008461 0.020553 0.073855 0.007134 0.039828 0.015522 0.031719 0.001248 0.022028 0.011423 0.002288 0.008616 0.002728 0.015591 0.003952 0.016226 0.001560 0.007048 0.001926 0.003486 0.001789 0.000775 0.016064 0.002336 0.000386 0.001314 0.004113 0.002057 0.005125 0.001387 0.000619 0.005212 0.000239 0.000717 0.000506 0.000489 0.001965 0.000133 0.000584 0.001029 0.000431 0.000545 0.000387 0.000635 0.000665 0.001922 0.000205 
0.014108 0.155937 0.007821 0.129325 0.010931 0.012797 0.000455 0.009117 0.035195 0.098415 0.125729 0.014667 0.024448 0.135571 0.005385 0.373779 0.007172 0.029395 0.031045 0.044392 0.018695 0.001939 0.008326 0.042655 0.000075 0.050534 0.000072 0.021100 0.008711 0.018943 0.079245 0.005965 0.037454 0.015241 0.029472 0.001087 0.020594 0.013447 0.002677 0.007430 0.002482 0.015437 0.003776 0.015076 0.001591 0.005964 0.002331 0.004353 0.001357 0.000657 0.012395 0.002866 0.000292 0.001345 0.005322 0.001734 0.005711 0.001813 0.000655 0.006201 0.000276 0.001151 0.000646 0.000550 0.002293 0.000152 0.000635 0.001372 0.000551 0.000741 0.000588 0.000666 0.000469 0.001842 0.000244 
0.009993 0.048405 0.060841 0.045688 0.002313 0.094304 0.002513 0.081668 0.338874 0.046998 0.007718 0.078063 0.007273 0.106158 0.000829 0.025100 0.091109 0.368666 0.049884 0.013044 0.003111 0.000285 0.040405 0.010783 0.000726 0.008311 0.000359 0.073376 0.001702 0.118870 0.020993 0.041948 0.019343 0.011350 0.017401 0.008938 0.016144 0.007273 0.017745 0.009907 0.014712 0.049998 0.003703 0.037818 0.007971 0.040843 0.001338 0.004591 0.006090 0.001101 0.021609 0.011992 0.002272 0.004546 0.011419 0.002763 0.010617 0.012479 0.001625 0.013570 0.000422 0.002390 0.000815 0.001529 0.004804 0.000171 0.001778 0.006402 0.001240 0.002181 0.001160 0.001695 0.001995 0.007608 0.001035 
0.003880 0.037376 0.002031 0.028871 0.002412 0.003347 0.000166 0.003844 0.010935 0.023815 0.072766 0.004829 0.005485 0.032096 0.001157 0.321545 0.002278 0.010913 0.008823 0.011380 0.004768 0.000753 0.003150 0.015974 0.000035 0.025857 0.000028 0.007617 0.004806 0.008666 0.033192 0.002651 0.013496 0.005924 0.012176 0.000564 0.008936 0.005798 0.001252 0.003323 0.001431 0.006375 0.001756 0.006388 0.000881 0.003705 0.000872 0.001938 0.000837 0.000384 0.007176 0.001090 0.000232 0.000742 0.002613 0.000948 0.003807 0.001280 0.000425 0.002157 0.000206 0.000912 0.000449 0.000428 0.001419 0.000076 0.000559 0.000686 0.000396 0.000327 0.000294 0.000847 0.000196 0.000881 0.000156 
0.001293 0.016850 0.000914 0.008780 0.000899 0.001969 0.000068 0.001153 0.004148 0.007977 0.027776 0.001772 0.002028 0.013988 0.000378 0.264223 0.001139 0.005545 0.004146 0.004725 0.001970 0.000337 0.001364 0.006294 0.000021 0.013903 0.000012 0.003974 0.002854 0.004525 0.017684 0.000702 0.006682 0.002594 0.004912 0.000295 0.004376 0.002779 0.000475 0.001969 0.000402 0.003763 0.000922 0.002491 0.000587 0.001265 0.000527 0.000986 0.000393 0.000182 0.003180 0.000841 0.000129 0.000325 0.001597 0.000464 0.002123 0.000960 0.000240 0.002786 0.000056 0.000326 0.000365 0.000199 0.000437 0.000114 0.000432 0.000343 0.000224 0.000305 0.000201 0.000303 0.000137 0.000881 0.000010 
0.005878 0.030023 0.056473 0.030955 0.001255 0.098241 0.001668 0.070080 0.224240 0.031275 0.004621 0.045466 0.004624 0.066971 0.000513 0.017637 0.191914 0.299140 0.034594 0.009162 0.002311 0.000219 0.041528 0.007598 0.001726 0.006002 0.000396 0.071484 0.000935 0.213967 0.014847 0.094617 0.016134 0.010572 0.018655 0.018198 0.014747 0.005386 0.037218 0.009737 0.025310 0.071349 0.003850 0.047272 0.013270 0.071024 0.000932 0.004540 0.009071 0.001094 0.024871 0.018907 0.003841 0.007468 0.014177 0.003469 0.011862 0.019839 0.001865 0.019771 0.000454 0.002151 0.001095 0.001177 0.005405 0.000266 0.001981 0.009718 0.002119 0.002551 0.001052 0.002572 0.002973 0.011131 0.001142 
0.008818 0.062497 0.037988 0.059975 0.002866 0.055519 0.001655 0.047891 0.186280 0.073395 0.012695 0.084870 0.012704 0.185776 0.001461 0.037310 0.052634 0.236038 0.119205 0.022494 0.006522 0.000533 0.065442 0.019359 0.000496 0.014724 0.000515 0.129437 0.002737 0.122322 0.041798 0.037153 0.038465 0.023024 0.032399 0.007422 0.030965 0.011252 0.013557 0.015538 0.014578 0.064129 0.007333 0.051169 0.007477 0.036687 0.002128 0.007549 0.007599 0.001572 0.033841 0.012802 0.002066 0.006200 0.014757 0.004800 0.013253 0.011519 0.002225 0.020490 0.000604 0.003172 0.001067 0.001758 0.007097 0.000436 0.002590 0.005945 0.001826 0.002529 0.001423 0.002542 0.001897 0.008088 0.000722 
0.003174 0.024815 0.021127 0.019644 0.001058 0.039769 0.000741 0.025484 0.089746 0.020486 0.003961 0.023350 0.003348 0.040528 0.000460 0.010515 0.048479 0.169680 0.021957 0.006224 0.001677 0.000160 0.022750 0.005717 0.000441 0.005233 0.000229 0.044186 0.000985 0.084820 0.012483 0.029629 0.013100 0.007567 0.013221 0.006147 0.010481 0.005214 0.013039 0.006287 0.010844 0.036634 0.003264 0.027149 0.006117 0.032982 0.001054 0.003537 0.005138 0.000782 0.019978 0.009905 0.001852 0.003912 0.009822 0.002965 0.009738 0.008426 0.001542 0.014289 0.000497 0.001608 0.001011 0.001009 0.006278 0.000171 0.001524 0.008003 0.001395 0.001962 0.001021 0.002179 0.002014 0.006887 0.000595 
0.011169 0.059740 0.049973 0.058189 0.002570 0.086921 0.002269 0.070299 0.269365 0.063812 0.010968 0.105086 0.010850 0.170255 0.001165 0.033918 0.099974 0.525761 0.100631 0.020563 0.005498 0.000396 0.110983 0.016124 0.000820 0.011543 0.000799 0.168703 0.002370 0.208445 0.029410 0.062025 0.034905 0.021900 0.029734 0.011072 0.027913 0.009880 0.022840 0.014966 0.018625 0.084789 0.007172 0.061262 0.010257 0.049880 0.001662 0.006274 0.009160 0.001318 0.031313 0.015761 0.002461 0.006525 0.014612 0.004013 0.014058 0.013333 0.002160 0.016536 0.000497 0.002173 0.001095 0.001391 0.005732 0.000323 0.001854 0.006402 0.001964 0.002878 0.001083 0.001937 0.002366 0.008649 0.000898 
0.014931 0.090376 0.028643 0.095097 0.004220 0.044494 0.001511 0.039324 0.147063 0.126763 0.021175 0.070665 0.022463 0.372510 0.002628 0.072585 0.036967 0.163079 0.302788 0.048726 0.011950 0.000890 0.054428 0.037139 0.000376 0.028165 0.000453 0.143582 0.004272 0.100235 0.057212 0.028225 0.072271 0.036687 0.058997 0.005382 0.043836 0.018525 0.011312 0.022248 0.012118 0.067585 0.009778 0.056343 0.006364 0.030090 0.003162 0.008706 0.006876 0.001826 0.038489 0.010777 0.001458 0.004886 0.015967 0.005203 0.016475 0.007146 0.001893 0.017704 0.000529 0.002672 0.001292 0.001666 0.006933 0.000417 0.002514 0.003201 0.001619 0.002093 0.001361 0.002027 0.001134 0.006567 0.000674 
0.008935 0.061885 0.011478 0.053724 0.003242 0.017620 0.000623 0.015598 0.059077 0.074314 0.020109 0.021115 0.017175 0.180027 0.002338 0.073603 0.014005 0.048052 0.052903 0.052896 0.012382 0.001001 0.016391 0.034305 0.000180 0.027242 0.000138 0.042578 0.004339 0.043023 0.056550 0.013021 0.049851 0.022808 0.039924 0.002778 0.031958 0.016535 0.006347 0.013908 0.005970 0.032871 0.007055 0.030471 0.003661 0.017530 0.002351 0.006495 0.003705 0.001397 0.027317 0.006853 0.001029 0.002907 0.012241 0.004255 0.013253 0.005546 0.001468 0.013660 0.000717 0.002694 0.001657 0.001697 0.006060 0.000361 0.002413 0.002630 0.001240 0.001744 0.001222 0.002481 0.001349 0.004645 0.000400 
0.003174 0.030942 0.003352 0.027383 0.002006 0.004922 0.000192 0.004229 0.017472 0.025881 0.041131 0.005703 0.006008 0.046468 0.001292 0.215381 0.003663 0.014081 0.011277 0.015550 0.006716 0.001644 0.004594 0.028036 0.000050 0.065155 0.000042 0.009982 0.011732 0.010967 0.073571 0.003587 0.023387 0.008820 0.024560 0.000872 0.014710 0.011012 0.001641 0.006266 0.001677 0.013363 0.003703 0.009071 0.000942 0.004880 0.001946 0.003095 0.001218 0.000782 0.011905 0.001994 0.000352 0.000959 0.003677 0.002077 0.006004 0.001600 0.000489 0.005212 0.000290 0.001065 0.000618 0.000764 0.002893 0.000361 0.000965 0.000572 0.000586 0.000698 0.000588 0.001120 0.000372 0.001842 0.000176 
0.015166 0.106001 0.019806 0.108044 0.006167 0.027366 0.001352 0.028504 0.117776 0.176975 0.033616 0.059003 0.037926 0.582238 0.004997 0.121767 0.025578 0.134212 0.224579 0.124424 0.028299 0.002019 0.049693 0.082452 0.000249 0.047301 0.000394 0.151294 0.006859 0.079145 0.121799 0.022027 0.160280 0.077719 0.099913 0.003503 0.077376 0.028644 0.007426 0.032853 0.008899 0.072885 0.013071 0.066564 0.004186 0.018163 0.003811 0.010321 0.005531 0.002354 0.045665 0.006915 0.000977 0.003371 0.014660 0.004316 0.011349 0.005226 0.001496 0.012581 0.000543 0.001651 0.001433 0.000963 0.004204 0.000455 0.001143 0.001486 0.000982 0.001461 0.000619 0.001210 0.001154 0.003844 0.000361 
0.003762 0.036150 0.001930 0.033336 0.002767 0.002559 0.000126 0.002142 0.009427 0.026053 0.088559 0.003545 0.006085 0.039378 0.001494 0.764179 0.002216 0.008009 0.010116 0.017194 0.009208 0.002878 0.003170 0.040399 0.000021 0.208957 0.000024 0.007853 0.057824 0.006059 0.160571 0.001793 0.028135 0.009642 0.027487 0.000282 0.014747 0.020960 0.000648 0.004911 0.000939 0.006759 0.003454 0.006133 0.000232 0.001807 0.003142 0.002244 0.000533 0.000513 0.008399 0.000903 0.000111 0.000309 0.002371 0.001291 0.003881 0.000427 0.000286 0.001797 0.000145 0.000413 0.000421 0.000428 0.001419 0.000114 0.000356 0.000572 0.000258 0.000131 0.000155 0.000303 0.000156 0.000400 0.000039 
0.002704 0.012867 0.014423 0.011162 0.000583 0.023527 0.000412 0.017410 0.060459 0.012510 0.002590 0.014128 0.002159 0.027018 0.000297 0.010854 0.034597 0.089416 0.015025 0.004601 0.001246 0.000131 0.016170 0.004087 0.000465 0.004002 0.000171 0.030278 0.000718 0.091185 0.008416 0.034814 0.010507 0.006334 0.010712 0.006469 0.008458 0.003465 0.012737 0.005652 0.011023 0.035943 0.002679 0.023189 0.006720 0.033614 0.000953 0.002533 0.004732 0.000657 0.017287 0.009843 0.001895 0.003850 0.010451 0.002763 0.008640 0.008319 0.001339 0.011323 0.000408 0.002238 0.000646 0.000994 0.005241 0.000247 0.001803 0.005145 0.001309 0.002071 0.001021 0.001634 0.001545 0.006727 0.000791 
0.002116 0.015012 0.044894 0.014882 0.000583 0.080227 0.001015 0.048496 0.143921 0.013543 0.002590 0.023478 0.002268 0.037462 0.000227 0.009158 0.082614 0.158327 0.021824 0.004478 0.001016 0.000111 0.025378 0.004138 0.007608 0.003027 0.000280 0.048066 0.000334 0.195024 0.007754 0.151574 0.009100 0.006442 0.009302 0.048099 0.008753 0.003602 0.097534 0.006223 0.041229 0.070888 0.002942 0.040373 0.021905 0.133193 0.000628 0.003248 0.011850 0.000786 0.020549 0.027068 0.007331 0.009432 0.015386 0.002602 0.010910 0.042557 0.001994 0.015098 0.000262 0.001369 0.000506 0.000902 0.005568 0.000190 0.001498 0.018979 0.001619 0.003031 0.001114 0.002088 0.004303 0.012413 0.001484 
0.004585 0.022977 0.022549 0.021133 0.001186 0.036225 0.000810 0.030372 0.093643 0.027086 0.004773 0.028127 0.004656 0.061223 0.000579 0.020351 0.051433 0.165103 0.033201 0.009408 0.002673 0.000240 0.043916 0.007849 0.000634 0.007542 0.000482 0.082317 0.001302 0.183904 0.020521 0.053410 0.018551 0.012669 0.022522 0.010602 0.017836 0.008576 0.019947 0.011516 0.017753 0.070273 0.005577 0.046697 0.010813 0.055030 0.002047 0.006257 0.008361 0.001397 0.032944 0.015543 0.003155 0.006927 0.016935 0.004356 0.015376 0.015039 0.002530 0.023096 0.000768 0.003042 0.001461 0.002018 0.009444 0.000474 0.002946 0.008003 0.002343 0.003336 0.002026 0.002996 0.002660 0.009930 0.001005 
0.008818 0.066480 0.017572 0.058487 0.002886 0.023527 0.000819 0.021529 0.084090 0.069493 0.018179 0.032006 0.015070 0.191716 0.002149 0.076994 0.022716 0.093025 0.081792 0.043529 0.012612 0.001318 0.034426 0.049175 0.000300 0.038785 0.000338 0.113872 0.005991 0.079758 0.095227 0.025340 0.124057 0.073698 0.103362 0.004791 0.083591 0.033516 0.011528 0.039542 0.011381 0.083867 0.018648 0.076146 0.006967 0.031265 0.005554 0.015779 0.007701 0.003231 0.066132 0.011961 0.002126 0.006340 0.024434 0.008531 0.025847 0.009066 0.003102 0.025522 0.001209 0.004432 0.002949 0.002920 0.010318 0.000854 0.004216 0.005602 0.002481 0.003227 0.002351 0.004237 0.002464 0.010971 0.000830 
0.005643 0.035231 0.028338 0.028276 0.001245 0.041246 0.000930 0.035479 0.121547 0.031734 0.007261 0.037837 0.006608 0.082780 0.000679 0.024760 0.062976 0.205147 0.050581 0.013291 0.003967 0.000361 0.071260 0.013592 0.001028 0.012467 0.001051 0.170501 0.002053 0.382379 0.030166 0.092512 0.036575 0.024386 0.035691 0.016427 0.030891 0.013242 0.032598 0.023116 0.037272 0.169347 0.009939 0.106681 0.020437 0.087741 0.002534 0.010882 0.018231 0.002559 0.056184 0.031242 0.004947 0.013081 0.030579 0.007563 0.026506 0.024638 0.003988 0.034779 0.000923 0.004345 0.002079 0.002675 0.011792 0.000873 0.004749 0.011204 0.003756 0.005037 0.002706 0.003843 0.004674 0.017538 0.001845 
0.000235 0.003983 0.002133 0.002530 0.000208 0.002067 0.000061 0.002471 0.005405 0.003443 0.000812 0.002903 0.000567 0.006803 0.000059 0.001018 0.003109 0.009681 0.003814 0.001253 0.000445 0.000047 0.004353 0.001329 0.000052 0.001642 0.000050 0.011449 0.000250 0.013804 0.003877 0.004639 0.003385 0.002075 0.004442 0.000845 0.003016 0.001578 0.001986 0.001969 0.001990 0.010675 0.000951 0.007985 0.001035 0.006235 0.000243 0.001173 0.001078 0.000232 0.004322 0.002118 0.000412 0.001051 0.003097 0.000867 0.003148 0.001493 0.000526 0.004404 0.000164 0.000739 0.000309 0.000504 0.001911 0.000038 0.000533 0.001029 0.000465 0.000589 0.000464 0.000726 0.000430 0.001762 0.000137 
0.000823 0.007353 0.000203 0.007590 0.000613 0.001280 0.000070 0.001044 0.005279 0.007862 0.011578 0.001490 0.001876 0.017342 0.000405 0.080725 0.000954 0.005104 0.004411 0.005690 0.002909 0.000976 0.001986 0.017152 0.000008 0.115227 0.000016 0.004778 0.058691 0.003451 0.198775 0.001248 0.025893 0.007329 0.033757 0.000161 0.015335 0.035368 0.000302 0.005292 0.000626 0.005299 0.004625 0.006069 0.000463 0.001536 0.006993 0.003741 0.000571 0.000744 0.009459 0.000748 0.000111 0.000263 0.002661 0.002037 0.004247 0.000747 0.000379 0.002966 0.000319 0.000869 0.000730 0.000352 0.001583 0.000247 0.000584 0.000343 0.000258 0.000349 0.000278 0.000575 0.000235 0.000721 0.000049 
0.002822 0.022058 0.025088 0.022025 0.001077 0.043707 0.000852 0.032953 0.102567 0.021692 0.004621 0.026047 0.003947 0.052791 0.000507 0.020351 0.062730 0.160439 0.032073 0.008813 0.002192 0.000241 0.043233 0.008075 0.001681 0.007490 0.000519 0.095564 0.001018 0.384297 0.022412 0.207674 0.022420 0.016106 0.025135 0.031968 0.023683 0.008748 0.059496 0.017273 0.072330 0.185169 0.007450 0.106298 0.034603 0.159849 0.001966 0.008179 0.025780 0.002073 0.055124 0.046816 0.007854 0.018385 0.032998 0.007684 0.025847 0.039144 0.004293 0.044215 0.000848 0.004780 0.001685 0.002630 0.012065 0.000550 0.004089 0.018293 0.003825 0.006084 0.003047 0.004812 0.006297 0.019700 0.002577 
0.000353 0.000919 0.001219 0.001935 0.000089 0.001477 0.000039 0.000989 0.005028 0.002008 0.000508 0.001130 0.000425 0.003737 0.000067 0.002374 0.001816 0.005280 0.001924 0.001191 0.000278 0.000033 0.002287 0.001128 0.000036 0.001180 0.000021 0.004684 0.000184 0.005828 0.001891 0.001598 0.002813 0.001902 0.003344 0.000510 0.003016 0.001509 0.000993 0.002159 0.001207 0.007987 0.000995 0.006324 0.000757 0.002711 0.000345 0.001054 0.000926 0.000254 0.005463 0.001339 0.000120 0.000572 0.003145 0.000827 0.002197 0.001280 0.000406 0.002516 0.000122 0.000695 0.000197 0.000443 0.001529 0.000171 0.000584 0.000572 0.000396 0.000589 0.000263 0.000454 0.000372 0.001441 0.000117 
0.003409 0.019607 0.016658 0.021579 0.001048 0.023428 0.000468 0.017026 0.058448 0.026397 0.005484 0.019137 0.005212 0.062181 0.000752 0.023064 0.021638 0.076303 0.032173 0.013332 0.003779 0.000466 0.029331 0.014218 0.000439 0.013698 0.000351 0.092820 0.002754 0.099774 0.038299 0.036334 0.041587 0.027521 0.047866 0.008146 0.040821 0.018284 0.019084 0.030863 0.020369 0.147459 0.013730 0.123546 0.012204 0.057560 0.003567 0.014708 0.013448 0.003444 0.078527 0.020714 0.003335 0.010948 0.037353 0.010709 0.034633 0.018026 0.005022 0.042687 0.001410 0.006257 0.003146 0.004311 0.017196 0.000854 0.006527 0.008117 0.004583 0.005560 0.003557 0.006869 0.004557 0.017138 0.001845 
0.000118 0.002757 0.000305 0.000893 0.000099 0.000492 0.000018 0.000439 0.001131 0.001435 0.000965 0.000668 0.000316 0.002395 0.000059 0.004409 0.000215 0.001320 0.000564 0.001089 0.000285 0.000071 0.000481 0.001605 0.000009 0.004617 0.000006 0.001845 0.001118 0.001304 0.013806 0.000507 0.003209 0.001448 0.005173 0.000148 0.003273 0.006415 0.000389 0.001439 0.000380 0.002534 0.000951 0.002172 0.000278 0.001355 0.002209 0.001241 0.000304 0.000243 0.003180 0.000436 0.000094 0.000356 0.001258 0.000908 0.002563 0.000853 0.000129 0.001438 0.000117 0.000739 0.000562 0.000443 0.000983 0.000095 0.000483 0.000343 0.000276 0.000327 0.000356 0.000575 0.000137 0.000561 0.000088 
0.001881 0.006740 0.015642 0.006846 0.000297 0.026381 0.000355 0.017630 0.050152 0.008895 0.001320 0.010763 0.001374 0.023473 0.000183 0.008140 0.031550 0.071903 0.012504 0.002855 0.000884 0.000086 0.016190 0.003762 0.002404 0.003129 0.000203 0.037705 0.000434 0.130681 0.006998 0.123817 0.011034 0.006767 0.009772 0.088401 0.009378 0.004082 0.202408 0.008319 0.100793 0.107676 0.003689 0.065542 0.068218 0.495452 0.000912 0.004404 0.026440 0.001154 0.032128 0.077716 0.023108 0.026456 0.029466 0.005122 0.016694 0.101220 0.004034 0.044125 0.000539 0.003215 0.000955 0.001987 0.011082 0.000380 0.003149 0.049733 0.003790 0.006956 0.002382 0.003843 0.012438 0.030832 0.004315 
0.001058 0.007353 0.002438 0.008036 0.000573 0.004036 0.000089 0.002966 0.011061 0.011018 0.005433 0.004649 0.002781 0.031713 0.000341 0.030187 0.003878 0.016986 0.011841 0.009100 0.003222 0.000650 0.006560 0.018557 0.000064 0.033706 0.000069 0.020911 0.007176 0.020937 0.143076 0.006978 0.066205 0.032644 0.138374 0.001530 0.086827 0.182604 0.002936 0.052667 0.004651 0.045467 0.070318 0.057365 0.002672 0.013193 0.067578 0.070581 0.004149 0.011775 0.164392 0.007008 0.000909 0.004330 0.038659 0.035453 0.080323 0.004266 0.005936 0.039811 0.005101 0.015816 0.020561 0.010365 0.026422 0.005788 0.013002 0.003430 0.004634 0.004274 0.003603 0.010319 0.001701 0.009690 0.000508 
0.001411 0.012561 0.004672 0.013394 0.000623 0.007088 0.000264 0.008073 0.027276 0.013371 0.004570 0.008400 0.002715 0.032575 0.000380 0.017977 0.009911 0.032035 0.013897 0.006512 0.001872 0.000293 0.010693 0.008200 0.000202 0.008978 0.000122 0.032785 0.001619 0.042563 0.030733 0.017660 0.028135 0.018030 0.038983 0.004469 0.032289 0.017667 0.011096 0.030652 0.011604 0.090395 0.017814 0.103487 0.007585 0.032620 0.004905 0.023193 0.009934 0.005563 0.134303 0.016914 0.002401 0.008675 0.048965 0.017041 0.054476 0.011626 0.006822 0.056976 0.002295 0.009537 0.004045 0.006161 0.024075 0.001708 0.010006 0.007774 0.005857 0.007436 0.004717 0.009139 0.003990 0.017778 0.001503 
0.001646 0.011642 0.009954 0.008632 0.000435 0.017522 0.000303 0.011149 0.040977 0.011764 0.002945 0.013614 0.002159 0.035450 0.000324 0.013228 0.024778 0.069350 0.021128 0.006389 0.001385 0.000180 0.023673 0.006495 0.000779 0.005746 0.000327 0.072524 0.001018 0.152844 0.021277 0.073292 0.022816 0.020624 0.031301 0.018547 0.030156 0.013276 0.043003 0.030525 0.072129 0.574629 0.014330 0.326113 0.048367 0.186596 0.003182 0.017411 0.100861 0.004545 0.146045 0.105251 0.011172 0.052805 0.115058 0.017162 0.069999 0.051090 0.013543 0.130847 0.001977 0.010667 0.003427 0.005901 0.031281 0.001537 0.008964 0.025953 0.010319 0.017728 0.006944 0.010470 0.014903 0.059181 0.005311 
0.002704 0.009497 0.012087 0.009227 0.000573 0.017128 0.000300 0.011588 0.042108 0.011592 0.002844 0.011328 0.001886 0.026923 0.000300 0.010175 0.021731 0.059317 0.015224 0.004930 0.001392 0.000138 0.018116 0.005717 0.000846 0.006567 0.000214 0.042909 0.000951 0.106293 0.015792 0.067795 0.016134 0.010939 0.017767 0.023566 0.018314 0.008027 0.055697 0.015538 0.081699 0.194385 0.007948 0.113197 0.067723 0.251115 0.002250 0.010032 0.067228 0.002373 0.071432 0.118115 0.014010 0.044981 0.056078 0.010225 0.040418 0.060263 0.007182 0.077466 0.001536 0.007430 0.002528 0.004342 0.025767 0.000835 0.007923 0.032698 0.008356 0.013367 0.005552 0.008322 0.014140 0.047088 0.005340 
0.000470 0.002145 0.007110 0.001042 0.000168 0.013289 0.000200 0.007359 0.027779 0.003214 0.000508 0.005137 0.000676 0.009581 0.000064 0.000339 0.020130 0.038020 0.006202 0.001294 0.000264 0.000031 0.008647 0.001404 0.001789 0.000616 0.000121 0.020579 0.000267 0.091032 0.002648 0.089744 0.004528 0.004021 0.005435 0.060835 0.004597 0.002196 0.260393 0.005525 0.094309 0.100840 0.002313 0.058962 0.085843 1.057049 0.000446 0.003231 0.031667 0.000767 0.026828 0.138082 0.063046 0.044640 0.030869 0.003751 0.015742 0.225906 0.004154 0.048169 0.000431 0.002390 0.000983 0.001315 0.009390 0.000152 0.002463 0.110098 0.004514 0.010118 0.002382 0.003662 0.021180 0.059100 0.008229 
0.001176 0.007046 0.008227 0.008929 0.000514 0.013191 0.000312 0.009062 0.031549 0.010846 0.002590 0.009119 0.001799 0.023569 0.000266 0.007123 0.016652 0.047084 0.011974 0.004417 0.001329 0.000146 0.012960 0.004739 0.000581 0.005233 0.000163 0.033826 0.000868 0.076307 0.013617 0.046470 0.014067 0.009599 0.017349 0.016091 0.015115 0.006518 0.044039 0.013484 0.053348 0.142006 0.006865 0.091861 0.045679 0.194910 0.002432 0.008400 0.048071 0.002028 0.064909 0.107712 0.012210 0.040048 0.053029 0.009821 0.042029 0.049384 0.007293 0.070456 0.001260 0.008755 0.002247 0.004082 0.023310 0.000892 0.008228 0.031783 0.007132 0.012363 0.005243 0.007747 0.012732 0.044285 0.004862 
0.001058 0.009191 0.002742 0.007441 0.000405 0.004036 0.000139 0.002691 0.010433 0.008321 0.003453 0.003827 0.001854 0.021653 0.000325 0.018994 0.004278 0.015753 0.008590 0.005834 0.002116 0.000388 0.005216 0.010658 0.000082 0.017853 0.000055 0.016416 0.003938 0.018713 0.061656 0.006783 0.035828 0.017468 0.061766 0.001476 0.039056 0.062503 0.003972 0.025339 0.003846 0.031796 0.027796 0.038009 0.003074 0.012470 0.037721 0.033429 0.004136 0.006201 0.097934 0.006043 0.000917 0.003974 0.028063 0.024583 0.061286 0.005866 0.004837 0.035677 0.003982 0.013035 0.015955 0.009937 0.025057 0.004421 0.011275 0.002172 0.005272 0.004383 0.004129 0.010319 0.002386 0.010331 0.000781 
0.000941 0.010416 0.004875 0.008780 0.000415 0.008367 0.000165 0.006591 0.022877 0.009641 0.002082 0.006293 0.001908 0.021557 0.000283 0.008480 0.008803 0.027195 0.010813 0.004560 0.001476 0.000177 0.008707 0.005743 0.000206 0.006105 0.000107 0.024648 0.001118 0.038422 0.017494 0.017153 0.017408 0.011155 0.020223 0.004925 0.018388 0.009948 0.012391 0.016215 0.012789 0.097077 0.009046 0.106490 0.009022 0.042831 0.002351 0.011936 0.011938 0.003125 0.086029 0.020932 0.003095 0.010793 0.051239 0.013088 0.046934 0.013439 0.006868 0.054729 0.001738 0.008777 0.003146 0.005213 0.023420 0.001063 0.008025 0.010061 0.006426 0.007566 0.004531 0.008503 0.005104 0.020981 0.001728 
-0.000000 0.001838 0.000406 0.001042 0.000079 0.000788 0.000026 0.000604 0.003771 0.001779 0.000406 0.000694 0.000185 0.002012 0.000031 0.003392 0.000462 0.001584 0.001061 0.000678 0.000167 0.000036 0.000963 0.000552 0.000013 0.001539 0.000007 0.002365 0.000267 0.002531 0.003877 0.000585 0.002945 0.001340 0.003762 0.000322 0.003016 0.002573 0.000604 0.002180 0.000872 0.004838 0.001859 0.003769 0.000324 0.002711 0.001277 0.002602 0.000520 0.000528 0.009867 0.001121 0.000163 0.000619 0.003871 0.002763 0.008054 0.001280 0.000628 0.006111 0.000473 0.001890 0.001320 0.001468 0.003385 0.000512 0.001067 0.000457 0.000792 0.000981 0.000773 0.001331 0.000391 0.001762 0.000127 
0.000470 0.007353 0.002133 0.003274 0.000227 0.003052 0.000055 0.002581 0.009050 0.006312 0.001574 0.002646 0.001058 0.010156 0.000166 0.015602 0.002616 0.008889 0.004411 0.002732 0.000870 0.000144 0.003130 0.004840 0.000065 0.006721 0.000035 0.008421 0.001352 0.011197 0.021655 0.004483 0.013892 0.007718 0.021007 0.001074 0.016365 0.018662 0.002677 0.010267 0.002974 0.021044 0.010056 0.021656 0.001761 0.009217 0.011189 0.013705 0.002499 0.002825 0.051536 0.004548 0.000712 0.002551 0.020709 0.015085 0.039466 0.002880 0.003093 0.023635 0.002740 0.009820 0.010168 0.007613 0.018506 0.002884 0.008330 0.001715 0.003876 0.003685 0.003634 0.008231 0.001408 0.007848 0.000664 
0.000470 0.001838 0.004875 0.003572 0.000138 0.009352 0.000144 0.005877 0.018351 0.003328 0.000762 0.003981 0.000763 0.008431 0.000084 0.002713 0.011512 0.026666 0.004876 0.001397 0.000508 0.000036 0.005838 0.001454 0.000849 0.001590 0.000077 0.014666 0.000250 0.041183 0.003026 0.033020 0.003781 0.003437 0.005173 0.021419 0.005185 0.002436 0.109839 0.004424 0.031369 0.048999 0.002240 0.030791 0.025937 0.212530 0.000568 0.002721 0.014159 0.000691 0.022180 0.056192 0.040882 0.023024 0.023273 0.004054 0.013765 0.342592 0.003628 0.042238 0.000525 0.003085 0.000786 0.001666 0.010154 0.000398 0.003251 0.136966 0.003893 0.009572 0.002969 0.003420 0.020300 0.048690 0.008532 
0.000470 0.003983 0.001625 0.003721 0.000247 0.002461 0.000083 0.002362 0.005782 0.004533 0.001269 0.002671 0.000818 0.010060 0.000128 0.006105 0.002955 0.007217 0.004179 0.002794 0.000842 0.000102 0.003170 0.003034 0.000065 0.003899 0.000032 0.009604 0.000935 0.011964 0.012104 0.005185 0.008309 0.005751 0.013743 0.001342 0.011658 0.008473 0.002936 0.009589 0.004069 0.021581 0.007538 0.022294 0.002549 0.011657 0.003507 0.011256 0.003108 0.002943 0.062544 0.004921 0.000875 0.003464 0.024628 0.022062 0.053231 0.004266 0.004080 0.035767 0.003026 0.012036 0.006151 0.006834 0.020472 0.002011 0.009244 0.002973 0.004169 0.004165 0.003789 0.008080 0.001604 0.009530 0.000722 
0.000118 0.000306 0.000102 0.000744 0.000030 0.000394 0.000006 0.000275 0.001508 0.000861 0.000406 0.000565 0.000240 0.002204 0.000030 0.001696 0.000585 0.001408 0.000730 0.000329 0.000264 0.000024 0.000461 0.000627 0.000007 0.001180 0.000006 0.001561 0.000267 0.002224 0.002364 0.000624 0.002022 0.000692 0.003240 0.000188 0.002354 0.002985 0.000302 0.001651 0.000559 0.003917 0.001405 0.003194 0.000417 0.001988 0.002919 0.001564 0.000571 0.000380 0.007420 0.001028 0.000137 0.000557 0.002951 0.002077 0.006224 0.000853 0.000508 0.003864 0.000468 0.001673 0.002584 0.001055 0.003712 0.000854 0.001651 0.000457 0.000431 0.000654 0.000634 0.001331 0.000235 0.001361 0.000107 
0.000705 0.005514 0.005891 0.008185 0.000405 0.009745 0.000246 0.006206 0.023756 0.008952 0.001574 0.008246 0.001734 0.024432 0.000282 0.011871 0.012158 0.038020 0.012372 0.004437 0.001322 0.000169 0.012097 0.005667 0.000384 0.006310 0.000150 0.033968 0.001218 0.062196 0.019575 0.031461 0.020661 0.013490 0.023776 0.009582 0.024492 0.012933 0.026942 0.023772 0.029938 0.180637 0.013218 0.171840 0.023311 0.109337 0.004500 0.019231 0.035790 0.005103 0.167165 0.066845 0.009354 0.045646 0.215117 0.030714 0.121839 0.039998 0.027261 0.263222 0.003677 0.022181 0.006769 0.011573 0.064963 0.001898 0.021053 0.027096 0.020226 0.032272 0.014584 0.022696 0.019635 0.091934 0.006980 
0.000353 0.002757 0.001828 0.003869 0.000138 0.001477 0.000057 0.001263 0.005153 0.004132 0.001879 0.001721 0.000643 0.008335 0.000092 0.004749 0.002124 0.007393 0.003947 0.002116 0.000731 0.000118 0.002448 0.003135 0.000052 0.005387 0.000029 0.008563 0.000901 0.008053 0.019007 0.004678 0.012045 0.006140 0.017767 0.000993 0.013680 0.014408 0.002936 0.009886 0.002705 0.017818 0.009500 0.019164 0.002024 0.008765 0.013236 0.012906 0.002499 0.002590 0.049416 0.004049 0.000755 0.002335 0.019063 0.018533 0.050522 0.003520 0.004071 0.029117 0.004820 0.014100 0.031404 0.011833 0.024402 0.009127 0.013866 0.001944 0.004428 0.003685 0.004748 0.011499 0.001623 0.006967 0.000752 
0.000588 0.005208 0.002844 0.005804 0.000237 0.004528 0.000133 0.003076 0.012821 0.006140 0.001371 0.003288 0.001145 0.013318 0.000194 0.010854 0.004802 0.015753 0.006169 0.003020 0.000891 0.000108 0.004875 0.004113 0.000142 0.004617 0.000056 0.014666 0.000668 0.020860 0.015698 0.009473 0.012001 0.007264 0.016565 0.002993 0.012504 0.009400 0.006735 0.012108 0.007490 0.046542 0.007743 0.043886 0.004866 0.028012 0.003527 0.012361 0.007244 0.003239 0.102745 0.012771 0.002135 0.007979 0.081334 0.024442 0.105072 0.011626 0.014023 0.102629 0.003612 0.018575 0.005618 0.010747 0.047221 0.002220 0.016050 0.005716 0.010681 0.010314 0.008784 0.017763 0.004674 0.022503 0.001591 
0.000470 0.005514 0.001625 0.003869 0.000227 0.002658 0.000070 0.002526 0.008799 0.005337 0.002031 0.002569 0.000960 0.011114 0.000181 0.008140 0.003570 0.010297 0.005473 0.003369 0.000940 0.000173 0.003250 0.005241 0.000069 0.007439 0.000040 0.010739 0.001418 0.013421 0.025438 0.005575 0.016661 0.009231 0.025292 0.001436 0.018903 0.021612 0.003713 0.014331 0.004584 0.031719 0.014315 0.032579 0.003522 0.012380 0.015202 0.020200 0.004364 0.004773 0.090188 0.007071 0.001140 0.004608 0.034837 0.038619 0.102509 0.005973 0.007145 0.051854 0.009621 0.029351 0.036797 0.021571 0.046512 0.010513 0.024862 0.003773 0.008390 0.006956 0.008104 0.020336 0.002953 0.014094 0.000947 
0.000470 0.003370 0.003047 0.002381 0.000158 0.006694 0.000116 0.004119 0.014455 0.003558 0.001117 0.004418 0.000861 0.012168 0.000105 0.005088 0.008249 0.026754 0.006700 0.001952 0.000557 0.000071 0.008326 0.002959 0.000396 0.002155 0.000103 0.024269 0.000551 0.054987 0.008795 0.030642 0.010858 0.007653 0.014945 0.010562 0.013864 0.007410 0.033159 0.015326 0.036020 0.166967 0.008753 0.145649 0.030401 0.159578 0.002777 0.013229 0.044569 0.003508 0.133161 0.112228 0.016282 0.101929 0.195715 0.022345 0.110856 0.076689 0.030474 0.371693 0.003274 0.018792 0.004803 0.010044 0.070586 0.001670 0.021459 0.052934 0.030821 0.063148 0.018698 0.025026 0.046663 0.209735 0.015697 
0.000235 0.000306 0.003453 0.001191 0.000030 0.004233 0.000068 0.002691 0.009930 0.001090 0.000051 0.002106 0.000196 0.003066 0.000025 0.000339 0.006310 0.014081 0.001692 0.000493 0.000160 0.000014 0.002869 0.000502 0.000643 0.000564 0.000037 0.007049 0.000067 0.024081 0.001135 0.023976 0.001714 0.001103 0.002195 0.016158 0.002243 0.000789 0.094555 0.002434 0.023141 0.037326 0.001025 0.021017 0.020700 0.186958 0.000304 0.001292 0.011837 0.000387 0.012150 0.055289 0.043326 0.024477 0.017515 0.002360 0.010910 1.193100 0.002788 0.036396 0.000337 0.001803 0.000646 0.001116 0.008189 0.000228 0.002108 0.457886 0.004049 0.011012 0.002474 0.002935 0.035829 0.076959 0.015336 
0.000118 0.000306 0.000406 0.001042 0.000059 0.000788 0.000015 0.000769 0.001760 0.000803 0.000102 0.001130 0.000109 0.002491 0.000033 0.000339 0.001200 0.003872 0.001990 0.000657 0.000139 0.000016 0.001886 0.000878 0.000060 0.001488 0.000028 0.006292 0.000300 0.009893 0.004823 0.005731 0.004660 0.003135 0.006427 0.001463 0.006730 0.005900 0.004922 0.008594 0.006372 0.053454 0.006045 0.061965 0.004773 0.022952 0.003547 0.011375 0.010505 0.003524 0.142783 0.018845 0.002821 0.017442 0.221601 0.057858 0.406081 0.013866 0.097386 0.815729 0.010296 0.092549 0.012472 0.039152 0.515175 0.003890 0.091727 0.011204 0.097648 0.070169 0.071759 0.100346 0.013299 0.099462 0.004705 
0.000118 0.001838 0.002336 0.001935 0.000079 0.004725 0.000080 0.003405 0.009804 0.001951 0.000609 0.002055 0.000414 0.004599 0.000055 0.001696 0.005479 0.016017 0.002819 0.000719 0.000202 0.000031 0.003812 0.001204 0.000430 0.001026 0.000042 0.009746 0.000134 0.027072 0.002553 0.018908 0.002857 0.001859 0.003397 0.010951 0.003383 0.001784 0.052675 0.003387 0.018759 0.041473 0.002079 0.026447 0.017116 0.128404 0.000568 0.002499 0.011342 0.000615 0.020631 0.049682 0.027438 0.025250 0.022741 0.004074 0.017426 0.375550 0.004284 0.048439 0.000618 0.003954 0.001095 0.001728 0.013211 0.000342 0.003784 0.297826 0.006064 0.014152 0.003944 0.004630 0.043221 0.102825 0.019798 
-0.000000 0.001225 0.001625 0.000595 0.000059 0.004134 0.000063 0.002856 0.007667 0.001262 0.000355 0.002081 0.000305 0.003449 0.000038 0.002035 0.004555 0.011441 0.001957 0.000596 0.000188 0.000024 0.002448 0.000752 0.000387 0.000616 0.000034 0.005346 0.000083 0.021473 0.001702 0.016530 0.002374 0.001751 0.002979 0.008603 0.002243 0.000961 0.044687 0.002265 0.015025 0.030413 0.001449 0.018909 0.013301 0.112048 0.000324 0.001921 0.008741 0.000482 0.014352 0.037534 0.024299 0.017782 0.018434 0.002783 0.011496 0.553673 0.002880 0.040800 0.000361 0.002325 0.000449 0.001498 0.009390 0.000285 0.002514 0.484982 0.004410 0.010684 0.002892 0.003389 0.034049 0.072154 0.015610 
0.000118 0.001225 0.000914 0.001042 0.000040 0.000984 0.000018 0.001044 0.003519 0.001435 0.000609 0.001413 0.000294 0.003449 0.000039 0.003053 0.002155 0.007745 0.002620 0.000822 0.000230 0.000037 0.002187 0.001530 0.000060 0.001796 0.000033 0.007333 0.000284 0.010507 0.006620 0.006861 0.005012 0.003718 0.009040 0.002040 0.007098 0.006175 0.005656 0.008446 0.007088 0.042625 0.005489 0.048422 0.005638 0.029006 0.002838 0.009845 0.008170 0.002882 0.094836 0.017630 0.002692 0.014952 0.127058 0.038579 0.230059 0.014612 0.042974 0.464796 0.009603 0.075495 0.014719 0.039993 0.488262 0.004877 0.102647 0.011090 0.120250 0.065023 0.098329 0.128731 0.013827 0.098100 0.004569 
0.000588 0.003064 0.001219 0.001935 0.000099 0.001772 0.000043 0.001208 0.004022 0.002353 0.000660 0.001644 0.000425 0.005653 0.000095 0.002035 0.001631 0.005985 0.003118 0.001007 0.000383 0.000048 0.002187 0.001856 0.000061 0.002309 0.000023 0.005582 0.000334 0.007899 0.006998 0.003509 0.004880 0.003264 0.008465 0.001221 0.006803 0.005454 0.002979 0.004742 0.003354 0.017741 0.004347 0.016098 0.002472 0.011657 0.002676 0.006308 0.002905 0.001435 0.036042 0.004672 0.000857 0.003479 0.024676 0.015367 0.065166 0.004693 0.006158 0.049966 0.006581 0.034152 0.012724 0.030881 0.065564 0.005029 0.046092 0.002744 0.012439 0.008330 0.012527 0.037917 0.002562 0.013854 0.001054 
-0.000000 0.000306 0.001727 0.000595 0.000059 0.001969 0.000015 0.001428 0.005531 0.001090 0.000152 0.001182 0.000142 0.002683 0.000014 -0.000000 0.004586 0.008449 0.001426 0.000267 0.000104 0.000008 0.001605 0.000251 0.000357 0.000410 0.000023 0.004589 0.000083 0.017946 0.001229 0.014424 0.001319 0.001297 0.001515 0.009824 0.001655 0.000720 0.049998 0.001799 0.016143 0.028033 0.000834 0.019420 0.014984 0.121807 0.000243 0.001428 0.009972 0.000319 0.012313 0.045352 0.031776 0.024493 0.019741 0.001916 0.010690 0.596230 0.003628 0.045114 0.000286 0.002129 0.000281 0.001085 0.008680 0.000152 0.002565 0.676253 0.005065 0.015721 0.003248 0.003631 0.061292 0.110673 0.030087 
0.000588 0.000919 0.001117 0.001935 0.000109 0.001673 0.000041 0.001703 0.005153 0.002008 0.000711 0.002081 0.000545 0.006228 0.000042 0.002374 0.002893 0.010385 0.002852 0.001315 0.000459 0.000055 0.003230 0.001454 0.000111 0.002155 0.000039 0.009414 0.000451 0.017255 0.006903 0.007992 0.006594 0.004172 0.007943 0.002899 0.008385 0.005832 0.008247 0.007748 0.008161 0.045543 0.005445 0.043439 0.006658 0.031988 0.002817 0.008995 0.008475 0.002267 0.083338 0.021524 0.004176 0.015277 0.098946 0.026096 0.147100 0.019412 0.031056 0.385622 0.006221 0.042734 0.010590 0.024369 0.210612 0.003947 0.059704 0.015434 0.132465 0.080853 0.078549 0.086729 0.016663 0.117480 0.006550 
0.000353 0.000613 0.000711 0.001637 0.000079 0.001378 0.000033 0.001593 0.004776 0.001836 0.000203 0.001053 0.000393 0.003832 0.000034 0.001357 0.002524 0.005809 0.001625 0.000678 0.000146 0.000023 0.002086 0.000802 0.000101 0.000975 0.000020 0.003406 0.000284 0.007669 0.002175 0.004795 0.001846 0.001470 0.001672 0.002013 0.002354 0.001475 0.007469 0.001249 0.004114 0.012135 0.001010 0.009710 0.003877 0.022229 0.000182 0.001173 0.003083 0.000361 0.008154 0.009750 0.002992 0.005134 0.008129 0.002420 0.010104 0.031251 0.001496 0.018782 0.000398 0.001999 0.000534 0.001254 0.006387 0.000285 0.002159 0.023323 0.002464 0.005102 0.001871 0.002270 0.015372 0.034836 0.007078 
0.000118 0.002451 0.000813 0.001339 0.000059 0.001083 0.000024 0.000604 0.001760 0.001377 0.000559 0.000899 0.000316 0.002874 0.000050 0.003053 0.001385 0.003344 0.001426 0.000781 0.000209 0.000029 0.001324 0.000878 0.000026 0.001950 0.000012 0.003879 0.000334 0.005138 0.005201 0.002222 0.003033 0.002162 0.004233 0.000832 0.002905 0.002950 0.001943 0.003302 0.002169 0.010368 0.002518 0.009327 0.001468 0.007048 0.001236 0.003384 0.001624 0.000775 0.021038 0.003613 0.000592 0.001902 0.013596 0.008026 0.031265 0.003840 0.003527 0.031454 0.002693 0.015338 0.005871 0.011909 0.038869 0.002277 0.025548 0.003316 0.009200 0.005844 0.010083 0.033529 0.001838 0.010811 0.000820 
0.000118 0.001225 0.000813 0.001042 0.000069 0.000788 0.000030 0.001263 0.002765 0.001836 0.000609 0.001259 0.000284 0.004407 0.000044 0.002713 0.001508 0.003960 0.001559 0.000924 0.000292 0.000044 0.001144 0.001254 0.000036 0.002206 0.000014 0.003548 0.000300 0.005062 0.005106 0.002651 0.004088 0.002356 0.006480 0.000725 0.004965 0.005146 0.001770 0.004297 0.002057 0.010675 0.003572 0.013096 0.001359 0.005602 0.002858 0.005713 0.001725 0.001192 0.031557 0.003489 0.000600 0.002319 0.019015 0.012806 0.047593 0.003200 0.003942 0.037025 0.005818 0.022703 0.034212 0.020027 0.043782 0.015295 0.029357 0.001372 0.008890 0.005757 0.010717 0.029535 0.001956 0.010971 0.000752 
0.000118 0.001225 0.001828 0.001488 0.000069 0.002855 0.000050 0.001867 0.006410 0.002181 0.000305 0.001772 0.000240 0.003545 0.000034 0.002035 0.003817 0.009065 0.002189 0.000616 0.000202 0.000031 0.002608 0.000627 0.000194 0.001129 0.000029 0.007569 0.000184 0.016949 0.002364 0.011657 0.002286 0.002378 0.002926 0.005556 0.003016 0.001612 0.022408 0.003641 0.012543 0.034100 0.001669 0.026447 0.011354 0.075181 0.000547 0.002602 0.009464 0.000661 0.023403 0.037254 0.013041 0.023488 0.032030 0.005062 0.023943 0.113486 0.006148 0.077646 0.000759 0.005453 0.001292 0.002737 0.019380 0.000417 0.006857 0.104611 0.010113 0.027954 0.007362 0.008382 0.139580 0.225351 0.072386 
0.000235 0.001225 0.001727 0.001042 0.000049 0.002756 0.000046 0.001757 0.007542 0.001951 0.000508 0.001772 0.000240 0.004120 0.000039 0.001018 0.003170 0.008537 0.002189 0.000740 0.000264 0.000033 0.002287 0.001003 0.000175 0.000770 0.000041 0.008421 0.000117 0.015875 0.003499 0.011851 0.003385 0.002789 0.004128 0.004684 0.004045 0.002230 0.016493 0.004657 0.012029 0.041012 0.002913 0.032643 0.010922 0.062259 0.001013 0.003367 0.010454 0.001056 0.035227 0.036631 0.009629 0.024029 0.046546 0.008228 0.039319 0.066023 0.009795 0.133723 0.001579 0.009624 0.002303 0.005060 0.034938 0.000892 0.011326 0.054535 0.021414 0.061883 0.014197 0.016674 0.106997 0.685341 0.040034 
-0.000000 0.001532 0.000813 0.001191 0.000079 0.001083 0.000031 0.001318 0.003897 0.001664 0.000559 0.001644 0.000327 0.004695 0.000050 0.001696 0.001139 0.003696 0.001459 0.000719 0.000306 0.000027 0.001244 0.001279 0.000037 0.001180 0.000017 0.004400 0.000300 0.006135 0.004539 0.002027 0.002462 0.002508 0.004912 0.001100 0.004891 0.003362 0.002418 0.003323 0.002348 0.011827 0.002971 0.012010 0.001514 0.007410 0.001703 0.003860 0.001890 0.001101 0.025116 0.004890 0.000677 0.002428 0.017854 0.009660 0.041589 0.003520 0.004210 0.039003 0.003944 0.019574 0.011067 0.015777 0.046457 0.004801 0.031185 0.001029 0.010681 0.007261 0.011460 0.039340 0.002679 0.014415 0.000937 
0.000235 0.001532 0.001117 0.001488 0.000128 0.001575 0.000057 0.001812 0.007793 0.002008 0.000355 0.002029 0.000556 0.006323 0.000058 0.003392 0.003078 0.009417 0.002355 0.000945 0.000278 0.000058 0.002608 0.001780 0.000150 0.001693 0.000038 0.008516 0.000234 0.015338 0.005579 0.009668 0.004880 0.003502 0.006427 0.004013 0.004376 0.003019 0.012348 0.004318 0.008899 0.031873 0.003147 0.030791 0.007492 0.043916 0.001318 0.004574 0.008082 0.001181 0.035309 0.024452 0.005968 0.017457 0.043981 0.008571 0.044518 0.032425 0.010155 0.134172 0.001719 0.011319 0.003371 0.007629 0.046566 0.001063 0.015009 0.027439 0.024601 0.070888 0.017259 0.021606 0.039388 0.400089 0.014819 
0.000235 0.000613 0.000914 0.001191 0.000040 0.002264 0.000031 0.000769 0.005028 0.001262 0.000355 0.001079 0.000207 0.003066 0.000034 0.002035 0.002031 0.005985 0.001227 0.000514 0.000118 0.000018 0.001444 0.000577 0.000107 0.000564 0.000016 0.003217 0.000100 0.008129 0.001324 0.005185 0.001539 0.000757 0.002404 0.002738 0.001471 0.000789 0.009412 0.001270 0.005388 0.012979 0.000805 0.008432 0.004047 0.027741 0.000162 0.000901 0.003070 0.000334 0.008154 0.009905 0.004819 0.005582 0.008322 0.001371 0.006004 0.070716 0.001385 0.013750 0.000244 0.001477 0.000730 0.000871 0.004749 0.000190 0.001600 0.130106 0.002136 0.003358 0.001531 0.002118 0.010639 0.023784 0.005564 
0.000470 0.001532 0.002742 0.002232 0.000109 0.002264 0.000054 0.001812 0.004902 0.001664 0.000203 0.001849 0.000393 0.005270 0.000063 0.001018 0.003355 0.008713 0.002156 0.000616 0.000237 0.000030 0.002307 0.001229 0.000118 0.001436 0.000027 0.007333 0.000284 0.012807 0.004350 0.007368 0.003912 0.002637 0.005853 0.002966 0.004928 0.002847 0.009801 0.004636 0.007557 0.028954 0.003030 0.026766 0.006364 0.037681 0.001176 0.003911 0.006851 0.001052 0.033270 0.021711 0.004399 0.013746 0.041611 0.008994 0.044298 0.027092 0.010016 0.132106 0.001949 0.012666 0.003258 0.008164 0.053499 0.001271 0.016456 0.021608 0.029012 0.088093 0.020089 0.026327 0.031663 0.297665 0.013804 
