# Flux Network Reconstruction using RW method
# Walkers leave from emitting cells
# Probability involves emitting fluxes, then absorbing flux is shared among connections
# Seed: 1684539243
# Threshold: 0.5
# Precision: 100000.0
# Dt: 1.0
# Radius step: 2.000000
# Matrix output


0.000228 0.008586 0.003639 0.000218 0.007064 0.012553 0.004982 0.010179 0.001093 0.006614 0.003334 0.006235 0.000132 0.026382 0.000655 0.001400 0.000746 0.001242 0.000011 0.000600 0.000055 0.001852 0.000121 0.000765 0.000711 0.000267 0.000219 0.000341 0.000131 0.001044 0.000029 0.000063 0.000141 0.001855 0.000057 0.000091 0.000345 -0.000000 0.000406 0.000050 0.000040 -0.000000 -0.000000 0.000033 0.000687 -0.000000 -0.000000 0.000011 0.000040 0.000024 -0.000000 -0.000000 0.000011 -0.000000 -0.000000 -0.000000 -0.000000 -0.000000 -0.000000 -0.000000 -0.000000 -0.000000 -0.000000 -0.000000 -0.000000 0.000027 -0.000000 -0.000000 -0.000000 -0.000000 -0.000000 -0.000000 -0.000000 -0.000000 -0.000000 
0.005567 0.001924 0.124219 0.002722 0.073787 0.022903 0.001246 0.008240 0.000429 0.044068 0.013338 0.001025 0.000036 0.033190 0.001420 0.003068 0.001817 0.000358 0.000023 0.000122 0.000276 0.000370 0.000152 0.000121 0.000489 0.000218 0.000063 0.000273 0.000087 -0.000000 0.000009 0.000063 0.000031 0.000186 -0.000000 0.000181 0.000049 -0.000000 0.000090 0.000025 0.000030 -0.000000 0.000065 -0.000000 -0.000000 -0.000000 -0.000000 -0.000000 -0.000000 -0.000000 -0.000000 -0.000000 -0.000000 -0.000000 -0.000000 -0.000000 -0.000000 -0.000000 -0.000000 -0.000000 -0.000000 -0.000000 -0.000000 -0.000000 -0.000000 -0.000000 -0.000000 -0.000000 -0.000000 -0.000000 -0.000000 -0.000000 -0.000000 -0.000000 -0.000000 
0.001620 0.006316 0.013565 0.000860 0.025863 0.022903 0.005498 0.018954 0.001964 0.021303 0.009752 0.008371 0.000141 0.067741 0.001784 0.003648 0.002628 0.001863 0.000081 0.001061 0.000386 0.002963 0.000697 0.001450 0.002088 0.001092 0.000344 0.001092 0.000305 0.002982 0.000053 0.000378 0.000281 0.002412 0.000170 0.001087 0.000739 0.000015 0.000586 0.000276 0.000089 0.000362 0.000261 0.000167 0.000916 -0.000000 -0.000000 0.000055 -0.000000 0.000024 0.000025 0.000042 -0.000000 0.000327 0.000053 0.000031 -0.000000 -0.000000 0.000021 -0.000000 -0.000000 0.000012 -0.000000 -0.000000 0.000018 0.000027 -0.000000 -0.000000 -0.000000 -0.000000 -0.000000 -0.000000 -0.000000 -0.000000 -0.000000 
0.276102 -0.000000 0.007008 0.011842 0.113669 0.000057 -0.000000 -0.000000 -0.000000 0.001323 0.023089 -0.000000 -0.000000 0.000340 0.081653 0.000028 0.000649 -0.000000 0.000276 -0.000000 0.088263 -0.000000 0.003305 -0.000000 0.000044 0.000121 -0.000000 0.007442 0.013895 -0.000000 -0.000000 0.000084 -0.000000 -0.000000 0.008627 -0.000000 -0.000000 0.000020 -0.000000 -0.000000 -0.000000 0.003001 -0.000000 -0.000000 -0.000000 0.000059 0.000930 -0.000000 0.000121 -0.000000 -0.000000 -0.000000 0.000022 -0.000000 -0.000000 0.001291 0.000186 -0.000000 -0.000000 -0.000000 -0.000000 -0.000000 -0.000000 -0.000000 -0.000000 0.000348 -0.000000 -0.000000 -0.000000 -0.000000 -0.000000 -0.000000 -0.000000 0.000034 -0.000000 
0.008944 0.013915 0.196284 0.005226 0.211689 0.129754 0.008891 0.048521 0.003321 0.164505 0.048696 0.006662 0.000234 0.179565 0.004441 0.012754 0.006490 0.002261 0.000090 0.000765 0.000883 0.002500 0.000697 0.001450 0.003775 0.001019 0.000250 0.000410 0.000436 0.001193 0.000043 0.000315 0.000281 0.000557 0.000057 0.000362 0.000591 -0.000000 0.000451 0.000025 0.000020 0.000052 0.000065 -0.000000 -0.000000 -0.000000 -0.000000 -0.000000 -0.000000 -0.000000 -0.000000 -0.000000 -0.000000 -0.000000 -0.000000 -0.000000 -0.000000 -0.000000 -0.000000 -0.000000 -0.000000 -0.000000 -0.000000 -0.000000 -0.000000 -0.000000 -0.000000 -0.000000 -0.000000 -0.000000 -0.000000 -0.000000 -0.000000 -0.000000 -0.000000 
0.853815 0.000148 0.238843 0.060482 0.191042 0.002033 0.000064 0.001046 0.000057 0.015873 0.020007 0.000085 0.000003 0.006127 0.022424 0.000622 0.001720 0.000016 0.000126 -0.000000 0.015069 -0.000000 0.000788 -0.000000 0.000400 0.000194 -0.000000 0.002321 0.003267 0.000149 -0.000000 0.000042 0.000031 -0.000000 0.002100 -0.000000 -0.000000 0.000015 -0.000000 -0.000000 -0.000000 0.000931 -0.000000 -0.000000 -0.000000 0.000059 0.000093 -0.000000 -0.000000 -0.000000 -0.000000 -0.000000 -0.000000 -0.000000 -0.000000 0.000315 0.000012 -0.000000 -0.000000 -0.000000 -0.000000 -0.000000 -0.000000 -0.000000 -0.000000 0.000054 -0.000000 -0.000000 -0.000000 -0.000000 -0.000000 -0.000000 -0.000000 -0.000000 0.000048 
0.005179 0.025462 0.177516 0.004030 0.193541 0.205883 0.014560 0.061583 0.004495 0.175574 0.044292 0.008798 0.000404 0.190458 0.002767 0.013589 0.005159 0.002858 0.000058 0.001061 0.000331 0.002037 0.000182 0.001289 0.002665 0.000704 0.000344 0.000410 0.000174 0.000447 0.000025 0.000210 0.000172 0.001113 -0.000000 0.000362 0.000148 0.000002 0.000135 -0.000000 0.000020 -0.000000 -0.000000 -0.000000 -0.000000 -0.000000 -0.000000 -0.000000 -0.000000 -0.000000 -0.000000 -0.000000 -0.000000 -0.000000 -0.000000 -0.000000 0.000012 -0.000000 -0.000000 -0.000000 -0.000000 -0.000000 -0.000000 -0.000000 -0.000000 -0.000000 -0.000000 -0.000000 -0.000000 -0.000000 -0.000000 -0.000000 -0.000000 -0.000000 -0.000000 
0.000479 0.443912 0.011369 0.000412 0.015214 0.068993 0.134843 0.072603 0.010909 0.021999 0.005096 0.106087 0.002465 0.109271 0.000364 0.003577 0.001071 0.010491 0.000015 0.006367 0.000110 0.015137 0.000091 0.007449 0.000933 0.000267 0.002787 0.000205 0.000044 0.005218 0.000112 0.000105 0.000219 0.003154 -0.000000 0.000453 0.000493 -0.000000 0.000226 0.000176 0.000050 -0.000000 0.000065 0.000100 -0.000000 -0.000000 -0.000000 0.000022 -0.000000 0.000047 -0.000000 0.000042 -0.000000 -0.000000 -0.000000 -0.000000 -0.000000 -0.000000 -0.000000 -0.000000 0.000030 -0.000000 -0.000000 -0.000000 -0.000000 -0.000000 -0.000000 -0.000000 -0.000000 -0.000000 -0.000000 -0.000000 0.000006 -0.000000 -0.000000 
0.003308 0.071354 0.035431 0.001909 0.064224 0.162935 0.049135 0.118879 0.013464 0.080408 0.023907 0.061243 0.001318 0.257689 0.003058 0.012698 0.006198 0.011184 0.000119 0.005697 0.000828 0.016386 0.001365 0.007570 0.005419 0.001699 0.003726 0.001707 0.000436 0.010883 0.000164 0.000566 0.000921 0.006308 0.000397 0.001812 0.001774 0.000010 0.001759 0.000728 0.000228 0.000103 0.000457 0.000301 0.001833 0.000020 0.000093 0.000033 0.000081 0.000071 -0.000000 0.000042 0.000011 -0.000000 0.000027 -0.000000 0.000012 0.000028 -0.000000 0.000074 0.000030 -0.000000 0.000004 0.000014 -0.000000 -0.000000 -0.000000 -0.000000 -0.000000 -0.000000 -0.000000 -0.000000 -0.000000 -0.000000 -0.000000 
0.001301 0.210754 0.019971 0.000713 0.030754 0.120243 0.100762 0.109211 0.014315 0.036827 0.010381 0.096777 0.002281 0.172246 0.001129 0.006377 0.002174 0.014025 0.000035 0.007584 0.000331 0.018562 0.000485 0.008577 0.002576 0.000534 0.003288 0.000341 0.000174 0.010585 0.000142 0.000273 0.000500 0.005195 0.000057 0.000815 0.001035 0.000003 0.000722 0.000301 0.000089 -0.000000 -0.000000 -0.000000 0.000229 0.000039 0.000093 -0.000000 -0.000000 -0.000000 -0.000000 -0.000000 -0.000000 -0.000000 0.000053 -0.000000 -0.000000 -0.000000 0.000021 -0.000000 -0.000000 -0.000000 -0.000000 -0.000000 -0.000000 -0.000000 -0.000000 -0.000000 -0.000000 -0.000000 -0.000000 -0.000000 -0.000000 -0.000000 -0.000000 
0.000046 0.617953 0.000391 0.000024 0.000761 0.003440 0.037388 0.004388 0.000846 0.000975 0.000440 0.037925 0.000416 0.007659 0.000036 0.000240 0.000292 0.001059 -0.000000 0.000739 0.000055 0.002685 -0.000000 0.001208 0.000222 0.000097 0.000532 0.000137 -0.000000 0.000745 0.000020 -0.000000 0.000031 0.000557 -0.000000 0.000272 0.000099 -0.000000 0.000090 0.000075 0.000030 -0.000000 -0.000000 -0.000000 0.000229 -0.000000 -0.000000 -0.000000 -0.000000 -0.000000 -0.000000 -0.000000 -0.000000 -0.000000 -0.000000 -0.000000 -0.000000 -0.000000 -0.000000 -0.000000 -0.000000 -0.000000 -0.000000 -0.000000 -0.000000 -0.000000 -0.000000 -0.000000 -0.000000 -0.000000 -0.000000 -0.000000 -0.000000 -0.000000 -0.000000 
0.000297 0.730954 0.003549 0.000230 0.006520 0.027082 0.183850 0.036429 0.006070 0.010721 0.002517 0.184841 0.002544 0.075571 0.000255 0.002432 0.000746 0.007864 0.000010 0.005532 0.000166 0.016433 0.000182 0.008657 0.001510 0.000218 0.003601 0.000205 0.000044 0.010883 0.000112 0.000210 0.000281 0.004453 -0.000000 0.000815 0.001035 -0.000000 0.000496 0.000301 0.000050 0.000052 0.000130 0.000301 0.000458 -0.000000 -0.000000 0.000011 -0.000000 0.000047 -0.000000 0.000042 -0.000000 -0.000000 0.000027 -0.000000 -0.000000 -0.000000 -0.000000 -0.000000 -0.000000 -0.000000 -0.000000 -0.000000 -0.000000 -0.000000 -0.000000 -0.000000 -0.000000 -0.000000 -0.000000 -0.000000 -0.000000 -0.000000 -0.000000 
0.000160 0.573986 0.001865 0.000065 0.003477 0.011658 0.108708 0.015868 0.002798 0.005361 0.001573 0.133335 0.001386 0.036594 0.000255 0.001541 0.000487 0.003869 0.000007 0.002348 -0.000000 0.007591 0.000121 0.004832 0.000755 0.000146 0.001973 0.000205 0.000044 0.006112 0.000069 0.000105 0.000219 0.004638 -0.000000 0.000272 0.000690 -0.000000 0.000451 0.000151 0.000060 -0.000000 0.000196 0.000067 0.000458 -0.000000 -0.000000 0.000044 -0.000000 0.000071 0.000025 -0.000000 -0.000000 -0.000000 -0.000000 -0.000000 -0.000000 -0.000000 0.000021 -0.000000 0.000059 -0.000000 -0.000000 -0.000000 0.000018 -0.000000 0.000153 -0.000000 -0.000000 -0.000000 -0.000000 0.000041 -0.000000 -0.000000 -0.000000 
0.003491 0.058277 0.060064 0.002681 0.100085 0.445416 0.045613 0.222044 0.019344 0.129070 0.033470 0.050993 0.001341 0.411043 0.003203 0.018750 0.006782 0.013643 0.000128 0.006054 0.000828 0.013933 0.000849 0.005960 0.005641 0.001650 0.002599 0.001229 0.000479 0.006411 0.000150 0.000587 0.000781 0.006493 0.000341 0.001268 0.001281 0.000008 0.001263 0.000276 0.000169 0.000052 0.000261 0.000100 0.000458 -0.000000 -0.000000 0.000033 0.000081 0.000024 -0.000000 -0.000000 -0.000000 0.000109 -0.000000 0.000031 0.000025 -0.000000 -0.000000 -0.000000 0.000030 -0.000000 -0.000000 0.000014 -0.000000 -0.000000 -0.000000 -0.000000 -0.000000 -0.000000 -0.000000 -0.000000 -0.000000 -0.000000 -0.000000 
0.193803 0.000049 0.030348 0.090918 3.269878 0.002403 -0.000000 0.001046 0.000016 0.076648 0.693502 -0.000000 0.000002 0.007659 0.640880 0.001273 0.031767 0.000048 0.002560 -0.000000 0.127676 -0.000000 0.011159 -0.000000 0.001022 0.001044 -0.000000 0.024919 0.033277 -0.000000 0.000004 0.000189 0.000031 -0.000000 0.015722 0.000272 -0.000000 0.000072 -0.000000 -0.000000 -0.000000 0.003726 0.000391 -0.000000 0.000229 0.000296 0.001860 -0.000000 -0.000000 -0.000000 -0.000000 -0.000000 0.000067 -0.000000 -0.000000 0.000976 0.000272 0.000028 -0.000000 -0.000000 -0.000000 -0.000000 -0.000000 -0.000000 -0.000000 0.000348 -0.000000 -0.000000 -0.000000 -0.000000 -0.000000 -0.000000 -0.000000 -0.000000 -0.000000 
0.051155 0.000148 0.019159 0.010999 0.195823 0.002204 0.000215 0.002908 0.000316 0.049915 0.093113 0.000171 0.000012 0.025360 0.139752 0.004383 0.036083 0.000597 0.002219 0.000209 0.334286 0.000741 0.035844 0.000403 0.017989 0.012840 0.000282 0.081585 0.094344 0.001938 0.000055 0.006252 0.002858 0.005751 0.096089 0.015762 0.002069 0.001249 0.003203 0.000251 0.000337 0.052371 0.013829 0.001103 0.024974 0.009215 0.055905 0.000562 0.012094 0.000283 0.004328 0.000845 0.002912 0.003814 0.000267 0.013693 0.004595 0.004599 0.001827 0.000037 0.000237 0.000382 0.000019 0.000069 0.000683 0.005141 -0.000000 0.000008 0.001496 0.000114 0.000056 -0.000000 0.000025 0.001208 0.001298 
0.000046 0.194224 0.000902 0.000053 0.001521 0.009212 0.674988 0.012781 0.002563 0.001462 0.000377 0.655228 0.002463 0.013106 0.000036 0.000339 0.000065 0.003073 -0.000000 0.002583 -0.000000 0.006573 -0.000000 0.004107 0.000044 0.000024 0.001346 -0.000000 -0.000000 0.001938 0.000018 -0.000000 0.000047 0.000186 -0.000000 0.000181 0.000099 -0.000000 -0.000000 0.000100 -0.000000 -0.000000 -0.000000 -0.000000 -0.000000 -0.000000 -0.000000 -0.000000 -0.000000 -0.000000 -0.000000 -0.000000 -0.000000 -0.000000 0.000027 -0.000000 -0.000000 -0.000000 -0.000000 -0.000000 -0.000000 -0.000000 -0.000000 -0.000000 -0.000000 -0.000000 -0.000000 -0.000000 -0.000000 -0.000000 -0.000000 -0.000000 -0.000000 -0.000000 -0.000000 
0.160582 0.000049 0.038770 0.033399 0.590186 0.002872 0.000150 0.001939 0.000202 0.072819 0.233726 0.000256 0.000005 0.021446 0.494976 0.003733 0.055260 0.000255 0.004456 0.000130 0.435024 0.000324 0.046973 0.000121 0.012348 0.010388 -0.000000 0.107870 0.128798 0.000596 0.000024 0.004049 0.000984 0.000742 0.099779 0.007700 0.000296 0.000945 0.000496 0.000025 0.000060 0.041917 0.005479 0.000134 0.009394 0.004400 0.030138 0.000077 0.004878 0.000047 0.001535 0.000211 0.001176 0.000545 -0.000000 0.007933 0.002180 0.001254 0.000390 -0.000000 0.000030 0.000074 0.000002 -0.000000 0.000074 0.002865 -0.000000 -0.000000 0.000107 -0.000000 0.000011 0.000041 0.000012 0.000235 0.000192 
0.027676 -0.000000 0.001323 0.003594 0.055530 0.000085 -0.000000 0.000026 0.000004 0.001044 0.019189 -0.000000 -0.000000 -0.000000 0.083254 0.000042 0.001817 -0.000000 0.000510 -0.000000 0.584007 -0.000000 0.006580 -0.000000 0.000178 0.000316 -0.000000 0.020072 0.049350 -0.000000 -0.000000 0.000105 0.000016 -0.000000 0.118792 0.000362 -0.000000 0.000132 -0.000000 -0.000000 -0.000000 0.047920 0.000130 -0.000000 0.000229 0.001421 0.029301 -0.000000 0.000403 -0.000000 0.000126 -0.000000 0.000381 -0.000000 -0.000000 0.022696 0.003691 0.000530 0.000062 -0.000000 -0.000000 -0.000000 -0.000000 -0.000000 0.000018 0.008435 -0.000000 -0.000000 -0.000000 -0.000000 -0.000000 -0.000000 -0.000000 0.000201 -0.000000 
0.000958 0.048211 0.006286 0.000513 0.020756 0.047924 0.149425 0.120818 0.031177 0.035087 0.010444 0.371902 0.009695 0.456487 0.001820 0.017590 0.004543 0.069793 0.000133 0.060953 0.000497 0.186176 0.001334 0.090199 0.014569 0.003471 0.035852 0.001707 0.000523 0.149233 0.001428 0.002371 0.003623 0.086085 0.000170 0.010146 0.015765 0.000052 0.008571 0.007133 0.001608 -0.000000 0.001435 0.002841 0.008936 0.000039 0.000279 0.000484 0.000363 0.000801 0.000126 0.001183 0.000034 0.002289 0.000668 0.000031 -0.000000 0.000084 0.000103 0.000295 0.000296 0.000062 0.000023 0.000180 0.000092 -0.000000 -0.000000 0.000002 0.000036 -0.000000 0.000006 0.000041 0.000025 -0.000000 -0.000000 
0.001095 0.027930 0.008692 0.000619 0.025646 0.061287 0.068334 0.216993 0.075219 0.056808 0.015791 0.165110 0.003944 0.914676 0.003058 0.029581 0.008145 0.128498 0.000171 0.052255 0.000552 0.134610 0.002517 0.054280 0.021276 0.005243 0.021292 0.003960 0.000958 0.114049 0.001638 0.004385 0.005653 0.095918 0.000511 0.012592 0.018474 0.000040 0.013489 0.005450 0.002015 0.000207 0.002218 0.002841 0.011456 0.000118 0.000186 0.000562 0.000323 0.001036 0.000252 0.000676 0.000022 0.001417 0.000535 -0.000000 0.000012 0.000056 0.000246 0.000221 0.000414 0.000049 0.000013 0.000055 0.000074 -0.000000 -0.000000 0.000006 -0.000000 0.000013 -0.000000 -0.000000 -0.000000 -0.000000 -0.000000 
0.001369 0.023982 0.007579 0.000748 0.024994 0.035470 0.088006 0.098318 0.024479 0.052282 0.016861 0.284692 0.005824 0.516569 0.004114 0.022158 0.009378 0.065837 0.000242 0.068302 0.001490 0.220246 0.003427 0.108198 0.023008 0.006893 0.047437 0.007373 0.002526 0.223774 0.002057 0.005769 0.006481 0.163821 0.001419 0.022828 0.029904 0.000114 0.017098 0.014543 0.003335 0.000724 0.004501 0.007854 0.021079 0.000355 0.001116 0.001343 0.000887 0.003391 0.000629 0.003211 0.000146 0.006866 0.001684 0.000189 0.000050 0.000223 0.000431 0.000627 0.001657 0.000271 0.000021 0.000580 0.000425 0.000054 0.000460 0.000023 0.000143 0.000089 0.000045 0.000123 0.000086 0.000134 0.000144 
0.036735 0.000049 0.011971 0.009780 0.269719 0.001450 0.000043 0.001429 0.000089 0.066067 0.277514 0.000171 0.000004 0.015659 1.379431 0.004044 0.128594 0.000215 0.016115 0.000096 0.293383 0.000185 0.155443 0.000040 0.024385 0.027014 0.000031 0.292204 0.216913 0.000447 0.000030 0.007867 0.001421 0.002412 0.083830 0.008243 0.000739 0.001510 0.001669 0.000050 0.000119 0.031567 0.009458 0.000100 0.011685 0.005268 0.022883 0.000231 0.005080 0.000024 0.001384 0.000127 0.000784 0.000436 -0.000000 0.005131 0.001164 0.001031 0.000328 -0.000000 -0.000000 0.000025 0.000002 -0.000000 0.000037 0.001392 -0.000000 0.000002 0.000178 0.000025 0.000006 -0.000000 -0.000000 0.000134 0.000048 
-0.000000 0.002714 0.000060 -0.000000 0.000109 0.002047 0.029593 0.004668 0.001774 0.000209 0.000126 1.494698 0.008597 0.007489 -0.000000 0.000240 -0.000000 0.007331 -0.000000 0.026102 -0.000000 0.139794 -0.000000 0.301078 0.000311 0.000024 0.172776 -0.000000 -0.000000 0.042638 0.000100 0.000042 0.000047 0.002597 -0.000000 -0.000000 0.000148 -0.000000 0.000180 0.000678 0.000030 -0.000000 -0.000000 0.000033 -0.000000 -0.000000 -0.000000 -0.000000 -0.000000 0.000047 -0.000000 -0.000000 -0.000000 -0.000000 -0.000000 -0.000000 -0.000000 -0.000000 -0.000000 0.000037 -0.000000 -0.000000 -0.000000 -0.000000 -0.000000 -0.000000 -0.000000 -0.000000 -0.000000 -0.000000 -0.000000 -0.000000 -0.000000 -0.000000 -0.000000 
0.001757 0.001974 0.004030 0.000801 0.023364 0.006483 0.007173 0.019337 0.003774 0.026524 0.015414 0.026906 0.000383 0.144503 0.006407 0.009248 0.009735 0.012712 0.000323 0.013412 0.004968 0.048234 0.008218 0.020858 0.018344 0.009029 0.010301 0.014952 0.006446 0.080505 0.000850 0.007112 0.006575 0.098515 0.005278 0.030166 0.020691 0.000305 0.018090 0.008540 0.003583 0.005123 0.013242 0.009926 0.057737 0.002131 0.009209 0.002147 0.005039 0.006194 0.003724 0.010097 0.001210 0.020924 0.003182 0.001385 0.000916 0.002927 0.002914 0.001438 0.003876 0.001811 0.000237 0.001368 0.002049 0.000589 0.000307 0.000125 0.003135 0.000786 0.000346 0.000613 0.000321 0.001409 0.002259 
0.004951 0.000247 0.014888 0.002804 0.152138 0.009226 0.000601 0.012908 0.001737 0.578935 0.399442 0.001879 0.000044 0.250200 0.084638 0.085336 0.785028 0.005269 0.013413 0.002418 0.020424 0.005925 0.175882 0.001933 0.403657 0.217936 0.000814 0.167198 0.030838 0.009840 0.000684 0.036650 0.019302 0.035436 0.010159 0.053537 0.011823 0.000800 0.019128 0.001180 0.001737 0.004554 0.017416 0.001638 0.037575 0.001618 0.004186 0.000859 0.003225 0.000447 0.001384 0.000422 0.000302 0.002180 0.000080 0.000441 0.000161 0.000530 0.000554 0.000111 0.000207 0.000074 0.000008 0.000028 0.000185 0.000161 -0.000000 -0.000000 0.000071 -0.000000 0.000017 -0.000000 0.000006 0.000101 0.000144 
0.001255 0.007649 0.004602 0.000619 0.014996 0.010975 0.033501 0.028980 0.006333 0.028195 0.012520 0.154432 0.002132 0.179225 0.004041 0.011142 0.007625 0.018817 0.000261 0.043993 0.002318 0.251028 0.005216 0.200249 0.017012 0.006893 0.087202 0.010377 0.003615 0.353626 0.001710 0.005853 0.006184 0.181817 0.002043 0.026361 0.034879 0.000181 0.019579 0.021274 0.004596 0.001863 0.009393 0.013436 0.040783 0.000789 0.003721 0.002477 0.002782 0.007089 0.001761 0.008660 0.000381 0.016456 0.004572 0.000409 0.000223 0.001087 0.001539 0.001696 0.003136 0.001146 0.000145 0.001382 0.001182 0.000134 0.001074 0.000074 0.001104 0.000469 0.000178 0.000450 0.000198 0.000403 0.000673 
0.001506 0.005971 0.007399 0.000896 0.031732 0.023855 0.013572 0.087170 0.023710 0.124266 0.039070 0.044587 0.000995 1.490306 0.007099 0.102262 0.027841 0.162160 0.000638 0.064736 0.002374 0.179094 0.011978 0.047113 0.110286 0.027281 0.017660 0.016522 0.003702 0.220494 0.007954 0.022720 0.032919 0.399812 0.001362 0.073738 0.094243 0.000236 0.076286 0.019591 0.010849 0.000983 0.012785 0.013736 0.070339 0.000474 0.001116 0.003556 0.002016 0.004616 0.001006 0.005745 0.000202 0.008500 0.002112 0.000063 0.000062 0.000446 0.000924 0.000958 0.001627 0.000271 0.000047 0.000401 0.000609 -0.000000 0.000153 0.000032 0.000214 0.000127 0.000028 0.000123 0.000025 0.000134 0.000048 
0.000023 0.006859 0.000361 0.000018 0.001195 0.003668 0.038999 0.009847 0.003304 0.002158 0.000503 0.470814 0.005085 0.040679 0.000036 0.001965 0.000454 0.011502 0.000006 0.038957 -0.000000 0.254778 0.000182 0.541756 0.002443 0.000291 0.342359 0.000137 0.000131 0.278190 0.000558 0.000168 0.000562 0.046196 -0.000000 0.001178 0.005124 -0.000000 0.001759 0.007460 0.000268 -0.000000 0.000130 0.000936 0.001604 -0.000000 -0.000000 0.000077 0.000081 0.000259 -0.000000 0.000042 -0.000000 0.000327 0.000428 -0.000000 -0.000000 -0.000000 -0.000000 0.000295 0.000178 -0.000000 0.000006 0.000124 -0.000000 -0.000000 0.000153 0.000003 0.000036 -0.000000 -0.000000 -0.000000 -0.000000 0.000034 -0.000000 
0.004609 0.001036 0.014858 0.002274 0.123232 0.014458 0.001267 0.024873 0.003709 0.652242 0.244862 0.003587 0.000092 0.540568 0.044958 0.190002 0.303102 0.014909 0.005874 0.006158 0.011261 0.018886 0.099070 0.003463 0.740246 0.222863 0.001691 0.109986 0.018512 0.027282 0.001732 0.061762 0.044725 0.092022 0.004938 0.102636 0.030396 0.000786 0.053278 0.003039 0.004735 0.002743 0.019308 0.004345 0.063236 0.001263 0.002791 0.001784 0.003548 0.000966 0.001434 0.001436 0.000358 0.004359 0.000481 0.000220 0.000173 0.000530 0.000677 0.000147 0.000444 0.000172 0.000009 0.000041 0.000462 0.000080 -0.000000 0.000002 0.000249 0.000025 -0.000000 0.000041 -0.000000 0.000101 -0.000000 
0.030141 -0.000000 0.003218 0.005196 0.092478 0.000156 -0.000000 0.000102 0.000004 0.005987 0.043599 -0.000000 -0.000000 0.001021 0.241536 0.000339 0.012071 0.000032 0.002467 0.000009 2.995104 -0.000000 0.043849 -0.000000 0.002976 0.003981 -0.000000 0.138251 0.316484 -0.000000 0.000004 0.001762 0.000109 0.000186 0.250411 0.001540 0.000049 0.001142 0.000135 -0.000000 -0.000000 0.069086 0.004436 -0.000000 0.002749 0.006373 0.032278 -0.000000 0.003145 -0.000000 0.000654 -0.000000 0.000739 0.000109 -0.000000 0.014103 0.003146 0.000474 0.000123 -0.000000 -0.000000 0.000012 -0.000000 -0.000000 -0.000000 0.004150 -0.000000 -0.000000 0.000107 -0.000000 -0.000000 -0.000000 -0.000000 0.000168 0.000048 
0.000160 0.001086 0.003339 0.000194 0.013149 0.008288 0.002427 0.034924 0.014303 0.146822 0.025543 0.007602 0.000258 2.250948 0.001857 0.256107 0.034168 0.147960 0.000382 0.043601 0.000331 0.088737 0.007884 0.011194 0.253352 0.032281 0.002661 0.006281 0.000958 0.112409 0.011055 0.029601 0.062731 0.264934 0.000170 0.063592 0.092864 0.000092 0.110030 0.006329 0.009986 -0.000000 0.005218 0.004579 0.033451 0.000099 0.000093 0.001751 0.000242 0.000683 0.000176 0.000338 0.000011 0.001090 0.000321 -0.000000 -0.000000 -0.000000 0.000123 0.000074 0.000118 0.000012 0.000004 -0.000000 0.000037 -0.000000 -0.000000 0.000002 -0.000000 -0.000000 -0.000000 -0.000000 -0.000000 -0.000000 -0.000000 
0.012663 0.000049 0.004271 0.003505 0.099868 0.000682 0.000129 0.000689 0.000049 0.044764 0.124255 -0.000000 0.000002 0.012936 0.421805 0.005090 0.140827 0.000271 0.021568 0.000113 0.225654 0.000278 0.613161 0.000081 0.052012 0.071577 0.000031 1.032820 0.384433 0.000596 0.000038 0.015692 0.002561 0.001484 0.081900 0.018299 0.000591 0.003364 0.002301 0.000075 0.000099 0.030170 0.021395 0.000100 0.020391 0.007597 0.020092 0.000176 0.008506 0.000024 0.003397 0.000042 0.000907 0.001090 -0.000000 0.003022 0.000941 0.000864 0.000452 -0.000000 -0.000000 0.000074 -0.000000 -0.000000 0.000074 0.001312 -0.000000 0.000002 0.000036 0.000013 0.000006 -0.000000 -0.000000 0.000235 0.000048 
0.009469 0.000839 0.015730 0.003617 0.138337 0.008942 0.001546 0.016403 0.002474 0.262039 0.213530 0.003587 0.000084 0.246626 0.095996 0.051258 0.281394 0.007021 0.009837 0.003470 0.044214 0.012961 0.249934 0.003544 0.457446 0.335095 0.001252 0.334328 0.077226 0.028326 0.000866 0.075252 0.032669 0.070686 0.027357 0.141045 0.022563 0.002605 0.035820 0.003265 0.004358 0.018319 0.056554 0.005581 0.140219 0.007340 0.022139 0.003479 0.017577 0.002426 0.008227 0.003591 0.002307 0.014821 0.000802 0.002991 0.001362 0.004432 0.003079 0.000147 0.001213 0.000961 0.000060 0.000221 0.001200 0.000803 -0.000000 0.000034 0.001639 0.000292 0.000078 0.000082 0.000062 0.000738 0.000721 
0.006799 0.000197 0.007279 0.002751 0.091174 0.003327 0.000430 0.005587 0.000757 0.114590 0.152944 0.001110 0.000019 0.076251 0.133600 0.019301 0.211921 0.002109 0.013282 0.001000 0.070158 0.003935 0.819943 0.000886 0.207914 0.237110 0.000564 0.704977 0.128362 0.005814 0.000304 0.054525 0.014992 0.022263 0.043306 0.079898 0.007094 0.003254 0.014481 0.000854 0.001618 0.023701 0.051532 0.001738 0.078587 0.007834 0.024836 0.001398 0.015118 0.000612 0.006189 0.001436 0.001747 0.005776 0.000294 0.002959 0.001164 0.002955 0.002237 0.000037 0.000355 0.000505 0.000028 0.000028 0.000498 0.001071 -0.000000 0.000008 0.000855 0.000089 0.000028 0.000041 0.000012 0.000302 0.000336 
0.000297 0.001184 0.002767 0.000177 0.015540 0.007009 0.002062 0.021837 0.006645 0.134431 0.031331 0.006919 0.000222 0.871955 0.003495 0.146096 0.040528 0.062454 0.000638 0.033555 0.001049 0.092533 0.015011 0.013691 0.375986 0.055801 0.004352 0.019253 0.002831 0.143120 0.016597 0.066021 0.140313 0.584412 0.000568 0.192951 0.224696 0.000263 0.285564 0.014065 0.026960 0.000362 0.016177 0.016109 0.117537 0.000355 0.000651 0.005197 0.001492 0.003250 0.000730 0.004056 0.000011 0.007084 0.000749 -0.000000 -0.000000 0.000139 0.000780 0.000147 0.000533 0.000320 0.000015 0.000069 0.000222 0.000027 0.000153 -0.000000 0.000107 0.000013 -0.000000 0.000041 -0.000000 0.000101 -0.000000 
-0.000000 0.000099 -0.000000 -0.000000 -0.000000 0.000043 0.000623 0.000306 0.000093 0.000070 0.000063 0.010506 0.000119 0.000851 -0.000000 0.000071 -0.000000 0.000358 -0.000000 0.001618 -0.000000 0.025413 -0.000000 0.120278 0.000222 0.000049 0.408551 -0.000000 -0.000000 0.435622 0.000139 -0.000000 0.000031 0.030427 -0.000000 0.000362 0.002266 -0.000000 0.000271 0.023936 0.000069 -0.000000 -0.000000 0.002306 -0.000000 -0.000000 -0.000000 0.000033 -0.000000 0.000801 -0.000000 0.000422 -0.000000 0.000109 0.002380 -0.000000 -0.000000 -0.000000 -0.000000 0.001327 0.000562 0.000037 0.000004 0.000235 -0.000000 -0.000000 0.000307 0.000005 -0.000000 -0.000000 -0.000000 0.000082 0.000006 -0.000000 -0.000000 
0.001483 -0.000000 0.000872 0.000359 0.012280 0.000597 0.000129 0.001046 0.000130 0.027568 0.025858 -0.000000 0.000003 0.024680 0.032181 0.006985 0.047797 0.000828 0.002901 0.000391 0.036100 0.001342 0.469483 0.000161 0.228789 0.370702 0.000063 1.456652 0.173923 0.002087 0.000187 0.211804 0.028328 0.011503 0.039787 0.239151 0.004532 0.012633 0.018090 0.000251 0.001271 0.021269 0.171946 0.000869 0.205975 0.013280 0.027720 0.002037 0.037089 0.000377 0.013914 0.000591 0.002162 0.006212 0.000053 0.001920 0.000718 0.002983 0.002976 0.000037 0.000089 0.000382 0.000011 -0.000000 0.000462 0.000428 -0.000000 -0.000000 0.000499 0.000051 0.000028 -0.000000 0.000006 0.000268 0.000336 
0.006252 0.001086 0.009474 0.002345 0.065202 0.006213 0.002040 0.013623 0.002150 0.079503 0.065368 0.007687 0.000117 0.136504 0.038260 0.018312 0.049354 0.005182 0.002095 0.004236 0.039191 0.018099 0.072597 0.010067 0.169493 0.099417 0.004916 0.159552 0.060239 0.049496 0.000997 0.109783 0.044554 0.133951 0.045122 0.245582 0.040988 0.003165 0.062662 0.009946 0.010313 0.037777 0.116109 0.020755 0.342758 0.015944 0.062323 0.011352 0.045071 0.013094 0.027727 0.022136 0.007561 0.070726 0.006898 0.009444 0.005165 0.017311 0.014654 0.002433 0.010622 0.005765 0.000627 0.002390 0.008179 0.003775 0.002455 0.000288 0.011508 0.002816 0.001177 0.001226 0.001192 0.006240 0.007162 
0.006640 0.000839 0.008001 0.002569 0.064767 0.003682 0.001117 0.007934 0.001142 0.049289 0.061907 0.003844 0.000060 0.075060 0.050164 0.008951 0.042767 0.002675 0.002350 0.002027 0.083075 0.009536 0.079268 0.004993 0.066047 0.046189 0.002004 0.245165 0.181545 0.021021 0.000455 0.035559 0.018162 0.062894 0.104603 0.118307 0.019509 0.005787 0.033248 0.004647 0.005142 0.082075 0.106521 0.011430 0.233928 0.031414 0.122507 0.006871 0.061318 0.007348 0.032104 0.015715 0.012903 0.048059 0.003797 0.017030 0.009450 0.023192 0.014818 0.001217 0.006894 0.004976 0.000510 0.001534 0.008290 0.007417 0.000920 0.000253 0.011650 0.002093 0.001127 0.000613 0.000995 0.006911 0.008412 
0.000730 0.001579 0.002075 0.000306 0.011845 0.004947 0.002663 0.014771 0.003904 0.046922 0.014281 0.011446 0.000202 0.254625 0.003422 0.028549 0.015738 0.020083 0.000371 0.021666 0.001380 0.100957 0.010674 0.029274 0.091676 0.023204 0.013182 0.016658 0.004530 0.308752 0.019696 0.032014 0.061310 1.964553 0.001532 0.171210 0.659209 0.000307 0.294181 0.059326 0.064629 0.000880 0.029875 0.084490 0.213307 0.000947 0.002325 0.014964 0.004878 0.026117 0.003447 0.029698 0.000470 0.049476 0.008396 0.000252 0.000099 0.001087 0.003407 0.003318 0.007308 0.002082 0.000286 0.001920 0.001699 0.000080 0.001381 0.000079 0.001104 0.000368 0.000056 0.000450 0.000105 0.000570 0.000240 
0.002259 -0.000000 0.000211 0.000548 0.008368 0.000043 -0.000000 -0.000000 0.000004 0.001601 0.004781 -0.000000 -0.000000 0.000340 0.028431 0.000127 0.003472 0.000016 0.000482 -0.000000 0.264569 -0.000000 0.021379 -0.000000 0.003687 0.004733 -0.000000 0.121183 0.654747 -0.000000 0.000004 0.006692 0.000484 0.000371 1.853510 0.014222 0.000049 0.011622 0.000180 -0.000000 0.000030 0.838607 0.041486 0.000067 0.020162 0.133172 0.426308 0.000209 0.063575 0.000024 0.014241 0.000042 0.009140 0.000327 -0.000000 0.022130 0.007765 0.005965 0.001560 -0.000000 -0.000000 0.000049 0.000002 -0.000000 0.000185 0.005061 -0.000000 -0.000000 0.000534 0.000013 0.000006 -0.000000 -0.000000 0.000805 0.000096 
0.000023 0.000099 0.000090 -0.000000 0.000109 0.000341 0.000580 0.000536 0.000170 0.000557 0.000252 0.002050 0.000036 0.008680 0.000073 0.000665 0.000292 0.000860 0.000001 0.002018 -0.000000 0.016942 0.000091 0.021181 0.001466 0.000316 0.019851 0.000410 0.000218 0.196492 0.000406 0.000608 0.000812 0.095176 0.000114 0.002174 0.016947 0.000005 0.004195 0.044306 0.001985 0.000103 0.001109 0.012299 0.010539 0.000039 0.000093 0.000925 0.000242 0.006806 0.000252 0.007520 0.000011 0.008173 0.013209 -0.000000 0.000012 -0.000000 0.000246 0.007852 0.004645 0.000320 0.000139 0.002653 0.000295 -0.000000 0.001688 0.000082 0.000178 0.000241 0.000073 0.000818 0.000080 0.000101 0.000144 
0.004039 0.000247 0.003609 0.001214 0.031514 0.001379 0.000387 0.002372 0.000389 0.018588 0.024662 0.001110 0.000019 0.023488 0.025155 0.003238 0.014115 0.000685 0.000826 0.000583 0.122652 0.002268 0.023623 0.000966 0.018300 0.013325 0.000407 0.064722 0.081190 0.006262 0.000108 0.011161 0.004935 0.019109 0.236393 0.040583 0.006799 0.002089 0.012361 0.001984 0.001757 0.217350 0.045791 0.003877 0.102415 0.039681 0.254780 0.003094 0.043821 0.002873 0.024330 0.006717 0.016992 0.026699 0.001257 0.075707 0.028102 0.031137 0.010898 0.000479 0.002840 0.003018 0.000239 0.000981 0.005428 0.029561 0.000614 0.000128 0.010974 0.001788 0.000943 0.000531 0.000655 0.011004 0.010143 
0.001666 -0.000000 0.000421 0.000212 0.007824 0.000100 -0.000000 0.000077 0.000004 0.003342 0.008368 -0.000000 0.000002 0.002553 0.018274 0.000749 0.005289 0.000119 0.000526 0.000061 0.092293 0.000093 0.028657 -0.000000 0.011282 0.013568 -0.000000 0.149857 0.284949 0.000298 0.000021 0.020203 0.004607 0.001855 0.359668 0.052450 0.000788 0.021206 0.006135 0.000100 0.000407 0.420209 0.176708 0.000434 0.159923 0.426806 0.756621 0.001960 0.294132 0.000353 0.090703 0.000803 0.049575 0.010026 0.000027 0.026379 0.017488 0.045715 0.014531 -0.000000 0.000385 0.000961 0.000043 0.000028 0.002400 0.006560 -0.000000 0.000011 0.004632 0.000279 0.000262 -0.000000 0.000093 0.005771 0.004711 
0.002441 0.000197 0.002346 0.000648 0.020539 0.001379 0.000515 0.002475 0.000458 0.016847 0.019189 0.001794 0.000023 0.033190 0.016199 0.004893 0.015381 0.001544 0.000797 0.001157 0.035603 0.005508 0.034236 0.002295 0.042196 0.027961 0.001252 0.102681 0.069255 0.017592 0.000411 0.042692 0.024893 0.059183 0.063511 0.224747 0.024484 0.006895 0.060135 0.005450 0.008537 0.072864 0.570828 0.018215 0.995739 0.059729 0.169109 0.021537 0.329084 0.014060 0.224102 0.030248 0.032225 0.152132 0.005428 0.020335 0.013586 0.086804 0.078874 0.001733 0.015563 0.015077 0.001108 0.003012 0.028285 0.008435 0.001381 0.000495 0.038692 0.006240 0.003090 0.001553 0.001964 0.022512 0.024467 
0.000525 -0.000000 0.000150 0.000071 0.002499 0.000085 -0.000000 -0.000000 0.000020 0.001323 0.003334 -0.000000 0.000001 0.002213 0.005752 0.000339 0.002271 0.000024 0.000174 0.000043 0.024674 0.000093 0.011341 -0.000000 0.006929 0.006602 -0.000000 0.057963 0.081277 0.000447 0.000013 0.013510 0.003014 0.001484 0.091946 0.048645 0.000739 0.010713 0.006361 0.000075 0.000546 0.114988 0.224978 0.000936 0.247216 0.297225 0.397007 0.003237 0.990760 0.000612 0.300740 0.001986 0.119300 0.022994 0.000053 0.017565 0.016249 0.131850 0.039078 0.000037 0.000710 0.002661 0.000092 0.000055 0.005816 0.006266 -0.000000 0.000032 0.011900 0.000761 0.000530 0.000082 0.000179 0.010669 0.008845 
0.000274 0.000345 0.000421 0.000094 0.002391 0.000867 0.000880 0.001862 0.000373 0.003690 0.003083 0.004185 0.000057 0.018722 0.000801 0.001768 0.002109 0.001616 0.000065 0.002383 0.000718 0.018701 0.001789 0.013610 0.005019 0.002985 0.009800 0.003755 0.001917 0.121950 0.000657 0.002706 0.003342 0.178478 0.001703 0.017936 0.039954 0.000122 0.018632 0.057467 0.006849 0.001501 0.009197 0.042646 0.056821 0.001204 0.003256 0.005120 0.003064 0.027813 0.002566 0.040555 0.000806 0.055687 0.064786 0.000220 0.000297 0.001923 0.003058 0.057731 0.027960 0.004336 0.001091 0.017699 0.004690 0.000536 0.015342 0.000817 0.005558 0.002435 0.000881 0.006949 0.001359 0.001443 0.002644 
0.000479 -0.000000 -0.000000 0.000029 0.000978 -0.000000 -0.000000 -0.000000 -0.000000 -0.000000 0.000377 -0.000000 -0.000000 -0.000000 0.003021 0.000014 0.000065 -0.000000 0.000028 -0.000000 0.064969 -0.000000 0.000516 -0.000000 -0.000000 0.000097 -0.000000 0.002799 0.017641 -0.000000 -0.000000 0.000084 -0.000000 -0.000000 0.199898 0.000272 -0.000000 0.000334 -0.000000 -0.000000 -0.000000 0.841505 0.001826 -0.000000 0.000458 0.061249 3.817149 0.000033 0.007458 -0.000000 0.002415 0.000042 0.044915 0.000218 -0.000000 0.228978 0.191870 0.034956 0.002340 -0.000000 -0.000000 0.000037 -0.000000 -0.000000 0.000425 0.029829 -0.000000 -0.000000 0.002601 0.000051 0.000061 -0.000000 0.000019 0.007582 0.003317 
-0.000000 -0.000000 -0.000000 -0.000000 0.000109 0.000043 0.000021 0.000051 0.000024 0.000070 0.000063 0.000256 0.000005 0.003064 0.000036 0.000255 0.000032 0.000326 0.000001 0.001052 -0.000000 0.010276 -0.000000 0.008859 0.001110 0.000073 0.011053 -0.000000 0.000044 0.259554 0.000642 0.000231 0.000609 0.526342 -0.000000 0.001721 0.104589 -0.000000 0.010060 0.389509 0.011534 -0.000000 0.000391 0.322588 0.013060 -0.000000 -0.000000 0.003722 0.000121 0.196128 0.000101 0.140381 0.000011 0.055142 0.535642 -0.000000 -0.000000 0.000112 0.000369 0.166335 0.125304 0.001946 0.001496 0.047874 0.001034 0.000027 0.038354 0.000805 0.000891 0.000850 0.000123 0.007767 0.000556 0.000101 0.000192 
0.001323 0.000345 0.001925 0.000483 0.016083 0.001464 0.000730 0.003571 0.000603 0.017543 0.014093 0.002135 0.000030 0.036764 0.011795 0.005303 0.011260 0.001624 0.000525 0.001557 0.020920 0.009119 0.022349 0.003946 0.036910 0.021359 0.001722 0.064312 0.036893 0.031009 0.000601 0.036713 0.029359 0.111688 0.033770 0.261707 0.042860 0.003480 0.096226 0.008665 0.015118 0.038347 0.376443 0.036296 1.731889 0.029815 0.097484 0.047247 0.135859 0.028661 0.106553 0.067719 0.020498 0.359407 0.013476 0.014008 0.009376 0.067625 0.117624 0.003723 0.033286 0.032174 0.002521 0.005983 0.054299 0.006614 0.003682 0.001048 0.061031 0.011516 0.004830 0.003556 0.003762 0.026303 0.032254 
0.001301 0.000148 0.000962 0.000430 0.011736 0.000384 0.000086 0.001071 0.000121 0.008981 0.009563 0.000427 0.000007 0.012936 0.012486 0.001753 0.006976 0.000430 0.000454 0.000357 0.040240 0.001574 0.019741 0.000886 0.018966 0.013228 0.000501 0.066429 0.069909 0.004622 0.000104 0.018483 0.009042 0.015584 0.103014 0.089047 0.007537 0.005810 0.020165 0.001708 0.002730 0.126063 0.204040 0.005715 0.390185 0.155213 0.412821 0.008126 0.456638 0.005252 0.244457 0.011237 0.120891 0.069745 0.002086 0.041584 0.030046 0.188214 0.065595 0.000995 0.006273 0.008598 0.000534 0.001202 0.017576 0.015852 0.000767 0.000245 0.035735 0.004135 0.002164 0.000695 0.001340 0.027812 0.028313 
-0.000000 -0.000000 -0.000000 -0.000000 0.000109 0.000043 -0.000000 0.000102 0.000016 0.000139 0.000063 -0.000000 0.000001 0.001872 0.000036 0.000368 0.000162 0.000135 -0.000000 0.000122 0.000110 0.000417 0.000334 0.000161 0.002132 0.000583 0.000219 0.001707 0.000479 0.004622 0.000146 0.002559 0.006465 0.044156 0.000170 0.058610 0.028721 0.000137 0.105880 0.005400 0.035208 0.000776 0.047096 0.103207 0.699033 0.000552 0.001395 0.279487 0.006853 0.128373 0.009083 0.584336 0.000650 2.954590 0.011898 0.000157 0.000186 0.004795 0.028611 0.001696 0.068525 0.037433 0.003206 0.003261 0.026900 0.000080 0.001074 0.000301 0.011152 0.001839 0.000708 0.000695 0.000507 0.002047 0.002452 
0.000046 -0.000000 0.000301 0.000035 0.001739 0.000426 0.000472 0.001173 0.000235 0.002715 0.001195 0.001537 0.000034 0.013276 0.000728 0.001400 0.001136 0.001162 0.000043 0.001827 0.000442 0.011896 0.001456 0.010308 0.004841 0.001966 0.006356 0.003618 0.001568 0.094221 0.000664 0.003629 0.004466 0.226158 0.000908 0.025636 0.065128 0.000156 0.032662 0.060983 0.014234 0.000880 0.017090 0.117378 0.112954 0.001184 0.004093 0.014402 0.004394 0.119754 0.003724 0.190103 0.000930 0.241929 0.412273 0.000441 0.000495 0.003735 0.008353 0.091425 0.219541 0.017220 0.006452 0.098208 0.016653 0.000402 0.044951 0.004163 0.018491 0.009880 0.003140 0.026284 0.005751 0.003590 0.006105 
0.000023 -0.000000 -0.000000 0.000018 0.001195 0.000171 0.000172 0.000587 0.000134 0.001392 0.000566 0.001537 0.000015 0.007489 0.000291 0.000509 0.000552 0.000557 0.000019 0.000905 0.000221 0.006666 0.000849 0.004993 0.001865 0.000777 0.003945 0.001570 0.001002 0.059186 0.000316 0.001301 0.002015 0.113357 0.000397 0.010055 0.027785 0.000059 0.014526 0.034937 0.005410 0.000673 0.006066 0.043549 0.044907 0.000612 0.001767 0.005494 0.002177 0.040624 0.001962 0.063368 0.000403 0.094374 0.300000 0.000409 0.000248 0.002063 0.004454 0.252121 0.087491 0.008524 0.003532 0.144880 0.009730 0.000187 0.133165 0.004040 0.013218 0.009018 0.002688 0.052363 0.005671 0.002852 0.004663 
0.000023 -0.000000 -0.000000 -0.000000 0.000109 -0.000000 -0.000000 -0.000000 -0.000000 -0.000000 -0.000000 -0.000000 -0.000000 -0.000000 0.000036 -0.000000 -0.000000 -0.000000 -0.000000 -0.000000 0.000938 -0.000000 0.000091 -0.000000 0.000222 0.000267 0.000031 0.001092 0.001481 -0.000000 0.000001 0.000566 0.000484 0.000371 0.004030 0.008243 0.000296 0.000322 0.002887 -0.000000 0.000318 0.007193 0.067839 0.000468 0.228200 0.011938 0.058974 0.005660 0.060552 0.000447 0.105648 0.002704 0.038665 0.078137 0.000160 0.026883 0.028176 0.513379 0.571001 0.000147 0.001479 0.017159 0.000341 0.000221 0.094954 0.019145 0.000153 0.000174 0.363017 0.007572 0.008673 0.000531 0.001723 0.231592 0.176461 
-0.000000 -0.000000 -0.000000 -0.000000 -0.000000 -0.000000 -0.000000 -0.000000 -0.000000 -0.000000 -0.000000 -0.000000 -0.000000 -0.000000 -0.000000 -0.000000 -0.000000 -0.000000 -0.000000 -0.000000 0.000055 -0.000000 -0.000000 -0.000000 -0.000000 -0.000000 -0.000000 0.000068 0.000044 0.000596 -0.000000 0.000105 0.000016 0.000557 -0.000000 0.000815 0.000345 0.000003 0.000767 0.000678 0.000218 0.000103 0.003653 0.002172 0.031618 0.000020 0.000279 0.002940 0.000524 0.005369 0.001183 0.031557 0.000134 0.275059 0.010829 0.000220 0.000260 0.002871 0.010077 0.003502 0.117108 0.173051 0.064729 0.019343 0.138969 0.000107 0.010739 0.017744 0.120602 0.117698 0.017005 0.012263 0.026642 0.004462 0.008989 
0.000091 -0.000000 0.000030 0.000018 0.000326 -0.000000 -0.000000 -0.000000 -0.000000 -0.000000 0.000063 -0.000000 -0.000000 -0.000000 0.000728 -0.000000 0.000065 -0.000000 0.000003 -0.000000 0.016063 -0.000000 0.000091 -0.000000 -0.000000 0.000049 -0.000000 0.000683 0.002657 -0.000000 -0.000000 0.000063 0.000016 -0.000000 0.027357 0.000181 0.000049 0.000039 -0.000000 -0.000000 -0.000000 0.036846 0.001174 -0.000000 0.003666 0.004894 0.096554 0.000099 0.002419 -0.000000 0.002919 -0.000000 0.012926 0.001090 -0.000000 0.654889 0.119479 0.049339 0.008415 -0.000000 0.000030 0.000197 0.000015 0.000014 0.001846 1.010351 -0.000000 -0.000000 0.010653 0.000292 0.000435 0.000082 0.000068 0.057302 0.025957 
-0.000000 -0.000000 -0.000000 -0.000000 -0.000000 -0.000000 -0.000000 -0.000000 -0.000000 -0.000000 -0.000000 -0.000000 -0.000000 -0.000000 0.000073 -0.000000 -0.000000 0.000008 -0.000000 0.000009 0.000276 -0.000000 0.000121 -0.000000 0.000222 0.000121 -0.000000 0.000478 0.000131 -0.000000 0.000002 0.000608 0.000406 0.000928 0.000738 0.007156 0.000148 0.000096 0.003293 0.000301 0.000526 0.001087 0.032419 0.001437 0.177794 0.002013 0.006697 0.007774 0.011369 0.001554 0.018719 0.009294 0.004156 0.180139 0.000882 0.002770 0.003072 0.047276 0.165034 0.000332 0.010740 0.086359 0.003123 0.001451 0.666595 0.002437 0.001074 0.001193 0.887253 0.041308 0.021249 0.001758 0.006072 0.053243 0.070950 
0.000023 -0.000000 -0.000000 -0.000000 -0.000000 0.000028 0.000021 0.000102 0.000020 0.000070 -0.000000 0.000171 0.000002 0.000511 -0.000000 0.000071 0.000032 0.000040 0.000001 0.000139 -0.000000 0.001389 0.000121 0.000805 0.000533 0.000218 0.000438 0.000341 -0.000000 0.009690 0.000048 0.000294 0.000422 0.018182 0.000114 0.002174 0.004631 0.000015 0.002842 0.005827 0.001142 0.000207 0.002740 0.010027 0.013518 0.000296 0.001395 0.001475 0.001169 0.009656 0.000654 0.018968 0.000269 0.038360 0.057941 0.000126 0.000198 0.001310 0.002401 0.078412 0.037133 0.005235 0.002235 0.065780 0.006314 0.000295 0.328771 0.005279 0.011045 0.011199 0.003424 0.444575 0.009890 0.003288 0.006441 
-0.000000 -0.000000 -0.000000 -0.000000 -0.000000 -0.000000 -0.000000 -0.000000 -0.000000 -0.000000 -0.000000 -0.000000 -0.000000 -0.000000 -0.000000 -0.000000 -0.000000 -0.000000 -0.000000 0.000009 0.000055 0.000093 -0.000000 -0.000000 -0.000000 -0.000000 -0.000000 0.000068 -0.000000 0.000745 0.000001 0.000063 0.000078 0.000928 0.000057 0.000272 0.000246 0.000007 0.000090 0.000628 0.000149 0.000052 0.001174 0.001337 0.011914 0.000079 -0.000000 0.000903 0.000363 0.002591 0.000654 0.010097 0.000146 0.066803 0.011471 0.000283 0.000173 0.001728 0.004905 0.007963 0.055862 0.039490 0.014926 0.026970 0.047874 0.000080 0.026848 0.037450 0.079914 0.242142 0.025716 0.045251 0.142774 0.004798 0.016343 
-0.000000 -0.000000 -0.000000 -0.000000 -0.000000 -0.000000 -0.000000 -0.000000 -0.000000 -0.000000 -0.000000 -0.000000 -0.000000 -0.000000 -0.000000 -0.000000 -0.000000 -0.000000 -0.000000 -0.000000 -0.000000 -0.000000 -0.000000 -0.000000 -0.000000 0.000024 -0.000000 -0.000000 0.000044 -0.000000 -0.000000 0.000021 0.000016 -0.000000 -0.000000 -0.000000 -0.000000 0.000002 0.000045 -0.000000 0.000020 0.000103 0.001305 0.000067 0.010310 0.000079 0.000837 0.000385 0.000726 0.000165 0.001057 0.001986 0.000370 0.028334 0.000749 0.000504 0.000471 0.005101 0.012807 0.000295 0.006924 0.036103 0.004589 0.002238 0.114044 0.000268 0.001534 0.002899 0.541694 0.385485 0.188609 0.002616 0.016845 0.015097 0.044368 
0.000411 -0.000000 0.000301 0.000136 0.001956 0.000057 -0.000000 0.000128 0.000012 0.000905 0.001699 0.000085 0.000001 0.001021 0.002876 0.000255 0.001038 0.000080 0.000073 0.000009 0.022797 0.000139 0.003123 0.000081 0.002088 0.001286 -0.000000 0.009148 0.015376 0.000298 0.000011 0.002056 0.000953 0.003154 0.049208 0.008062 0.001133 0.000593 0.003068 0.000226 0.000407 0.062773 0.018656 0.000836 0.047656 0.024369 0.174319 0.001222 0.028341 0.000966 0.020556 0.002112 0.025471 0.018526 0.000401 0.205180 0.081605 0.076183 0.023008 0.000147 0.001834 0.003387 0.000201 0.000484 0.009157 0.219325 0.000307 0.000157 0.029892 0.003221 0.002147 0.000450 0.001180 0.081760 0.068402 
0.000068 -0.000000 -0.000000 0.000012 0.000435 -0.000000 -0.000000 -0.000000 -0.000000 -0.000000 0.000063 -0.000000 -0.000000 -0.000000 0.000255 -0.000000 -0.000000 -0.000000 0.000003 -0.000000 0.008721 -0.000000 0.000061 -0.000000 0.000044 0.000024 -0.000000 0.000478 0.002134 -0.000000 -0.000000 0.000021 -0.000000 -0.000000 0.015324 0.000362 -0.000000 0.000052 0.000045 -0.000000 0.000010 0.025254 0.002022 -0.000000 0.007790 0.005801 0.088741 0.000198 0.003265 -0.000000 0.004277 0.000127 0.016129 0.003160 -0.000000 0.312461 0.099118 0.068322 0.013320 -0.000000 0.000089 0.000493 0.000026 0.000028 0.003526 0.706761 0.000153 0.000011 0.019489 0.000469 0.000758 -0.000000 0.000216 0.104439 0.045954 
-0.000000 -0.000000 -0.000000 -0.000000 -0.000000 -0.000000 -0.000000 -0.000000 0.000004 0.000070 0.000126 -0.000000 -0.000000 0.000170 -0.000000 0.000057 0.000032 0.000016 -0.000000 0.000009 0.000055 0.000185 0.000030 0.000403 0.000133 0.000097 0.000094 0.000137 0.000131 0.003131 0.000029 0.000231 0.000187 0.007792 0.000397 0.002808 0.001774 0.000020 0.002211 0.002562 0.000883 0.000362 0.004827 0.006216 0.023828 0.000414 0.002232 0.002543 0.001734 0.008431 0.001837 0.023235 0.000538 0.085002 0.031872 0.000661 0.000495 0.004683 0.008045 0.020644 0.070123 0.024882 0.009567 0.050555 0.033510 0.000241 0.050781 0.036394 0.068335 0.115123 0.025198 0.089357 0.114859 0.014124 0.030764 
0.000046 -0.000000 0.000030 -0.000000 0.000217 0.000028 0.000021 0.000077 0.000020 0.000487 0.000126 0.000171 0.000001 0.001532 0.000073 0.000057 0.000130 0.000103 0.000007 0.000113 0.000166 0.001111 0.000273 0.000564 0.000666 0.000388 0.000438 0.001297 0.000566 0.008945 0.000052 0.000524 0.000625 0.017254 0.000738 0.006160 0.004779 0.000055 0.005459 0.004923 0.001598 0.000776 0.007632 0.011163 0.042157 0.000848 0.003070 0.003645 0.003507 0.013683 0.003170 0.034092 0.001075 0.095464 0.047540 0.001228 0.000991 0.004599 0.009195 0.030635 0.071011 0.020336 0.006933 0.059093 0.028746 0.000777 0.057991 0.024279 0.058644 0.070783 0.020323 0.114700 0.068147 0.015735 0.031677 
-0.000000 -0.000000 -0.000000 -0.000000 -0.000000 -0.000000 -0.000000 -0.000000 -0.000000 -0.000000 -0.000000 -0.000000 -0.000000 -0.000000 -0.000000 -0.000000 -0.000000 -0.000000 -0.000000 -0.000000 0.000110 -0.000000 0.000030 -0.000000 -0.000000 0.000024 -0.000000 0.000273 0.000305 -0.000000 -0.000000 0.000168 0.000062 0.000186 0.000397 0.000996 0.000246 0.000025 0.000496 -0.000000 0.000079 0.000983 0.006066 0.000234 0.025661 0.001006 0.006697 0.000749 0.003951 0.000471 0.004957 0.001986 0.002408 0.031167 0.001123 0.003274 0.002972 0.024976 0.034686 0.000369 0.004852 0.015767 0.001468 0.001686 0.064084 0.002437 0.001841 0.001380 0.896802 0.105649 0.186629 0.006295 0.023900 0.106016 0.288702 
0.000091 -0.000000 0.000030 0.000006 0.000543 -0.000000 -0.000000 -0.000000 -0.000000 0.000070 0.000063 -0.000000 -0.000000 -0.000000 0.000619 -0.000000 0.000032 0.000008 0.000004 -0.000000 0.008777 -0.000000 0.000152 -0.000000 0.000089 -0.000000 -0.000000 0.000819 0.002744 -0.000000 -0.000000 0.000063 0.000031 -0.000000 0.015722 0.000634 -0.000000 0.000069 0.000180 -0.000000 0.000010 0.027686 0.004697 0.000033 0.012372 0.007814 0.099810 0.000440 0.007176 0.000024 0.007120 0.000338 0.020464 0.002724 -0.000000 0.262346 0.104530 0.088086 0.019067 0.000037 0.000059 0.001022 0.000023 0.000014 0.004357 0.468103 -0.000000 0.000015 0.025973 0.000951 0.001132 0.000123 0.000321 0.132252 0.066287 
0.000068 -0.000000 0.000060 0.000018 0.000869 0.000014 0.000064 0.000306 0.000028 0.000696 0.000629 0.000171 0.000004 0.002042 0.000328 0.000226 0.000487 0.000223 0.000011 0.000217 0.001601 0.000833 0.000788 0.000886 0.001777 0.001044 0.000313 0.002048 0.001917 0.006560 0.000077 0.001490 0.001593 0.020594 0.002611 0.012229 0.007045 0.000139 0.006947 0.005149 0.002273 0.001966 0.012850 0.011163 0.063694 0.001875 0.007349 0.004834 0.007257 0.013235 0.005711 0.030670 0.002151 0.098079 0.030241 0.002833 0.001251 0.010007 0.013053 0.017069 0.050891 0.021026 0.005086 0.031350 0.031534 0.001151 0.032985 0.011695 0.075140 0.075235 0.025064 0.064095 0.077950 0.023451 0.045569 
-0.000000 -0.000000 -0.000000 -0.000000 -0.000000 -0.000000 -0.000000 -0.000000 -0.000000 -0.000000 -0.000000 -0.000000 -0.000000 -0.000000 -0.000000 -0.000000 -0.000000 -0.000000 -0.000000 -0.000000 -0.000000 -0.000000 -0.000000 -0.000000 -0.000000 0.000024 -0.000000 -0.000000 -0.000000 -0.000000 -0.000000 0.000042 -0.000000 0.000186 0.000114 0.000091 -0.000000 0.000007 0.000090 0.000025 -0.000000 0.000362 0.001370 0.000033 0.003895 0.000217 0.002046 0.000231 0.000968 0.000118 0.001837 0.000338 0.000963 0.007301 0.000829 0.001228 0.001660 0.012126 0.014223 0.000995 0.001509 0.003880 0.000459 0.002224 0.018961 0.001258 0.005523 0.001383 0.335762 0.093803 0.266221 0.012140 0.054180 0.075822 0.298220 
0.000091 -0.000000 0.000030 0.000041 0.000326 -0.000000 -0.000000 -0.000000 -0.000000 -0.000000 0.000189 -0.000000 -0.000000 -0.000000 0.000364 -0.000000 0.000065 -0.000000 0.000004 -0.000000 0.008335 -0.000000 0.000182 -0.000000 0.000089 0.000024 -0.000000 0.000614 0.002221 -0.000000 -0.000000 0.000126 0.000031 -0.000000 0.012600 0.000453 -0.000000 0.000072 0.000090 0.000025 0.000020 0.017284 0.001957 0.000067 0.006415 0.004479 0.051161 0.000099 0.003790 0.000071 0.003673 0.000127 0.007986 0.001853 -0.000000 0.132558 0.040375 0.031332 0.007224 -0.000000 0.000059 0.000394 0.000024 0.000041 0.001994 0.419210 -0.000000 0.000014 0.010902 0.000431 0.000547 0.000041 0.000179 0.049116 0.028265 
0.000046 -0.000000 0.000030 0.000024 0.000652 -0.000000 -0.000000 -0.000000 -0.000000 0.000139 0.000126 -0.000000 0.000001 0.000170 0.000728 0.000014 0.000130 0.000016 0.000011 0.000009 0.008169 -0.000000 0.000697 -0.000000 0.000266 0.000243 -0.000000 0.001980 0.004225 -0.000000 -0.000000 0.000587 0.000109 -0.000000 0.018503 0.002989 0.000148 0.000240 0.000722 0.000050 0.000079 0.031981 0.012589 0.000100 0.036200 0.016832 0.127065 0.001024 0.022495 0.000165 0.019399 0.000929 0.030343 0.014167 0.000134 0.148046 0.084479 0.140909 0.040781 0.000147 0.000828 0.003240 0.000194 0.000221 0.012222 0.147966 0.000153 0.000086 0.063775 0.003589 0.003419 0.000695 0.001260 0.295638 0.179682 
0.000091 -0.000000 -0.000000 -0.000000 0.000109 -0.000000 -0.000000 -0.000000 -0.000000 -0.000000 -0.000000 -0.000000 -0.000000 -0.000000 0.000073 -0.000000 -0.000000 -0.000000 0.000001 -0.000000 0.002539 -0.000000 0.000030 -0.000000 0.000044 0.000073 -0.000000 0.000205 0.000479 -0.000000 -0.000000 -0.000000 0.000031 -0.000000 0.006243 0.000453 -0.000000 0.000049 0.000226 -0.000000 -0.000000 0.012886 0.005740 0.000033 0.021995 0.007064 0.094043 0.000484 0.008385 0.000024 0.013184 0.000127 0.030668 0.007410 -0.000000 0.113356 0.085556 0.205413 0.054635 -0.000000 0.000059 0.001872 0.000043 0.000028 0.012573 0.123814 -0.000000 0.000035 0.092206 0.001852 0.003659 0.000286 0.000859 0.693031 0.258611 
0.000023 -0.000000 -0.000000 -0.000000 -0.000000 0.000014 -0.000000 -0.000000 -0.000000 -0.000000 0.000063 -0.000000 -0.000000 -0.000000 0.000109 0.000028 0.000032 -0.000000 0.000004 -0.000000 0.001214 0.000046 0.000273 -0.000000 0.000355 0.000194 -0.000000 0.000751 0.001132 -0.000000 0.000001 0.000608 0.000203 0.000557 0.003235 0.003895 0.000394 0.000117 0.001173 0.000176 0.000258 0.005123 0.014742 0.000568 0.055217 0.003966 0.024836 0.002444 0.012981 0.000871 0.014316 0.003042 0.009409 0.037161 0.001551 0.013504 0.010007 0.061604 0.058884 0.000848 0.004409 0.012416 0.000899 0.001658 0.044052 0.009238 0.002148 0.001004 0.399715 0.037694 0.041885 0.006091 0.015770 0.443456 1.178554 
0.000046 -0.000000 -0.000000 0.000012 0.000652 0.000114 0.000064 0.000204 0.000024 0.000557 0.000566 0.000342 0.000003 0.001532 0.000364 0.000184 0.000389 0.000096 0.000021 0.000270 0.000883 0.001528 0.000425 0.000846 0.001777 0.000655 0.000689 0.001707 0.001089 0.008945 0.000066 0.001070 0.000859 0.022449 0.001419 0.006885 0.007143 0.000097 0.004556 0.004546 0.001668 0.001345 0.006523 0.009224 0.039637 0.000927 0.004093 0.003083 0.004112 0.010974 0.002717 0.020320 0.000784 0.061572 0.030642 0.000944 0.000718 0.004181 0.005931 0.022045 0.037014 0.010310 0.002877 0.032883 0.013810 0.000669 0.052315 0.006561 0.032208 0.025467 0.008695 0.150835 0.021027 0.008656 0.020045 
-0.000000 -0.000000 -0.000000 0.000006 -0.000000 -0.000000 -0.000000 -0.000000 -0.000000 -0.000000 0.000063 -0.000000 -0.000000 -0.000000 0.000255 -0.000000 -0.000000 -0.000000 0.000001 -0.000000 0.002208 -0.000000 -0.000000 -0.000000 -0.000000 0.000024 -0.000000 0.000273 0.000610 -0.000000 -0.000000 0.000042 0.000047 -0.000000 0.005732 0.000634 -0.000000 0.000069 0.000135 -0.000000 0.000020 0.010712 0.005936 -0.000000 0.024515 0.006788 0.071811 0.000540 0.008103 0.000047 0.012832 0.000296 0.025157 0.007955 0.000027 0.082727 0.065232 0.167921 0.049340 -0.000000 0.000325 0.001922 0.000056 0.000083 0.013478 0.091254 -0.000000 0.000069 0.087895 0.002118 0.004010 0.000204 0.000964 0.814479 0.327061 
0.000137 0.000049 0.000180 0.000041 0.000652 0.000142 0.000129 0.000306 0.000089 0.001253 0.000692 0.000512 0.000005 0.002723 0.000255 0.000382 0.000649 0.000199 0.000022 0.000226 0.001490 0.001250 0.000728 0.001047 0.001732 0.001068 0.000720 0.003345 0.002178 0.008647 0.000101 0.001448 0.001640 0.023191 0.002554 0.012320 0.007636 0.000184 0.007850 0.003692 0.001955 0.003053 0.013307 0.009793 0.056821 0.002072 0.010418 0.004118 0.006612 0.010527 0.005158 0.025643 0.001826 0.070181 0.021684 0.002298 0.001523 0.007638 0.011124 0.012792 0.036215 0.014399 0.003296 0.022839 0.022506 0.001071 0.024547 0.006542 0.054226 0.046267 0.016910 0.055347 0.039985 0.022344 0.038503 
0.000114 0.000148 0.000241 0.000059 0.001195 0.000171 0.000021 0.000255 0.000049 0.001532 0.000818 0.000342 0.000005 0.005447 0.000764 0.000354 0.000746 0.000167 0.000040 0.000252 0.002429 0.001713 0.001456 0.001168 0.003020 0.001408 0.000532 0.004438 0.002439 0.007156 0.000084 0.002140 0.001343 0.016883 0.004484 0.012773 0.006355 0.000218 0.009203 0.002738 0.002144 0.005641 0.017286 0.008556 0.064611 0.003216 0.013860 0.004779 0.011449 0.009043 0.008655 0.020658 0.003517 0.088490 0.014492 0.004218 0.002576 0.013436 0.018225 0.007336 0.030239 0.017701 0.003022 0.013250 0.030925 0.002490 0.012427 0.004416 0.097052 0.069756 0.032599 0.025793 0.048825 0.039320 0.081573 
0.000046 -0.000000 -0.000000 0.000006 -0.000000 -0.000000 -0.000000 -0.000000 -0.000000 0.000139 -0.000000 -0.000000 -0.000000 -0.000000 0.000364 -0.000000 -0.000000 -0.000000 0.000001 -0.000000 0.006458 -0.000000 0.000091 -0.000000 -0.000000 0.000024 -0.000000 0.000273 0.001350 -0.000000 -0.000000 0.000147 0.000031 -0.000000 0.011692 0.001087 -0.000000 0.000075 0.000045 -0.000000 -0.000000 0.017750 0.002870 0.000033 0.010539 0.006038 0.072834 0.000198 0.007095 0.000047 0.006290 0.000127 0.013609 0.002942 -0.000000 0.154877 0.063399 0.062106 0.014757 -0.000000 0.000089 0.000764 0.000036 0.000041 0.004099 0.306562 -0.000000 0.000014 0.020451 0.000900 0.001032 0.000123 0.000229 0.120107 0.062922 
0.000023 -0.000000 -0.000000 -0.000000 0.000109 -0.000000 -0.000000 -0.000000 -0.000000 -0.000000 -0.000000 -0.000000 -0.000000 -0.000000 0.000109 -0.000000 -0.000000 -0.000000 0.000001 -0.000000 0.001656 -0.000000 0.000030 -0.000000 -0.000000 0.000049 -0.000000 0.000205 0.000436 -0.000000 -0.000000 0.000147 0.000047 -0.000000 0.002554 0.000544 -0.000000 0.000017 0.000271 -0.000000 0.000030 0.005485 0.004892 -0.000000 0.018788 0.003572 0.036836 0.000540 0.005805 -0.000000 0.008378 0.000127 0.012433 0.006866 0.000160 0.036327 0.026095 0.083626 0.032387 -0.000000 0.000385 0.001552 0.000077 0.000124 0.010358 0.036710 -0.000000 0.000063 0.078169 0.002942 0.004350 0.000368 0.001285 1.437559 0.531931 
0.000023 -0.000000 -0.000000 -0.000000 -0.000000 -0.000000 0.000021 -0.000000 0.000004 0.000070 -0.000000 -0.000000 0.000001 -0.000000 0.000036 0.000028 -0.000000 0.000040 0.000001 0.000061 -0.000000 0.000139 0.000061 0.000282 0.000133 0.000073 0.000250 -0.000000 0.000044 0.002087 0.000022 0.000063 0.000312 0.007236 0.000341 0.000453 0.001626 0.000013 0.000947 0.001984 0.000387 0.000259 0.001174 0.002908 0.007332 0.000118 0.001209 0.000826 0.000766 0.003745 0.000554 0.007731 0.000146 0.018417 0.018182 0.000283 0.000074 0.001143 0.002299 0.017953 0.017309 0.004028 0.001484 0.026127 0.004911 0.000241 0.057838 0.004328 0.012826 0.012569 0.004596 0.336456 0.012991 0.004395 0.008220 
0.000023 -0.000000 -0.000000 -0.000000 0.000109 -0.000000 -0.000000 -0.000000 -0.000000 -0.000000 -0.000000 -0.000000 -0.000000 -0.000000 0.000073 -0.000000 -0.000000 -0.000000 0.000001 -0.000000 0.001601 -0.000000 0.000061 -0.000000 -0.000000 -0.000000 -0.000000 0.000205 0.000392 -0.000000 -0.000000 0.000021 0.000016 -0.000000 0.002781 0.000362 -0.000000 0.000020 0.000045 -0.000000 0.000020 0.006883 0.003196 -0.000000 0.010998 0.003295 0.052184 0.000253 0.004435 -0.000000 0.007875 0.000084 0.016588 0.003705 -0.000000 0.066074 0.050209 0.117132 0.034378 -0.000000 0.000089 0.000936 0.000023 0.000028 0.008290 0.081454 0.000153 0.000031 0.064487 0.001357 0.002878 0.000327 0.000846 0.783278 0.315236 
