# Flux Network Reconstruction using RW method
# Walkers leave from emitting cells
# Probability involves emitting fluxes, then absorbing flux is shared among connections
# Seed: 1684539243
# Threshold: 0.5
# Precision: 100000.0
# Dt: 1.0
# Radius step: 2.000000
# Matrix output


0.005600 0.009764 0.000055 0.008603 0.006533 0.000618 0.003338 0.002506 0.000225 0.005997 0.000802 0.000209 0.000118 0.000134 0.000321 0.000409 -0.000000 0.000048 0.000189 0.000070 0.000068 0.000223 0.000048 -0.000000 0.000053 0.000004 -0.000000 -0.000000 -0.000000 -0.000000 -0.000000 -0.000000 -0.000000 -0.000000 -0.000000 -0.000000 -0.000000 -0.000000 -0.000000 -0.000000 -0.000000 -0.000000 -0.000000 -0.000000 -0.000000 -0.000000 -0.000000 -0.000000 -0.000000 -0.000000 -0.000000 -0.000000 -0.000000 -0.000000 -0.000000 -0.000000 -0.000000 -0.000000 -0.000000 -0.000000 -0.000000 -0.000000 -0.000000 
-0.000000 0.000015 -0.000000 -0.000000 -0.000000 -0.000000 0.000048 -0.000000 0.000045 -0.000000 -0.000000 -0.000000 0.000003 -0.000000 -0.000000 -0.000000 -0.000000 -0.000000 -0.000000 -0.000000 -0.000000 -0.000000 -0.000000 -0.000000 -0.000000 -0.000000 0.000117 -0.000000 -0.000000 -0.000000 -0.000000 -0.000000 -0.000000 -0.000000 -0.000000 -0.000000 -0.000000 -0.000000 -0.000000 -0.000000 -0.000000 -0.000000 -0.000000 -0.000000 -0.000000 -0.000000 -0.000000 -0.000000 -0.000000 -0.000000 -0.000000 -0.000000 -0.000000 -0.000000 -0.000000 -0.000000 0.000017 -0.000000 -0.000000 -0.000000 -0.000000 -0.000000 -0.000000 
0.030496 0.033733 0.000954 0.034628 0.013933 0.005625 0.022791 0.014322 0.003914 0.046531 0.003622 0.002545 0.000552 0.001076 0.001494 0.002277 0.002962 0.000457 0.005141 0.001599 0.001129 0.002157 0.000674 0.000492 0.001168 0.000140 0.002919 0.000087 0.000011 0.000560 0.000669 0.000596 0.000277 0.000011 0.002144 0.000045 0.000160 0.000092 0.000067 0.000132 0.000077 0.000000 0.000074 0.000223 0.000007 0.000015 -0.000000 0.000005 0.000026 0.000035 0.000029 0.000116 -0.000000 0.000083 -0.000000 -0.000000 0.000017 0.000110 -0.000000 -0.000000 0.000014 -0.000000 -0.000000 
0.309342 0.001306 0.228864 0.000538 0.000153 0.019543 0.005149 0.000051 0.115720 0.001137 -0.000000 0.002355 0.000003 0.061397 -0.000000 -0.000000 0.007097 -0.000000 0.000189 0.000209 -0.000000 0.007437 0.013146 -0.000000 -0.000000 0.000004 -0.000000 0.000977 0.000014 -0.000000 -0.000000 0.000064 0.001331 0.000002 -0.000000 -0.000000 0.000096 -0.000000 0.000674 0.000022 -0.000000 0.000001 -0.000000 -0.000000 -0.000000 -0.000000 0.000099 0.000039 -0.000000 -0.000000 -0.000000 -0.000000 -0.000000 -0.000000 0.000078 -0.000000 -0.000000 -0.000000 -0.000000 -0.000000 -0.000000 0.000000 -0.000000 
0.302932 0.152560 0.004034 0.087037 0.020618 0.029799 0.116673 0.017417 0.019122 0.124081 0.004765 0.007102 0.000619 0.003497 0.001383 0.001688 0.004505 0.000286 0.008207 0.002294 0.000821 0.002677 0.001300 0.000369 0.000902 0.000153 0.001751 0.000116 0.000003 0.000403 0.000552 0.000681 0.000388 0.000006 0.000165 0.000017 0.000032 0.000046 -0.000000 0.000022 0.000019 0.000000 0.000025 0.000148 -0.000000 -0.000000 0.000023 -0.000000 0.000026 -0.000000 -0.000000 -0.000000 -0.000000 -0.000000 -0.000000 -0.000000 -0.000000 -0.000000 0.000018 -0.000000 -0.000000 -0.000000 -0.000000 
0.932073 0.013754 0.075715 0.009966 0.001378 0.055495 0.054403 0.002302 0.137812 0.028642 0.000507 0.014983 0.000068 0.053126 0.000173 0.000179 0.019315 0.000038 0.004999 0.002851 0.000034 0.015544 0.015843 0.000020 0.000283 0.000135 0.000817 0.001393 0.000060 0.000157 0.000262 0.000277 0.004159 0.000022 0.000825 0.000003 0.000352 0.000013 0.001281 0.000044 0.000019 0.000000 0.000025 -0.000000 -0.000000 -0.000000 0.000121 0.000054 0.000026 -0.000000 0.000029 -0.000000 -0.000000 0.000083 0.000052 -0.000000 -0.000000 -0.000000 -0.000000 -0.000000 -0.000000 -0.000000 -0.000000 
0.074013 0.243138 0.000927 0.195654 0.144226 0.009595 0.048395 0.063274 0.004229 0.101643 0.017723 0.001956 0.002800 0.000672 0.006150 0.009413 0.001234 0.001496 0.004056 0.000788 0.004071 0.000446 0.000048 0.000533 0.001168 0.000079 0.002452 0.000019 0.000004 0.000269 0.000494 0.000319 0.000055 0.000004 0.000660 0.000007 0.000032 -0.000000 -0.000000 -0.000000 -0.000000 -0.000000 0.000050 -0.000000 -0.000000 -0.000000 -0.000000 -0.000000 -0.000000 -0.000000 -0.000000 -0.000000 -0.000000 -0.000000 -0.000000 -0.000000 -0.000000 -0.000000 -0.000000 -0.000000 -0.000000 -0.000000 -0.000000 
0.163813 0.006065 0.023113 0.013192 0.001633 0.026843 0.040576 0.006701 0.057275 0.040120 0.001917 0.016692 0.000394 0.033422 0.001556 0.002251 0.033570 0.000457 0.020564 0.009178 0.000958 0.036146 0.021285 0.000963 0.002265 0.001485 0.010741 0.002593 0.000352 0.002463 0.006163 0.003235 0.011479 0.000345 0.026550 0.000288 0.005348 0.000538 0.010649 0.003173 0.001286 0.000035 0.001611 0.005267 0.000122 0.000151 0.000584 0.000429 0.002656 0.000831 0.000783 0.001967 0.001618 0.002271 0.000492 0.000110 0.000258 0.001818 0.000201 0.000233 0.000361 0.000007 0.000285 
0.003171 0.006340 0.000136 0.014231 0.042717 0.001103 0.003719 0.009156 0.000945 0.023162 0.003364 0.000532 0.000735 0.000202 0.002173 0.004144 0.000864 0.000972 0.001604 0.000603 0.002155 0.000967 0.000241 0.001004 0.001239 0.000127 0.003386 0.000039 0.000010 0.000448 0.000407 0.000426 0.000055 0.000007 0.000495 0.000042 0.000096 0.000059 0.000202 0.000066 0.000039 0.000000 0.000074 -0.000000 0.000028 0.000023 0.000008 0.000015 -0.000000 0.000035 -0.000000 0.000193 0.000162 -0.000000 0.000013 0.000028 -0.000000 -0.000000 -0.000000 0.000007 0.000014 -0.000000 0.000011 
0.043315 0.152676 0.000627 0.173859 0.235579 0.005647 0.032709 0.070946 0.002835 0.095336 0.023852 0.001823 0.003926 0.000269 0.009781 0.014555 0.001111 0.003174 0.004386 0.000742 0.006055 0.000521 0.000337 0.001332 0.001575 0.000114 0.002335 0.000010 0.000004 0.000560 0.000378 0.000553 -0.000000 0.000004 0.000165 0.000014 -0.000000 0.000026 0.000135 -0.000000 -0.000000 -0.000000 -0.000000 -0.000000 0.000003 -0.000000 -0.000000 -0.000000 -0.000000 0.000035 -0.000000 -0.000000 -0.000000 -0.000000 -0.000000 -0.000000 -0.000000 -0.000000 -0.000000 -0.000000 -0.000000 -0.000000 -0.000000 
0.534685 0.025811 0.020033 0.041009 0.005971 0.061274 0.116483 0.016726 0.081751 0.108054 0.004691 0.027971 0.000785 0.033691 0.002161 0.003709 0.040667 0.000648 0.030845 0.014277 0.001437 0.040980 0.020996 0.001660 0.004052 0.001463 0.015644 0.002245 0.000318 0.003583 0.005902 0.003533 0.008707 0.000289 0.015336 0.000257 0.003523 0.000643 0.005190 0.002071 0.000812 0.000025 0.001140 0.003190 0.000101 0.000106 0.000394 0.000262 0.001522 0.000450 0.000377 0.001234 0.001214 0.001445 0.000362 0.000028 0.000155 0.001377 0.000128 0.000093 0.000167 0.000006 0.000142 
0.022939 0.100720 0.000382 0.134965 0.344642 0.003110 0.014352 0.060435 0.001080 0.052941 0.023004 0.000646 0.004187 0.000134 0.008879 0.013250 0.000494 0.003393 0.001462 0.000301 0.006910 0.000149 0.000048 0.000799 0.001115 0.000044 0.001751 0.000010 0.000001 0.000157 0.000116 0.000255 -0.000000 -0.000000 -0.000000 0.000014 -0.000000 -0.000000 0.000067 -0.000000 -0.000000 -0.000000 -0.000000 -0.000000 -0.000000 0.000008 -0.000000 -0.000000 -0.000000 -0.000000 -0.000000 -0.000000 -0.000000 -0.000000 -0.000000 -0.000000 -0.000000 -0.000000 -0.000000 -0.000000 -0.000000 -0.000000 -0.000000 
0.008973 0.030541 0.000300 0.056280 0.282889 0.001698 0.009488 0.032200 0.001080 0.046841 0.012525 0.000760 0.002850 0.000202 0.008867 0.014197 0.000617 0.003307 0.002688 0.000672 0.007286 0.000223 0.000193 0.002091 0.002141 0.000109 0.003619 0.000010 0.000004 0.000761 0.000349 0.000511 -0.000000 -0.000000 0.000660 0.000017 -0.000000 0.000059 -0.000000 0.000022 0.000010 -0.000000 0.000124 0.000223 0.000007 0.000038 0.000008 -0.000000 -0.000000 -0.000000 0.000058 -0.000000 0.000162 -0.000000 -0.000000 -0.000000 -0.000000 -0.000000 -0.000000 -0.000000 -0.000000 -0.000000 -0.000000 
0.002496 0.010751 0.000027 0.018139 0.159077 0.000485 0.002146 0.011381 0.000090 0.012822 0.004608 0.000076 0.000980 -0.000000 0.002989 0.004758 0.000185 0.001020 0.000519 0.000023 0.002224 0.000074 -0.000000 0.000389 0.000301 0.000009 0.000584 -0.000000 -0.000000 0.000134 0.000145 0.000106 -0.000000 -0.000000 -0.000000 -0.000000 -0.000000 0.000007 -0.000000 -0.000000 -0.000000 -0.000000 -0.000000 -0.000000 -0.000000 -0.000000 -0.000000 -0.000000 -0.000000 -0.000000 -0.000000 -0.000000 -0.000000 -0.000000 -0.000000 -0.000000 -0.000000 -0.000000 -0.000000 -0.000000 -0.000000 -0.000000 -0.000000 
0.731895 0.016801 0.047397 0.028785 0.003828 0.086309 0.116769 0.013785 0.146090 0.084169 0.004184 0.040238 0.000647 0.066104 0.002272 0.003300 0.063561 0.000667 0.038816 0.018425 0.001539 0.062548 0.036983 0.001722 0.003964 0.001987 0.014477 0.004103 0.000568 0.003224 0.007443 0.004235 0.016526 0.000431 0.020943 0.000243 0.006437 0.000689 0.012199 0.003547 0.001160 0.000028 0.001115 0.004673 0.000059 0.000151 0.000712 0.000504 0.002115 0.000329 0.000203 0.002005 0.000728 0.002395 0.000557 0.000028 0.000189 0.001708 0.000055 0.000113 0.000153 0.000009 0.000208 
0.093443 0.535635 0.000872 0.350192 0.139020 0.011293 0.065036 0.094374 0.006074 0.164408 0.023981 0.002640 0.003379 0.000403 0.006385 0.009388 0.000987 0.001725 0.006320 0.001043 0.003729 0.000297 0.000385 0.000799 0.001327 0.000127 0.002335 0.000019 -0.000000 0.000470 0.000262 0.000511 -0.000000 -0.000000 0.000495 0.000010 -0.000000 0.000020 -0.000000 -0.000000 -0.000000 -0.000000 0.000025 0.000223 0.000007 -0.000000 -0.000000 -0.000000 -0.000000 -0.000000 -0.000000 -0.000000 -0.000000 -0.000000 -0.000000 -0.000000 -0.000000 -0.000000 -0.000000 -0.000000 -0.000000 -0.000000 -0.000000 
0.501694 0.002989 0.881140 0.002079 0.000306 0.067428 0.025461 0.000153 0.566589 0.007652 0.000074 0.024230 0.000008 0.445515 0.000025 -0.000000 0.071398 0.000010 0.002736 0.003106 -0.000000 0.069763 0.103630 0.000020 0.000106 0.000131 0.000233 0.008254 0.000250 0.000045 0.000145 0.000021 0.012533 0.000026 0.000330 -0.000000 0.002338 0.000007 0.005055 0.000264 -0.000000 0.000001 -0.000000 -0.000000 -0.000000 -0.000000 0.000879 0.000267 0.000129 -0.000000 -0.000000 -0.000000 -0.000000 0.000372 0.000466 -0.000000 -0.000000 -0.000000 -0.000000 -0.000000 -0.000000 0.000003 0.000022 
0.005330 0.019529 0.000082 0.043232 0.919708 0.001125 0.005531 0.028645 0.000405 0.037121 0.013345 0.000513 0.003327 0.000134 0.011621 0.020796 0.000432 0.005347 0.002358 0.000324 0.013205 0.000149 0.000048 0.002911 0.001911 0.000087 0.006071 -0.000000 -0.000000 0.000560 0.000145 0.000404 -0.000000 0.000004 0.000495 0.000035 -0.000000 0.000026 -0.000000 0.000044 0.000019 -0.000000 -0.000000 0.000148 0.000007 0.000015 -0.000000 -0.000000 -0.000000 -0.000000 -0.000000 -0.000000 0.000081 -0.000000 -0.000000 -0.000000 -0.000000 0.000055 -0.000000 -0.000000 -0.000000 -0.000000 -0.000000 
1.906449 0.008168 0.173426 0.005520 0.000306 0.332135 0.099413 0.000742 1.014398 0.020163 0.000111 0.051328 0.000035 0.151374 0.000025 0.000051 0.049676 -0.000000 0.004245 0.003013 -0.000000 0.039641 0.050996 0.000041 0.000159 0.000105 0.000233 0.002903 0.000106 0.000067 0.000058 0.000149 0.004436 0.000011 0.000165 0.000003 0.000352 0.000013 0.001078 0.000132 0.000010 0.000002 -0.000000 -0.000000 -0.000000 -0.000000 0.000250 0.000064 -0.000000 -0.000000 -0.000000 -0.000000 -0.000000 -0.000000 0.000065 -0.000000 -0.000000 -0.000000 -0.000000 -0.000000 -0.000000 -0.000000 -0.000000 
0.015248 0.021546 0.000681 0.067536 0.542710 0.005228 0.022124 0.059847 0.004679 0.133594 0.027695 0.003703 0.008346 0.002085 0.035986 0.065535 0.005924 0.017793 0.015328 0.004705 0.044950 0.006024 0.002937 0.020150 0.014385 0.000838 0.054637 0.000155 0.000074 0.008576 0.004681 0.004917 0.000832 0.000133 0.014017 0.000695 0.000448 0.000748 0.000876 0.000529 0.000503 0.000005 0.002132 0.005341 0.000223 0.000371 0.000038 0.000025 0.000413 0.001109 0.000899 0.001041 0.002104 0.000165 0.000026 0.000028 0.000189 0.000992 0.000037 0.000087 0.000222 -0.000000 0.000033 
0.038659 0.058688 0.002344 0.243439 0.120903 0.015440 0.065608 0.255090 0.014802 0.458998 0.106671 0.011033 0.015511 0.004640 0.042803 0.058910 0.017958 0.011141 0.040656 0.013767 0.024357 0.015693 0.005345 0.018879 0.024135 0.002096 0.083707 0.000552 0.000176 0.014309 0.009768 0.011046 0.002496 0.000274 0.033641 0.001035 0.001121 0.001476 0.001618 0.001344 0.000957 0.000009 0.003198 0.008085 0.000317 0.000477 0.000091 0.000054 0.001057 0.001334 0.001305 0.002198 0.002589 0.000496 0.000091 0.000138 0.000464 0.001212 0.000219 0.000107 0.000167 0.000002 0.000131 
0.015990 0.062968 0.000382 0.199777 0.638401 0.003397 0.020550 0.190409 0.001890 0.185398 0.114385 0.002013 0.029761 0.000202 0.074825 0.107050 0.001172 0.021606 0.009716 0.001854 0.045395 0.001041 0.000144 0.011500 0.012085 0.000445 0.028720 0.000010 0.000004 0.002329 0.001395 0.002554 -0.000000 0.000013 0.002144 0.000156 0.000032 0.000131 -0.000000 0.000066 0.000058 -0.000000 0.000198 0.000445 0.000049 0.000076 -0.000000 -0.000000 -0.000000 0.000069 0.000290 0.000116 0.000162 -0.000000 -0.000000 0.000028 0.000017 0.000055 0.000018 -0.000000 -0.000000 -0.000000 -0.000000 
0.022467 0.040262 0.001172 0.149447 0.235630 0.008911 0.043008 0.159156 0.007559 0.305137 0.091409 0.005830 0.027309 0.002488 0.080518 0.113292 0.011540 0.021005 0.028629 0.007648 0.046524 0.009669 0.003082 0.027796 0.030328 0.001437 0.106590 0.000261 0.000101 0.014241 0.007530 0.009514 0.000998 0.000163 0.019129 0.000899 0.000865 0.001030 0.000741 0.000727 0.000686 0.000004 0.002677 0.004970 0.000282 0.000447 0.000038 0.000025 0.000413 0.001126 0.001160 0.001774 0.002346 0.000124 0.000052 0.000083 0.000138 0.000661 0.000110 0.000087 0.000167 -0.000000 0.000033 
0.023884 0.000232 0.253775 0.000143 -0.000000 0.004367 0.001716 0.000026 0.049672 0.000620 0.000009 0.003703 0.000003 0.793118 -0.000000 -0.000000 0.016230 -0.000000 0.000755 0.000695 -0.000000 0.021271 0.058364 -0.000000 -0.000000 0.000057 -0.000000 0.029726 0.000201 0.000022 0.000204 0.000021 0.071261 0.000022 0.000330 -0.000000 0.005893 0.000013 0.032149 0.000617 0.000048 0.000020 -0.000000 0.000074 -0.000000 -0.000000 0.008806 0.002241 0.000928 0.000017 -0.000000 0.000077 -0.000000 0.006195 0.005656 -0.000000 -0.000000 0.000220 -0.000000 -0.000000 -0.000000 0.000031 0.000088 
0.041493 0.014306 0.005506 0.046960 0.008931 0.023314 0.078052 0.032864 0.031405 0.226449 0.010488 0.020641 0.002108 0.019636 0.007681 0.011818 0.044925 0.002659 0.051456 0.024312 0.006123 0.049161 0.022440 0.007441 0.012227 0.003725 0.060241 0.002506 0.000617 0.011151 0.017385 0.013962 0.012921 0.000963 0.074703 0.001358 0.008167 0.002624 0.013615 0.007160 0.003403 0.000068 0.007189 0.022847 0.000666 0.001052 0.000712 0.000637 0.004848 0.003360 0.002495 0.008446 0.006877 0.004378 0.000608 0.000303 0.001960 0.009420 0.000713 0.000726 0.001112 0.000016 0.000646 
0.168468 0.002191 0.099291 0.003119 0.000255 0.101528 0.056215 0.000972 1.984118 0.018819 0.000286 0.178861 0.000065 0.286206 0.000148 0.000179 0.473622 0.000010 0.037826 0.037963 0.000034 0.346954 0.239765 0.000082 0.000832 0.001681 0.001518 0.011882 0.001158 0.000717 0.003489 0.001085 0.025898 0.000245 0.006102 0.000021 0.007174 0.000066 0.009166 0.001763 0.000193 0.000014 0.000050 0.000371 0.000003 -0.000000 0.000705 0.000301 0.000309 -0.000000 -0.000000 0.000154 -0.000000 0.001239 0.000401 -0.000000 -0.000000 0.000110 -0.000000 0.000007 -0.000000 0.000004 0.000033 
0.000742 0.005847 -0.000000 0.015307 0.775074 0.000088 0.000572 0.014348 -0.000000 0.005584 0.012083 0.000057 0.006744 -0.000000 0.039061 0.154705 0.000062 0.093189 0.000613 0.000070 0.327140 -0.000000 -0.000000 0.009081 0.001256 0.000017 0.003853 -0.000000 -0.000000 0.000269 0.000087 0.000085 -0.000000 -0.000000 -0.000000 0.000021 -0.000000 -0.000000 -0.000000 -0.000000 -0.000000 -0.000000 -0.000000 -0.000000 0.000007 0.000008 -0.000000 -0.000000 -0.000000 -0.000000 0.000029 -0.000000 -0.000000 -0.000000 -0.000000 -0.000000 -0.000000 -0.000000 -0.000000 -0.000000 -0.000000 -0.000000 -0.000000 
0.096075 0.012579 0.008694 0.035274 0.002501 0.161634 0.567823 0.017391 0.166652 0.316925 0.005696 0.484476 0.001191 0.025487 0.003816 0.003504 0.396238 0.000315 0.578800 0.264164 0.000479 0.190323 0.039439 0.001947 0.013642 0.009611 0.030821 0.001529 0.000659 0.008531 0.020176 0.015601 0.004880 0.000457 0.027210 0.000278 0.002466 0.000781 0.002224 0.001520 0.000522 0.000008 0.000595 0.001113 0.000042 0.000015 0.000106 0.000059 0.000309 0.000139 0.000029 0.000231 0.000081 0.000372 0.000052 -0.000000 0.000017 0.000220 -0.000000 0.000013 0.000014 0.000000 0.000011 
0.132710 0.010954 0.038130 0.028427 0.004287 0.098617 0.149763 0.018338 0.307208 0.125012 0.005705 0.171056 0.001048 0.122794 0.004508 0.006062 0.450111 0.001001 0.160311 0.101003 0.003352 0.378786 0.139795 0.003956 0.010599 0.009663 0.044831 0.012086 0.002466 0.011151 0.036312 0.017346 0.051019 0.001909 0.120217 0.000979 0.025109 0.002762 0.043405 0.015797 0.005239 0.000156 0.004635 0.020992 0.000352 0.000484 0.002160 0.001629 0.009439 0.002182 0.001247 0.009217 0.003560 0.007929 0.001579 0.000110 0.001289 0.008042 0.000311 0.000653 0.000625 0.000030 0.000985 
0.078668 0.032732 0.002589 0.130878 0.009339 0.059576 0.555045 0.104604 0.035229 1.898032 0.039861 0.077477 0.008534 0.005178 0.022426 0.018929 0.076273 0.001706 0.590779 0.103204 0.003079 0.046558 0.008090 0.010290 0.084172 0.015676 0.145933 0.000474 0.000336 0.040821 0.052534 0.061722 0.001054 0.000534 0.063324 0.001285 0.000961 0.002853 0.000607 0.001300 0.000996 0.000003 0.002305 0.005860 0.000112 0.000242 0.000023 0.000015 0.000232 0.000485 0.000377 0.001041 0.000405 0.000041 0.000013 -0.000000 0.000052 0.000551 0.000037 0.000033 0.000014 -0.000000 0.000033 
0.039401 0.028887 0.003652 0.129444 0.043686 0.024814 0.105945 0.163453 0.023891 0.715433 0.081022 0.022445 0.022207 0.010289 0.069823 0.084259 0.047270 0.012923 0.118618 0.034417 0.028222 0.041054 0.012809 0.036447 0.093886 0.007100 0.305526 0.001132 0.000516 0.049979 0.035381 0.041162 0.005268 0.000982 0.096141 0.003264 0.003139 0.004893 0.004651 0.004649 0.002852 0.000027 0.010015 0.027149 0.000966 0.001582 0.000220 0.000133 0.002502 0.003343 0.003365 0.005823 0.008900 0.000950 0.000116 0.000358 0.001375 0.004572 0.000420 0.000427 0.000556 0.000001 0.000306 
0.090610 0.001436 0.222077 0.001685 0.000153 0.030836 0.020502 0.000895 0.255782 0.008479 0.000267 0.031655 0.000045 2.290183 0.000099 0.000051 0.157298 0.000019 0.016602 0.015296 0.000103 0.204305 0.382738 0.000061 0.000513 0.001589 0.000934 0.056006 0.002033 0.000313 0.005088 0.000979 0.133094 0.000493 0.013687 0.000035 0.025045 0.000125 0.058502 0.005927 0.000532 0.000089 0.000149 0.000816 0.000003 -0.000000 0.005380 0.002305 0.003585 0.000104 -0.000000 0.000733 -0.000000 0.008219 0.004025 -0.000000 0.000017 0.000606 -0.000000 0.000027 -0.000000 0.000035 0.000241 
0.037580 0.022039 0.001008 0.125645 0.022098 0.024351 0.206169 0.177877 0.016692 1.589483 0.091298 0.031162 0.022430 0.003497 0.058672 0.052566 0.037520 0.005404 0.271855 0.051058 0.009305 0.027370 0.005249 0.024967 0.154011 0.011327 0.285212 0.000281 0.000274 0.061242 0.046720 0.067214 0.000998 0.000547 0.071240 0.002150 0.001057 0.003772 0.000539 0.001344 0.001266 0.000004 0.003991 0.009643 0.000296 0.000447 0.000023 0.000015 0.000516 0.001005 0.000870 0.001388 0.001214 -0.000000 0.000013 0.000028 0.000103 0.000716 -0.000000 0.000040 0.000069 0.000000 0.000055 
0.005600 0.009344 -0.000000 0.033374 0.207765 0.002316 0.010108 0.038440 0.002025 0.077861 0.023631 0.001747 0.013052 0.000471 0.106501 0.379959 0.002839 0.117664 0.010801 0.002503 0.234023 0.002380 0.000385 0.080047 0.028541 0.000629 0.116630 0.000087 0.000030 0.012271 0.003460 0.005321 0.000222 0.000060 0.006596 0.000979 0.000160 0.000610 0.000067 0.000176 0.000213 -0.000000 0.001884 0.003561 0.000345 0.000757 -0.000000 -0.000000 0.000155 0.000849 0.001886 0.000848 0.001861 -0.000000 -0.000000 0.000028 0.000189 0.000110 0.000128 0.000027 0.000139 -0.000000 -0.000000 
0.114291 0.005267 0.057999 0.010862 0.000919 0.087897 0.103085 0.005064 0.533385 0.060179 0.001401 0.191584 0.000386 0.224674 0.000951 0.001100 1.117933 0.000152 0.133569 0.110644 0.000376 0.831202 0.316621 0.000840 0.003344 0.007397 0.011675 0.016372 0.003063 0.003381 0.019740 0.006151 0.050798 0.001218 0.050626 0.000191 0.020529 0.000708 0.027701 0.008504 0.001866 0.000069 0.000868 0.003561 0.000028 0.000030 0.001341 0.000706 0.003559 0.000208 0.000087 0.001504 0.000162 0.003180 0.000919 0.000028 0.000138 0.002093 -0.000000 0.000087 0.000042 0.000014 0.000120 
0.027122 0.005383 0.005751 0.018067 0.004950 0.016631 0.043866 0.013223 0.027175 0.078481 0.004507 0.018496 0.001101 0.020107 0.004298 0.007239 0.048936 0.001515 0.071171 0.028878 0.003455 0.050872 0.024270 0.004141 0.008617 0.003790 0.044480 0.002651 0.000715 0.009808 0.018868 0.010855 0.013809 0.000978 0.075857 0.001004 0.009512 0.002355 0.015097 0.007469 0.003509 0.000077 0.006073 0.018693 0.000628 0.000870 0.000796 0.000805 0.005674 0.003049 0.002263 0.008022 0.006715 0.005039 0.000557 0.000385 0.001805 0.007657 0.000603 0.000793 0.000903 0.000015 0.000777 
0.096952 0.013711 0.020714 0.037783 0.007757 0.076604 0.168216 0.027494 0.141636 0.191913 0.008820 0.119614 0.001833 0.071820 0.006977 0.010820 0.351745 0.001782 0.324301 0.195122 0.004926 0.311180 0.095829 0.006785 0.017765 0.014938 0.073784 0.008157 0.002407 0.018294 0.054337 0.027264 0.040261 0.002329 0.179914 0.001677 0.022739 0.005162 0.035924 0.016656 0.006998 0.000138 0.008304 0.032861 0.000617 0.000999 0.001622 0.001293 0.010316 0.003949 0.002379 0.011569 0.007848 0.007145 0.001463 0.000220 0.002166 0.010631 0.000402 0.000860 0.001084 0.000029 0.001335 
0.028944 0.004150 0.008967 0.012762 0.002705 0.018969 0.036666 0.007826 0.048277 0.047151 0.002912 0.026927 0.000704 0.037390 0.002766 0.004707 0.144216 0.000953 0.060795 0.034695 0.002258 0.122866 0.044447 0.003095 0.006158 0.004140 0.032222 0.004964 0.001128 0.008106 0.019915 0.010535 0.025288 0.001111 0.086246 0.000962 0.014860 0.002414 0.028982 0.010443 0.004263 0.000104 0.006817 0.022847 0.000513 0.000681 0.001485 0.001180 0.008356 0.002841 0.001566 0.009873 0.007848 0.007558 0.001100 0.000330 0.002046 0.010686 0.000658 0.000860 0.001001 0.000021 0.001292 
0.042303 0.017193 0.003189 0.080226 0.018730 0.027814 0.141896 0.083248 0.029065 0.603966 0.038092 0.034371 0.011379 0.008002 0.044803 0.054459 0.072324 0.007424 0.299257 0.076552 0.014060 0.067606 0.017577 0.034663 0.177120 0.019235 0.501544 0.001035 0.000888 0.114468 0.093468 0.120763 0.005601 0.001713 0.210916 0.005977 0.004516 0.010862 0.004988 0.006852 0.005984 0.000023 0.015195 0.039462 0.001266 0.001567 0.000197 0.000178 0.003146 0.004642 0.003771 0.009410 0.008091 0.001032 0.000142 0.000330 0.001410 0.005729 0.000366 0.000413 0.000570 0.000000 0.000394 
0.000067 0.000044 -0.000000 0.000143 0.005563 -0.000000 0.000048 0.000128 -0.000000 0.000414 0.000194 -0.000000 0.000125 -0.000000 0.001544 0.011792 -0.000000 0.033471 -0.000000 0.000023 0.584869 -0.000000 -0.000000 0.083553 0.002477 -0.000000 0.041095 -0.000000 -0.000000 0.001702 -0.000000 0.000213 -0.000000 -0.000000 0.000165 0.000663 -0.000000 0.000026 -0.000000 -0.000000 -0.000000 -0.000000 0.000793 0.000148 0.000352 0.000658 -0.000000 -0.000000 -0.000000 0.000242 0.001566 0.000039 0.000081 -0.000000 -0.000000 0.000055 0.000052 -0.000000 0.000055 -0.000000 -0.000000 -0.000000 -0.000000 
0.010053 0.001001 0.005124 0.002975 0.000357 0.012043 0.032756 0.002762 0.052326 0.038465 0.000995 0.045916 0.000288 0.029454 0.000766 0.000895 0.816605 0.000086 0.316944 0.482509 0.000274 1.184999 0.141817 0.000676 0.005768 0.062686 0.012025 0.004509 0.008390 0.005217 0.104690 0.016154 0.019964 0.005516 0.158311 0.000264 0.018255 0.001417 0.012671 0.019322 0.003838 0.000060 0.000719 0.004376 0.000024 0.000023 0.000280 0.000148 0.003714 0.000208 0.000029 0.002083 0.000081 0.000578 0.000104 0.000028 -0.000000 0.002148 0.000018 0.000033 0.000042 0.000002 0.000186 
0.046823 0.008212 0.012837 0.024663 0.006073 0.033659 0.080818 0.018977 0.072528 0.118911 0.006811 0.049866 0.001777 0.055277 0.006842 0.009848 0.260168 0.002020 0.334536 0.196860 0.004892 0.313188 0.101897 0.007113 0.021304 0.043840 0.099935 0.008418 0.003932 0.026378 0.124460 0.048761 0.048191 0.005320 0.353726 0.002605 0.032187 0.008645 0.047314 0.031506 0.012489 0.000209 0.013336 0.055336 0.001008 0.001627 0.002061 0.001743 0.017640 0.006010 0.003539 0.022291 0.011731 0.011068 0.001605 0.000358 0.002819 0.018839 0.000603 0.001453 0.001821 0.000032 0.001916 
0.008299 0.000160 0.013955 0.000143 -0.000000 0.004544 0.004434 0.000230 0.070008 0.003412 0.000037 0.014337 0.000013 0.115868 0.000049 0.000051 0.369148 0.000010 0.024856 0.046978 -0.000000 1.691262 1.411431 0.000041 0.000336 0.011052 0.000350 0.023542 0.026075 0.000493 0.027183 0.002001 0.098434 0.003676 0.050791 0.000017 0.061555 0.000210 0.037541 0.022737 0.001508 0.000103 0.000074 0.001113 0.000003 -0.000000 0.000712 0.000336 0.002888 0.000017 0.000029 0.000656 -0.000000 0.000950 0.000259 -0.000000 -0.000000 0.000936 -0.000000 0.000020 -0.000000 0.000001 0.000088 
0.008703 0.004570 0.000518 0.020684 0.005920 0.006816 0.045058 0.025678 0.005714 0.210835 0.014525 0.010064 0.005929 0.001883 0.028194 0.041106 0.019130 0.005166 0.123665 0.024891 0.009750 0.022015 0.004816 0.041920 0.417798 0.009637 1.368855 0.000155 0.000267 0.385726 0.067099 0.182783 0.000887 0.000869 0.161609 0.010863 0.001121 0.012896 0.001078 0.002776 0.003635 0.000006 0.020302 0.043171 0.001381 0.001991 0.000015 0.000015 0.001083 0.004919 0.004322 0.005823 0.006958 0.000289 -0.000000 0.000303 0.001135 0.002920 0.000293 0.000240 0.000361 0.000000 0.000197 
0.028472 0.007109 0.005397 0.026133 0.006839 0.019895 0.066085 0.023478 0.033969 0.153241 0.009023 0.027459 0.002520 0.025083 0.010620 0.016934 0.114780 0.003155 0.253414 0.094675 0.007389 0.140641 0.049022 0.012955 0.048429 0.046037 0.245518 0.004345 0.002653 0.070826 0.312355 0.168140 0.020851 0.006571 0.693104 0.005904 0.020561 0.020931 0.023994 0.028091 0.019980 0.000146 0.027143 0.098433 0.001531 0.002104 0.000781 0.000884 0.013565 0.009405 0.004670 0.032549 0.014644 0.005617 0.000634 0.000660 0.003215 0.021153 0.000823 0.001619 0.001807 0.000015 0.001883 
0.007894 0.000087 0.019651 0.000036 -0.000000 0.002625 0.001812 0.000026 0.038603 0.000724 -0.000000 0.004975 0.000008 0.295956 0.000012 -0.000000 0.061833 -0.000000 0.003820 0.006327 -0.000000 0.151202 0.761720 0.000020 0.000018 0.001681 0.000117 0.277042 0.010449 0.000157 0.005815 0.000532 1.017894 0.001396 0.017480 0.000003 0.216916 0.000157 0.272764 0.029523 0.001344 0.000290 0.000074 0.000816 -0.000000 -0.000000 0.005108 0.003411 0.008072 0.000035 -0.000000 0.001157 -0.000000 0.007021 0.002239 -0.000000 0.000034 0.001708 -0.000000 0.000027 0.000014 0.000022 0.000317 
-0.000000 0.000073 -0.000000 0.000179 0.000561 0.000044 0.000286 0.000281 -0.000000 0.001965 0.000175 0.000019 0.000153 -0.000000 0.002001 0.009337 -0.000000 0.007453 0.000377 0.000093 0.038040 -0.000000 0.000096 0.072032 0.007078 0.000031 0.135776 -0.000000 0.000003 0.009561 0.000407 0.001554 -0.000000 0.000006 0.001649 0.002945 -0.000000 0.000361 -0.000000 -0.000000 0.000068 -0.000000 0.004536 0.002225 0.002165 0.004799 -0.000000 -0.000000 0.000052 0.001559 0.014185 0.000347 0.009709 -0.000000 -0.000000 0.001238 0.000344 0.000220 0.000622 0.000013 0.000111 -0.000000 0.000011 
0.001484 0.000900 -0.000000 0.003656 0.006430 0.000706 0.004387 0.005294 0.000315 0.027918 0.003447 0.000949 0.002191 0.000269 0.019574 0.066072 0.001851 0.022664 0.011555 0.002596 0.070470 0.002306 0.000482 0.264474 0.088631 0.001022 1.353911 0.000029 0.000045 0.120559 0.008954 0.026392 0.000111 0.000157 0.032157 0.024636 0.000288 0.005451 0.000337 0.000727 0.001247 0.000002 0.043900 0.045990 0.011485 0.020753 -0.000000 0.000005 0.000619 0.018378 0.049546 0.007019 0.060032 0.000041 -0.000000 0.003770 0.003834 0.002920 0.003017 0.000640 0.001209 -0.000000 0.000197 
0.014776 0.000363 0.047152 0.000717 0.000153 0.006110 0.005531 0.000384 0.038154 0.002792 0.000111 0.006513 0.000018 0.448810 0.000099 0.000077 0.043012 0.000019 0.006131 0.005678 0.000034 0.069465 0.152652 0.000061 0.000283 0.000913 0.001284 0.128704 0.001865 0.000358 0.004128 0.001000 0.584617 0.000620 0.022922 0.000059 0.081059 0.000367 0.351351 0.015114 0.002049 0.000433 0.000669 0.003115 0.000010 0.000008 0.046703 0.021612 0.021302 0.000364 0.000058 0.004049 0.000162 0.086564 0.029342 -0.000000 0.000275 0.008153 0.000018 0.000307 0.000167 0.000314 0.002507 
0.010188 0.003381 0.002562 0.011830 0.004542 0.006463 0.017546 0.009591 0.012373 0.043842 0.003899 0.007349 0.001133 0.011970 0.005780 0.010334 0.026720 0.002688 0.033298 0.013975 0.006979 0.032650 0.017336 0.009224 0.019924 0.003607 0.148735 0.002216 0.000686 0.046979 0.027270 0.040801 0.014141 0.001373 0.152374 0.005355 0.011305 0.008947 0.016917 0.010730 0.008313 0.000084 0.025483 0.072991 0.002312 0.003739 0.000909 0.000987 0.008846 0.012229 0.009776 0.023640 0.028155 0.006401 0.001061 0.001403 0.006413 0.020602 0.002249 0.002033 0.003252 0.000021 0.001751 
0.013561 0.000711 0.015672 0.002223 0.000510 0.007301 0.009488 0.001304 0.034599 0.011167 0.000406 0.010672 0.000118 0.132612 0.000420 0.000512 0.093552 0.000105 0.028393 0.021531 0.000137 0.193818 0.291147 0.000553 0.001946 0.005594 0.009223 0.057071 0.014181 0.002844 0.036137 0.008748 0.436771 0.005503 0.204155 0.000347 0.463072 0.002742 0.476982 0.119018 0.014045 0.001455 0.003421 0.021511 0.000178 0.000250 0.009457 0.009858 0.067774 0.001749 0.000609 0.020362 0.002346 0.044810 0.005449 0.000083 0.000963 0.027157 0.000128 0.001213 0.000876 0.000114 0.004324 
0.000877 0.000319 -0.000000 0.001219 0.002092 0.000419 0.001907 0.001995 0.000405 0.014166 0.001253 0.000532 0.000757 -0.000000 0.006483 0.022050 0.000864 0.007310 0.006084 0.001599 0.021073 0.001116 0.000337 0.084085 0.038131 0.000795 0.763990 0.000010 0.000040 0.110572 0.008169 0.029648 0.000166 0.000163 0.041721 0.050682 0.000224 0.009557 0.000337 0.000727 0.001991 0.000005 0.124636 0.102810 0.039305 0.059921 0.000008 0.000035 0.000928 0.054579 0.116178 0.014500 0.158089 0.000206 0.000039 0.007623 0.009782 0.007436 0.006929 0.001579 0.003072 -0.000000 0.000350 
0.008299 0.000725 0.007304 0.001972 0.000255 0.004941 0.008773 0.001637 0.021641 0.011374 0.000461 0.007482 0.000163 0.063885 0.000605 0.000921 0.063438 0.000210 0.028534 0.018356 0.000479 0.117957 0.121785 0.001107 0.002530 0.005725 0.016345 0.023010 0.008741 0.005396 0.044219 0.014132 0.180675 0.007771 0.362631 0.000774 0.356328 0.005562 0.337804 0.285603 0.028187 0.002599 0.009544 0.053927 0.000401 0.000621 0.008412 0.010465 0.148107 0.004330 0.001218 0.047281 0.007443 0.058480 0.005902 0.000248 0.003352 0.063182 0.000786 0.002926 0.002474 0.000134 0.009063 
0.000540 0.000305 0.000109 0.001757 0.002143 0.000243 0.001716 0.001688 0.000450 0.010650 0.001217 0.000380 0.000577 0.000067 0.005323 0.015731 0.000617 0.006176 0.003915 0.000811 0.020149 0.001413 0.000144 0.053460 0.020207 0.000520 0.277624 0.000048 0.000025 0.034797 0.003809 0.012302 0.000277 0.000109 0.023087 0.011228 0.000256 0.003240 0.000202 0.000771 0.001112 0.000004 0.032175 0.036866 0.013936 0.036897 0.000015 0.000030 0.000490 0.022691 0.124127 0.008369 0.140613 0.000124 0.000026 0.011090 0.007822 0.004847 0.008958 0.000926 0.003600 -0.000000 0.000285 
0.001417 0.000203 0.001472 0.000681 0.000102 0.001390 0.003052 0.000307 0.005849 0.004963 0.000203 0.002602 0.000070 0.015938 0.000395 0.000256 0.033570 0.000057 0.017734 0.011449 0.000137 0.067085 0.050948 0.000287 0.001805 0.006052 0.006771 0.006280 0.007581 0.004187 0.070268 0.015494 0.050409 0.024684 0.925293 0.000629 0.112734 0.009760 0.086540 0.640498 0.098752 0.001021 0.009395 0.083227 0.000258 0.000257 0.001978 0.003001 0.126676 0.004452 0.000609 0.083455 0.003479 0.022054 0.001424 0.000083 0.003266 0.079983 0.000293 0.002766 0.001932 0.000044 0.007815 
0.000135 0.000102 -0.000000 0.000502 0.000561 0.000066 0.000906 0.000767 0.000180 0.005584 0.000544 0.000152 0.000456 -0.000000 0.004446 0.013813 0.000555 0.005023 0.002971 0.000371 0.018610 0.000595 0.000048 0.083717 0.026400 0.000245 0.634985 -0.000000 0.000008 0.077924 0.002878 0.017325 0.000055 0.000047 0.018634 0.043893 0.000032 0.006172 0.000067 0.000264 0.000822 0.000001 0.106937 0.061567 0.051490 0.091898 0.000008 -0.000000 0.000309 0.047443 0.175878 0.007250 0.147733 -0.000000 -0.000000 0.010732 0.006550 0.002754 0.006326 0.000660 0.002015 0.000000 0.000142 
0.000607 -0.000000 0.005669 -0.000000 -0.000000 0.000066 0.000048 -0.000000 0.002565 -0.000000 -0.000000 0.000095 0.000003 0.074779 -0.000000 -0.000000 0.002345 -0.000000 0.000094 0.000093 -0.000000 0.003347 0.017288 -0.000000 -0.000000 0.000022 -0.000000 0.041202 0.000356 -0.000000 0.000116 -0.000000 0.900105 0.000052 0.000660 -0.000000 0.088009 0.000007 2.781892 0.003790 0.000271 0.000901 -0.000000 0.000223 -0.000000 -0.000000 0.053364 0.073732 0.029142 0.000017 -0.000000 0.001543 0.000081 0.068103 0.011040 -0.000000 0.000034 0.004131 0.000018 0.000040 0.000042 0.000082 0.001631 
0.010660 0.002612 0.001962 0.008137 0.004440 0.004588 0.013160 0.007212 0.009898 0.034950 0.002986 0.006134 0.000993 0.009415 0.005891 0.011076 0.024067 0.002859 0.025893 0.010870 0.007355 0.028188 0.015024 0.011459 0.018437 0.002991 0.161928 0.002109 0.000660 0.039768 0.029189 0.032947 0.014030 0.001450 0.178594 0.012711 0.011081 0.013440 0.019007 0.011986 0.010372 0.000104 0.090825 0.163858 0.007189 0.010604 0.001091 0.001071 0.012224 0.038713 0.024860 0.046317 0.084546 0.007351 0.000919 0.003495 0.016367 0.040267 0.006454 0.004678 0.008284 0.000026 0.002846 
0.009985 0.001175 0.007904 0.002975 0.000612 0.006110 0.011253 0.002302 0.021011 0.014166 0.000820 0.007691 0.000183 0.053731 0.000988 0.001663 0.053687 0.000257 0.028676 0.017382 0.000787 0.087687 0.084850 0.001558 0.003857 0.005008 0.021715 0.019072 0.005207 0.006471 0.043260 0.015473 0.154334 0.006110 0.320579 0.001156 0.253426 0.006428 0.308822 0.211862 0.028139 0.002845 0.011725 0.067279 0.000645 0.000893 0.010579 0.011640 0.179157 0.007362 0.002669 0.058696 0.013188 0.073720 0.007377 0.000633 0.004986 0.078221 0.001188 0.004399 0.003947 0.000200 0.011252 
0.000405 0.000160 0.000082 0.001147 0.000153 0.000419 0.002050 0.000588 0.000315 0.007652 0.000581 0.000722 0.000183 0.000672 0.000963 0.001560 0.002407 0.000581 0.009244 0.003082 0.001163 0.004834 0.002408 0.005186 0.009254 0.001947 0.109041 0.000164 0.000220 0.048501 0.039103 0.085815 0.001165 0.001563 0.440961 0.021077 0.002978 0.126919 0.002426 0.011567 0.031367 0.000037 0.343617 1.883586 0.006053 0.004677 0.000136 0.000242 0.010135 0.066999 0.007832 0.161163 0.040372 0.003015 0.000168 0.000881 0.014544 0.057288 0.001792 0.005178 0.004948 0.000007 0.002594 
0.000877 0.000218 0.000136 0.000574 0.000357 0.000441 0.000715 0.000742 0.001170 0.002275 0.000249 0.000437 0.000090 0.001345 0.000358 0.000844 0.001913 0.000305 0.002075 0.000927 0.000889 0.002529 0.001252 0.001455 0.001274 0.000306 0.012375 0.000116 0.000053 0.002575 0.001744 0.001788 0.001497 0.000099 0.013687 0.000604 0.001121 0.000676 0.001348 0.001190 0.000686 0.000008 0.004883 0.010607 0.001098 0.003149 0.000106 0.000104 0.000877 0.003568 0.018652 0.003587 0.031796 0.000743 0.000104 0.004430 0.003696 0.003470 0.003839 0.000686 0.001598 0.000003 0.000296 
0.000135 0.000015 0.000191 0.000108 -0.000000 0.000088 0.000286 0.000026 0.000945 0.001241 0.000037 0.000190 0.000018 0.001950 0.000037 0.000077 0.002654 0.000010 0.002594 0.001205 -0.000000 0.008850 0.007657 0.000164 0.000531 0.001157 0.003969 0.001268 0.001251 0.002709 0.019450 0.009556 0.013088 0.005466 0.481529 0.000795 0.039713 0.015631 0.048325 0.201110 0.143981 0.000879 0.020649 0.279723 0.000523 0.000575 0.002577 0.004655 0.285176 0.014844 0.001247 0.572189 0.010679 0.056209 0.003236 0.000303 0.012224 0.627252 0.000969 0.016454 0.007158 0.000130 0.043860 
0.001079 0.000276 0.000436 0.001291 0.000408 0.000772 0.002146 0.000563 0.001440 0.005170 0.000396 0.000874 0.000153 0.003228 0.000803 0.001791 0.005986 0.000391 0.007405 0.003453 0.000958 0.010115 0.007079 0.002972 0.004565 0.001651 0.044714 0.001064 0.000610 0.014891 0.022618 0.024114 0.008596 0.002104 0.316292 0.005272 0.013996 0.023345 0.020691 0.031352 0.037119 0.000189 0.111969 0.762024 0.005802 0.008038 0.001129 0.001594 0.038761 0.092357 0.018246 0.863817 0.111002 0.016478 0.001178 0.002862 0.065072 0.343895 0.009233 0.034748 0.032023 0.000048 0.015992 
0.000202 0.000174 0.000109 0.000645 0.000663 0.000397 0.000954 0.000563 0.000720 0.002792 0.000212 0.000399 0.000115 0.001614 0.000593 0.001126 0.002654 0.000343 0.004103 0.001437 0.001368 0.003644 0.002456 0.003341 0.004070 0.000681 0.050435 0.000397 0.000233 0.013099 0.012443 0.016197 0.004215 0.000868 0.145448 0.005824 0.005893 0.014706 0.008425 0.012448 0.016182 0.000080 0.162488 0.561003 0.013504 0.018596 0.000530 0.000681 0.018594 0.254830 0.042381 0.297760 0.322812 0.007104 0.000479 0.007843 0.174585 0.216318 0.022505 0.043578 0.062989 0.000021 0.009490 
0.000067 -0.000000 0.000027 -0.000000 -0.000000 0.000022 0.000095 -0.000000 0.000225 0.000103 -0.000000 0.000038 0.000003 0.001076 -0.000000 -0.000000 0.000679 -0.000000 0.000189 0.000348 -0.000000 0.002677 0.002408 -0.000000 0.000106 0.000201 0.000350 0.000503 0.000547 0.000246 0.003431 0.001894 0.008263 0.002706 0.175461 0.000170 0.027863 0.005510 0.047921 0.190424 0.081459 0.001055 0.004933 0.114159 0.000098 0.000053 0.002781 0.008249 0.624534 0.004677 0.000145 0.364478 0.003803 0.108452 0.004258 0.000110 0.005398 0.824236 0.000512 0.012949 0.004350 0.000235 0.091978 
0.000405 -0.000000 0.001663 -0.000000 -0.000000 0.000088 0.000048 -0.000000 0.000765 -0.000000 -0.000000 0.000057 -0.000000 0.017686 -0.000000 -0.000000 0.000555 -0.000000 0.000047 0.000046 -0.000000 0.000297 0.004430 -0.000000 -0.000000 0.000004 -0.000000 0.004190 0.000029 -0.000000 0.000087 0.000021 0.031333 0.000041 0.001154 -0.000000 0.004612 0.000066 0.045629 0.002159 0.000735 0.000123 0.000099 0.000964 -0.000000 -0.000000 0.129243 0.022185 0.022488 0.000069 -0.000000 0.002854 0.000162 0.678591 0.428296 0.000028 0.000138 0.013551 0.000055 0.000333 0.000153 0.004364 0.009939 
-0.000000 -0.000000 0.000027 -0.000000 -0.000000 -0.000000 -0.000000 -0.000000 -0.000000 0.000103 -0.000000 -0.000000 -0.000000 -0.000000 -0.000000 -0.000000 -0.000000 -0.000000 0.000141 -0.000000 0.000034 -0.000000 -0.000000 0.000205 0.000212 0.000026 0.001868 0.000010 0.000020 0.000896 0.001134 0.001724 0.000055 0.000144 0.032322 0.000806 0.000641 0.004552 0.001213 0.005200 0.007917 0.000021 0.081257 0.546094 0.004296 0.004496 0.000076 0.000183 0.010187 0.222872 0.008238 0.563936 0.194496 0.002808 0.000194 0.002257 0.328488 0.380251 0.009799 0.125764 0.078223 0.000006 0.007804 
-0.000000 -0.000000 -0.000000 -0.000000 -0.000000 -0.000000 -0.000000 -0.000000 -0.000000 -0.000000 -0.000000 -0.000000 -0.000000 -0.000000 -0.000000 -0.000000 -0.000000 -0.000000 -0.000000 -0.000000 -0.000000 0.000074 0.000048 0.000020 0.000018 0.000004 -0.000000 0.000039 0.000019 0.000134 0.000349 0.000383 0.000222 0.000122 0.015171 0.000132 0.000737 0.001240 0.001618 0.006081 0.005974 0.000034 0.014080 0.127140 0.000467 0.000522 0.000099 0.000276 0.018749 0.032373 0.000783 0.354142 0.030420 0.006980 0.000285 0.000605 0.064831 1.305458 0.002852 0.304276 0.038875 0.000019 0.028656 
0.000135 0.000029 0.000164 0.000251 0.000051 0.000309 0.000620 0.000205 0.000360 0.002275 0.000175 0.000133 0.000058 0.001009 0.000296 0.000665 0.001666 0.000191 0.003113 0.000765 0.000992 0.002082 0.002263 0.001619 0.001823 0.000493 0.021598 0.000329 0.000156 0.005262 0.005175 0.005896 0.003605 0.000489 0.059037 0.002139 0.004003 0.004624 0.007481 0.008504 0.006718 0.000059 0.039414 0.133816 0.005565 0.011103 0.000485 0.000647 0.011502 0.059464 0.037189 0.104627 0.247732 0.006112 0.000647 0.010815 0.301995 0.161729 0.039380 0.059200 0.240672 0.000022 0.011329 
0.000540 0.000015 0.001308 0.000072 -0.000000 0.000154 0.000095 0.000026 0.000990 0.000103 0.000009 0.000190 -0.000000 0.013315 -0.000000 -0.000000 0.002407 -0.000000 0.000141 0.000348 -0.000000 0.003496 0.004623 -0.000000 0.000053 0.000092 0.000233 0.003919 0.000237 0.000179 0.001366 0.000341 0.033994 0.000313 0.019624 0.000028 0.021330 0.000577 0.089641 0.013726 0.003374 0.000453 0.000818 0.011646 0.000045 0.000076 0.043869 0.026356 0.074144 0.000901 0.000145 0.018820 0.001214 0.695194 0.113355 0.000083 0.001479 0.061144 0.000238 0.002446 0.001265 0.004971 0.034512 
0.000135 -0.000000 0.000709 -0.000000 -0.000000 0.000044 0.000048 -0.000000 0.000270 -0.000000 -0.000000 0.000019 -0.000000 0.006456 -0.000000 -0.000000 0.000062 -0.000000 -0.000000 -0.000000 -0.000000 0.000744 0.001541 -0.000000 -0.000000 0.000004 -0.000000 0.001819 0.000038 -0.000000 0.000029 0.000043 0.014363 0.000047 0.003298 0.000003 0.004356 0.000112 0.033025 0.004362 0.001276 0.000174 0.000149 0.001929 0.000007 -0.000000 0.043187 0.013970 0.037033 0.000242 -0.000000 0.006402 0.000081 0.591202 0.243483 -0.000000 0.000241 0.030352 0.000018 0.000666 0.000264 0.012347 0.022789 
0.000067 -0.000000 0.000627 -0.000000 -0.000000 0.000044 0.000048 -0.000000 0.000360 -0.000000 -0.000000 0.000057 -0.000000 0.006187 0.000012 -0.000000 0.000432 -0.000000 0.000047 0.000046 -0.000000 0.000595 0.002215 -0.000000 -0.000000 0.000013 0.000117 0.001984 0.000046 0.000022 0.000349 0.000128 0.017136 0.000103 0.006926 0.000017 0.008807 0.000184 0.046168 0.007557 0.002262 0.000294 0.000322 0.003709 0.000007 0.000015 0.037784 0.017194 0.059341 0.000260 0.000029 0.011068 0.000647 0.649393 0.145686 -0.000000 0.000619 0.048750 0.000091 0.001659 0.000764 0.008991 0.034436 
0.000135 0.000044 0.000027 0.000036 0.000153 0.000088 0.000143 0.000128 0.000180 0.000620 0.000009 0.000076 0.000028 0.000269 0.000185 0.000409 0.000370 0.000105 0.000424 0.000185 0.000411 0.000521 0.000337 0.000615 0.000690 0.000083 0.008406 0.000068 0.000023 0.001344 0.000930 0.001298 0.000388 0.000060 0.007421 0.000528 0.000320 0.000702 0.000741 0.000969 0.000735 0.000007 0.006544 0.017283 0.001729 0.004761 0.000030 0.000059 0.001547 0.009648 0.026195 0.009834 0.110759 0.000578 0.000091 0.031674 0.025238 0.015038 0.121266 0.004312 0.025713 0.000001 0.001084 
0.000675 0.000116 0.000709 0.000358 0.000153 0.000176 0.000954 0.000256 0.001125 0.001137 0.000101 0.000323 0.000030 0.003161 0.000235 0.000460 0.003517 0.000124 0.003066 0.001159 0.000205 0.005281 0.005490 0.000799 0.001186 0.000646 0.013893 0.001219 0.000366 0.004411 0.008605 0.006108 0.011978 0.001019 0.104386 0.001167 0.015629 0.004893 0.027903 0.023663 0.014809 0.000247 0.023822 0.124692 0.001949 0.003315 0.002721 0.002908 0.052610 0.024891 0.009225 0.179327 0.058656 0.030892 0.002847 0.002834 0.049565 0.788761 0.009434 0.079120 0.050439 0.000129 0.070064 
0.000405 0.000102 0.000191 0.000358 0.000051 0.000265 0.000572 0.000230 0.000585 0.001861 0.000129 0.000171 0.000033 0.000941 0.000123 0.000307 0.001851 0.000057 0.000849 0.000510 0.000274 0.002157 0.001011 0.000348 0.000460 0.000153 0.003269 0.000203 0.000046 0.000672 0.001337 0.000936 0.001497 0.000073 0.007586 0.000177 0.000929 0.000335 0.002022 0.001146 0.000677 0.000012 0.001239 0.006973 0.000268 0.000325 0.000099 0.000099 0.001238 0.001299 0.001044 0.003702 0.006068 0.001074 0.000065 0.000303 0.002252 0.005839 0.000731 0.001506 0.002196 0.000003 0.000525 
0.000067 -0.000000 0.000027 0.000036 0.000102 -0.000000 0.000143 0.000051 0.000090 0.000414 0.000055 0.000076 0.000025 0.000336 0.000037 0.000307 0.000555 0.000105 0.000943 0.000278 0.000171 0.000744 0.000626 0.000471 0.000549 0.000135 0.006655 0.000087 0.000078 0.002172 0.002064 0.002256 0.001386 0.000223 0.034301 0.000868 0.002146 0.002473 0.003707 0.005023 0.004321 0.000048 0.019856 0.082411 0.002674 0.004904 0.000311 0.000469 0.011450 0.032616 0.019291 0.081488 0.151131 0.005369 0.000388 0.008751 0.162602 0.190539 0.037899 0.082419 0.348166 0.000022 0.016058 
0.000270 0.000015 0.001117 0.000036 -0.000000 0.000088 0.000191 0.000026 0.000540 0.000207 -0.000000 0.000190 -0.000000 0.008070 0.000012 -0.000000 0.001419 -0.000000 0.000566 0.000440 -0.000000 0.003496 0.004864 -0.000000 0.000018 0.000175 0.000700 0.003087 0.000291 0.000224 0.002093 0.001022 0.029891 0.000463 0.033641 0.000083 0.025942 0.001036 0.089371 0.022913 0.006273 0.000594 0.002231 0.016542 0.000108 0.000144 0.023280 0.021548 0.118475 0.001853 0.000174 0.034863 0.003236 0.480973 0.049766 0.000110 0.002596 0.125208 0.000366 0.005052 0.003266 0.002738 0.077103 
-0.000000 -0.000000 -0.000000 -0.000000 -0.000000 -0.000000 -0.000000 -0.000000 -0.000000 -0.000000 -0.000000 -0.000000 -0.000000 -0.000000 -0.000000 -0.000000 -0.000000 -0.000000 -0.000000 -0.000000 -0.000000 -0.000000 0.000048 -0.000000 -0.000000 -0.000000 -0.000000 0.000010 0.000010 0.000022 0.000058 0.000085 0.000055 0.000039 0.003298 0.000003 0.000384 0.000131 0.001685 0.004230 0.002600 0.000024 0.001413 0.018099 0.000056 0.000061 0.000099 0.000434 0.017975 0.005144 0.000493 0.065445 0.010922 0.009912 0.000285 0.000358 0.027576 0.886427 0.006966 0.270021 0.098181 0.000022 0.088246 
0.000270 0.000029 0.000681 0.000108 0.000102 0.000243 0.000572 0.000102 0.001125 0.000827 0.000101 0.000380 0.000008 0.003766 0.000123 0.000230 0.002407 0.000038 0.002264 0.001136 0.000205 0.005950 0.004816 0.000451 0.000796 0.000472 0.004903 0.001451 0.000389 0.002374 0.006512 0.004065 0.012866 0.000941 0.091029 0.000656 0.017454 0.003542 0.035789 0.025183 0.013127 0.000312 0.013386 0.074622 0.000934 0.001521 0.004009 0.004621 0.071719 0.014065 0.004409 0.124411 0.030582 0.055961 0.004569 0.001734 0.024275 0.580209 0.004936 0.039067 0.027075 0.000205 0.180486 
0.000135 -0.000000 0.000191 -0.000000 -0.000000 -0.000000 -0.000000 -0.000000 0.000045 -0.000000 -0.000000 -0.000000 0.000003 0.000740 -0.000000 -0.000000 0.000123 -0.000000 0.000047 0.000046 -0.000000 -0.000000 0.000530 -0.000000 -0.000000 0.000013 0.000117 0.000523 0.000065 0.000022 0.000349 0.000128 0.006821 0.000234 0.017975 0.000017 0.009031 0.000354 0.051358 0.019256 0.007259 0.000509 0.000496 0.011497 0.000014 -0.000000 0.009222 0.013699 0.178486 0.000641 0.000029 0.042961 0.001133 0.388463 0.025536 0.000028 0.001461 0.225242 0.000420 0.005731 0.002794 0.001769 0.257666 
0.000405 0.000232 0.000273 0.000502 0.000714 0.000551 0.001192 0.000512 0.001125 0.002999 0.000313 0.000380 0.000065 0.001345 0.000457 0.000639 0.002962 0.000343 0.003113 0.001228 0.000547 0.003570 0.002552 0.001414 0.001734 0.000371 0.018679 0.000406 0.000100 0.003381 0.003809 0.004129 0.002662 0.000268 0.035620 0.001052 0.002466 0.001961 0.005864 0.003591 0.002455 0.000034 0.014898 0.041984 0.002517 0.005752 0.000333 0.000415 0.005158 0.017391 0.024135 0.025376 0.115533 0.002850 0.000362 0.011668 0.043857 0.041699 0.044005 0.010863 0.054066 0.000010 0.003514 
0.000067 0.000058 0.000055 0.000072 0.000051 0.000154 0.000381 0.000102 0.000225 0.000517 0.000092 0.000228 0.000028 0.000740 0.000272 0.000384 0.001296 0.000124 0.001415 0.000417 0.000547 0.001190 0.000915 0.001004 0.000973 0.000249 0.011441 0.000213 0.000068 0.002553 0.003401 0.002809 0.001553 0.000204 0.028529 0.001000 0.002338 0.002112 0.005864 0.004979 0.003306 0.000041 0.018765 0.058674 0.003005 0.006638 0.000364 0.000400 0.008020 0.025930 0.026166 0.053605 0.172004 0.004626 0.000453 0.014447 0.107605 0.112483 0.051775 0.037654 0.215140 0.000019 0.010202 
-0.000000 0.000015 0.000027 0.000036 -0.000000 -0.000000 0.000048 0.000051 0.000090 0.000310 -0.000000 0.000076 0.000003 0.000202 0.000086 0.000077 0.000185 0.000048 0.000519 0.000301 0.000137 0.000521 0.000674 0.000451 0.000389 0.000096 0.004787 0.000106 0.000042 0.001299 0.001163 0.001660 0.001275 0.000174 0.021108 0.000632 0.002146 0.001332 0.003640 0.004076 0.002755 0.000031 0.013658 0.054891 0.001963 0.004102 0.000311 0.000301 0.007711 0.023418 0.019813 0.058734 0.147247 0.005328 0.000453 0.009934 0.116510 0.146691 0.049435 0.057047 0.284134 0.000014 0.014492 
-0.000000 -0.000000 -0.000000 -0.000000 -0.000000 -0.000000 -0.000000 -0.000000 0.000045 0.000207 -0.000000 -0.000000 0.000003 0.000269 0.000012 -0.000000 -0.000000 -0.000000 0.000047 0.000046 0.000034 0.000223 0.000289 0.000082 0.000106 0.000044 0.001751 0.000077 0.000025 0.000560 0.000727 0.000404 0.000943 0.000144 0.015831 0.000233 0.001922 0.001233 0.002966 0.005927 0.003944 0.000048 0.010064 0.052073 0.000941 0.001552 0.000417 0.000726 0.016015 0.019417 0.007542 0.085074 0.064967 0.010325 0.000608 0.003963 0.088126 0.355022 0.022688 0.142785 0.187815 0.000031 0.043269 
-0.000000 -0.000000 0.000409 -0.000000 -0.000000 0.000044 -0.000000 -0.000000 0.000315 -0.000000 -0.000000 0.000057 -0.000000 0.004438 0.000012 -0.000000 0.000555 -0.000000 0.000330 0.000162 -0.000000 0.001116 0.002311 -0.000000 -0.000000 0.000070 0.000117 0.001364 0.000162 0.000134 0.001279 0.000341 0.016859 0.000322 0.024571 0.000028 0.015020 0.000715 0.061940 0.018926 0.006380 0.000494 0.001463 0.015503 0.000052 0.000083 0.014891 0.016300 0.127733 0.001230 0.000145 0.036135 0.002265 0.389330 0.037120 0.000083 0.002304 0.148509 0.000366 0.005531 0.002960 0.002384 0.126567 
0.000135 -0.000000 0.000600 -0.000000 -0.000000 0.000044 0.000048 0.000051 0.000630 -0.000000 -0.000000 0.000152 -0.000000 0.006725 0.000012 -0.000000 0.000802 0.000010 0.000047 0.000070 -0.000000 0.001041 0.002986 -0.000000 0.000018 0.000057 0.000350 0.001877 0.000100 0.000090 0.000465 0.000298 0.016692 0.000169 0.009730 0.000028 0.010152 0.000315 0.041113 0.007755 0.001827 0.000222 0.000322 0.004970 0.000021 0.000030 0.021203 0.011818 0.039277 0.000485 0.000058 0.011222 0.000728 0.294878 0.081903 -0.000000 0.001049 0.038615 0.000146 0.001446 0.000931 0.008076 0.025230 
0.000675 0.000087 0.000790 0.000394 0.000051 0.000618 0.001192 0.000153 0.002385 0.001758 0.000046 0.000665 0.000035 0.005851 0.000136 0.000281 0.004752 0.000057 0.002405 0.001483 0.000239 0.007140 0.008138 0.000389 0.000849 0.000589 0.007238 0.002255 0.000434 0.002262 0.005902 0.003342 0.019243 0.000787 0.063159 0.000486 0.020721 0.002302 0.044753 0.022253 0.008168 0.000336 0.007908 0.043097 0.000614 0.000878 0.005570 0.005712 0.062074 0.006409 0.002495 0.056343 0.015615 0.073926 0.008051 0.000771 0.009662 0.197645 0.001938 0.012402 0.010563 0.000334 0.235927 
-0.000000 -0.000000 0.000027 -0.000000 -0.000000 -0.000000 -0.000000 -0.000000 -0.000000 -0.000000 -0.000000 -0.000000 -0.000000 0.000538 -0.000000 -0.000000 0.000062 -0.000000 0.000047 -0.000000 -0.000000 0.000074 0.000289 -0.000000 -0.000000 0.000009 -0.000000 0.000242 0.000040 0.000022 0.000174 0.000043 0.003716 0.000124 0.009235 0.000007 0.004772 0.000282 0.023657 0.012646 0.005288 0.000273 0.000322 0.009421 0.000007 0.000008 0.003781 0.006383 0.109578 0.000762 0.000029 0.036521 0.001133 0.172921 0.010794 0.000083 0.001805 0.207890 0.000384 0.006611 0.003405 0.000776 0.488579 
-0.000000 -0.000000 0.000055 -0.000000 -0.000000 0.000044 0.000048 0.000026 -0.000000 0.000207 0.000018 -0.000000 0.000005 0.000134 0.000049 0.000077 0.000247 0.000029 0.000236 0.000116 0.000068 0.000149 0.000144 0.000143 0.000230 0.000031 0.003269 0.000010 0.000011 0.000985 0.000727 0.000851 0.000222 0.000047 0.007091 0.000368 0.000288 0.000531 0.000876 0.000793 0.000696 0.000007 0.005330 0.015651 0.001339 0.003482 0.000083 0.000069 0.001831 0.010168 0.020683 0.012881 0.116423 0.000578 0.000013 0.018575 0.040625 0.024237 0.090369 0.008490 0.056874 0.000004 0.001992 
