# Flux Network Reconstruction using RW method
# Walkers leave from emitting cells
# Probability involves emitting fluxes, then absorbing flux is shared among connections
# Seed: 1684539243
# Threshold: 0.5
# Precision: 100000.0
# Dt: 1.0
# Radius step: 2.000000
# Matrix output


0.013015 0.000030 0.000535 0.017700 0.002189 0.000323 0.007548 0.001257 0.003385 0.008518 0.000013 0.000162 0.004194 0.003788 0.000265 0.003009 0.001772 0.007719 0.002386 0.003463 0.001480 0.001572 0.000551 0.000281 0.000230 0.000113 0.000660 0.000390 0.001691 0.000413 0.001003 0.000453 0.000746 0.001096 0.000598 0.000343 0.001483 0.000305 0.000994 0.000249 0.000142 0.000003 0.000092 0.000254 0.000201 0.000225 0.000356 0.000047 0.000074 0.000043 0.000290 0.000000 0.000017 0.000010 0.000038 0.000026 0.000023 0.000063 -0.000000 0.000131 -0.000000 0.000073 0.000030 0.000003 0.000006 0.000000 0.000018 0.000000 0.000005 0.000079 -0.000000 0.000003 0.000067 0.000016 
-0.000000 -0.000000 0.045962 -0.000000 0.245600 -0.000000 0.001746 0.012066 -0.000000 0.021554 0.002485 0.038753 -0.000000 -0.000000 0.000387 0.000071 -0.000000 0.000046 0.013731 0.000028 0.000865 -0.000000 -0.000000 0.000007 0.003090 -0.000000 0.000176 -0.000000 0.000044 -0.000000 0.000231 0.001066 -0.000000 -0.000000 -0.000000 -0.000000 -0.000000 -0.000000 -0.000000 -0.000000 -0.000000 0.000002 -0.000000 -0.000000 0.000168 -0.000000 -0.000000 -0.000000 -0.000000 0.000014 -0.000000 -0.000000 0.000034 0.000002 -0.000000 -0.000000 -0.000000 -0.000000 -0.000000 -0.000000 -0.000000 -0.000000 -0.000000 -0.000000 -0.000000 -0.000000 -0.000000 -0.000000 -0.000000 -0.000000 -0.000000 -0.000000 -0.000000 -0.000000 
0.047245 0.000051 0.009906 0.139347 0.010474 0.000633 0.362852 0.013323 0.058822 0.119245 0.000018 0.000036 0.005592 0.022306 0.001896 0.052787 0.001656 0.043526 0.002094 0.023423 0.001591 0.001838 0.000264 0.000301 0.000021 0.000043 0.000066 0.000093 0.002447 0.000188 0.000154 0.000107 0.000176 0.000419 0.000222 0.000066 0.000141 -0.000000 0.000199 0.000019 0.000028 -0.000000 -0.000000 -0.000000 -0.000000 0.000032 -0.000000 -0.000000 -0.000000 -0.000000 -0.000000 -0.000000 -0.000000 -0.000000 -0.000000 -0.000000 -0.000000 -0.000000 -0.000000 -0.000000 -0.000000 -0.000000 -0.000000 -0.000000 -0.000000 -0.000000 -0.000000 -0.000000 -0.000000 -0.000000 -0.000000 -0.000000 -0.000000 -0.000000 
0.003306 0.000653 0.000036 0.013349 0.000052 0.164503 0.001408 0.000116 0.002237 0.001304 0.000001 0.000018 0.081328 0.004499 0.000027 0.000711 0.015713 0.006303 0.000146 0.001577 0.000112 0.003290 0.001032 0.000040 -0.000000 0.000290 0.000066 0.001004 0.000267 0.000975 0.000039 0.000027 0.001185 0.000709 0.000256 0.000044 0.000141 0.000051 0.000397 0.000057 0.000028 -0.000000 0.000007 0.000116 -0.000000 0.000032 -0.000000 -0.000000 0.000011 -0.000000 -0.000000 -0.000000 -0.000000 0.000002 0.000009 -0.000000 -0.000000 -0.000000 -0.000000 -0.000000 -0.000000 -0.000000 -0.000000 -0.000000 -0.000000 -0.000000 -0.000000 -0.000000 -0.000000 -0.000000 -0.000000 -0.000000 -0.000000 -0.000000 
0.102383 0.003342 0.000446 0.444343 0.000730 0.023060 0.014983 0.001044 0.034233 0.007735 0.000001 0.000036 0.191832 0.049227 0.000269 0.006302 0.041362 0.045445 0.000390 0.009347 0.000475 0.021484 0.004903 0.000221 -0.000000 0.001248 0.000110 0.003086 0.002625 0.004838 0.000154 -0.000000 0.002722 0.003578 0.001144 0.000233 0.001201 -0.000000 0.000646 0.000134 0.000104 -0.000000 0.000014 0.000092 -0.000000 0.000064 0.000065 0.000007 0.000011 -0.000000 0.000083 0.000000 -0.000000 0.000005 -0.000000 -0.000000 -0.000000 -0.000000 -0.000000 -0.000000 -0.000000 -0.000000 -0.000000 -0.000000 -0.000000 -0.000000 -0.000000 -0.000000 -0.000000 -0.000000 -0.000000 -0.000000 -0.000000 -0.000000 
0.011111 0.002476 0.000071 0.062396 0.000104 0.255032 0.002816 0.000135 0.009920 0.001651 -0.000000 -0.000000 0.590448 0.024483 0.000053 0.001256 0.076909 0.022334 0.000049 0.003378 0.000112 0.017541 0.004616 0.000067 -0.000000 0.001215 0.000066 0.003440 0.000801 0.004501 0.000077 -0.000000 0.001976 0.002127 0.000649 0.000111 0.000565 -0.000000 0.000397 0.000038 0.000095 0.000000 0.000021 0.000046 -0.000000 -0.000000 0.000032 -0.000000 -0.000000 -0.000000 -0.000000 -0.000000 -0.000000 -0.000000 -0.000000 -0.000000 -0.000000 -0.000000 -0.000000 -0.000000 -0.000000 -0.000000 -0.000000 -0.000000 -0.000000 -0.000000 -0.000000 -0.000000 -0.000000 -0.000000 -0.000000 -0.000000 -0.000000 -0.000000 
0.002682 0.000685 -0.000000 0.014912 -0.000000 0.701991 0.000676 -0.000000 0.002500 0.000174 -0.000000 -0.000000 0.282095 0.006298 0.000004 0.000237 0.027074 0.005800 0.000049 0.000535 -0.000000 0.004768 0.001117 0.000013 -0.000000 0.000360 -0.000000 0.000837 0.000089 0.000750 -0.000000 -0.000000 0.000263 0.000580 0.000171 -0.000000 0.000071 -0.000000 -0.000000 0.000038 0.000019 -0.000000 -0.000000 -0.000000 -0.000000 -0.000000 0.000032 -0.000000 -0.000000 -0.000000 -0.000000 -0.000000 -0.000000 -0.000000 -0.000000 -0.000000 -0.000000 -0.000000 -0.000000 -0.000000 -0.000000 -0.000000 -0.000000 -0.000000 -0.000000 -0.000000 -0.000000 -0.000000 -0.000000 -0.000000 -0.000000 -0.000000 -0.000000 -0.000000 
0.045078 0.000464 0.002785 0.288246 0.008025 0.005832 0.079025 0.007734 0.170988 0.071356 0.000044 0.000361 0.096463 0.132631 0.002200 0.037102 0.030771 0.167438 0.007352 0.049915 0.006086 0.027983 0.007867 0.001511 0.000188 0.001616 0.001408 0.004574 0.012724 0.005626 0.001968 0.000533 0.007376 0.008703 0.004287 0.001318 0.005933 0.000626 0.004670 0.000861 0.000768 0.000003 0.000184 0.000485 0.000168 0.001124 0.000356 0.000054 0.000158 0.000099 0.000497 0.000000 0.000006 0.000015 0.000009 0.000052 -0.000000 0.000032 -0.000000 0.000098 0.000025 0.000024 -0.000000 -0.000000 -0.000000 -0.000000 0.000018 -0.000000 0.000005 -0.000000 -0.000000 -0.000000 0.000067 -0.000000 
0.000066 -0.000000 0.016796 0.000178 0.412720 -0.000000 0.061283 0.315083 0.000400 2.112688 0.009326 0.031287 -0.000000 0.000435 0.043410 0.017911 -0.000000 0.001416 0.716966 0.001858 0.077581 0.000027 -0.000000 0.001016 0.018997 -0.000000 0.005411 -0.000000 0.001112 -0.000000 0.008603 0.013139 -0.000000 0.000032 0.000068 0.000044 -0.000000 0.000609 -0.000000 -0.000000 0.000009 0.000018 0.000007 -0.000000 0.001074 0.000032 -0.000000 0.000013 -0.000000 0.000043 -0.000000 -0.000000 0.000146 0.000007 -0.000000 -0.000000 -0.000000 -0.000000 0.000276 -0.000000 -0.000000 -0.000000 -0.000000 -0.000000 0.000011 0.000000 -0.000000 -0.000000 -0.000000 -0.000000 -0.000000 -0.000000 -0.000000 0.000016 
0.002233 0.000316 -0.000000 0.013844 0.000052 0.042227 0.000789 0.000058 0.003215 0.000608 -0.000000 -0.000000 1.578113 0.008664 0.000015 0.000616 0.224603 0.008678 0.000146 0.001408 -0.000000 0.009030 0.002762 0.000027 -0.000000 0.000960 -0.000000 0.003477 0.000578 0.004463 -0.000000 -0.000000 0.001624 0.001257 0.000307 0.000044 0.000212 -0.000000 0.000199 0.000153 0.000066 -0.000000 0.000014 0.000046 -0.000000 -0.000000 -0.000000 -0.000000 0.000011 -0.000000 -0.000000 0.000000 -0.000000 -0.000000 -0.000000 -0.000000 -0.000000 -0.000000 -0.000000 -0.000000 -0.000000 -0.000000 -0.000000 -0.000000 -0.000000 -0.000000 -0.000000 -0.000000 -0.000000 -0.000000 -0.000000 -0.000000 -0.000000 -0.000000 
-0.000000 -0.000000 0.001553 -0.000000 0.011569 -0.000000 0.000507 0.001702 -0.000000 0.005562 0.001479 0.187526 -0.000000 -0.000000 0.000246 0.000095 -0.000000 -0.000000 0.028630 -0.000000 0.003155 -0.000000 -0.000000 0.000160 0.165798 -0.000000 0.002112 -0.000000 0.000044 -0.000000 0.006983 0.025132 -0.000000 -0.000000 -0.000000 0.000100 -0.000000 0.002116 -0.000000 -0.000000 -0.000000 0.000141 0.000064 -0.000000 0.022850 0.000128 -0.000000 0.000202 -0.000000 0.001307 0.000041 -0.000000 0.004507 0.000087 -0.000000 -0.000000 -0.000000 0.000032 0.016675 0.000131 -0.000000 -0.000000 -0.000000 -0.000000 0.000257 0.000005 0.000072 -0.000000 -0.000000 -0.000000 0.000010 -0.000000 -0.000000 0.000211 
0.009206 0.000921 0.000107 0.105944 -0.000000 0.031802 0.003549 0.000077 0.031084 0.002347 -0.000000 -0.000000 1.263378 0.143516 0.000076 0.002180 0.372836 0.130853 -0.000000 0.013175 0.000084 0.205898 0.043150 0.000201 -0.000000 0.013049 0.000022 0.029022 0.004671 0.040468 -0.000000 0.000027 0.005839 0.008799 0.003040 0.000332 0.001836 0.000017 0.000646 0.000172 0.000360 -0.000000 0.000021 0.000023 -0.000000 0.000096 -0.000000 -0.000000 -0.000000 -0.000000 0.000041 -0.000000 -0.000000 -0.000000 -0.000000 -0.000000 -0.000000 -0.000000 -0.000000 -0.000000 -0.000000 -0.000000 -0.000000 -0.000000 -0.000000 -0.000000 -0.000000 -0.000000 -0.000000 -0.000000 -0.000000 -0.000000 -0.000000 -0.000000 
0.009753 0.000250 0.001107 0.059192 0.002970 0.004620 0.029965 0.003210 0.048732 0.035461 0.000032 0.000234 0.140956 0.380841 0.001661 0.037766 0.061619 0.658012 0.004626 0.112695 0.007370 0.142580 0.031055 0.003209 0.000313 0.005502 0.002969 0.013089 0.041286 0.014777 0.004244 0.001199 0.024850 0.044480 0.018839 0.004398 0.028041 0.000880 0.021612 0.002813 0.003301 0.000006 0.000587 0.002057 0.000168 0.003339 0.001328 0.000128 0.000641 0.000099 0.001284 0.000000 0.000011 0.000019 0.000047 0.000129 0.000105 0.000142 -0.000000 0.000163 0.000025 -0.000000 -0.000000 0.000013 0.000006 -0.000000 0.000036 0.000000 -0.000000 -0.000000 0.000005 -0.000000 0.000067 0.000016 
0.006765 0.000343 0.000214 0.035301 0.000782 0.013402 0.005351 0.000561 0.012111 0.006779 0.000006 -0.000000 1.315044 0.039591 0.000246 0.005141 0.652279 0.072255 0.000682 0.015400 0.000865 0.069592 0.031125 0.000535 0.000042 0.010702 0.000374 0.041962 0.006851 0.060983 0.000579 0.000080 0.034201 0.017599 0.004731 0.000687 0.012290 0.000152 0.006658 0.002985 0.000882 0.000000 0.000099 0.001063 0.000034 0.000578 0.000518 0.000040 0.000179 0.000028 0.000331 0.000000 -0.000000 0.000002 0.000066 0.000039 0.000012 0.000016 -0.000000 0.000065 -0.000000 0.000024 -0.000000 0.000010 -0.000000 -0.000000 0.000018 -0.000000 -0.000000 0.000079 0.000005 -0.000000 0.000067 -0.000000 
0.007739 0.000167 0.002535 0.038031 0.009224 0.003219 0.033852 0.006555 0.023133 0.048585 0.000101 0.001731 0.123329 0.093099 0.002708 0.033454 0.060271 0.239281 0.016214 0.078264 0.013735 0.110881 0.035260 0.004626 0.002213 0.007932 0.008864 0.026810 0.047158 0.032292 0.012962 0.004664 0.055231 0.059694 0.023587 0.007632 0.066042 0.004232 0.045907 0.011213 0.007161 0.000045 0.002059 0.008251 0.002852 0.009407 0.007804 0.000888 0.002501 0.000966 0.008617 0.000001 0.000224 0.000182 0.000610 0.001264 0.000808 0.001498 0.000497 0.001635 0.000455 0.000800 0.000527 0.000099 0.000120 0.000001 0.000432 0.000003 0.000101 0.001429 0.000114 0.000038 0.001002 0.000227 
-0.000000 -0.000000 0.001803 0.000040 0.027932 -0.000000 0.005182 0.012897 0.000033 0.084480 0.003703 0.035128 -0.000000 0.000029 0.006508 0.004786 -0.000000 0.000228 3.055275 0.001774 0.238941 0.000027 0.000016 0.007186 0.067847 -0.000000 0.073619 -0.000000 0.006139 -0.000000 0.109680 0.109936 -0.000000 0.000064 0.000051 0.000919 -0.000000 0.007448 0.000050 -0.000000 0.000076 0.000113 0.000219 -0.000000 0.008355 0.000161 -0.000000 0.000155 0.000011 0.000398 0.000124 -0.000000 0.000650 0.000019 -0.000000 -0.000000 -0.000000 -0.000000 0.001601 -0.000000 -0.000000 -0.000000 -0.000000 -0.000000 0.000046 0.000001 -0.000000 -0.000000 -0.000000 -0.000000 0.000020 -0.000000 -0.000000 0.000032 
0.000898 0.000008 0.001624 0.004746 0.009015 0.000148 0.054355 0.008334 0.007610 0.160703 0.000217 0.002128 0.003890 0.021885 0.025886 0.395142 0.002426 0.181733 0.078927 0.541798 0.162811 0.014411 0.004756 0.082907 0.002881 0.000616 0.043617 0.001301 0.491694 0.001050 0.040006 0.009355 0.006278 0.029009 0.023604 0.027260 0.016316 0.007481 0.020122 0.001378 0.008632 0.000033 0.002604 0.002404 0.001409 0.009985 0.001101 0.000666 0.000851 0.000341 0.002734 0.000000 0.000078 0.000061 0.000047 0.000245 0.000023 0.000457 0.000055 0.000556 -0.000000 0.000024 0.000015 0.000006 0.000023 -0.000000 0.000036 0.000000 -0.000000 -0.000000 0.000010 -0.000000 -0.000000 -0.000000 
0.001138 0.000009 0.007068 0.004667 0.036478 0.000148 0.065056 0.023609 0.004842 0.252309 0.001107 0.014318 0.003647 0.011958 0.034191 0.138909 0.001849 0.063075 0.312349 0.098084 0.532990 0.006659 0.002436 0.073669 0.022254 0.000419 0.118160 0.001283 0.203671 0.001163 0.142086 0.045253 0.004961 0.013054 0.010299 0.023084 0.014268 0.022394 0.015402 0.001741 0.005464 0.000194 0.004359 0.002889 0.012415 0.012104 0.003497 0.002187 0.001492 0.002870 0.005593 0.000000 0.000790 0.000293 0.000188 0.000632 0.000246 0.001498 0.002540 0.001863 -0.000000 0.000339 0.000196 0.000087 0.000166 0.000002 0.000486 0.000001 -0.000000 0.000159 0.000109 0.000018 0.000734 0.000244 
0.001741 0.000018 0.008229 0.007199 0.035175 0.000296 0.077730 0.024364 0.007387 0.232406 0.000916 0.012803 0.009482 0.018779 0.024771 0.150849 0.004159 0.101349 0.187507 0.132599 0.226211 0.011334 0.005012 0.072486 0.018684 0.001092 0.096516 0.003179 0.263954 0.003488 0.125458 0.043734 0.011635 0.024657 0.017404 0.031525 0.034398 0.024730 0.033039 0.003655 0.009542 0.000245 0.006652 0.006980 0.014596 0.022184 0.008225 0.003431 0.002805 0.004547 0.012967 0.000001 0.001233 0.000627 0.000366 0.001612 0.000586 0.002745 0.004031 0.004119 0.000329 0.001188 0.000392 0.000135 0.000371 0.000005 0.000936 0.000003 0.000064 0.001746 0.000219 0.000043 0.002337 0.000617 
0.000230 0.000008 0.000143 0.001978 0.000417 0.000216 0.008449 0.000309 0.003484 0.014862 0.000008 0.000036 0.006686 0.023627 0.003231 0.085103 0.002619 0.523733 0.003652 1.451017 0.020798 0.050226 0.010861 0.018877 0.000063 0.000920 0.004377 0.000967 0.367302 0.000638 0.002893 0.000426 0.009088 0.083159 0.061504 0.024103 0.012431 0.001591 0.025786 0.000938 0.014626 0.000003 0.001514 0.001710 0.000034 0.007320 0.000551 0.000182 0.000567 0.000014 0.002113 0.000000 -0.000000 0.000010 0.000019 0.000077 -0.000000 0.000268 -0.000000 0.000065 0.000025 -0.000000 -0.000000 0.000003 -0.000000 -0.000000 -0.000000 0.000000 -0.000000 -0.000000 0.000005 -0.000000 0.000067 -0.000000 
0.004050 0.000078 0.002624 0.019658 0.012038 0.001266 0.036612 0.007058 0.016041 0.070574 0.000188 0.002146 0.061209 0.067179 0.004065 0.048948 0.031079 0.318387 0.027656 0.138736 0.026716 0.103648 0.037960 0.009739 0.004321 0.007822 0.017244 0.024876 0.096097 0.027004 0.025848 0.009754 0.066471 0.114424 0.053869 0.016460 0.125303 0.009039 0.093355 0.017182 0.014048 0.000090 0.004458 0.017867 0.005771 0.019102 0.016742 0.001978 0.004780 0.002302 0.016944 0.000001 0.000426 0.000412 0.001155 0.002759 0.001464 0.003423 0.002153 0.003596 0.000910 0.001551 0.000934 0.000247 0.000149 0.000003 0.001260 0.000003 0.000124 0.002620 0.000214 0.000069 0.003005 0.000406 
0.002441 0.000100 0.000143 0.012222 0.000573 0.003058 0.004337 0.000754 0.005740 0.004085 0.000007 0.000054 0.240823 0.023351 0.000277 0.005070 0.226220 0.051108 0.001412 0.016723 0.001535 0.073228 0.060062 0.000642 0.000084 0.035790 0.000660 0.173149 0.010855 0.231105 0.001003 0.000293 0.151952 0.046769 0.011477 0.001662 0.047889 0.000372 0.019625 0.013815 0.001992 0.000003 0.000269 0.003375 0.000101 0.001798 0.002753 0.000101 0.000525 0.000128 0.001533 0.000000 0.000006 0.000012 0.000244 0.000219 0.000258 0.000158 -0.000000 0.000065 0.000101 0.000073 0.000105 0.000003 -0.000000 -0.000000 0.000090 0.000000 -0.000000 0.000318 0.000005 -0.000000 0.000134 0.000016 
0.000328 0.000048 -0.000000 0.005280 -0.000000 0.001684 0.000169 -0.000000 0.001470 -0.000000 -0.000000 -0.000000 0.196512 0.008214 -0.000000 0.000071 0.560736 0.007536 -0.000000 0.000873 -0.000000 0.031553 0.020629 0.000013 -0.000000 0.026774 -0.000000 0.258319 0.000267 0.716793 -0.000000 -0.000000 0.015718 0.001322 0.000171 0.000022 0.000706 -0.000000 -0.000000 0.000574 0.000038 -0.000000 0.000007 0.000023 -0.000000 0.000032 0.000032 -0.000000 -0.000000 -0.000000 -0.000000 0.000000 -0.000000 -0.000000 -0.000000 -0.000000 -0.000000 -0.000000 -0.000000 -0.000000 -0.000000 -0.000000 -0.000000 -0.000000 -0.000000 -0.000000 -0.000000 -0.000000 -0.000000 -0.000000 -0.000000 -0.000000 -0.000000 -0.000000 
0.000690 0.000032 0.000125 0.006151 0.000261 0.000808 0.008393 0.000522 0.006770 0.013385 0.000010 0.000072 0.023888 0.065350 0.002017 0.048096 0.010244 0.807180 0.003798 0.485211 0.012367 0.176210 0.042622 0.012253 0.000146 0.004101 0.005301 0.005708 0.277657 0.003938 0.005710 0.000640 0.032094 0.247477 0.133135 0.028180 0.052904 0.002505 0.063545 0.004401 0.023305 0.000008 0.002413 0.003906 0.000201 0.012714 0.002299 0.000296 0.000914 0.000128 0.003107 0.000000 0.000011 0.000024 0.000047 0.000142 0.000012 0.000426 -0.000000 0.000262 -0.000000 -0.000000 -0.000000 -0.000000 -0.000000 -0.000000 0.000054 -0.000000 -0.000000 -0.000000 -0.000000 -0.000000 -0.000000 -0.000000 
-0.000000 -0.000000 0.001589 -0.000000 0.016936 -0.000000 0.002760 0.006536 0.000039 0.034591 0.004419 0.129405 -0.000000 0.000029 0.001854 0.001398 -0.000000 0.000137 0.307577 0.000535 0.049636 -0.000000 -0.000000 0.002694 0.930532 -0.000000 0.040868 -0.000000 0.003292 -0.000000 0.093554 0.329753 -0.000000 -0.000000 0.000068 0.001263 -0.000000 0.021717 -0.000000 -0.000000 0.000133 0.000720 0.000800 -0.000000 0.065966 0.000610 -0.000000 0.001029 -0.000000 0.004007 0.000124 -0.000000 0.005785 0.000261 -0.000000 -0.000000 -0.000000 0.000063 0.015958 0.000229 -0.000000 -0.000000 -0.000000 0.000003 0.000400 0.000008 0.000126 0.000000 -0.000000 -0.000000 0.000070 -0.000000 0.000200 0.000244 
0.000011 0.000000 0.001499 0.000158 0.015008 -0.000000 0.005351 0.007676 0.000125 0.055798 0.002029 0.029484 0.000243 0.000392 0.006417 0.012225 0.000039 0.002329 0.729188 0.008389 0.388464 0.000386 0.000078 0.034719 0.083296 0.000003 0.421170 0.000019 0.042265 -0.000000 0.595581 0.275625 0.000088 0.000355 0.000974 0.007809 0.000353 0.040065 0.000745 0.000019 0.000721 0.000318 0.001748 0.000069 0.018756 0.003050 0.000097 0.001144 0.000032 0.001620 0.000249 -0.000000 0.001239 0.000128 -0.000000 0.000026 -0.000000 0.000158 0.003313 0.000262 -0.000000 -0.000000 -0.000000 0.000003 0.000086 0.000002 0.000072 0.000000 -0.000000 -0.000000 0.000030 -0.000000 -0.000000 0.000049 
0.000153 0.000003 0.001696 0.000969 0.013184 0.000054 0.017855 0.007483 0.001207 0.077614 0.000677 0.009594 0.001094 0.003730 0.010008 0.046413 0.000462 0.023613 0.208979 0.043862 0.266551 0.002930 0.001063 0.121162 0.021419 0.000183 0.497890 0.000465 0.255946 0.000563 0.407431 0.078061 0.001800 0.007736 0.006815 0.040231 0.007628 0.043856 0.009887 0.000574 0.005606 0.000271 0.006412 0.002011 0.012381 0.016759 0.001975 0.002900 0.000998 0.002899 0.004930 0.000000 0.000751 0.000349 0.000056 0.000387 0.000105 0.001010 0.002319 0.001210 0.000101 0.000267 0.000136 0.000035 0.000194 0.000003 0.000378 0.000001 0.000014 0.000079 0.000099 0.000008 0.000801 0.000227 
0.000788 0.000023 0.000625 0.005478 0.002241 0.000444 0.015039 0.002398 0.006324 0.028594 0.000043 0.000577 0.018782 0.033713 0.003284 0.051578 0.010283 0.259926 0.015776 0.230486 0.023311 0.073587 0.031932 0.018416 0.001232 0.005036 0.017596 0.012029 0.342655 0.008701 0.027044 0.005970 0.053344 0.302562 0.233922 0.055950 0.194947 0.011171 0.204198 0.013662 0.052966 0.000065 0.008365 0.021334 0.002852 0.042122 0.015738 0.001884 0.006178 0.001265 0.021170 0.000001 0.000101 0.000218 0.000413 0.001276 0.000703 0.002508 0.000497 0.002354 0.000202 0.000945 0.000196 0.000074 0.000063 0.000000 0.000288 0.000001 0.000009 0.000476 0.000079 0.000008 0.000935 0.000114 
-0.000000 -0.000000 0.000036 0.000040 0.000417 -0.000000 0.000451 0.000155 0.000079 0.003477 0.000049 0.000811 0.000122 0.000261 0.000842 0.006184 0.000039 0.003882 0.024297 0.011092 0.038051 0.000799 0.000264 0.074946 0.004739 0.000035 0.431618 0.000019 0.447516 -0.000000 0.717914 0.056047 0.000220 0.003094 0.005346 0.197701 0.001766 0.168808 0.004471 0.000096 0.007218 0.000298 0.020544 0.000693 0.005704 0.024271 0.000712 0.004071 0.000588 0.001705 0.003604 0.000000 0.000135 0.000131 0.000009 0.000090 -0.000000 0.000836 0.000607 0.000458 -0.000000 0.000048 -0.000000 0.000010 0.000040 0.000000 0.000144 -0.000000 -0.000000 -0.000000 0.000040 -0.000000 0.000134 0.000016 
0.000033 0.000001 -0.000000 0.000040 -0.000000 0.000013 -0.000000 -0.000000 0.000046 0.000087 -0.000000 -0.000000 0.004620 0.000218 -0.000000 -0.000000 0.007125 0.001096 -0.000000 0.000282 -0.000000 0.001052 0.001621 0.000007 -0.000000 0.001872 -0.000000 0.110977 0.000089 0.876114 -0.000000 -0.000000 0.259123 0.008187 0.000769 0.000011 0.025216 -0.000000 0.003229 0.043224 0.000152 0.000000 -0.000000 0.003467 -0.000000 0.000064 0.001619 -0.000000 0.000231 -0.000000 0.000373 0.000001 -0.000000 -0.000000 0.000648 0.000168 0.000281 -0.000000 -0.000000 -0.000000 0.000152 0.000073 0.000060 -0.000000 -0.000000 -0.000000 -0.000000 0.000000 0.000005 -0.000000 -0.000000 -0.000000 -0.000000 -0.000000 
0.001062 0.000013 0.003909 0.003283 0.015790 0.000175 0.026192 0.009339 0.003457 0.072051 0.000480 0.008656 0.007051 0.010130 0.005692 0.036557 0.003697 0.052798 0.075616 0.056728 0.063958 0.010815 0.004787 0.033081 0.017912 0.001140 0.093987 0.005001 0.324281 0.005588 0.151113 0.057726 0.017562 0.037421 0.028250 0.113893 0.071693 0.058955 0.061210 0.008725 0.021949 0.000557 0.022200 0.020270 0.034191 0.072364 0.022247 0.010072 0.008794 0.012931 0.039150 0.000001 0.002152 0.002087 0.001409 0.005493 0.002588 0.011136 0.010160 0.015659 0.001366 0.004993 0.002743 0.000897 0.001234 0.000011 0.004067 0.000013 0.000234 0.005636 0.001033 0.000201 0.011952 0.002420 
0.000011 -0.000000 0.000357 0.000040 0.004273 -0.000000 0.001464 0.001914 0.000059 0.012516 0.000541 0.010621 0.000304 0.000189 0.001388 0.003104 -0.000000 0.001873 0.094946 0.003885 0.045365 0.000373 0.000132 0.011818 0.052316 0.000016 0.163602 0.000056 0.057346 0.000038 0.712745 0.636720 0.000220 0.001225 0.001930 0.031868 0.001130 0.358367 0.002236 0.000096 0.002855 0.001715 0.014387 0.000578 0.054424 0.020451 0.000712 0.008289 0.000431 0.009052 0.003811 0.000000 0.002506 0.000675 0.000009 0.000284 0.000012 0.001073 0.007123 0.001275 -0.000000 0.000048 0.000060 0.000032 0.000314 0.000005 0.000324 0.000000 -0.000000 -0.000000 0.000070 -0.000000 0.001202 0.000406 
0.001040 0.000013 0.002213 0.003876 0.009849 0.000242 0.021460 0.005859 0.003615 0.043804 0.000272 0.004274 0.008753 0.012365 0.003796 0.028881 0.005854 0.060837 0.046353 0.052646 0.035734 0.014131 0.007587 0.018035 0.010292 0.001898 0.047664 0.007827 0.207453 0.009676 0.078971 0.034007 0.029504 0.065786 0.057199 0.081825 0.133850 0.039472 0.126792 0.018541 0.052672 0.000445 0.025632 0.040171 0.027782 0.115257 0.050777 0.011371 0.017283 0.013414 0.070263 0.000003 0.001951 0.002160 0.002545 0.010302 0.004228 0.016704 0.008006 0.022492 0.002833 0.009065 0.004521 0.001141 0.001223 0.000012 0.005579 0.000023 0.000537 0.011034 0.001088 0.000326 0.011484 0.002599 
0.000066 0.000000 0.002874 0.000356 0.015738 0.000027 0.010702 0.006826 0.000466 0.036764 0.001191 0.035832 0.000547 0.001234 0.002332 0.008885 0.000693 0.006257 0.087886 0.007883 0.035901 0.000826 0.000372 0.006323 0.170015 0.000086 0.045223 0.000167 0.032388 0.000450 0.103160 0.217499 0.001098 0.003159 0.002972 0.012007 0.004238 0.066859 0.006658 0.001014 0.003595 0.002487 0.010382 0.002612 0.255409 0.027803 0.004080 0.014762 0.001555 0.040512 0.010813 0.000000 0.020118 0.004075 0.000197 0.001612 0.000398 0.005978 0.079346 0.010984 0.000354 0.001818 0.000678 0.000394 0.004267 0.000075 0.004445 0.000006 0.000110 0.002064 0.001441 0.000076 0.014356 0.006904 
0.000011 0.000001 0.000018 0.000099 0.000052 0.000027 -0.000000 0.000019 0.000059 0.000348 0.000001 -0.000000 0.001459 0.000377 0.000019 0.000237 0.001579 0.001781 0.000049 0.000760 0.000028 0.001359 0.001637 0.000094 0.000042 0.000947 0.000110 0.013163 0.001335 0.026366 0.000193 0.000027 0.070817 0.012603 0.003211 0.000399 0.041391 0.000102 0.015004 0.051528 0.001423 -0.000000 0.000184 0.012204 0.000067 0.001316 0.008225 0.000061 0.001923 -0.000000 0.003231 0.000003 -0.000000 0.000012 0.002873 0.001148 0.002307 0.000615 -0.000000 0.000458 0.001315 0.000412 0.000482 0.000042 -0.000000 -0.000000 0.000036 0.000000 0.000101 0.000635 0.000010 0.000025 0.000134 0.000016 
0.000088 0.000001 0.001910 0.000415 0.011360 0.000027 0.008449 0.005008 0.000426 0.025639 0.000775 0.026382 0.000547 0.000885 0.001619 0.005520 0.000193 0.004111 0.053365 0.005546 0.019709 0.000666 0.000411 0.003951 0.112314 0.000078 0.024371 0.000205 0.022067 0.000413 0.055862 0.093625 0.001229 0.002579 0.002357 0.007244 0.005721 0.034005 0.004670 0.000765 0.002476 0.001454 0.007070 0.002381 0.217293 0.020547 0.003886 0.012050 0.001555 0.039105 0.009943 0.000000 0.031895 0.004586 0.000225 0.001754 0.000480 0.005742 0.126556 0.012358 0.000506 0.002642 0.000934 0.000474 0.006147 0.000126 0.005741 0.000009 0.000055 0.002540 0.001838 0.000104 0.017427 0.009405 
-0.000000 -0.000000 0.000268 -0.000000 0.002501 -0.000000 0.000338 0.000773 0.000007 0.003563 0.000502 0.020395 -0.000000 -0.000000 0.000190 0.000308 -0.000000 0.000046 0.039975 0.000197 0.007370 -0.000000 -0.000000 0.000695 0.194190 -0.000000 0.011196 -0.000000 0.002046 -0.000000 0.040624 0.277730 0.000044 -0.000000 0.000085 0.002304 0.000212 0.057296 0.000199 0.000038 0.000275 0.006175 0.003446 -0.000000 0.954329 0.003724 0.000130 0.008060 0.000021 0.042984 0.000953 -0.000000 0.039877 0.002467 0.000009 0.000052 -0.000000 0.000883 0.089009 0.002942 -0.000000 0.000024 0.000015 0.000026 0.003485 0.000049 0.000828 0.000000 -0.000000 -0.000000 0.000646 -0.000000 0.002738 0.003363 
0.000668 0.000009 0.000928 0.002887 0.004221 0.000189 0.008899 0.003055 0.002014 0.021815 0.000120 0.001587 0.008327 0.007300 0.001570 0.012533 0.004544 0.033433 0.018551 0.027927 0.013651 0.012293 0.007750 0.006196 0.004133 0.002140 0.015881 0.011713 0.069136 0.012864 0.027738 0.011886 0.050973 0.084931 0.071273 0.022807 0.274622 0.014760 0.279617 0.039914 0.079259 0.000206 0.012392 0.123148 0.012247 0.081322 0.126780 0.006055 0.041133 0.007744 0.115751 0.000007 0.000998 0.001462 0.006254 0.017342 0.010073 0.019875 0.005080 0.024748 0.005463 0.014301 0.007626 0.001593 0.000960 0.000008 0.005903 0.000030 0.000826 0.015401 0.001182 0.000558 0.013421 0.002014 
-0.000000 0.000000 0.000036 -0.000000 0.000990 -0.000000 0.000225 0.000213 0.000007 0.001391 0.000105 0.003264 -0.000000 0.000015 0.000095 0.000308 -0.000000 0.000137 0.009787 0.000366 0.003266 0.000040 0.000008 0.000789 0.027932 0.000008 0.005917 -0.000000 0.005695 -0.000000 0.021758 0.069026 0.000088 0.000387 0.000376 0.005527 0.000565 0.058396 0.000994 0.000019 0.001167 0.009802 0.013984 0.000439 0.883733 0.023469 0.000907 0.054075 0.000441 0.192185 0.006256 0.000000 0.012595 0.008299 -0.000000 0.000529 0.000012 0.004622 0.032302 0.009154 0.000051 0.000242 0.000105 0.000147 0.003645 0.000034 0.003041 0.000002 -0.000000 0.000079 0.001023 0.000010 0.005475 0.003931 
0.000011 -0.000000 -0.000000 -0.000000 -0.000000 -0.000000 -0.000000 -0.000000 0.000007 -0.000000 -0.000000 -0.000000 0.000061 0.000058 -0.000000 0.000071 0.000116 0.000457 -0.000000 0.000563 -0.000000 0.000546 0.000621 0.000020 -0.000000 0.000382 0.000022 0.004908 0.001023 0.009751 -0.000000 0.000027 0.067788 0.019243 0.006046 0.000543 0.284722 0.000085 0.107018 0.370588 0.008338 0.000001 0.000283 0.370116 -0.000000 0.003082 0.238988 0.000047 0.025531 0.000057 0.029746 0.000099 -0.000000 0.000019 0.033814 0.016865 0.025334 0.001798 -0.000000 0.001112 0.006980 0.002836 0.002080 0.000147 -0.000000 -0.000000 0.000090 0.000002 0.000271 0.002143 0.000015 0.000036 -0.000000 -0.000000 
0.000109 0.000001 0.000018 0.000237 0.000365 0.000013 0.001352 0.000290 0.000381 0.003998 0.000025 0.000577 0.001155 0.001393 0.000383 0.003459 0.000616 0.011829 0.004333 0.011852 0.003853 0.003476 0.001482 0.003536 0.001628 0.000379 0.009370 0.001841 0.060817 0.001988 0.018325 0.008395 0.011064 0.028848 0.036806 0.034471 0.101994 0.018467 0.133151 0.016761 0.125338 0.000195 0.033134 0.105328 0.010301 0.377682 0.175355 0.013120 0.092227 0.009663 0.543459 0.000006 0.000841 0.002675 0.003127 0.033214 0.007449 0.060066 0.002430 0.048907 0.003389 0.016458 0.005878 0.001910 0.000971 0.000005 0.007199 0.000021 0.000505 0.008018 0.001262 0.000273 0.013554 0.001478 
0.000044 0.000001 0.000107 0.000138 0.000625 -0.000000 0.000507 0.000251 0.000085 0.001651 0.000067 0.001821 0.000182 0.000319 0.000258 0.001658 0.000154 0.003471 0.007742 0.004251 0.004383 0.000639 0.000248 0.003142 0.008246 0.000059 0.015727 0.000186 0.034479 0.000150 0.039929 0.036325 0.001273 0.004545 0.005961 0.030074 0.009465 0.089287 0.014657 0.001301 0.015632 0.001681 0.142585 0.007835 0.073549 0.337262 0.012079 0.151768 0.007081 0.062551 0.078797 0.000000 0.003274 0.011953 0.000347 0.007620 0.001124 0.039734 0.011375 0.051980 0.000582 0.004993 0.001703 0.001077 0.003045 0.000013 0.010834 0.000014 0.000083 0.002223 0.002623 0.000112 0.021166 0.003882 
0.000066 0.000001 0.000446 0.000178 0.002606 -0.000000 0.001633 0.001121 0.000203 0.008604 0.000181 0.005735 0.000304 0.000784 0.000535 0.002559 0.000347 0.003882 0.018795 0.004533 0.010525 0.000679 0.000326 0.003543 0.025970 0.000065 0.021204 0.000242 0.030564 0.000338 0.055978 0.070119 0.001185 0.004319 0.004048 0.017225 0.008052 0.085055 0.010185 0.001014 0.007085 0.004222 0.037550 0.005108 0.258832 0.096732 0.008582 0.116526 0.004224 0.166480 0.036167 0.000001 0.010903 0.015722 0.000573 0.004629 0.001054 0.019149 0.038928 0.033117 0.000354 0.004896 0.001824 0.000958 0.005736 0.000046 0.010996 0.000017 0.000128 0.003731 0.003075 0.000132 0.031983 0.008382 
0.000077 0.000002 0.000054 0.000396 0.000417 0.000027 0.000958 0.000232 0.000302 0.002173 0.000009 0.000054 0.002796 0.001074 0.000121 0.001374 0.001618 0.004796 0.001315 0.003209 0.001256 0.002797 0.002110 0.000475 0.000585 0.000957 0.001584 0.007920 0.006629 0.010689 0.002045 0.001119 0.034904 0.019371 0.008506 0.001927 0.072187 0.001337 0.038753 0.047414 0.004686 0.000019 0.001146 0.034231 0.001476 0.007962 0.039443 0.000767 0.009225 0.000810 0.021957 0.000012 0.000101 0.000182 0.017644 0.008768 0.016503 0.004622 0.000331 0.005263 0.010572 0.007126 0.005019 0.000712 0.000109 0.000001 0.001404 0.000013 0.000918 0.014369 0.000184 0.000377 0.002804 0.000146 
-0.000000 -0.000000 0.000107 -0.000000 0.001042 -0.000000 -0.000000 0.000135 0.000007 0.001391 0.000159 0.008277 -0.000000 -0.000000 0.000042 0.000024 -0.000000 0.000046 0.011880 0.000056 0.001647 -0.000000 -0.000000 0.000180 0.077889 -0.000000 0.002705 -0.000000 0.000400 -0.000000 0.009683 0.073264 -0.000000 0.000032 -0.000000 0.000631 0.000071 0.014743 0.000050 -0.000000 0.000104 0.002094 0.001373 0.000069 1.480516 0.003403 -0.000000 0.006917 0.000021 0.106785 0.001284 -0.000000 0.082832 0.007031 -0.000000 0.000052 -0.000000 0.002035 0.144391 0.007160 -0.000000 0.000073 0.000015 0.000061 0.010997 0.000101 0.003707 0.000001 0.000005 -0.000000 0.001739 0.000003 0.007211 0.008869 
-0.000000 0.000000 -0.000000 -0.000000 0.000104 -0.000000 0.000169 0.000019 0.000020 0.000261 0.000002 0.000126 0.000061 0.000102 0.000038 0.000308 0.000039 0.001325 0.000974 0.001492 0.000726 0.000253 0.000109 0.000682 0.000898 0.000022 0.002815 0.000019 0.015749 0.000038 0.007176 0.004504 0.000220 0.002095 0.004048 0.015607 0.005227 0.019719 0.013514 0.000727 0.024624 0.000348 0.086324 0.010794 0.015602 1.410304 0.018361 0.055676 0.014047 0.022124 0.240368 0.000001 0.000931 0.009340 0.000235 0.012545 0.000996 0.098096 0.005080 0.081599 0.000253 0.006060 0.001432 0.001061 0.001725 0.000008 0.013390 0.000012 0.000023 0.001032 0.002543 0.000038 0.016025 0.002745 
-0.000000 0.000000 0.000357 0.000059 0.001511 0.000013 0.000789 0.000715 0.000092 0.003303 0.000113 0.003300 0.000061 0.000232 0.000330 0.001635 0.000039 0.002055 0.010566 0.002562 0.005248 0.000400 0.000140 0.002206 0.019248 0.000038 0.014055 0.000186 0.016772 0.000075 0.032792 0.049704 0.000702 0.002095 0.002391 0.011498 0.003390 0.062340 0.005962 0.000536 0.005520 0.003126 0.030572 0.003513 0.251517 0.086876 0.005440 0.140788 0.003236 0.259126 0.030781 0.000000 0.010477 0.022397 0.000235 0.003842 0.000550 0.021515 0.036388 0.037334 0.000303 0.004072 0.001613 0.000853 0.006307 0.000048 0.011950 0.000016 0.000087 0.001826 0.003269 0.000102 0.027109 0.009389 
0.000022 0.000002 0.000054 0.000198 -0.000000 0.000040 0.000451 0.000116 0.000177 0.000956 0.000007 0.000036 0.001763 0.000842 0.000110 0.001540 0.001579 0.004796 0.000925 0.003435 0.000810 0.002970 0.002785 0.000555 0.000271 0.000987 0.001584 0.009575 0.007830 0.013577 0.002238 0.000986 0.061993 0.032232 0.015952 0.002725 0.161891 0.001388 0.083021 0.120736 0.010899 0.000017 0.001769 0.121114 0.001208 0.016727 0.142486 0.000908 0.030858 0.000824 0.065664 0.000068 0.000095 0.000257 0.050913 0.026148 0.051512 0.009748 0.000442 0.009219 0.025696 0.015900 0.010700 0.001087 0.000114 0.000001 0.001800 0.000020 0.001721 0.024450 0.000263 0.000537 0.002738 0.000244 
0.000022 0.000000 0.000018 0.000020 -0.000000 0.000013 0.000394 -0.000000 0.000098 0.000261 0.000001 -0.000000 0.000304 0.000232 0.000061 0.000711 0.000077 0.002877 0.000876 0.002787 0.000810 0.000786 0.000427 0.000795 0.000334 0.000121 0.001958 0.000428 0.016061 0.000450 0.003819 0.001253 0.004786 0.008767 0.014159 0.010357 0.052763 0.004706 0.067519 0.011461 0.056077 0.000047 0.010545 0.108541 0.002651 0.144087 0.304304 0.004515 0.269326 0.003055 1.097896 0.000008 0.000179 0.001135 0.003371 0.050040 0.009230 0.048330 0.000828 0.029488 0.003111 0.014131 0.005305 0.001407 0.000297 0.000002 0.003671 0.000011 0.000262 0.006033 0.000507 0.000140 0.004674 0.000520 
0.000131 0.000003 0.000339 0.000653 0.000886 0.000067 0.001915 0.000677 0.000472 0.005736 0.000035 0.000667 0.002127 0.001742 0.000341 0.003033 0.001463 0.007308 0.004285 0.005067 0.002931 0.003396 0.002366 0.001270 0.001566 0.000761 0.003915 0.005057 0.011968 0.006151 0.005671 0.003438 0.023181 0.018598 0.010470 0.004076 0.065406 0.003656 0.043771 0.028758 0.008575 0.000069 0.002845 0.046805 0.004865 0.020322 0.069721 0.002274 0.020477 0.003325 0.060941 0.000037 0.000465 0.000705 0.037269 0.025168 0.047518 0.013013 0.002043 0.018209 0.023749 0.025668 0.016548 0.002192 0.000560 0.000004 0.004769 0.000045 0.002941 0.048821 0.000840 0.001363 0.011418 0.001267 
0.000022 0.000000 0.000393 -0.000000 0.002241 0.000013 0.001295 0.000754 0.000026 0.005389 0.000194 0.007808 0.000061 0.000131 0.000326 0.000853 0.000039 0.000639 0.013292 0.001070 0.004634 0.000186 0.000109 0.000916 0.037055 0.000022 0.007127 -0.000000 0.006495 0.000038 0.019598 0.043175 0.000483 0.000645 0.000803 0.003079 0.001554 0.020329 0.001838 0.000268 0.001385 0.001274 0.006518 0.001525 0.337414 0.020547 0.002234 0.018018 0.001114 0.107439 0.011890 0.000000 0.096212 0.013991 0.000207 0.001882 0.000387 0.010568 0.305347 0.028769 0.000329 0.003199 0.000995 0.000692 0.028015 0.000360 0.014524 0.000015 0.000078 0.002223 0.006478 0.000140 0.055553 0.041764 
0.000011 -0.000000 -0.000000 0.000059 0.000104 0.000013 0.000338 0.000077 0.000092 0.000695 0.000008 0.000054 0.000365 0.000363 0.000087 0.000687 0.000462 0.002192 0.000682 0.001914 0.000586 0.000866 0.000760 0.000515 0.000689 0.000258 0.001496 0.001934 0.007029 0.002663 0.002508 0.001866 0.010186 0.010475 0.007840 0.003777 0.050361 0.002945 0.037461 0.022865 0.013393 0.000046 0.004289 0.081313 0.003825 0.044979 0.216255 0.002806 0.078222 0.003183 0.309637 0.000044 0.000280 0.000918 0.032105 0.217126 0.084705 0.053126 0.002043 0.050476 0.029768 0.078435 0.043132 0.006006 0.000417 0.000003 0.008980 0.000080 0.004602 0.065413 0.001152 0.001821 0.015357 0.000991 
-0.000000 0.000000 0.000089 0.000020 0.000417 -0.000000 0.000676 0.000135 0.000079 0.001130 0.000027 0.000613 0.000365 0.000348 0.000133 0.000971 0.000039 0.001781 0.003360 0.001971 0.002205 0.000586 0.000217 0.001303 0.004154 0.000032 0.004927 0.000297 0.015972 0.000188 0.012307 0.011513 0.001844 0.003997 0.005465 0.012063 0.012502 0.022089 0.015501 0.002162 0.015964 0.000531 0.036106 0.013568 0.047210 0.293310 0.028627 0.055219 0.016853 0.059254 0.221932 0.000002 0.004793 0.022509 0.001512 0.029062 0.004299 0.210973 0.022749 0.288244 0.002226 0.027389 0.009103 0.005804 0.008129 0.000037 0.052749 0.000081 0.000564 0.016512 0.010998 0.000581 0.097685 0.013060 
0.000055 0.000002 0.000089 0.000257 0.000156 -0.000000 0.000451 0.000155 0.000157 0.001478 0.000008 0.000162 0.000973 0.000522 0.000110 0.000806 0.000732 0.002375 0.001315 0.001717 0.001033 0.000959 0.000520 0.000361 0.000438 0.000285 0.000924 0.001543 0.004226 0.001838 0.001775 0.000773 0.007771 0.005705 0.003740 0.001252 0.019636 0.001473 0.013414 0.009739 0.002248 0.000019 0.001083 0.012343 0.001443 0.005939 0.018070 0.000599 0.005611 0.000995 0.017151 0.000007 0.000129 0.000213 0.025720 0.007749 0.018260 0.004559 0.000663 0.006211 0.022358 0.010204 0.006917 0.000827 0.000189 0.000001 0.002124 0.000018 0.001730 0.024847 0.000298 0.000675 0.003739 0.000292 
-0.000000 -0.000000 -0.000000 -0.000000 -0.000000 -0.000000 0.000056 -0.000000 -0.000000 0.000174 0.000001 0.000018 -0.000000 0.000029 0.000008 0.000095 0.000039 0.000548 0.000146 0.000450 0.000279 0.000120 0.000070 0.000207 0.000167 0.000005 0.000484 0.000074 0.004093 0.000188 0.000733 0.001066 0.000702 0.001128 0.002067 0.002913 0.005721 0.003199 0.007900 0.001799 0.008812 0.000052 0.007077 0.013914 0.004060 0.099172 0.043037 0.007657 0.026918 0.006252 0.521088 0.000005 0.000454 0.002867 0.003380 0.172979 0.013106 0.539790 0.002595 0.248393 0.005337 0.106793 0.026751 0.013811 0.001114 0.000004 0.019437 0.000087 0.001014 0.018655 0.002419 0.000711 0.023370 0.001868 
-0.000000 -0.000000 -0.000000 -0.000000 -0.000000 -0.000000 0.000056 -0.000000 -0.000000 -0.000000 0.000002 0.000126 -0.000000 0.000015 -0.000000 -0.000000 -0.000000 0.000091 0.000292 0.000113 0.000028 0.000040 0.000008 0.000033 0.001503 -0.000000 0.000286 -0.000000 0.001290 -0.000000 0.001273 0.001626 -0.000000 0.000161 0.000239 0.001551 0.000494 0.004722 0.001043 0.000038 0.002950 0.000173 0.014210 0.001364 0.036976 0.144376 0.002720 0.050623 0.002627 0.062139 0.084970 0.000000 0.007181 0.061493 0.000075 0.006653 0.000269 0.161080 0.029430 0.457784 0.000152 0.005987 0.000889 0.002856 0.022308 0.000048 0.117412 0.000050 0.000032 0.001032 0.030149 0.000135 0.130068 0.026771 
0.000055 0.000000 0.000232 0.000356 0.000990 0.000013 0.001577 0.000541 0.000295 0.004085 0.000022 0.000884 0.001033 0.001030 0.000216 0.001730 0.000539 0.005663 0.003798 0.004026 0.002931 0.001692 0.000985 0.001170 0.002129 0.000290 0.004487 0.002138 0.012813 0.002325 0.007407 0.005730 0.008693 0.009670 0.007276 0.005228 0.036376 0.007329 0.028468 0.010122 0.009305 0.000122 0.006574 0.030186 0.011442 0.048671 0.066742 0.005981 0.025247 0.009137 0.164057 0.000010 0.001216 0.002380 0.013559 0.125918 0.031355 0.081013 0.006129 0.121254 0.024078 0.163801 0.071857 0.015801 0.001868 0.000013 0.025808 0.000243 0.005813 0.132175 0.004049 0.004312 0.058557 0.003817 
-0.000000 -0.000000 0.000018 -0.000000 0.000104 -0.000000 -0.000000 0.000019 -0.000000 0.000174 0.000020 0.001731 -0.000000 -0.000000 0.000008 0.000071 -0.000000 -0.000000 0.000876 -0.000000 0.000140 -0.000000 -0.000000 0.000027 0.010856 -0.000000 0.000286 -0.000000 0.000089 -0.000000 0.000849 0.005757 -0.000000 -0.000000 -0.000000 0.000055 -0.000000 0.001185 -0.000000 -0.000000 0.000028 0.000149 0.000297 -0.000000 0.073684 0.001669 0.000065 0.001319 0.000021 0.023858 0.000911 -0.000000 0.120876 0.004075 -0.000000 0.000064 -0.000000 0.001830 2.232841 0.006963 -0.000000 0.000145 0.000015 0.000045 0.035950 0.001311 0.003833 0.000001 -0.000000 0.000079 0.002558 -0.000000 0.010817 0.039409 
-0.000000 -0.000000 -0.000000 -0.000000 -0.000000 -0.000000 -0.000000 -0.000000 -0.000000 -0.000000 -0.000000 -0.000000 -0.000000 -0.000000 -0.000000 -0.000000 -0.000000 -0.000000 -0.000000 0.000028 -0.000000 -0.000000 0.000008 -0.000000 -0.000000 -0.000000 -0.000000 0.000093 -0.000000 -0.000000 -0.000000 -0.000000 0.000351 -0.000000 0.000068 0.000011 0.000212 -0.000000 0.000149 0.000325 0.000019 -0.000000 0.000007 0.000370 -0.000000 0.000032 0.000583 0.000007 0.000168 -0.000000 0.000539 0.000001 0.000006 0.000007 0.004780 0.000709 0.002916 0.000142 0.000055 0.000065 0.021346 0.001115 0.000874 0.000064 0.000006 -0.000000 0.000018 0.000001 0.000551 0.002858 -0.000000 0.000076 0.000200 -0.000000 
-0.000000 0.000000 0.000036 0.000079 0.000052 0.000013 0.000056 -0.000000 0.000072 0.000261 0.000006 0.000108 0.000304 0.000203 0.000042 0.000379 0.000154 0.001096 0.000584 0.000788 0.000586 0.000413 0.000272 0.000421 0.000522 0.000102 0.000748 0.000688 0.003070 0.000638 0.001466 0.001039 0.004215 0.003127 0.002596 0.001540 0.014904 0.001523 0.011377 0.006965 0.004079 0.000030 0.002109 0.019808 0.003389 0.018910 0.042454 0.001884 0.015791 0.002529 0.083893 0.000013 0.000325 0.000743 0.028508 0.102916 0.069608 0.036264 0.001215 0.062638 0.071575 0.261215 0.224449 0.013904 0.000560 0.000003 0.013354 0.000284 0.017201 0.318252 0.001510 0.008277 0.025239 0.001235 
-0.000000 -0.000000 -0.000000 -0.000000 -0.000000 -0.000000 -0.000000 -0.000000 -0.000000 -0.000000 -0.000000 -0.000000 -0.000000 -0.000000 -0.000000 -0.000000 -0.000000 -0.000000 0.000097 -0.000000 -0.000000 -0.000000 -0.000000 -0.000000 0.000042 -0.000000 -0.000000 -0.000000 -0.000000 -0.000000 -0.000000 -0.000000 -0.000000 -0.000000 0.000034 0.000066 0.000141 0.000085 0.000149 0.000038 0.000304 0.000004 0.000510 0.000300 0.000470 0.008540 0.002040 0.001063 0.001313 0.001066 0.045820 0.000000 0.000135 0.000905 0.000235 0.053353 0.002343 0.170750 0.000607 0.990661 0.000658 0.170055 0.012765 0.107207 0.000583 0.000000 0.069108 0.000384 0.000243 0.008097 0.002270 0.000560 0.038393 0.000877 
-0.000000 -0.000000 0.000089 -0.000000 0.000677 -0.000000 0.000282 0.000174 0.000007 0.001304 0.000043 0.002182 -0.000000 0.000015 0.000083 0.000166 0.000039 0.000274 0.003457 0.000253 0.001173 0.000053 0.000023 0.000234 0.011837 0.000005 0.002112 0.000037 0.001602 -0.000000 0.005092 0.012313 -0.000000 0.000193 0.000290 0.000919 0.000565 0.005518 0.000894 0.000096 0.000730 0.000355 0.002293 0.000393 0.092977 0.009792 0.001036 0.007576 0.000494 0.041080 0.007664 0.000000 0.049025 0.007985 0.000056 0.001302 0.000199 0.007934 0.510752 0.025630 0.000126 0.001769 0.000648 0.000571 0.082411 0.001210 0.016917 0.000013 0.000055 0.001588 0.008077 0.000110 0.066503 0.127876 
-0.000000 -0.000000 -0.000000 -0.000000 -0.000000 -0.000000 -0.000000 -0.000000 -0.000000 -0.000000 0.000013 0.001136 -0.000000 -0.000000 0.000015 -0.000000 -0.000000 -0.000000 0.000974 -0.000000 0.000168 -0.000000 -0.000000 0.000013 0.006659 -0.000000 0.000132 -0.000000 0.000133 -0.000000 0.000733 0.004371 -0.000000 -0.000000 -0.000000 0.000089 -0.000000 0.001100 -0.000000 -0.000000 0.000047 0.000124 0.000389 0.000069 0.056269 0.002247 0.000065 0.001897 0.000084 0.022025 0.000994 -0.000000 0.056341 0.004261 -0.000000 0.000181 0.000012 0.002555 1.225804 0.009383 -0.000000 0.000170 0.000045 0.000103 0.064925 0.003217 0.006029 0.000002 -0.000000 -0.000000 0.003810 0.000003 0.017160 0.095468 
-0.000000 -0.000000 -0.000000 -0.000000 -0.000000 -0.000000 -0.000000 -0.000000 -0.000000 -0.000000 -0.000000 -0.000000 -0.000000 -0.000000 -0.000000 -0.000000 -0.000000 -0.000000 -0.000000 0.000028 -0.000000 -0.000000 -0.000000 -0.000000 -0.000000 -0.000000 -0.000000 0.000019 -0.000000 -0.000000 -0.000000 -0.000000 0.000176 -0.000000 0.000017 -0.000000 0.000565 0.000034 0.000547 0.001014 0.000190 0.000000 0.000099 0.002427 -0.000000 0.001252 0.008322 0.000054 0.002532 0.000071 0.016696 0.000004 0.000006 0.000041 0.013381 0.053972 0.056091 0.007461 -0.000000 0.010952 0.082223 0.226239 0.743711 0.006554 0.000017 -0.000000 0.002070 0.000196 0.027722 0.581015 0.000065 0.010383 0.001870 0.000049 
-0.000000 -0.000000 -0.000000 -0.000000 -0.000000 -0.000000 -0.000000 -0.000000 -0.000000 -0.000000 -0.000000 -0.000000 -0.000000 -0.000000 -0.000000 -0.000000 -0.000000 -0.000000 0.000049 -0.000000 0.000028 -0.000000 -0.000000 0.000020 0.000188 -0.000000 -0.000000 -0.000000 0.000133 0.000075 -0.000000 0.000133 -0.000000 0.000032 0.000068 0.000222 0.000353 0.000254 0.000149 0.000115 0.000531 0.000009 0.000708 0.000416 0.001543 0.010402 0.002494 0.001770 0.001376 0.002458 0.026804 0.000000 0.000342 0.001547 0.000460 0.023660 0.002026 0.070287 0.001712 0.560828 0.001796 0.110502 0.024716 0.112089 0.001263 0.000003 0.142824 0.001296 0.000950 0.043661 0.006254 0.003250 0.124994 0.002404 
0.000011 0.000000 0.000036 0.000040 -0.000000 -0.000000 0.000113 0.000058 0.000013 0.000348 0.000001 0.000036 0.000061 0.000044 0.000030 0.000213 0.000116 0.000594 0.000438 0.000422 0.000168 0.000226 0.000116 0.000127 0.000480 0.000024 0.000528 0.000130 0.001913 0.000413 0.001157 0.001039 0.001581 0.000999 0.000922 0.000786 0.005651 0.001185 0.003776 0.002143 0.002039 0.000036 0.001408 0.006379 0.002986 0.012104 0.015252 0.001965 0.005842 0.002998 0.041884 0.000003 0.000392 0.001063 0.007183 0.036811 0.016831 0.033535 0.002098 0.095885 0.023597 0.303462 0.190570 0.041897 0.001034 0.000004 0.030811 0.001085 0.011448 0.397478 0.003328 0.015184 0.059225 0.002112 
-0.000000 -0.000000 -0.000000 -0.000000 -0.000000 -0.000000 -0.000000 -0.000000 -0.000000 -0.000000 -0.000000 -0.000000 -0.000000 -0.000000 -0.000000 -0.000000 -0.000000 -0.000000 -0.000000 0.000028 -0.000000 0.000013 0.000008 0.000007 -0.000000 0.000005 -0.000000 -0.000000 -0.000000 0.000038 -0.000000 -0.000000 0.000263 0.000129 -0.000000 -0.000000 0.000706 -0.000000 0.000497 0.000823 0.000161 -0.000000 0.000021 0.001040 0.000034 0.000321 0.002234 0.000020 0.000672 0.000014 0.002983 0.000002 -0.000000 0.000015 0.015165 0.005738 0.019021 0.000931 -0.000000 0.001635 0.473154 0.010810 0.015975 0.000631 0.000017 -0.000000 0.000342 0.000022 0.029571 0.121855 0.000015 0.002318 0.000668 0.000016 
-0.000000 -0.000000 -0.000000 -0.000000 0.000052 -0.000000 -0.000000 0.000019 -0.000000 -0.000000 0.000013 0.000685 -0.000000 -0.000000 0.000008 -0.000000 -0.000000 -0.000000 0.000633 0.000028 0.000140 -0.000000 -0.000000 0.000020 0.004864 -0.000000 0.000154 -0.000000 0.000089 -0.000000 0.000386 0.003838 -0.000000 -0.000000 0.000017 0.000066 0.000141 0.000846 -0.000000 -0.000000 0.000076 0.000111 0.000382 0.000023 0.053417 0.002825 0.000032 0.001857 0.000053 0.021854 0.001616 -0.000000 0.043756 0.005048 -0.000000 0.000103 -0.000000 0.002193 0.742550 0.010984 -0.000000 0.000145 -0.000000 0.000119 0.095939 0.002915 0.006749 0.000003 -0.000000 0.000238 0.004968 0.000005 0.023770 0.157424 
0.000022 0.000001 0.000018 0.000138 0.000625 0.000013 0.000620 0.000213 0.000112 0.002086 0.000028 0.000559 0.000365 0.000406 0.000186 0.001066 0.000039 0.001599 0.002970 0.001774 0.002010 0.000573 0.000287 0.000668 0.002129 0.000110 0.002463 0.000465 0.006985 0.000600 0.005401 0.004078 0.002151 0.003481 0.002886 0.002902 0.008829 0.005112 0.009837 0.002621 0.003974 0.000146 0.004841 0.008783 0.015032 0.031334 0.018685 0.006102 0.008290 0.012689 0.056633 0.000003 0.001951 0.003498 0.003916 0.027244 0.009276 0.060161 0.012037 0.256369 0.010243 0.085682 0.040299 0.023708 0.004302 0.000021 0.118834 0.000585 0.004166 0.127174 0.015032 0.005302 0.219941 0.009633 
-0.000000 -0.000000 -0.000000 -0.000000 -0.000000 -0.000000 -0.000000 -0.000000 0.000007 0.000087 0.000001 0.000018 -0.000000 -0.000000 0.000008 0.000024 -0.000000 0.000137 0.000049 0.000084 0.000084 0.000040 0.000047 0.000033 0.000063 0.000008 0.000088 0.000112 0.000311 0.000113 0.000424 0.000187 0.000483 0.000258 0.000495 0.000377 0.002260 0.000474 0.001540 0.001148 0.000768 0.000010 0.000665 0.003236 0.001510 0.005972 0.007901 0.000828 0.003562 0.001137 0.022289 0.000003 0.000140 0.000479 0.007362 0.025851 0.017417 0.017588 0.001104 0.049495 0.035788 0.189227 0.210975 0.022654 0.000474 0.000001 0.020013 0.001070 0.020326 0.948961 0.001937 0.037883 0.032450 0.000861 
-0.000000 -0.000000 -0.000000 -0.000000 0.000052 -0.000000 0.000056 -0.000000 -0.000000 -0.000000 0.000002 0.000054 0.000061 0.000015 -0.000000 -0.000000 -0.000000 -0.000000 0.000146 0.000056 0.000028 0.000013 0.000008 0.000013 0.000459 -0.000000 0.000154 -0.000000 0.000311 0.000075 0.000231 0.000506 0.000263 0.000193 0.000188 0.000399 0.000494 0.000745 0.000745 0.000364 0.000854 0.000030 0.001734 0.001549 0.004798 0.011911 0.003756 0.002960 0.002248 0.005215 0.026763 0.000001 0.000880 0.002324 0.001024 0.015782 0.003104 0.050271 0.003699 0.329632 0.004527 0.085997 0.032432 0.044009 0.002839 0.000008 0.221075 0.001640 0.002959 0.116060 0.014446 0.007021 0.292854 0.005929 
-0.000000 -0.000000 -0.000000 -0.000000 -0.000000 -0.000000 -0.000000 -0.000000 -0.000000 -0.000000 -0.000000 0.000018 -0.000000 0.000015 -0.000000 0.000024 -0.000000 -0.000000 0.000097 0.000028 0.000084 0.000027 0.000008 0.000020 0.000355 -0.000000 0.000176 0.000019 0.000222 -0.000000 0.000386 0.000426 0.000132 0.000161 0.000154 0.000354 0.000636 0.000626 0.000795 0.000306 0.000617 0.000026 0.001047 0.000971 0.003221 0.011108 0.004242 0.002099 0.002175 0.003993 0.022371 0.000001 0.000566 0.001455 0.001127 0.015743 0.003326 0.038425 0.002982 0.245483 0.004527 0.092565 0.040103 0.049891 0.001988 0.000006 0.143958 0.002438 0.003528 0.153450 0.010050 0.009453 0.202113 0.004240 
-0.000000 -0.000000 -0.000000 -0.000000 0.000052 -0.000000 -0.000000 -0.000000 -0.000000 0.000087 0.000005 0.000270 -0.000000 -0.000000 -0.000000 -0.000000 -0.000000 -0.000000 0.000243 0.000056 0.000056 -0.000000 -0.000000 0.000013 0.002275 -0.000000 0.000242 -0.000000 0.000489 -0.000000 0.000656 0.002292 0.000044 -0.000000 0.000085 0.000277 0.000141 0.001202 0.000248 -0.000000 0.000417 0.000108 0.001599 0.000347 0.034795 0.011943 0.000453 0.005403 0.000389 0.028931 0.008286 0.000000 0.011155 0.011026 0.000019 0.001173 0.000035 0.014969 0.070622 0.066430 0.000076 0.002036 0.000543 0.000933 0.124908 0.000179 0.063889 0.000026 0.000028 0.001270 0.060491 0.000115 0.331514 0.292918 
-0.000000 -0.000000 0.000036 -0.000000 0.000104 -0.000000 0.000056 -0.000000 -0.000000 -0.000000 0.000010 0.000433 -0.000000 0.000029 0.000023 0.000095 -0.000000 0.000137 0.000779 0.000197 0.000279 0.000053 0.000031 0.000127 0.002756 0.000003 0.000704 -0.000000 0.001157 -0.000000 0.001543 0.002852 0.000044 0.000258 0.000342 0.000809 0.000424 0.002708 0.000696 0.000134 0.001043 0.000133 0.002484 0.000809 0.031373 0.015699 0.001392 0.007031 0.000946 0.026004 0.014003 0.000000 0.007651 0.008910 0.000131 0.003094 0.000515 0.020332 0.049143 0.087876 0.000506 0.006011 0.002502 0.002324 0.049826 0.000121 0.111455 0.000066 0.000161 0.008732 0.098752 0.000377 0.660891 0.124464 
0.000033 0.000001 0.000286 0.000138 0.001042 -0.000000 0.001577 0.000445 0.000085 0.002520 0.000029 0.000595 0.000425 0.000435 0.000220 0.001090 0.000154 0.002284 0.003408 0.001436 0.001563 0.000479 0.000279 0.000682 0.001837 0.000091 0.002222 0.000428 0.004538 0.000675 0.004514 0.003678 0.001756 0.001837 0.001520 0.001374 0.005297 0.002911 0.004173 0.000765 0.001233 0.000076 0.001444 0.002566 0.008556 0.006935 0.004663 0.001924 0.001502 0.004618 0.009114 0.000000 0.001020 0.000922 0.000563 0.002579 0.001359 0.005473 0.007675 0.015561 0.001088 0.004848 0.002833 0.000958 0.002536 0.000019 0.014326 0.000023 0.000344 0.010955 0.007099 0.000334 0.067905 0.007440 
-0.000000 -0.000000 0.000071 0.000020 0.000677 -0.000000 0.000507 0.000174 0.000026 0.001478 0.000031 0.001244 -0.000000 0.000087 0.000087 0.000237 -0.000000 0.000137 0.002483 0.000479 0.001005 0.000080 0.000047 0.000267 0.005344 0.000003 0.001254 0.000074 0.001780 0.000038 0.003086 0.006370 -0.000000 0.000226 0.000325 0.000831 0.000989 0.003385 0.000944 0.000077 0.000522 0.000163 0.001458 0.000740 0.034258 0.006325 0.001166 0.003364 0.000431 0.014721 0.004060 0.000000 0.016065 0.002791 0.000150 0.000993 0.000316 0.004275 0.242290 0.012259 0.000354 0.001721 0.000708 0.000378 0.034905 0.001320 0.009844 0.000009 0.000046 0.001746 0.004133 0.000092 0.039728 0.093746 
