# Flux Network Reconstruction using RW method
# Walkers leave from emitting cells
# Probability involves emitting fluxes, then absorbing flux is shared among connections
# Seed: 1684539243
# Threshold: 0.5
# Precision: 100000.0
# Dt: 1.0
# Radius step: 2.000000
# Matrix output


-0.000000 0.000025 0.318006 -0.000000 0.367370 0.005814 0.035136 0.000031 -0.000000 0.000204 -0.000000 0.004076 -0.000000 0.000144 -0.000000 0.036944 -0.000000 0.000563 0.002986 -0.000000 -0.000000 -0.000000 0.002008 -0.000000 0.000200 -0.000000 0.000007 0.003187 0.009890 -0.000000 -0.000000 -0.000000 -0.000000 -0.000000 -0.000000 0.000430 -0.000000 -0.000000 -0.000000 0.002899 -0.000000 0.000233 0.000032 -0.000000 0.000015 0.001849 -0.000000 -0.000000 -0.000000 0.000077 -0.000000 -0.000000 -0.000000 -0.000000 -0.000000 -0.000000 -0.000000 0.000509 -0.000000 -0.000000 -0.000000 -0.000000 -0.000000 0.000008 0.000007 -0.000000 -0.000000 0.000007 -0.000000 0.000006 -0.000000 
0.508957 0.160796 0.067072 0.130325 0.022277 0.008693 0.134493 0.105573 0.009184 0.041901 0.001828 0.011028 0.004002 0.085221 0.001627 0.001635 0.022478 0.002544 0.000694 0.000476 0.000974 0.000218 0.000306 0.000103 0.002996 0.000096 0.000035 0.000154 0.000062 0.000158 0.000184 0.000366 0.000111 0.000137 0.000157 0.000043 0.000098 0.000044 0.000030 0.000026 0.000017 0.000005 -0.000000 -0.000000 -0.000000 0.000051 0.000061 -0.000000 -0.000000 -0.000000 -0.000000 -0.000000 0.000007 -0.000000 -0.000000 -0.000000 -0.000000 -0.000000 -0.000000 -0.000000 -0.000000 -0.000000 -0.000000 -0.000000 -0.000000 -0.000000 -0.000000 -0.000000 -0.000000 -0.000000 -0.000000 
0.230447 0.089213 0.118197 0.093300 0.043761 0.014765 0.224268 0.114089 0.008508 0.059864 0.002002 0.017686 0.002765 0.106562 0.001776 0.003270 0.033732 0.003512 0.001682 0.000788 0.001147 0.000309 0.000545 0.000080 0.003695 0.000083 0.000042 0.000463 0.000371 0.000198 0.000326 0.000407 0.000223 0.000205 0.000209 0.000043 0.000148 -0.000000 0.000030 0.000026 0.000033 -0.000000 0.000032 0.000018 -0.000000 0.000051 -0.000000 -0.000000 -0.000000 -0.000000 0.000046 -0.000000 -0.000000 -0.000000 -0.000000 -0.000000 -0.000000 -0.000000 -0.000000 -0.000000 -0.000000 -0.000000 -0.000000 -0.000000 -0.000000 -0.000000 -0.000000 -0.000000 -0.000000 -0.000000 -0.000000 
0.017372 0.110173 0.005511 0.078001 0.002616 0.000598 0.010675 0.053586 0.105794 0.005159 0.003167 0.002038 0.046603 0.039294 0.006191 0.000503 0.007866 0.000946 0.000421 0.002704 0.008191 0.002686 0.000306 0.001436 0.002247 0.000847 0.000018 0.000257 0.000216 0.003843 0.001754 0.000916 0.000334 0.000411 0.001358 0.000057 0.001131 0.000703 0.000090 0.000013 0.000166 0.000009 0.000064 0.000042 0.000002 -0.000000 0.000122 0.000080 0.000012 -0.000000 0.000092 -0.000000 -0.000000 -0.000000 -0.000000 -0.000000 0.000034 0.000030 -0.000000 -0.000000 -0.000000 -0.000000 -0.000000 -0.000000 -0.000000 -0.000000 -0.000000 -0.000000 -0.000000 -0.000000 -0.000000 
0.001262 0.005744 0.001407 0.004313 0.000634 0.000129 0.003026 0.007194 0.020895 0.001468 0.000497 0.000589 0.010659 0.010815 0.001024 0.000629 0.002534 0.000878 0.000421 0.000975 0.002215 0.000922 0.000408 0.000467 0.001248 0.000298 0.000055 0.000411 0.000155 0.001862 0.001203 0.000631 0.000427 0.000411 0.001776 0.000129 0.001574 0.001581 0.000191 0.000039 0.000365 0.000043 0.000483 0.000067 0.000015 -0.000000 0.000153 0.000401 0.000148 0.000031 0.000138 0.000049 0.000042 0.000024 0.000058 -0.000000 0.000135 0.000030 0.000020 0.000149 0.000061 -0.000000 0.000025 0.000016 0.000007 -0.000000 0.000017 -0.000000 -0.000000 0.000006 0.000012 
0.037666 0.228178 0.009146 0.208045 0.005153 0.001515 0.024125 0.112214 0.120780 0.012050 0.006248 0.003714 0.057335 0.077506 0.010614 0.001572 0.016498 0.001869 0.000883 0.004246 0.012153 0.003872 0.000715 0.001892 0.004793 0.001149 0.000068 0.000668 0.000155 0.005745 0.002386 0.001649 0.000520 0.000496 0.001306 0.000014 0.001427 0.001449 0.000251 0.000039 0.000332 0.000009 0.000193 0.000067 0.000003 -0.000000 0.000183 0.000080 0.000012 0.000015 0.000046 0.000016 0.000007 -0.000000 0.000023 -0.000000 0.000017 -0.000000 -0.000000 -0.000000 -0.000000 -0.000000 -0.000000 -0.000000 -0.000000 -0.000000 0.000017 -0.000000 -0.000000 -0.000000 -0.000000 
0.001262 0.006017 -0.000000 0.004955 -0.000000 0.000054 0.000925 0.005841 0.037590 0.000510 0.000368 0.000181 0.013424 0.004326 0.000930 0.000063 0.000648 0.000113 0.000021 0.000368 0.001588 0.000458 0.000068 0.000228 0.000150 0.000224 0.000004 -0.000000 -0.000000 0.000475 0.000224 0.000061 0.000056 -0.000000 0.000209 0.000014 0.000049 0.000132 0.000040 -0.000000 -0.000000 0.000005 -0.000000 -0.000000 -0.000000 -0.000000 0.000092 -0.000000 -0.000000 -0.000000 -0.000000 0.000008 -0.000000 -0.000000 -0.000000 -0.000000 -0.000000 -0.000000 -0.000000 -0.000000 -0.000000 -0.000000 -0.000000 -0.000000 -0.000000 -0.000000 -0.000000 -0.000000 -0.000000 -0.000000 -0.000000 
0.002790 0.004749 0.132854 0.004324 0.112732 0.017115 0.206615 0.022474 0.004307 0.031584 0.001228 0.033605 0.003274 0.052777 0.001373 0.030090 0.025631 0.021882 0.020102 0.002301 0.004216 0.001312 0.017972 0.000627 0.029608 0.000395 0.000780 0.024726 0.011807 0.004160 0.004058 0.004600 0.007148 0.005475 0.008098 0.004778 0.009150 0.004216 0.002016 0.001954 0.003205 0.001069 0.007475 0.000729 0.000287 0.008062 0.005094 0.002757 0.001267 0.001966 0.004552 0.000399 0.000825 0.000194 0.000406 0.000154 0.001401 0.001138 0.000424 0.002241 0.000729 0.000393 0.000282 0.000369 0.000243 0.000003 0.000721 0.000188 0.000023 0.000209 0.000054 
0.008603 0.055721 0.001759 0.055596 0.001110 0.000360 0.005380 0.053371 0.366755 0.002773 0.003438 0.000838 0.108085 0.027686 0.009100 0.000377 0.004566 0.000203 0.000210 0.002041 0.011286 0.003883 0.000102 0.002245 0.000949 0.001281 0.000014 0.000051 0.000031 0.003843 0.001040 0.000448 0.000056 0.000051 0.001149 -0.000000 0.000443 0.000659 0.000060 0.000013 -0.000000 0.000005 0.000032 0.000012 -0.000000 -0.000000 0.000031 0.000027 0.000025 -0.000000 -0.000000 0.000008 -0.000000 -0.000000 0.000012 -0.000000 -0.000000 -0.000000 -0.000000 -0.000000 -0.000000 -0.000000 -0.000000 -0.000000 -0.000000 -0.000000 -0.000000 -0.000000 -0.000000 -0.000000 -0.000000 
0.002425 0.018872 0.001055 0.019331 0.000317 0.000129 0.001345 0.018569 0.235438 0.000979 0.001022 0.000136 0.051187 0.005696 0.003642 -0.000000 0.000913 0.000023 0.000042 0.000533 0.003535 0.001266 -0.000000 0.000627 0.000350 0.000382 0.000003 -0.000000 -0.000000 0.000911 0.000326 0.000081 0.000037 0.000034 -0.000000 -0.000000 0.000098 0.000132 0.000020 -0.000000 -0.000000 -0.000000 -0.000000 -0.000000 -0.000000 -0.000000 -0.000000 -0.000000 -0.000000 -0.000000 -0.000000 -0.000000 -0.000000 -0.000000 -0.000000 -0.000000 -0.000000 -0.000000 -0.000000 -0.000000 -0.000000 -0.000000 -0.000000 -0.000000 -0.000000 -0.000000 -0.000000 -0.000000 -0.000000 -0.000000 -0.000000 
0.085297 0.121834 0.040454 0.329044 0.016014 0.005529 0.118859 0.616009 0.085219 0.057417 0.014714 0.012047 0.034634 0.252275 0.016718 0.001446 0.047667 0.003580 0.000883 0.003180 0.009085 0.002543 0.000374 0.001037 0.006241 0.000671 0.000066 0.000257 0.000093 0.001902 0.000877 0.000794 0.000334 0.000393 0.000470 0.000029 0.000197 0.000220 0.000130 0.000026 0.000100 -0.000000 0.000064 0.000006 -0.000000 -0.000000 0.000061 -0.000000 -0.000000 0.000015 -0.000000 -0.000000 -0.000000 -0.000000 -0.000000 -0.000000 0.000017 -0.000000 -0.000000 -0.000000 -0.000000 -0.000000 -0.000000 -0.000000 -0.000000 -0.000000 -0.000000 -0.000000 -0.000000 -0.000000 -0.000000 
0.042482 0.078869 0.055933 0.102685 0.040907 0.008558 0.164670 0.445167 0.044389 0.076400 0.015538 0.031273 0.029613 0.434325 0.013145 0.013551 0.099311 0.017785 0.009651 0.011065 0.019264 0.004885 0.007114 0.001824 0.032554 0.001276 0.000575 0.007351 0.002967 0.008162 0.007463 0.007063 0.004382 0.003524 0.007262 0.000947 0.006986 0.002679 0.001645 0.000380 0.001328 0.000128 0.001740 0.000261 0.000025 0.000822 0.002135 0.000642 0.000271 0.000139 0.001058 0.000114 0.000042 0.000024 0.000070 0.000021 0.000219 0.000239 0.000039 0.000261 0.000041 0.000028 0.000013 0.000033 -0.000000 0.000000 0.000051 0.000014 -0.000000 0.000011 0.000006 
0.000199 0.000075 0.280953 0.000222 0.806803 0.043270 0.398437 0.000799 0.000036 0.005403 0.000009 0.056409 -0.000000 0.001514 -0.000000 0.640906 0.001061 0.014949 0.053345 0.000023 0.000013 -0.000000 0.039245 -0.000000 0.001748 0.000004 0.000208 0.068677 0.146624 -0.000000 -0.000000 0.000041 0.000501 0.000068 -0.000000 0.006456 -0.000000 -0.000000 -0.000000 0.039573 -0.000000 0.003187 0.000902 -0.000000 0.000320 0.030504 0.000336 -0.000000 -0.000000 0.001332 -0.000000 -0.000000 0.000229 -0.000000 -0.000000 -0.000000 0.000068 0.006466 -0.000000 0.000075 -0.000000 -0.000000 0.000006 0.000328 0.000081 -0.000000 0.000051 0.000079 -0.000000 0.000033 -0.000000 
0.000299 0.000274 0.199223 0.000456 0.307357 0.019825 0.195015 0.001568 0.000142 0.008564 0.000045 0.034126 -0.000000 0.004254 0.000040 0.265556 0.003771 0.022130 0.044913 0.000079 0.000040 0.000029 0.047039 -0.000000 0.008438 0.000004 0.000554 0.078701 0.132376 -0.000000 0.000102 0.000285 0.002674 0.001180 0.000104 0.012425 0.000098 -0.000000 0.000201 0.047325 0.000100 0.004598 0.004318 0.000018 0.000841 0.051816 0.001983 0.000027 0.000062 0.004165 0.000322 0.000008 0.001012 -0.000000 -0.000000 -0.000000 0.000422 0.011167 0.000020 0.000635 0.000020 -0.000000 0.000013 0.000721 0.000317 0.000000 0.000257 0.000296 -0.000000 0.000171 -0.000000 
0.000531 0.000199 0.136255 0.000467 0.688046 0.114448 2.152315 0.001629 -0.000000 0.013376 0.000009 0.239426 -0.000000 0.002379 0.000004 0.667883 0.001532 0.020036 0.066781 0.000006 -0.000000 0.000006 0.012662 -0.000000 0.001098 -0.000000 0.000053 0.017786 0.035729 -0.000000 -0.000000 0.000041 0.000019 0.000034 -0.000000 0.001033 -0.000000 -0.000000 0.000010 0.008106 -0.000000 0.000551 0.000129 -0.000000 0.000048 0.005392 0.000061 -0.000000 -0.000000 0.000263 0.000046 -0.000000 0.000042 -0.000000 -0.000000 -0.000000 0.000017 0.001138 -0.000000 0.000037 -0.000000 -0.000000 -0.000000 0.000041 0.000007 -0.000000 -0.000000 0.000007 -0.000000 0.000011 -0.000000 
0.002026 0.009946 0.000704 0.009630 0.000555 0.000149 0.002354 0.017001 0.517935 0.001468 0.001212 0.000657 0.184810 0.014131 0.003766 0.000252 0.002769 0.000270 0.000105 0.001746 0.007404 0.002795 0.000136 0.002496 0.000649 0.001395 0.000017 0.000257 -0.000000 0.004952 0.001611 0.000814 0.000074 0.000137 0.001672 -0.000000 0.001377 0.001449 0.000130 -0.000000 0.000166 -0.000000 0.000032 0.000024 -0.000000 -0.000000 0.000183 0.000080 -0.000000 -0.000000 0.000046 0.000033 -0.000000 0.000012 -0.000000 -0.000000 0.000017 -0.000000 -0.000000 0.000037 -0.000000 -0.000000 -0.000000 -0.000000 -0.000000 -0.000000 -0.000000 -0.000000 -0.000000 -0.000000 -0.000000 
0.010297 0.039932 0.005277 0.055152 0.002854 0.000876 0.013617 0.160666 0.411572 0.007198 0.014931 0.002332 0.297442 0.102813 0.069265 0.000409 0.013787 0.001013 0.000357 0.017885 0.090195 0.028929 0.000272 0.013232 0.004893 0.007970 0.000039 0.000463 0.000124 0.028526 0.009992 0.003684 0.000668 0.000599 0.007262 0.000029 0.003837 0.004919 0.000371 -0.000000 0.000282 0.000009 0.000064 0.000079 -0.000000 -0.000000 0.000183 0.000161 0.000037 -0.000000 0.000092 0.000033 0.000007 0.000049 0.000023 0.000007 0.000017 -0.000000 -0.000000 -0.000000 -0.000000 -0.000000 -0.000000 -0.000000 -0.000000 -0.000000 -0.000000 -0.000000 -0.000000 -0.000000 -0.000000 
0.009466 0.033393 0.003401 0.061837 0.001506 0.000557 0.013281 0.217050 0.281287 0.006423 0.023232 0.001042 0.189248 0.081111 0.128472 0.000314 0.010046 0.000630 0.000105 0.013951 0.079069 0.020533 0.000068 0.007089 0.002447 0.005114 0.000014 0.000103 -0.000000 0.013114 0.003752 0.001120 0.000167 0.000308 0.002403 0.000014 0.000640 0.001888 0.000140 -0.000000 0.000083 -0.000000 -0.000000 0.000018 -0.000000 -0.000000 -0.000000 0.000054 0.000025 -0.000000 -0.000000 -0.000000 -0.000000 -0.000000 -0.000000 -0.000000 -0.000000 -0.000000 -0.000000 0.000037 -0.000000 -0.000000 -0.000000 -0.000000 -0.000000 -0.000000 -0.000000 -0.000000 -0.000000 -0.000000 -0.000000 
0.004351 0.015838 0.002228 0.019927 0.001823 0.000333 0.007397 0.049805 0.654805 0.004384 0.004668 0.001472 0.711810 0.056021 0.017818 0.000535 0.009634 0.001058 0.000526 0.010170 0.044491 0.020533 0.000715 0.019284 0.004843 0.010106 0.000064 0.000565 0.000093 0.040135 0.010909 0.004804 0.000557 0.000804 0.011808 0.000187 0.006494 0.009135 0.000632 0.000013 0.001229 0.000009 0.000322 0.000231 0.000002 0.000103 0.000366 0.000830 0.000172 0.000015 0.000552 0.000188 -0.000000 0.000085 0.000116 0.000049 0.000051 0.000060 0.000010 -0.000000 0.000020 0.000028 -0.000000 -0.000000 -0.000000 0.000000 -0.000000 -0.000000 0.000002 -0.000000 -0.000000 
0.000033 0.000025 0.033771 0.000070 0.088235 0.007328 0.102047 0.000184 -0.000000 0.002793 0.000005 0.037093 -0.000000 0.000937 -0.000000 1.905081 0.001385 0.039578 0.210984 0.000011 0.000013 0.000006 0.126822 -0.000000 0.007789 -0.000000 0.000800 0.162850 0.175677 0.000040 0.000041 0.000081 0.001207 0.000342 -0.000000 0.008336 -0.000000 -0.000000 0.000070 0.018547 0.000017 0.002318 0.001998 -0.000000 0.000193 0.018744 0.000366 -0.000000 -0.000000 0.000743 0.000092 -0.000000 0.000118 -0.000000 -0.000000 -0.000000 0.000051 0.002844 -0.000000 0.000037 -0.000000 -0.000000 -0.000000 0.000115 0.000034 0.000000 0.000051 0.000051 -0.000000 0.000017 -0.000000 
0.002491 0.002934 0.015478 0.004091 0.014270 0.003973 0.151557 0.041442 0.001388 0.312309 0.001878 0.127310 0.001419 0.278374 0.001314 0.030781 0.605087 0.228212 0.075991 0.008072 0.006977 0.002715 0.067530 0.000308 0.585069 0.000294 0.009092 0.052279 0.008809 0.005032 0.016660 0.026543 0.034276 0.024465 0.010136 0.004505 0.018104 0.002415 0.006869 0.000800 0.004500 0.000214 0.006638 0.000249 0.000051 0.001592 0.004636 0.000562 0.000480 0.000356 0.001793 0.000082 0.000159 0.000036 0.000035 0.000007 0.000388 0.000210 0.000020 0.000373 0.000081 -0.000000 0.000031 0.000008 0.000013 0.000000 0.000017 0.000007 -0.000000 -0.000000 -0.000000 
0.001794 0.001716 0.016885 0.002396 0.019185 0.004489 0.153154 0.019338 0.001104 0.185403 0.000898 0.170947 0.000437 0.112619 0.000690 0.068731 0.189519 0.598526 0.189074 0.003208 0.002962 0.001100 0.144351 0.000171 0.416758 0.000189 0.012284 0.110983 0.023057 0.001823 0.007851 0.012071 0.029578 0.016544 0.005225 0.008465 0.009052 0.001625 0.003831 0.001889 0.002574 0.000722 0.008087 0.000194 0.000106 0.003800 0.003843 0.000455 0.000467 0.000635 0.001242 -0.000000 0.000201 0.000012 0.000035 0.000028 0.000405 0.000269 -0.000000 0.000299 -0.000000 -0.000000 0.000013 0.000025 0.000040 0.000000 0.000017 0.000022 0.000003 0.000033 -0.000000 
0.000797 0.000398 0.001055 0.000935 0.000634 0.000238 0.010339 0.016233 0.000214 0.048466 0.001959 0.009239 0.000437 0.617240 0.000937 0.000755 1.856919 0.025485 0.004395 0.025974 0.010873 0.004696 0.005378 0.000103 0.306664 0.000219 0.001574 0.002313 0.000155 0.004675 0.036970 0.053351 0.016414 0.023575 0.004232 0.000359 0.013479 0.001230 0.008544 0.000013 0.003487 0.000005 0.001353 0.000055 0.000002 -0.000000 0.001281 0.000054 0.000111 0.000015 0.000552 0.000008 0.000014 -0.000000 -0.000000 0.000007 0.000017 -0.000000 -0.000000 0.000037 -0.000000 -0.000000 -0.000000 0.000008 -0.000000 0.000000 -0.000000 -0.000000 -0.000000 0.000006 -0.000000 
0.002458 0.005147 0.008560 0.007094 0.006739 0.001182 0.033623 0.103237 0.016624 0.034112 0.012762 0.012704 0.018627 0.704696 0.019623 0.004811 0.207225 0.016119 0.007864 0.125415 0.111367 0.029754 0.010177 0.004935 0.116035 0.003917 0.001406 0.011720 0.002503 0.046316 0.084563 0.072485 0.018308 0.022053 0.067660 0.002396 0.061444 0.021212 0.010941 0.000184 0.012006 0.000176 0.006670 0.001427 0.000059 0.000924 0.007808 0.003453 0.001439 0.000418 0.005518 0.000579 0.000305 0.000182 0.000290 0.000133 0.000743 0.000120 0.000128 0.000598 0.000162 0.000112 0.000094 0.000016 0.000007 0.000001 0.000154 0.000022 0.000003 0.000017 0.000018 
0.001461 0.005619 0.000469 0.007328 0.001110 0.000197 0.004371 0.026562 0.145022 0.003120 0.003004 0.001472 0.270812 0.047657 0.013348 0.000503 0.010989 0.001306 0.000568 0.012789 0.067436 0.052927 0.000851 0.084954 0.008688 0.050972 0.000092 0.001285 0.000309 0.175199 0.034951 0.013414 0.001634 0.001933 0.042477 0.000201 0.023072 0.036539 0.001354 0.000066 0.002624 0.000024 0.000709 0.001081 0.000002 0.000205 0.000976 0.002034 0.000763 0.000015 0.001380 0.000652 0.000035 0.000389 0.000209 0.000147 0.000084 0.000030 0.000059 0.000336 0.000081 0.000028 0.000031 -0.000000 0.000007 -0.000000 0.000034 -0.000000 0.000005 -0.000000 -0.000000 
0.000299 0.001417 0.000117 0.002805 0.000079 0.000007 0.000504 0.006948 0.093015 0.000347 0.000668 0.000113 0.452494 0.003317 0.006424 0.000031 0.000795 0.000068 0.000021 0.001684 0.024867 0.029485 -0.000000 0.234210 0.000250 0.061789 -0.000000 0.000051 -0.000000 0.067473 0.007667 0.000997 0.000019 0.000137 0.005381 -0.000000 0.001131 0.006368 0.000030 -0.000000 0.000116 -0.000000 0.000032 0.000036 -0.000000 -0.000000 -0.000000 0.000080 0.000012 -0.000000 -0.000000 0.000049 -0.000000 0.000012 -0.000000 0.000007 -0.000000 -0.000000 -0.000000 -0.000000 -0.000000 -0.000000 -0.000000 -0.000000 -0.000000 -0.000000 -0.000000 -0.000000 -0.000000 -0.000000 -0.000000 
0.000864 0.000721 0.001407 0.001204 0.000396 0.000333 0.011600 0.035140 0.002029 0.031053 0.006360 0.007224 0.002219 1.011838 0.005298 0.000975 0.526016 0.017087 0.003575 0.112575 0.062927 0.024359 0.005344 0.000638 0.281200 0.001531 0.001476 0.002981 0.000464 0.028051 0.138437 0.146903 0.024620 0.040102 0.029258 0.000717 0.046489 0.007466 0.017549 0.000026 0.010180 0.000033 0.004092 0.000285 0.000005 0.000051 0.004545 0.000455 0.000431 0.000046 0.001793 0.000090 0.000055 0.000012 0.000058 0.000007 0.000186 0.000030 0.000020 0.000037 -0.000000 0.000028 0.000006 -0.000000 -0.000000 -0.000000 -0.000000 -0.000000 -0.000000 0.000006 -0.000000 
0.000100 0.000050 0.070121 0.000152 0.145711 0.009705 0.110453 0.000523 -0.000000 0.003956 0.000016 0.025294 -0.000000 0.001226 0.000004 0.378400 0.001178 0.020667 0.067917 0.000011 0.000013 0.000011 0.100818 -0.000000 0.006940 -0.000000 0.000691 0.199399 0.566221 -0.000000 -0.000000 0.000122 0.003806 0.001112 0.000104 0.032067 0.000098 0.000044 0.000100 0.142671 -0.000000 0.015802 0.008184 -0.000000 0.002024 0.149130 0.001861 0.000054 0.000049 0.006813 0.000184 -0.000000 0.001498 -0.000000 -0.000000 -0.000000 0.000456 0.022692 0.000010 0.000784 0.000020 -0.000000 0.000019 0.001360 0.000526 0.000000 0.000326 0.000556 -0.000000 0.000254 -0.000000 
0.000266 0.000298 0.037757 0.000327 0.060647 0.006011 0.109948 0.003044 0.000285 0.017841 0.000117 0.054552 0.000218 0.012185 0.000091 0.372804 0.016557 0.125689 0.253058 0.000380 0.000213 0.000137 0.535744 0.000011 0.078638 0.000018 0.005294 0.702908 0.301655 0.000158 0.001142 0.001934 0.019217 0.007357 0.001045 0.044334 0.001427 0.000220 0.001063 0.021800 0.000648 0.006687 0.018108 0.000049 0.001006 0.041134 0.005826 0.000375 0.000172 0.004165 0.001747 0.000024 0.001026 0.000012 0.000023 -0.000000 0.000777 0.004221 0.000010 0.001083 -0.000000 -0.000000 0.000044 0.000369 0.000256 0.000001 0.000275 0.000303 -0.000000 0.000149 0.000006 
0.000498 0.000895 0.014892 0.001286 0.015142 0.001942 0.037658 0.009684 0.001815 0.015313 0.000758 0.017210 0.001783 0.033670 0.000842 0.020091 0.020770 0.025575 0.021763 0.001990 0.003268 0.001403 0.035739 0.000707 0.057968 0.000509 0.001978 0.048834 0.017401 0.005824 0.006219 0.008081 0.015708 0.012284 0.014002 0.009326 0.016283 0.006280 0.004091 0.002715 0.005214 0.001862 0.015756 0.001427 0.000545 0.016536 0.012231 0.005701 0.003075 0.004304 0.011036 0.000970 0.001803 0.000255 0.001079 0.000504 0.003005 0.001826 0.001064 0.005490 0.001397 0.000758 0.000608 0.000647 0.000580 0.000010 0.001493 0.000448 0.000043 0.000424 0.000218 
0.000066 0.000274 0.069300 0.000327 0.097511 0.008028 0.096331 0.001845 0.000071 0.009746 0.000093 0.026902 0.000036 0.006922 0.000102 0.170099 0.005951 0.029087 0.049581 0.000227 0.000240 0.000092 0.081519 0.000023 0.022318 0.000009 0.001183 0.146195 0.282771 0.000238 0.000530 0.000997 0.010398 0.005783 0.000836 0.035395 0.001919 0.000264 0.001113 0.117355 0.000764 0.015460 0.020879 0.000115 0.003484 0.165769 0.009913 0.000428 0.000394 0.016954 0.003541 0.000114 0.004556 -0.000000 0.000151 0.000007 0.001739 0.030715 0.000128 0.003809 0.000223 0.000028 0.000163 0.002557 0.001349 0.000004 0.001304 0.001481 0.000003 0.000739 0.000036 
0.000332 0.000522 0.014775 0.000666 0.022673 0.002567 0.076241 0.005749 0.000427 0.036620 0.000345 0.053238 0.000327 0.031291 0.000258 0.115957 0.047520 0.201602 0.195655 0.001173 0.001401 0.000493 0.753241 0.000080 0.276108 0.000110 0.019740 0.559026 0.090867 0.001228 0.003691 0.005944 0.051098 0.020239 0.003605 0.034290 0.006297 0.001098 0.003099 0.006283 0.002225 0.003168 0.025004 0.000182 0.000479 0.014738 0.009364 0.000723 0.000418 0.002508 0.003403 0.000082 0.000825 -0.000000 0.000023 0.000014 0.000844 0.001257 0.000079 0.001158 0.000101 -0.000000 0.000038 0.000213 0.000121 0.000001 0.000172 0.000123 -0.000000 0.000061 -0.000000 
0.000963 0.004550 0.003635 0.004909 0.003885 0.000652 0.013954 0.033326 0.045813 0.007809 0.003480 0.004167 0.063519 0.093440 0.010084 0.002987 0.028783 0.005200 0.003638 0.017324 0.066609 0.060785 0.006127 0.038887 0.026812 0.031668 0.000398 0.008379 0.002256 0.238353 0.076203 0.041097 0.006889 0.008383 0.116354 0.001736 0.074185 0.080895 0.006869 0.000341 0.012654 0.000380 0.006186 0.003989 0.000093 0.002054 0.007473 0.010278 0.004305 0.000650 0.009151 0.002690 0.000430 0.001130 0.001474 0.000686 0.001823 0.000239 0.000857 0.002353 0.000851 0.000589 0.000332 0.000098 0.000088 0.000004 0.000532 0.000072 0.000034 0.000121 0.000121 
0.001262 0.001268 0.004339 0.002232 0.002775 0.000822 0.027571 0.037815 0.005731 0.036803 0.003830 0.015534 0.007058 0.333963 0.005392 0.004842 0.246584 0.025507 0.011439 0.036110 0.046332 0.019920 0.021001 0.003431 0.345459 0.003246 0.003401 0.020459 0.004883 0.047900 0.184318 0.275263 0.064243 0.088707 0.124609 0.005639 0.191219 0.027755 0.045738 0.000354 0.040934 0.000489 0.023392 0.003436 0.000083 0.001695 0.022815 0.006959 0.004330 0.000975 0.014025 0.000807 0.000451 0.000304 0.000313 0.000119 0.001840 0.000299 0.000276 0.001494 0.000263 0.000084 0.000094 0.000033 0.000054 0.000001 0.000292 0.000051 0.000002 0.000066 0.000006 
0.000033 0.000025 0.000938 0.000035 0.001744 0.000183 0.003110 0.000430 -0.000000 0.004139 0.000025 0.003555 -0.000000 0.002956 0.000015 0.013551 0.010017 0.026363 0.022415 0.000295 0.000267 0.000086 0.569237 0.000011 0.252391 0.000004 0.035693 0.817489 0.066420 0.000238 0.001264 0.002728 0.250494 0.042703 0.000470 0.130418 0.001427 0.000220 0.003289 0.001640 0.001262 0.003567 0.087190 0.000067 0.000387 0.005906 0.017721 0.000241 0.000308 0.002818 0.002299 0.000008 0.000943 -0.000000 -0.000000 -0.000000 0.000861 0.000359 0.000030 0.001158 0.000041 -0.000000 0.000006 0.000049 0.000054 0.000000 0.000189 -0.000000 -0.000000 0.000028 -0.000000 
0.001030 0.001765 0.019582 0.001683 0.021722 0.002859 0.063884 0.017493 0.003061 0.029055 0.001332 0.029688 0.002765 0.071450 0.001609 0.042258 0.058803 0.052455 0.044346 0.004427 0.006870 0.002864 0.143569 0.001276 0.411166 0.000803 0.012658 0.205722 0.061753 0.012916 0.019433 0.029128 0.210184 0.100187 0.037984 0.050575 0.049933 0.013834 0.021601 0.007358 0.020392 0.006383 0.096180 0.003855 0.001673 0.041442 0.060149 0.014320 0.007565 0.012278 0.033752 0.001614 0.004874 0.000729 0.001555 0.000749 0.009336 0.004431 0.001527 0.013072 0.002835 0.000954 0.001210 0.001098 0.001187 0.000016 0.003261 0.001069 0.000062 0.000854 0.000284 
-0.000000 0.000025 -0.000000 0.000082 -0.000000 -0.000000 -0.000000 0.000215 0.001637 -0.000000 0.000011 -0.000000 0.007130 0.000505 0.000203 -0.000000 0.000324 -0.000000 0.000021 0.000198 0.001187 0.002371 -0.000000 0.233116 0.000250 0.032212 0.000003 -0.000000 -0.000000 0.326349 0.006015 0.000835 0.000019 0.000034 0.023825 -0.000000 0.004772 0.137767 0.000070 -0.000000 0.000432 -0.000000 -0.000000 0.000971 -0.000000 -0.000000 0.000031 0.001820 0.000308 -0.000000 0.000322 0.001834 -0.000000 0.001313 0.000395 0.000308 0.000051 -0.000000 0.000049 -0.000000 0.000020 0.000140 -0.000000 -0.000000 -0.000000 -0.000000 0.000017 -0.000000 0.000003 -0.000000 -0.000000 
-0.000000 0.000075 0.007387 0.000047 0.012526 0.000917 0.013449 0.000246 -0.000000 0.002039 0.000016 0.006159 -0.000000 0.002235 0.000011 0.063355 0.002946 0.016412 0.028954 0.000164 0.000053 0.000057 0.261269 -0.000000 0.036848 0.000004 0.003404 0.959983 0.728577 0.000040 0.000530 0.001221 0.043949 0.015363 0.000731 0.325472 0.000443 0.000088 0.001534 0.019006 0.000780 0.022175 0.068083 0.000115 0.002265 0.065013 0.017721 0.000375 0.000455 0.008934 0.003127 0.000024 0.002517 -0.000000 0.000023 0.000007 0.001621 0.004042 0.000020 0.002017 0.000020 -0.000000 0.000056 0.000451 0.000236 0.000001 0.000566 0.000144 -0.000000 0.000105 0.000006 
0.000631 0.001392 0.009498 0.001391 0.011654 0.001399 0.032699 0.015771 0.002919 0.018881 0.001307 0.015353 0.003784 0.071162 0.001819 0.015721 0.053029 0.025822 0.019450 0.005782 0.009178 0.004410 0.054493 0.001892 0.238361 0.001342 0.004574 0.085589 0.028898 0.019057 0.037785 0.066622 0.154166 0.299125 0.073982 0.028724 0.112311 0.029644 0.064300 0.004092 0.054750 0.004460 0.113579 0.008050 0.001234 0.026293 0.105535 0.030166 0.016974 0.010157 0.064975 0.003514 0.005291 0.001033 0.002866 0.001022 0.015041 0.003143 0.002590 0.019794 0.003827 0.001768 0.001718 0.001106 0.001012 0.000020 0.003055 0.000881 0.000104 0.000838 0.000454 
-0.000000 0.000075 0.017354 0.000047 0.034486 0.002887 0.034716 0.000061 -0.000000 0.002263 0.000009 0.008175 -0.000000 0.000865 0.000007 0.091401 0.001267 0.009590 0.022352 0.000040 0.000027 0.000017 0.052043 -0.000000 0.007539 -0.000000 0.000527 0.121367 0.482432 -0.000000 0.000122 0.000366 0.006517 0.003405 -0.000000 0.059728 0.000344 -0.000000 0.000562 0.266545 0.000332 0.047329 0.024746 0.000061 0.008049 0.509632 0.008601 0.000241 0.000234 0.028242 0.002207 0.000008 0.005977 -0.000000 -0.000000 -0.000000 0.001874 0.045175 0.000089 0.004108 0.000061 -0.000000 0.000094 0.003786 0.001679 0.000002 0.001647 0.001625 -0.000000 0.000849 -0.000000 
-0.000000 -0.000000 -0.000000 0.000012 -0.000000 -0.000000 0.000168 0.000031 -0.000000 0.000041 0.000011 0.000045 0.000073 0.000577 0.000022 0.000063 0.000177 0.000045 0.000063 0.000017 0.000080 0.000040 0.000102 0.000057 0.000150 0.000057 0.000006 0.000103 0.000062 0.000515 0.000184 0.000244 0.000130 0.000188 0.000731 0.000029 0.000295 0.000922 0.000060 0.000013 0.000083 0.000005 0.000161 0.000073 0.000003 0.000103 0.000122 0.000241 0.000074 0.000031 0.000368 0.000073 0.000014 0.000049 0.000058 0.000035 0.000068 -0.000000 0.000039 0.000037 0.000041 0.000028 0.000019 -0.000000 0.000013 0.000000 0.000017 0.000007 -0.000000 0.000011 -0.000000 
-0.000000 -0.000000 0.007387 0.000012 0.017203 0.000964 0.010339 -0.000000 -0.000000 0.000143 -0.000000 0.002423 -0.000000 -0.000000 -0.000000 0.042478 0.000088 0.001733 0.006960 -0.000000 -0.000000 -0.000000 0.015112 -0.000000 0.000649 -0.000000 0.000133 0.045390 0.320787 -0.000000 -0.000000 0.000020 0.001894 0.000633 0.000052 0.040919 -0.000000 -0.000000 0.000090 0.291755 0.000050 0.072287 0.011052 0.000012 0.011287 1.300732 0.003569 -0.000000 0.000049 0.026508 0.000552 0.000008 0.005235 -0.000000 -0.000000 -0.000000 0.000912 0.052061 0.000010 0.002428 0.000041 -0.000000 0.000031 0.003942 0.001470 0.000000 0.001253 0.001293 -0.000000 0.000502 -0.000000 
-0.000000 0.000050 -0.000000 0.000058 -0.000000 0.000007 0.000084 0.000092 0.000249 0.000061 0.000016 0.000023 0.000873 0.001947 0.000058 -0.000000 0.000589 0.000068 0.000021 0.000261 0.000880 0.001180 0.000170 0.003533 0.001398 0.001671 0.000013 0.000103 0.000062 0.074050 0.017659 0.010625 0.000520 0.001642 0.209197 0.000100 0.110589 0.759496 0.005255 0.000026 0.033694 0.000024 0.001643 0.082923 0.000012 0.000257 0.004758 0.204390 0.037011 0.000124 0.054905 0.143787 0.000153 0.036060 0.032295 0.018179 0.005993 -0.000000 0.006894 0.004370 0.004617 0.005641 0.001191 0.000016 0.000013 0.000005 0.000172 0.000014 0.000126 0.000044 0.000309 
-0.000000 -0.000000 0.000821 0.000152 0.000396 0.000075 0.002270 0.001199 0.000249 0.001855 0.000090 0.001087 0.000364 0.007715 0.000113 0.001415 0.008514 0.002341 0.001346 0.000771 0.001387 0.000745 0.008135 0.000262 0.037247 0.000167 0.000677 0.015884 0.006707 0.006300 0.010563 0.027398 0.037042 0.077861 0.043052 0.012999 0.080335 0.025252 0.116026 0.001246 0.138329 0.002332 0.141837 0.023476 0.000813 0.012428 0.383739 0.125562 0.115745 0.010916 0.591902 0.009939 0.008737 0.001300 0.007671 0.001924 0.070244 0.001946 0.007997 0.057067 0.009295 0.002217 0.004413 0.000836 0.001120 0.000035 0.007705 0.000737 0.000174 0.001571 0.000648 
0.000033 -0.000000 0.000938 0.000023 0.000793 0.000095 0.002438 0.000246 -0.000000 0.000591 0.000020 0.000928 -0.000000 0.001514 0.000029 0.004276 0.001885 0.001891 0.002376 0.000091 0.000120 0.000057 0.020967 -0.000000 0.020171 0.000018 0.000875 0.053409 0.044105 0.000594 0.000836 0.002728 0.039976 0.039640 0.002142 0.099442 0.005510 0.001361 0.012405 0.007818 0.008702 0.028117 0.837812 0.001147 0.008616 0.091871 0.405608 0.007548 0.007688 0.107688 0.097072 0.000987 0.056753 0.000170 0.001068 0.000210 0.054291 0.008592 0.001970 0.066814 0.002410 0.000365 0.002288 0.003270 0.003932 0.000033 0.013694 0.002261 0.000030 0.003605 0.000182 
0.000033 0.000075 0.003870 0.000047 0.004598 0.000448 0.007313 0.000799 -0.000000 0.002019 0.000041 0.003261 0.000146 0.003389 0.000076 0.012702 0.003741 0.005831 0.006476 0.000227 0.000347 0.000120 0.031348 0.000068 0.024216 0.000022 0.000974 0.065592 0.078474 0.000674 0.001631 0.003481 0.027387 0.022806 0.005643 0.080202 0.006248 0.002415 0.006970 0.026168 0.007041 0.053712 0.214785 0.001238 0.023679 0.314745 0.120450 0.006585 0.005597 0.201409 0.044880 0.000856 0.055769 0.000219 0.001335 0.000329 0.027652 0.023381 0.001714 0.049298 0.003341 0.000561 0.002420 0.006909 0.005793 0.000036 0.013111 0.004869 0.000059 0.004372 0.000303 
0.000100 0.000099 0.000586 0.000245 0.000951 0.000082 0.002101 0.001937 0.001424 0.000918 0.000178 0.000702 0.001746 0.008652 0.000436 0.000849 0.002710 0.000991 0.000904 0.000896 0.002348 0.001558 0.002008 0.002769 0.006091 0.001671 0.000115 0.002879 0.001669 0.030428 0.011297 0.010503 0.003008 0.003610 0.044044 0.000933 0.032862 0.092752 0.003811 0.000328 0.009897 0.000247 0.005026 0.007237 0.000091 0.002157 0.007473 0.026606 0.009926 0.001006 0.023314 0.016730 0.000596 0.017502 0.013774 0.008656 0.004744 0.000539 0.005033 0.006760 0.006966 0.007493 0.001398 0.000229 0.000223 0.000015 0.001459 0.000188 0.000317 0.000259 0.000799 
-0.000000 -0.000000 0.002345 -0.000000 0.004360 0.000346 0.003530 -0.000000 -0.000000 0.000041 -0.000000 0.000815 -0.000000 0.000072 -0.000000 0.012231 0.000029 0.000450 0.002103 0.000006 -0.000000 -0.000000 0.005616 -0.000000 0.000499 -0.000000 0.000032 0.013674 0.068305 -0.000000 -0.000000 0.000041 0.000594 0.000445 0.000104 0.010215 0.000049 0.000088 0.000140 0.203375 0.000083 0.018366 0.009215 0.000006 0.010103 2.096505 0.005490 0.000161 0.000062 0.110366 0.002023 0.000008 0.022098 -0.000000 0.000023 -0.000000 0.002313 0.147560 0.000010 0.009748 0.000101 -0.000000 0.000144 0.016801 0.006663 0.000003 0.003998 0.005685 0.000002 0.002635 0.000012 
-0.000000 -0.000000 0.000821 0.000035 0.002061 0.000170 0.002101 0.000215 -0.000000 0.000408 0.000016 0.000996 -0.000000 0.001298 0.000015 0.004528 0.001768 0.002004 0.002733 0.000108 0.000120 0.000063 0.019367 0.000011 0.015029 0.000026 0.000646 0.045904 0.052110 0.000238 0.000734 0.002280 0.027201 0.025868 0.002142 0.085568 0.004526 0.001274 0.008464 0.012592 0.006227 0.038808 0.399283 0.000971 0.015395 0.181740 0.239741 0.006986 0.006212 0.212805 0.076793 0.000995 0.090278 0.000097 0.000940 0.000175 0.051050 0.015717 0.001763 0.078765 0.003220 0.000421 0.002633 0.005311 0.005577 0.000039 0.017041 0.003930 0.000038 0.005243 0.000321 
-0.000000 -0.000000 0.000117 -0.000000 0.000872 0.000054 0.000841 -0.000000 -0.000000 0.000082 0.000002 0.000272 -0.000000 0.000072 0.000004 0.002578 0.000324 0.000698 0.001051 0.000017 0.000067 0.000006 0.006807 -0.000000 0.004294 0.000004 0.000274 0.020408 0.031834 -0.000000 0.000041 0.000407 0.011772 0.009547 0.000366 0.057964 0.000640 0.000220 0.002938 0.011202 0.001793 0.043885 0.226160 0.000140 0.027365 0.226161 0.117339 0.001660 0.002017 0.447364 0.030993 0.000171 0.093274 0.000012 0.000279 0.000056 0.026014 0.012753 0.000630 0.041119 0.000851 0.000056 0.000890 0.004180 0.003467 0.000013 0.009370 0.002008 0.000002 0.002889 0.000054 
0.000100 0.000298 0.000821 0.000269 0.000159 0.000088 0.002690 0.002244 0.001958 0.001162 0.000305 0.000883 0.002256 0.008796 0.000566 0.001258 0.004684 0.001531 0.001114 0.001241 0.003295 0.002388 0.003063 0.003864 0.009986 0.002268 0.000193 0.004575 0.002503 0.046910 0.020758 0.019704 0.005273 0.006963 0.101255 0.001951 0.078662 0.202763 0.011151 0.000446 0.028396 0.000532 0.010826 0.026518 0.000165 0.004673 0.019307 0.104684 0.035117 0.002307 0.080150 0.079655 0.001408 0.029765 0.043052 0.023442 0.014501 0.000718 0.013936 0.016993 0.017456 0.019111 0.003730 0.000361 0.000540 0.000040 0.003638 0.000332 0.000729 0.000617 0.002033 
0.000033 0.000025 0.000117 0.000070 0.000238 0.000048 0.000925 0.000492 0.000178 0.000734 0.000041 0.000317 0.000327 0.004686 0.000080 0.000786 0.003182 0.000810 0.000568 0.000459 0.000627 0.000384 0.003302 0.000422 0.014130 0.000232 0.000235 0.005706 0.003245 0.006458 0.006709 0.014696 0.011957 0.025680 0.040230 0.005509 0.051753 0.033245 0.045458 0.000433 0.080739 0.001050 0.053809 0.029590 0.000385 0.006471 0.140490 0.244031 0.278980 0.005806 0.992007 0.019306 0.004985 0.002492 0.016188 0.004108 0.064994 0.001078 0.014360 0.050045 0.014925 0.005276 0.005648 0.000639 0.000789 0.000047 0.005817 0.000433 0.000276 0.001042 0.001023 
0.000033 0.000075 0.000704 -0.000000 0.000555 0.000048 0.001429 0.000277 0.000036 0.000551 0.000023 0.000679 0.000036 0.003821 0.000058 0.001918 0.002946 0.001553 0.001199 0.000278 0.000374 0.000189 0.010109 0.000068 0.018673 0.000057 0.000528 0.019534 0.016906 0.001149 0.002569 0.006941 0.026756 0.041385 0.009404 0.027748 0.017267 0.006017 0.028460 0.003974 0.025690 0.007547 0.318763 0.004887 0.003013 0.045961 0.801029 0.031049 0.030234 0.053310 0.346671 0.003954 0.040785 0.000729 0.005187 0.001092 0.152846 0.007125 0.007426 0.156074 0.010652 0.002357 0.007021 0.003500 0.004552 0.000077 0.023888 0.002984 0.000125 0.005469 0.000956 
0.000033 0.000124 0.000352 0.000070 0.000079 0.000020 0.000841 0.000922 0.000498 0.000408 0.000074 0.000340 0.000764 0.003172 0.000142 0.000535 0.001561 0.000585 0.000357 0.000471 0.001307 0.000825 0.001430 0.001903 0.004643 0.001158 0.000077 0.002056 0.000958 0.026704 0.009869 0.009587 0.002302 0.003969 0.051254 0.001033 0.039405 0.111988 0.006308 0.000197 0.017088 0.000237 0.008184 0.018692 0.000078 0.002722 0.015068 0.092666 0.033420 0.001595 0.087093 0.173798 0.001130 0.046695 0.104452 0.051565 0.016105 0.000539 0.023273 0.019943 0.026731 0.033788 0.004914 0.000295 0.000310 0.000043 0.003518 0.000282 0.001134 0.000485 0.002953 
0.000100 0.000224 0.004925 0.000164 0.005074 0.000598 0.006893 0.001906 0.000463 0.002508 0.000120 0.002672 0.000327 0.005696 0.000207 0.006980 0.002799 0.004052 0.004500 0.000442 0.000800 0.000361 0.010449 0.000308 0.011434 0.000127 0.000324 0.016090 0.015145 0.002219 0.001672 0.002443 0.004623 0.004500 0.005329 0.006514 0.005116 0.002855 0.001835 0.013891 0.002657 0.003344 0.012921 0.000783 0.001475 0.054281 0.009821 0.002998 0.002202 0.013440 0.009749 0.000677 0.004770 0.000219 0.000754 0.000329 0.004389 0.033769 0.000995 0.008366 0.001863 0.000870 0.000827 0.005229 0.003170 0.000016 0.004101 0.003417 0.000062 0.001648 0.000272 
0.000100 0.000323 0.005628 0.000421 0.005232 0.000767 0.015551 0.002705 0.000427 0.003548 0.000176 0.004937 0.000509 0.008652 0.000283 0.009715 0.005273 0.006214 0.006077 0.000595 0.000987 0.000424 0.014738 0.000353 0.016576 0.000158 0.000516 0.024623 0.021759 0.001902 0.002467 0.004030 0.007297 0.006707 0.006949 0.010531 0.008511 0.003953 0.003139 0.017104 0.003902 0.005486 0.021491 0.001257 0.002445 0.094747 0.018514 0.005621 0.002792 0.025284 0.014945 0.001117 0.009867 0.000450 0.001253 0.000595 0.007816 0.032482 0.001694 0.018450 0.003402 0.001319 0.001711 0.007499 0.005787 0.000029 0.007105 0.005953 0.000096 0.002999 0.000593 
-0.000000 0.000050 -0.000000 -0.000000 0.000159 0.000007 0.000084 0.000031 0.000036 0.000163 0.000011 0.000091 0.000036 0.000721 0.000011 0.000031 0.000383 0.000135 0.000063 0.000068 0.000133 0.000166 0.000511 0.000228 0.001947 0.000211 0.000039 0.000925 0.000773 0.006894 0.002692 0.002748 0.002191 0.004636 0.021944 0.001334 0.019629 0.045981 0.008534 0.000262 0.018615 0.000323 0.013887 0.020119 0.000121 0.002003 0.042488 0.215739 0.119545 0.002756 0.559484 0.105076 0.002364 0.012227 0.123912 0.022245 0.088409 0.000449 0.087912 0.072752 0.072458 0.027979 0.018993 0.000254 0.000492 0.000101 0.007671 0.000311 0.001393 0.000976 0.004024 
-0.000000 -0.000000 0.000117 -0.000000 0.000238 0.000061 0.000336 0.000031 -0.000000 0.000143 0.000005 0.000136 0.000036 0.000793 0.000004 0.000943 0.000943 0.000698 0.000526 0.000051 0.000067 0.000063 0.005106 0.000011 0.005942 0.000022 0.000197 0.011823 0.009921 0.000634 0.000571 0.002402 0.011716 0.017553 0.002456 0.021277 0.005854 0.001669 0.012425 0.004565 0.010545 0.007452 0.204733 0.002131 0.003300 0.053510 0.358788 0.016381 0.017872 0.074429 0.274109 0.002503 0.085376 0.000280 0.004096 0.000826 0.284049 0.011556 0.007781 0.389905 0.011928 0.001319 0.011189 0.007040 0.011546 0.000138 0.058038 0.005916 0.000110 0.014289 0.000835 
-0.000000 0.000149 0.002462 0.000362 0.002458 0.000340 0.007229 0.002490 0.000890 0.002895 0.000226 0.002808 0.001128 0.010382 0.000447 0.004653 0.006246 0.004683 0.004437 0.000947 0.001854 0.001100 0.011607 0.000832 0.021719 0.000430 0.000593 0.018917 0.010663 0.009113 0.008707 0.011216 0.013907 0.016339 0.032027 0.009785 0.035912 0.023715 0.013929 0.004040 0.022352 0.003491 0.051038 0.009446 0.001308 0.032609 0.081195 0.056611 0.034379 0.017326 0.250703 0.014382 0.011039 0.004533 0.019797 0.006935 0.162569 0.006017 0.028739 0.168697 0.049797 0.015800 0.021594 0.003893 0.004134 0.000245 0.029448 0.003872 0.001294 0.005441 0.006088 
0.000166 0.000348 0.002462 0.000444 0.003488 0.000428 0.008826 0.003751 0.001139 0.002406 0.000237 0.002536 0.001601 0.012185 0.000458 0.004276 0.006422 0.004300 0.003911 0.001145 0.002215 0.001163 0.009803 0.001071 0.018873 0.000724 0.000466 0.014136 0.008809 0.011727 0.009502 0.012864 0.010602 0.012455 0.036207 0.007504 0.038126 0.030742 0.010891 0.002689 0.020276 0.002071 0.029257 0.009841 0.000809 0.017049 0.042611 0.059395 0.031747 0.009847 0.163150 0.018842 0.005360 0.006527 0.029858 0.010461 0.052029 0.003712 0.037249 0.079811 0.057068 0.022816 0.015790 0.002295 0.002603 0.000173 0.017144 0.001922 0.001680 0.002878 0.006306 
-0.000000 -0.000000 0.000235 -0.000000 0.000238 0.000027 0.000252 0.000031 -0.000000 0.000102 0.000002 0.000136 -0.000000 0.000288 0.000004 0.000660 0.000206 0.000113 0.000357 0.000051 0.000027 0.000011 0.001906 -0.000000 0.002197 0.000004 0.000085 0.005706 0.006954 0.000198 0.000184 0.000631 0.004382 0.006450 0.000888 0.012324 0.001869 0.000527 0.004613 0.007306 0.003338 0.005775 0.107328 0.000753 0.002917 0.072152 0.158119 0.005835 0.006310 0.098413 0.110407 0.001101 0.155387 0.000134 0.001706 0.000161 0.162181 0.025207 0.003900 0.455972 0.006420 0.000561 0.008682 0.017539 0.027827 0.000176 0.117431 0.013538 0.000059 0.033380 0.000732 
-0.000000 -0.000000 0.000235 -0.000000 0.000079 0.000007 0.000420 0.000061 -0.000000 0.000102 0.000007 0.000045 0.000073 0.000505 0.000018 0.000314 0.000471 0.000203 0.000168 0.000085 0.000133 0.000080 0.001361 0.000125 0.003146 0.000079 0.000059 0.002673 0.001545 0.002575 0.001285 0.002463 0.003194 0.005389 0.009561 0.002382 0.009937 0.015020 0.006949 0.000879 0.011076 0.000807 0.022071 0.006714 0.000329 0.006830 0.053530 0.063089 0.042054 0.006875 0.386861 0.027500 0.006421 0.004934 0.053775 0.011819 0.194948 0.001826 0.132291 0.242197 0.172357 0.027137 0.069002 0.001238 0.001612 0.000393 0.026307 0.001019 0.002045 0.003181 0.010427 
-0.000000 -0.000000 0.000704 -0.000000 0.001506 0.000088 0.000672 -0.000000 -0.000000 -0.000000 -0.000000 0.000113 -0.000000 -0.000000 -0.000000 0.003270 -0.000000 0.000135 0.000568 -0.000000 -0.000000 -0.000000 0.001021 -0.000000 -0.000000 -0.000000 0.000004 0.001388 0.009983 -0.000000 -0.000000 -0.000000 0.000130 0.000086 -0.000000 0.001277 -0.000000 -0.000000 0.000060 0.067066 0.000033 0.001933 0.001901 0.000006 0.001394 0.212552 0.002501 -0.000000 0.000062 0.045057 0.000644 0.000008 0.016953 -0.000000 0.000012 -0.000000 0.002178 1.466529 -0.000000 0.010943 0.000020 -0.000000 0.000088 0.064992 0.012976 0.000002 0.005354 0.014441 -0.000000 0.003892 -0.000000 
-0.000000 -0.000000 -0.000000 -0.000000 -0.000000 -0.000000 -0.000000 -0.000000 -0.000000 -0.000000 -0.000000 -0.000000 -0.000000 -0.000000 -0.000000 -0.000000 -0.000000 -0.000000 -0.000000 -0.000000 -0.000000 -0.000000 0.000034 -0.000000 0.000050 -0.000000 0.000001 0.000051 0.000155 -0.000000 0.000020 0.000020 0.000111 0.000291 -0.000000 0.000258 0.000148 0.000571 0.000501 0.000079 0.000531 0.000090 0.003705 0.000316 0.000033 0.001130 0.011713 0.005407 0.004686 0.001641 0.100842 0.003212 0.002891 0.000097 0.006615 0.000490 0.206242 0.000539 0.030177 1.113806 0.054496 0.001263 0.210158 0.000279 0.000883 0.000969 0.055635 0.000267 0.000148 0.002183 0.002003 
-0.000000 -0.000000 -0.000000 -0.000000 -0.000000 -0.000000 -0.000000 -0.000000 -0.000000 -0.000000 -0.000000 -0.000000 -0.000000 -0.000000 -0.000000 -0.000000 -0.000000 0.000023 -0.000000 -0.000000 -0.000000 -0.000000 0.000034 0.000011 0.000250 0.000004 0.000003 -0.000000 0.000062 0.000238 0.000041 0.000163 0.000204 0.000599 0.000731 0.000316 0.000787 0.001976 0.000702 0.000079 0.001295 0.000071 0.003125 0.000868 0.000041 0.000359 0.011255 0.013437 0.009975 0.000898 0.118040 0.008202 0.001206 0.000984 0.022362 0.003597 0.077216 0.000299 0.185938 0.122648 0.613446 0.014340 0.147431 0.000180 0.000283 0.000433 0.011824 0.000130 0.001949 0.000838 0.014747 
-0.000000 -0.000000 0.000469 -0.000000 0.000555 0.000061 0.001261 -0.000000 -0.000000 0.000061 -0.000000 0.000113 -0.000000 -0.000000 -0.000000 0.002578 -0.000000 0.000068 0.000189 -0.000000 -0.000000 -0.000000 0.000511 -0.000000 -0.000000 -0.000000 0.000007 0.001337 0.006336 -0.000000 0.000020 0.000020 0.000093 0.000034 -0.000000 0.000990 -0.000000 -0.000000 0.000090 0.036806 0.000066 0.001534 0.003029 0.000006 0.001127 0.137935 0.002745 0.000107 0.000025 0.035705 0.001701 0.000008 0.016073 -0.000000 0.000023 -0.000000 0.002684 0.898293 0.000030 0.010681 0.000122 -0.000000 0.000163 0.103610 0.019160 0.000006 0.005955 0.029438 0.000002 0.005634 0.000012 
0.000033 -0.000000 0.000586 -0.000000 0.002140 0.000109 0.001429 -0.000000 -0.000000 0.000082 -0.000000 0.000249 -0.000000 -0.000000 -0.000000 0.003050 0.000029 0.000248 0.000505 0.000006 -0.000000 0.000006 0.002008 -0.000000 0.000399 -0.000000 0.000018 0.003855 0.011312 -0.000000 0.000020 0.000122 0.000817 0.000667 0.000052 0.003128 0.000049 0.000044 0.000241 0.041042 0.000249 0.002949 0.008249 0.000055 0.002167 0.164536 0.007930 0.000294 0.000467 0.053433 0.005978 0.000049 0.025496 -0.000000 0.000093 0.000007 0.006786 0.453847 0.000177 0.024911 0.000405 0.000056 0.000715 0.150104 0.035960 0.000017 0.013677 0.052483 0.000003 0.010783 0.000103 
-0.000000 -0.000000 0.000117 -0.000000 -0.000000 -0.000000 -0.000000 0.000031 -0.000000 -0.000000 -0.000000 -0.000000 -0.000000 0.000144 -0.000000 0.000031 -0.000000 -0.000000 -0.000000 0.000011 -0.000000 -0.000000 0.000136 -0.000000 0.000150 -0.000000 0.000003 0.000360 0.000556 0.000040 0.000041 0.000102 0.000241 0.000616 0.000575 0.000560 0.000640 0.000703 0.000913 0.000420 0.000897 0.000271 0.007443 0.000467 0.000142 0.003389 0.014153 0.005621 0.003973 0.004289 0.058491 0.002201 0.005193 0.000231 0.005210 0.000903 0.089253 0.001168 0.022081 0.602933 0.067659 0.004125 0.188859 0.001131 0.002671 0.002544 0.110652 0.001286 0.000818 0.007294 0.009089 
-0.000000 0.000050 0.000469 0.000012 0.000476 0.000027 0.000588 0.000154 0.000071 0.000306 0.000034 0.000340 0.000146 0.001802 0.000040 0.000786 0.000678 0.000293 0.000484 0.000142 0.000253 0.000132 0.001498 0.000217 0.002996 0.000105 0.000064 0.003033 0.002225 0.002100 0.001468 0.002198 0.002488 0.003165 0.006844 0.002525 0.008265 0.008256 0.003400 0.001102 0.005447 0.000803 0.013211 0.002768 0.000312 0.008627 0.021961 0.020128 0.011292 0.005651 0.071413 0.009140 0.004348 0.004072 0.021352 0.007998 0.049176 0.002096 0.063801 0.126383 0.244957 0.037829 0.079821 0.002074 0.002381 0.000831 0.036570 0.001820 0.005022 0.004493 0.033295 
-0.000000 -0.000000 -0.000000 -0.000000 -0.000000 0.000007 0.000252 0.000031 -0.000000 0.000061 0.000007 0.000068 0.000073 0.000144 -0.000000 0.000063 0.000118 0.000045 0.000021 0.000011 0.000040 0.000011 0.000102 0.000103 0.000399 0.000044 0.000015 -0.000000 0.000185 0.000792 0.000347 0.000448 0.000186 0.000342 0.001985 0.000129 0.002017 0.003250 0.000491 0.000039 0.001196 0.000052 0.001257 0.000680 0.000013 0.000514 0.002227 0.005407 0.002288 0.000310 0.010024 0.004264 0.000277 0.006830 0.014656 0.011301 0.003478 0.000090 0.011179 0.006424 0.021345 0.331232 0.002940 0.000082 0.000121 0.000039 0.001939 0.000065 0.005124 0.000358 0.007976 
-0.000000 -0.000000 0.000352 -0.000000 0.001268 0.000041 0.000252 -0.000000 -0.000000 -0.000000 -0.000000 0.000091 -0.000000 -0.000000 -0.000000 0.001729 0.000029 0.000158 0.000463 -0.000000 -0.000000 -0.000000 0.000647 -0.000000 0.000050 -0.000000 0.000004 0.001491 0.005872 -0.000000 -0.000000 -0.000000 0.000074 0.000103 -0.000000 0.001277 0.000049 -0.000000 0.000080 0.030116 0.000017 0.001396 0.003770 -0.000000 0.001100 0.114364 0.003477 0.000027 0.000148 0.033847 0.001931 0.000008 0.016059 -0.000000 0.000012 -0.000000 0.002954 0.581888 0.000039 0.011615 0.000122 -0.000000 0.000188 0.149244 0.024529 0.000006 0.007122 0.041986 -0.000000 0.006775 0.000048 
0.000033 0.000124 0.001055 0.000175 0.001427 0.000170 0.003362 0.001076 0.000285 0.000795 0.000093 0.001178 0.000473 0.003317 0.000087 0.001289 0.001915 0.001396 0.001619 0.000278 0.000654 0.000281 0.003302 0.000160 0.004793 0.000149 0.000134 0.004883 0.003183 0.001466 0.001591 0.001628 0.002154 0.002378 0.005225 0.001765 0.005707 0.003118 0.001645 0.001036 0.002325 0.000594 0.006638 0.000905 0.000269 0.007395 0.007534 0.005139 0.002460 0.002926 0.012600 0.001174 0.001588 0.000510 0.002170 0.000721 0.007681 0.001766 0.003230 0.026218 0.007392 0.002947 0.004275 0.000983 0.001120 0.000091 0.009318 0.001019 0.000242 0.001527 0.001253 
-0.000000 -0.000000 0.000117 0.000012 0.000079 0.000007 0.000168 0.000061 0.000071 0.000041 0.000011 0.000045 0.000036 0.000288 0.000004 0.000189 0.000177 0.000158 0.000084 0.000034 0.000067 0.000086 0.000647 0.000080 0.000899 0.000035 0.000032 0.000771 0.000711 0.001030 0.000653 0.000651 0.001095 0.001352 0.003135 0.000904 0.003296 0.004875 0.001394 0.000354 0.002308 0.000294 0.006348 0.001548 0.000149 0.004622 0.011774 0.012393 0.007048 0.002555 0.046582 0.007093 0.002628 0.003403 0.021167 0.008047 0.032024 0.001018 0.069839 0.086347 0.331753 0.055088 0.058998 0.000721 0.001356 0.000792 0.027423 0.000773 0.009456 0.003247 0.070972 
0.000033 -0.000000 0.000117 0.000035 0.000159 0.000041 0.000757 0.000154 0.000071 0.000245 0.000018 0.000159 0.000146 0.000577 0.000044 0.000440 0.000383 0.000338 0.000105 0.000074 0.000120 0.000052 0.000340 0.000046 0.001049 0.000035 0.000027 0.000822 0.000495 0.000317 0.000224 0.000407 0.000501 0.000393 0.000993 0.000402 0.000984 0.000659 0.000401 0.000131 0.000648 0.000100 0.001740 0.000249 0.000043 0.000822 0.001342 0.001285 0.000504 0.000650 0.002759 0.000261 0.000270 0.000146 0.000580 0.000245 0.001182 0.000239 0.000827 0.003473 0.002066 0.000589 0.001066 0.000115 0.000175 0.000021 0.001184 0.000173 0.000078 0.000243 0.000357 
-0.000000 0.000050 0.001290 0.000023 0.001823 0.000183 0.003194 0.000215 0.000107 0.000551 0.000018 0.000838 -0.000000 0.001514 0.000025 0.002641 0.000678 0.001148 0.001430 0.000062 0.000107 0.000052 0.002723 0.000034 0.002646 0.000022 0.000109 0.006169 0.006243 0.000317 0.000530 0.000529 0.001615 0.001557 0.001881 0.003185 0.001328 0.000527 0.000712 0.009916 0.000697 0.002023 0.007314 0.000170 0.000880 0.036769 0.006405 0.001526 0.000603 0.010250 0.004552 0.000269 0.004784 0.000085 0.000383 0.000091 0.003174 0.130556 0.000601 0.009113 0.001154 0.000505 0.000683 0.015588 0.007149 0.000013 0.004805 0.009637 0.000026 0.002679 0.000206 
-0.000000 -0.000000 -0.000000 -0.000000 -0.000000 -0.000000 -0.000000 -0.000000 -0.000000 -0.000000 -0.000000 -0.000000 -0.000000 -0.000000 -0.000000 -0.000000 -0.000000 -0.000000 -0.000000 -0.000000 -0.000000 -0.000000 -0.000000 -0.000000 -0.000000 -0.000000 0.000001 -0.000000 0.000031 -0.000000 -0.000000 -0.000000 0.000019 0.000120 -0.000000 0.000100 -0.000000 0.000220 0.000050 0.000157 0.000149 0.000052 0.002062 0.000042 0.000053 0.001181 0.003721 0.000509 0.000566 0.001966 0.009151 0.000277 0.002767 0.000012 0.000812 0.000133 0.020731 0.000659 0.003831 0.300533 0.019239 0.001123 0.051877 0.000647 0.001794 0.006649 0.196679 0.000679 0.000292 0.008115 0.007141 
-0.000000 -0.000000 -0.000000 -0.000000 0.000079 0.000020 0.000336 0.000031 -0.000000 0.000061 -0.000000 0.000113 -0.000000 0.000144 0.000004 0.000755 0.000206 0.000068 0.000252 0.000006 0.000013 0.000006 0.000715 0.000011 0.000999 -0.000000 0.000032 0.002622 0.002905 0.000158 0.000061 0.000224 0.001021 0.001334 0.000418 0.002066 0.000541 0.000395 0.000602 0.003948 0.000731 0.001430 0.011438 0.000188 0.000722 0.029323 0.014946 0.001499 0.001267 0.020299 0.013013 0.000424 0.018430 0.000073 0.000545 0.000189 0.018316 0.022992 0.001635 0.086272 0.004577 0.000645 0.004062 0.031234 0.082812 0.000142 0.107752 0.042499 0.000120 0.185034 0.001107 
-0.000000 -0.000000 0.000235 0.000012 0.000396 0.000027 0.000757 0.000123 0.000036 0.000285 0.000009 0.000249 0.000036 0.000360 0.000004 0.000692 0.000295 0.000383 0.000442 0.000034 0.000120 0.000034 0.001600 0.000011 0.002297 0.000018 0.000056 0.003393 0.004018 0.000277 0.000285 0.000773 0.002469 0.002806 0.001306 0.003013 0.002066 0.001010 0.001324 0.003292 0.001810 0.001520 0.015402 0.000528 0.000844 0.026961 0.019094 0.003694 0.002694 0.018843 0.024233 0.001084 0.014915 0.000304 0.002124 0.000581 0.027247 0.014819 0.004156 0.135047 0.012677 0.002217 0.009942 0.017399 0.031900 0.000332 0.224068 0.020466 0.000340 0.123979 0.002917 
-0.000000 -0.000000 -0.000000 -0.000000 0.000079 0.000007 -0.000000 -0.000000 -0.000000 0.000020 -0.000000 -0.000000 -0.000000 0.000072 0.000007 0.000031 0.000029 0.000068 0.000042 0.000023 0.000027 0.000029 0.000170 0.000034 0.000100 0.000013 0.000010 0.000411 0.000371 0.000396 0.000204 0.000305 0.000316 0.000445 0.001463 0.000287 0.001427 0.001801 0.000572 0.000262 0.000780 0.000123 0.002835 0.000644 0.000055 0.001541 0.004148 0.005782 0.003100 0.001378 0.022900 0.003677 0.001151 0.002382 0.013217 0.004772 0.015464 0.000509 0.038598 0.049746 0.161118 0.051945 0.032175 0.000369 0.000722 0.000625 0.020215 0.000549 0.012707 0.002062 0.185049 
-0.000000 -0.000000 0.001055 -0.000000 0.000476 0.000068 0.000420 -0.000000 -0.000000 0.000061 0.000002 0.000272 -0.000000 0.000144 -0.000000 0.001824 0.000206 0.000383 0.000610 0.000011 -0.000000 -0.000000 0.000817 -0.000000 0.000499 -0.000000 0.000025 0.002416 0.006491 -0.000000 0.000041 0.000122 0.000316 0.000462 0.000052 0.002123 0.000344 0.000044 0.000261 0.016632 0.000149 0.001805 0.005542 0.000018 0.000963 0.061727 0.004697 0.000294 0.000172 0.018100 0.002989 0.000024 0.009000 0.000036 0.000093 0.000056 0.003292 0.246083 0.000246 0.011839 0.000567 0.000084 0.000489 0.072089 0.021952 0.000014 0.007705 0.036344 0.000003 0.006704 0.000085 
-0.000000 -0.000000 0.000117 -0.000000 0.000159 0.000007 0.000336 -0.000000 -0.000000 -0.000000 -0.000000 0.000023 -0.000000 -0.000000 -0.000000 0.000220 -0.000000 0.000045 0.000042 -0.000000 -0.000000 0.000006 0.000102 -0.000000 0.000100 -0.000000 -0.000000 0.000514 0.000927 -0.000000 0.000020 0.000020 0.000149 0.000274 0.000052 0.000531 -0.000000 -0.000000 0.000110 0.003043 0.000100 0.000423 0.002868 0.000006 0.000274 0.018847 0.003477 0.000348 0.000197 0.008934 0.002621 0.000057 0.007246 0.000024 0.000128 0.000021 0.004237 0.028770 0.000177 0.019682 0.000749 0.000112 0.000790 0.080531 0.165861 0.000036 0.028401 0.163863 0.000009 0.046788 0.000200 
-0.000000 -0.000000 -0.000000 -0.000000 -0.000000 0.000007 -0.000000 0.000031 -0.000000 -0.000000 -0.000000 0.000023 -0.000000 -0.000000 0.000004 0.000126 0.000088 0.000045 0.000105 0.000006 -0.000000 -0.000000 0.000238 -0.000000 0.000449 -0.000000 0.000013 0.000565 0.001144 0.000040 0.000061 0.000061 0.000408 0.000701 0.000261 0.001033 0.000541 0.000044 0.000451 0.001731 0.000365 0.000594 0.006348 0.000115 0.000297 0.010836 0.010492 0.001017 0.000873 0.010033 0.013243 0.000310 0.011586 0.000061 0.000731 0.000154 0.019194 0.007694 0.002157 0.129931 0.008060 0.001151 0.008738 0.009745 0.023780 0.000460 0.441837 0.012144 0.000262 0.125644 0.003086 
-0.000000 -0.000000 0.000117 -0.000000 0.000317 0.000007 0.000168 -0.000000 -0.000000 0.000041 -0.000000 -0.000000 -0.000000 -0.000000 -0.000000 0.000377 0.000029 0.000023 0.000063 -0.000000 -0.000000 -0.000000 0.000170 -0.000000 -0.000000 -0.000000 0.000004 0.000308 0.001391 -0.000000 -0.000000 0.000020 0.000167 0.000188 0.000052 0.000617 0.000049 -0.000000 0.000030 0.005509 0.000149 0.000570 0.001901 0.000012 0.000335 0.024855 0.003050 0.000107 0.000086 0.009739 0.001563 0.000008 0.006095 -0.000000 0.000023 0.000007 0.002549 0.071101 0.000148 0.011914 0.000203 0.000084 0.000345 0.178101 0.067584 0.000015 0.013282 0.157101 0.000008 0.019819 0.000103 
