# Flux Network Reconstruction using RW method
# Walkers leave from emitting cells
# Probability involves emitting fluxes, then absorbing flux is shared among connections
# Seed: 1684539127
# Threshold: 0.5
# Precision: 100000.0
# Dt: 1.0
# Radius step: 7.000000
# Matrix output


0.002596 0.000367 0.004468 0.005008 0.013710 0.000023 0.005976 0.012653 0.039609 0.001680 0.027223 0.003468 0.011569 0.014341 0.002738 0.001130 0.000359 0.000252 0.000002 0.000730 0.000052 0.000299 0.000786 0.000462 0.001884 0.001951 0.002951 0.001303 0.000310 0.001063 0.000063 0.004038 0.000686 0.000126 0.000222 0.000321 0.000084 0.000025 0.000177 0.000434 0.000018 -0.000000 0.000072 0.000358 0.000243 -0.000000 0.000021 -0.000000 0.000135 -0.000000 0.000123 0.000034 -0.000000 -0.000000 -0.000000 0.000230 -0.000000 0.000251 -0.000000 -0.000000 -0.000000 -0.000000 0.000224 0.000196 -0.000000 -0.000000 -0.000000 -0.000000 -0.000000 0.000098 
0.011964 0.000891 0.013137 0.018599 0.052420 0.000126 0.006571 0.036612 0.048173 0.006508 0.038674 0.011217 0.029749 0.043401 0.006970 0.003389 0.001137 0.000460 0.000016 0.002748 0.000417 0.000671 0.001571 0.001591 0.005443 0.002818 0.005493 0.001411 0.000723 0.001688 0.000092 0.005855 0.001050 0.000378 0.000400 0.000602 0.000084 0.000224 0.000266 0.000723 0.000065 0.000069 0.000036 0.000119 0.000061 0.000043 0.000103 0.000008 0.000067 -0.000000 0.000247 0.000068 0.000007 0.000049 0.000189 0.000058 -0.000000 0.000251 0.000109 0.000179 -0.000000 -0.000000 0.000112 0.000196 -0.000000 0.000180 0.000019 -0.000000 -0.000000 -0.000000 
0.030588 0.003223 0.027079 0.049360 0.071641 0.000425 0.005332 0.047093 0.029974 0.014626 0.032841 0.023245 0.037925 0.072649 0.013277 0.008554 0.003690 0.000526 0.000092 0.006656 0.001513 0.000757 0.009202 0.004414 0.010782 0.004335 0.007379 0.006080 0.003410 0.002719 0.000448 0.008682 0.002422 0.001208 0.001179 0.001486 0.001683 0.000374 0.001196 0.005064 0.000195 0.000381 0.000153 0.000836 0.000852 0.000135 0.000556 0.000045 0.001146 0.000288 0.001849 0.000509 0.000025 0.000346 0.000568 0.000346 0.000013 0.000502 0.000876 0.000715 0.000295 0.000156 -0.000000 0.000587 -0.000000 0.000180 0.000057 0.000028 0.000047 0.000392 
0.010948 0.165751 0.087403 0.316725 0.005914 0.046242 0.000050 0.002246 -0.000000 0.058714 0.000648 0.018080 0.001305 0.005850 0.001992 0.092641 0.006782 0.000009 0.001822 0.003178 0.041209 0.000014 0.030637 0.003285 0.004292 -0.000000 0.000164 0.017370 0.030587 0.000094 0.000126 0.000202 0.000040 0.000327 0.000044 0.000040 0.009846 0.001346 0.000443 0.000868 -0.000000 0.000693 0.000009 0.004539 0.000791 -0.000000 0.000124 0.000057 -0.000000 0.000352 0.000123 -0.000000 0.000145 -0.000000 0.000442 0.000058 -0.000000 -0.000000 -0.000000 -0.000000 0.000957 0.000678 -0.000000 0.000098 -0.000000 -0.000000 -0.000000 -0.000000 -0.000000 0.000049 
0.200908 0.012708 0.150945 0.195651 0.168349 0.001725 0.005951 0.099053 0.040680 0.055565 0.040619 0.068112 0.077329 0.159828 0.035392 0.030988 0.009874 0.000930 0.000241 0.021470 0.004955 0.001433 0.024240 0.012063 0.030356 0.005780 0.015167 0.018456 0.013123 0.006094 0.001052 0.023622 0.003714 0.003172 0.002358 0.004137 0.005217 0.001670 0.002568 0.011285 0.000295 0.000866 0.000628 0.004420 0.003102 0.000260 0.001113 0.000130 0.002023 0.000993 0.004192 0.000475 0.000074 0.001038 0.002020 0.001440 0.000013 0.000753 0.001204 0.001430 0.000736 0.000261 0.000336 0.001370 0.000128 0.000449 0.000095 0.000055 0.000047 0.000392 
0.156889 0.010690 0.130032 0.169540 0.212369 0.001265 0.007415 0.122712 0.056737 0.053396 0.056175 0.076672 0.094986 0.193982 0.036761 0.029858 0.009256 0.001116 0.000204 0.020397 0.005060 0.001664 0.019751 0.015040 0.027844 0.006213 0.017791 0.017696 0.013847 0.006438 0.001011 0.027458 0.004279 0.003222 0.002202 0.004137 0.003450 0.001470 0.003410 0.009114 0.000295 0.001386 0.000539 0.004300 0.001764 0.000282 0.000824 0.000130 0.002495 0.000769 0.002959 0.000509 0.000067 0.000890 0.000947 0.001152 0.000012 0.001129 0.000985 0.000894 0.001620 0.000209 0.000224 0.001272 0.000064 0.000898 0.000152 0.000009 0.000060 0.000392 
0.000226 0.002908 0.002681 0.009121 0.000806 0.000172 0.000074 0.001423 -0.000000 0.001959 -0.000000 0.001623 0.000870 0.002076 0.000996 0.002663 0.000439 0.000017 0.000033 0.000601 0.000574 0.000043 0.001908 0.000975 0.001675 0.000289 0.000492 0.001954 0.000930 0.000250 0.000121 0.001211 0.000161 0.000227 0.000044 0.000361 0.000673 0.000224 0.000399 0.001881 0.000035 0.000485 0.000072 0.000717 0.000243 0.000038 0.000103 0.000028 0.000607 0.000224 0.000247 0.000170 0.000007 0.000099 0.000758 -0.000000 -0.000000 0.000251 0.000383 -0.000000 0.000295 0.000052 0.000112 0.000392 0.000128 0.000180 0.000019 0.000028 0.000007 0.000049 
0.025396 0.004009 0.037356 0.064740 0.174599 0.000563 0.039230 0.155506 0.261206 0.026103 0.222539 0.043760 0.152570 0.216626 0.032446 0.013880 0.005825 0.002333 0.000116 0.018078 0.002504 0.004148 0.016497 0.010523 0.028472 0.021024 0.037877 0.014331 0.007647 0.011282 0.000896 0.047446 0.006983 0.002870 0.003003 0.004538 0.002188 0.000972 0.002701 0.011574 0.000526 0.000589 0.000664 0.002270 0.002555 0.000352 0.000969 0.000126 0.002360 0.000480 0.006411 0.001187 0.000028 0.001286 0.001200 0.001958 0.000015 0.001882 0.001314 0.001787 0.000957 0.000313 0.000112 0.001175 0.000192 0.001078 0.000152 0.000065 0.000073 0.000294 
0.033635 0.005948 0.051387 0.094070 0.195231 0.000874 0.018202 0.154158 0.150943 0.036180 0.127690 0.056527 0.134477 0.225495 0.036636 0.020901 0.007500 0.001969 0.000224 0.020311 0.003286 0.003319 0.023005 0.014270 0.035172 0.015028 0.033040 0.017045 0.010643 0.010470 0.001144 0.046234 0.007185 0.003978 0.004004 0.005944 0.004039 0.001695 0.003897 0.016638 0.000597 0.001178 0.001050 0.003584 0.003711 0.000401 0.001216 0.000187 0.003979 0.001345 0.005055 0.001459 0.000089 0.001533 0.001831 0.001900 0.000010 0.002510 0.001478 0.003217 0.000957 0.000313 0.000448 0.001958 0.000192 0.001527 0.000305 0.000111 0.000086 0.000294 
0.012867 0.002777 0.020287 0.040239 0.101749 0.000356 0.046074 0.102722 0.265488 0.017495 0.241336 0.027156 0.106468 0.151714 0.023857 0.010410 0.004349 0.001952 0.000084 0.011766 0.002139 0.003367 0.011447 0.006878 0.020726 0.018640 0.034597 0.009879 0.004443 0.009563 0.000747 0.033717 0.006741 0.002543 0.002981 0.005181 0.001178 0.000723 0.002790 0.010706 0.000514 0.000762 0.000601 0.002150 0.001703 0.000320 0.000845 0.000085 0.002900 0.000608 0.004562 0.000780 0.000021 0.001335 0.000631 0.001728 0.000017 0.002259 0.001095 0.003217 0.000442 0.000365 0.000112 0.001566 0.000192 0.000808 0.000133 0.000046 0.000007 0.000147 
0.001354 0.000341 0.002681 0.005008 0.012097 0.000115 0.021103 0.012878 0.118827 0.002729 0.070219 0.004944 0.015396 0.023965 0.003527 0.002017 0.000559 0.000353 0.000012 0.001889 0.000209 0.000709 0.001908 0.001129 0.003768 0.004913 0.006231 0.001628 0.000620 0.001813 0.000126 0.008480 0.001413 0.000579 0.000489 0.001245 0.000252 0.000075 0.000443 0.001302 0.000106 0.000104 0.000171 0.000597 0.000547 0.000081 0.000185 0.000004 0.000877 0.000096 0.000370 0.000305 0.000004 0.000494 0.000379 0.000346 0.000003 0.000878 0.000274 0.000715 0.000221 0.000052 0.000112 0.000294 -0.000000 0.000269 0.000057 -0.000000 0.000033 0.000147 
0.000113 0.000026 0.000268 0.000537 0.000806 0.000011 0.000645 0.001048 0.002141 0.000140 0.003241 0.000886 0.001218 0.001698 0.000581 0.000323 0.000160 0.000026 0.000006 0.000086 0.000156 0.000019 0.000112 0.000257 0.000523 0.000144 0.000410 0.000326 0.000103 0.000250 0.000006 0.002019 0.000161 0.000050 0.000044 0.000201 -0.000000 0.000025 0.000089 0.000434 0.000024 0.000104 0.000018 -0.000000 -0.000000 0.000016 0.000103 0.000012 0.000202 0.000032 0.000247 0.000034 0.000004 0.000148 0.000189 0.000115 -0.000000 -0.000000 0.000055 -0.000000 -0.000000 -0.000000 -0.000000 -0.000000 0.000128 0.000180 -0.000000 -0.000000 -0.000000 -0.000000 
0.002370 0.008149 0.019929 0.067065 0.006250 0.000851 0.000298 0.004717 0.005353 0.013366 0.002809 0.011807 0.005915 0.014719 0.003361 0.012750 0.002813 0.000118 0.000169 0.003435 0.003391 0.000178 0.010661 0.004517 0.009630 0.000795 0.002542 0.010639 0.007957 0.001344 0.000414 0.006057 0.001211 0.001158 0.000845 0.001687 0.002945 0.001171 0.002037 0.007378 0.000183 0.001282 0.000404 0.004778 0.002494 0.000130 0.000804 0.000154 0.001956 0.000961 0.003452 0.000407 0.000057 0.000544 0.001831 0.001209 0.000005 0.001255 0.000931 0.002323 0.001767 0.000313 0.000224 0.001566 0.000256 0.001078 0.000190 0.000055 0.000060 0.000539 
0.000113 0.000026 0.000357 0.000715 0.000941 0.000023 0.002133 0.001572 0.010705 0.000560 0.007994 0.001107 0.001653 0.003019 0.000456 0.000242 0.000080 0.000047 0.000008 0.000515 0.000156 0.000034 0.000673 0.000257 0.000837 0.000217 0.001066 0.000869 0.000103 0.000250 0.000023 0.001009 0.000525 0.000126 0.000156 0.000361 -0.000000 0.000075 0.000221 0.000145 0.000053 0.000035 0.000045 0.000119 0.000122 0.000016 0.000041 0.000020 0.000472 0.000032 0.000370 0.000034 0.000007 0.000148 0.000063 0.000173 -0.000000 0.000502 0.000164 0.000179 0.000074 -0.000000 -0.000000 0.000294 0.000064 0.000090 -0.000000 0.000028 -0.000000 0.000049 
0.052597 0.009721 0.098485 0.175263 0.644163 0.001495 0.029857 0.454987 0.225879 0.071731 0.222539 0.121613 0.342891 0.561568 0.087214 0.036637 0.013684 0.004035 0.000237 0.039505 0.004642 0.006570 0.035238 0.024485 0.062911 0.026443 0.064685 0.028118 0.017773 0.021346 0.002029 0.079143 0.011303 0.006394 0.006274 0.009880 0.004797 0.002318 0.006421 0.023148 0.001028 0.002009 0.001383 0.005734 0.004319 0.000482 0.002040 0.000187 0.003911 0.000929 0.008260 0.001696 0.000110 0.002077 0.002084 0.002764 0.000028 0.002761 0.002299 0.005004 0.001620 0.000365 0.000559 0.002741 0.000832 0.001527 0.000228 0.000092 0.000093 0.000294 
0.016479 0.133837 0.130301 0.596967 0.021237 0.160387 0.000471 0.016696 0.004282 0.188600 0.002161 0.076303 0.010090 0.043212 0.016140 0.346032 0.034808 0.000124 0.008749 0.021900 0.192585 0.000236 0.172036 0.030542 0.041557 0.001011 0.002296 0.122461 0.177630 0.001688 0.001580 0.006663 0.001251 0.004708 0.001046 0.001406 0.062021 0.012786 0.007307 0.013165 0.000100 0.009111 0.000323 0.037628 0.008212 0.000043 0.001319 0.000503 0.000405 0.003715 0.002836 0.000102 0.000907 0.000099 0.004862 0.000346 -0.000000 -0.000000 0.001478 0.000179 0.008395 0.005842 -0.000000 0.001664 0.000128 0.000629 0.000247 0.000046 0.000047 0.000882 
0.039504 0.151759 0.316636 1.512806 0.071439 0.032342 0.001637 0.058698 0.011776 0.514293 0.013180 0.238061 0.045928 0.144166 0.055805 0.486689 0.075620 0.000522 0.004396 0.060074 0.082574 0.000825 0.227810 0.063034 0.105201 0.002529 0.008936 0.159482 0.142910 0.005219 0.003321 0.021199 0.004723 0.007452 0.004182 0.004297 0.045274 0.012212 0.012133 0.026041 0.000402 0.009423 0.000853 0.030581 0.011132 0.000255 0.002720 0.000763 0.002765 0.004291 0.006534 0.000611 0.000666 0.000692 0.007892 0.001440 0.000015 0.000502 0.002792 0.001430 0.008690 0.004694 0.000112 0.003720 0.000128 0.001437 0.000419 0.000074 0.000173 0.000833 
0.014447 0.005398 0.036016 0.083876 0.146440 0.001104 0.023161 0.238612 0.231231 0.041499 0.233774 0.070769 0.340542 0.478163 0.063854 0.028648 0.011051 0.006085 0.000335 0.036671 0.006573 0.009440 0.038380 0.028950 0.070029 0.043783 0.103628 0.036912 0.022940 0.031316 0.002862 0.134665 0.020426 0.010045 0.011346 0.019720 0.009930 0.003788 0.010495 0.043692 0.002021 0.003984 0.002460 0.011587 0.010159 0.001425 0.003936 0.000463 0.013353 0.002626 0.020589 0.005360 0.000159 0.005538 0.005304 0.008754 0.000060 0.008909 0.005748 0.015368 0.003830 0.000991 0.001455 0.008320 0.001856 0.006018 0.001085 0.000481 0.000266 0.000980 
0.002370 0.010612 0.014925 0.062236 0.005376 0.031031 0.000099 0.005840 0.001071 0.025683 0.002161 0.016235 0.005132 0.014907 0.004979 0.053987 0.007939 0.000088 0.004057 0.008588 0.135936 0.000125 0.058355 0.013603 0.020412 0.000867 0.001640 0.049614 0.089383 0.001406 0.001098 0.007470 0.001776 0.003852 0.001468 0.002289 0.065134 0.011689 0.008148 0.016204 0.000130 0.013338 0.000512 0.056622 0.012714 0.000141 0.002555 0.001023 0.001888 0.007814 0.006411 0.000373 0.001506 0.000346 0.011428 0.000691 0.000008 0.000627 0.002737 0.001430 0.019000 0.012205 -0.000000 0.003915 0.000192 0.001617 0.000628 0.000092 0.000199 0.002400 
0.000903 0.000786 0.003575 0.008227 0.011895 0.000253 0.009200 0.019391 0.145590 0.006508 0.157506 0.008560 0.025834 0.038495 0.007302 0.006698 0.001715 0.000759 0.000063 0.004938 0.001565 0.001963 0.007407 0.004106 0.010154 0.011415 0.021398 0.005971 0.005580 0.005282 0.000534 0.026650 0.004642 0.002140 0.002113 0.002932 0.002104 0.000847 0.002037 0.010417 0.000508 0.001213 0.000646 0.003225 0.002129 0.000379 0.001175 0.000130 0.003507 0.000865 0.006288 0.001323 0.000064 0.001582 0.001894 0.002361 0.000020 0.003764 0.001916 0.003217 0.001473 0.000365 0.000224 0.003622 0.000832 0.001796 0.000266 0.000250 0.000113 0.000539 
0.006998 0.003039 0.021091 0.049539 0.065122 0.000920 0.016391 0.105268 0.188411 0.026593 0.195532 0.042358 0.161964 0.252102 0.036180 0.020578 0.008238 0.005001 0.000255 0.023231 0.005581 0.008528 0.032544 0.019608 0.051083 0.040243 0.093134 0.029747 0.019323 0.026534 0.002126 0.121945 0.018730 0.008081 0.009588 0.017109 0.008836 0.003265 0.008369 0.041521 0.001802 0.004157 0.002621 0.010034 0.008517 0.001268 0.004204 0.000520 0.015646 0.003395 0.022562 0.004885 0.000149 0.005637 0.006693 0.008120 0.000060 0.008909 0.006842 0.013760 0.004124 0.001356 0.001567 0.008320 0.001728 0.004850 0.001275 0.000416 0.000253 0.001763 
0.002145 0.000576 0.005273 0.011982 0.013844 0.000264 0.012424 0.020365 0.359693 0.005948 0.307666 0.010110 0.029922 0.054157 0.009252 0.005891 0.001576 0.001259 0.000069 0.006055 0.001356 0.003092 0.007856 0.005903 0.012666 0.036269 0.040090 0.006840 0.004857 0.008095 0.000540 0.040985 0.006459 0.002291 0.003404 0.004980 0.002104 0.001047 0.003498 0.011574 0.000721 0.001074 0.000745 0.002509 0.003650 0.000515 0.000989 0.000199 0.004990 0.000929 0.008384 0.001934 0.000043 0.002769 0.001263 0.002764 0.000023 0.003764 0.002573 0.004289 0.001105 0.000313 0.000895 0.003034 0.000896 0.001886 0.000362 0.000185 0.000153 0.000686 
0.003386 0.002384 0.012244 0.031118 0.033468 0.000701 0.003819 0.060345 0.037468 0.019315 0.046668 0.026640 0.102989 0.155676 0.025143 0.016704 0.005725 0.002160 0.000196 0.016060 0.003756 0.003285 0.022893 0.013654 0.032764 0.015533 0.037385 0.025187 0.013847 0.012689 0.001580 0.064607 0.011908 0.006545 0.005651 0.011125 0.007658 0.002592 0.007484 0.024450 0.001217 0.003707 0.001679 0.010154 0.007908 0.000981 0.003050 0.000524 0.009509 0.003427 0.017384 0.003833 0.000167 0.004154 0.005241 0.006392 0.000053 0.007905 0.005145 0.010543 0.004124 0.001356 0.001007 0.007537 0.001408 0.004940 0.001066 0.000481 0.000293 0.001665 
0.002822 0.000760 0.006792 0.011982 0.031990 0.000138 0.043347 0.052409 1.376683 0.006648 1.230015 0.013357 0.084026 0.104728 0.013982 0.003147 0.001237 0.004486 0.000024 0.008116 0.000522 0.011939 0.003703 0.004979 0.013713 0.251137 0.189629 0.003474 0.002480 0.023002 0.000609 0.105390 0.012837 0.002241 0.003337 0.007350 0.001767 0.000224 0.001461 0.006800 0.001093 0.000346 0.000880 0.000239 0.000852 0.000536 0.000742 0.000073 0.004586 0.000384 0.005671 0.003019 0.000014 0.003263 0.000442 0.002476 0.000053 0.004643 0.001040 0.006791 0.000295 -0.000000 0.000559 0.001762 0.000512 0.001078 0.000095 0.000092 0.000013 0.000196 
0.010835 0.029582 0.077751 0.307426 0.040592 0.019511 0.001661 0.046494 0.013917 0.226599 0.014476 0.153640 0.047406 0.156809 0.048959 0.756704 0.090321 0.000620 0.005527 0.088415 0.107612 0.001177 0.641684 0.141826 0.208413 0.005202 0.017217 0.458034 0.342860 0.011814 0.009085 0.051282 0.012473 0.024545 0.010768 0.014097 0.104771 0.033123 0.039544 0.092013 0.001182 0.030555 0.003250 0.087561 0.041731 0.001057 0.010634 0.002837 0.009576 0.016493 0.030329 0.002375 0.001403 0.002423 0.023740 0.006392 0.000035 0.004768 0.012097 0.008042 0.020841 0.009232 0.000783 0.016053 0.001408 0.007006 0.001751 0.000619 0.000665 0.005486 
0.019414 0.012131 0.065776 0.164354 0.129572 0.003656 0.007687 0.212856 0.084571 0.129885 0.093985 0.272449 0.290265 1.017086 0.334167 0.097402 0.045101 0.004708 0.000857 0.229689 0.016431 0.008196 0.148021 0.130122 0.376839 0.032367 0.110596 0.128649 0.064377 0.064538 0.012142 0.242276 0.051589 0.036453 0.030857 0.048115 0.023226 0.011315 0.034186 0.108072 0.003692 0.009943 0.006356 0.026519 0.025550 0.002476 0.010325 0.001230 0.023671 0.007078 0.049931 0.007429 0.000351 0.008307 0.013827 0.012785 0.000091 0.013175 0.013466 0.021444 0.006628 0.002295 0.001231 0.016346 0.002112 0.008982 0.001637 0.000684 0.000578 0.003037 
0.016366 0.019127 0.075696 0.259854 0.080310 0.007140 0.003298 0.094561 0.035327 0.266349 0.033273 0.333182 0.106294 0.369850 0.139160 0.260493 0.145236 0.001689 0.001912 0.329698 0.041104 0.002923 0.373250 0.290530 0.515641 0.013727 0.040500 0.293450 0.154897 0.027628 0.014906 0.110841 0.026400 0.035521 0.019511 0.028435 0.043928 0.019390 0.040430 0.114582 0.002269 0.016837 0.004830 0.048977 0.035100 0.001496 0.011417 0.001806 0.015713 0.010024 0.039699 0.004953 0.000656 0.003906 0.018310 0.009157 0.000043 0.007403 0.014123 0.010901 0.010605 0.005320 0.000783 0.015465 0.001216 0.006826 0.001675 0.000665 0.000505 0.003625 
0.003047 0.000996 0.008133 0.016096 0.030780 0.000287 0.020012 0.052858 0.442123 0.009098 0.482240 0.019556 0.080634 0.128881 0.018256 0.006456 0.003531 0.004086 0.000073 0.011508 0.002087 0.012059 0.011334 0.008777 0.026797 0.270066 0.210043 0.010856 0.005683 0.030972 0.001201 0.158085 0.022807 0.004506 0.007186 0.014298 0.002440 0.001321 0.004517 0.019676 0.001826 0.001005 0.001374 0.002270 0.002920 0.001257 0.001958 0.000150 0.010925 0.000865 0.016521 0.005733 0.000021 0.007219 0.002526 0.005644 0.000089 0.010666 0.003503 0.011616 0.000884 0.000156 0.000895 0.003817 0.001216 0.004042 0.000343 0.000286 0.000153 0.000735 
0.010271 0.016979 0.055409 0.194399 0.039920 0.009738 0.001785 0.047243 0.016058 0.154799 0.016852 0.123901 0.051408 0.161149 0.044852 0.317707 0.072508 0.000855 0.002831 0.088587 0.053780 0.001910 0.446194 0.129199 0.204644 0.007586 0.024021 0.322654 0.199950 0.015127 0.008723 0.080355 0.015743 0.025653 0.014928 0.019077 0.072035 0.024524 0.038348 0.094472 0.001967 0.026675 0.004040 0.073346 0.040758 0.001479 0.012509 0.002610 0.017332 0.017038 0.036246 0.005496 0.001049 0.005439 0.028412 0.011172 0.000043 0.009285 0.015108 0.018049 0.020841 0.007928 0.001231 0.022023 0.001600 0.013113 0.002360 0.000822 0.000951 0.005192 
0.006546 0.003118 0.016980 0.043279 0.036156 0.000977 0.004414 0.059672 0.057808 0.024843 0.046668 0.039259 0.105077 0.213796 0.037757 0.024855 0.008338 0.003087 0.000329 0.028341 0.006260 0.005239 0.038268 0.024639 0.064167 0.019146 0.065423 0.038215 0.023457 0.030722 0.002925 0.132646 0.024059 0.011882 0.012258 0.020563 0.012034 0.004960 0.013816 0.046585 0.002340 0.005924 0.003501 0.018038 0.013140 0.001745 0.005977 0.000852 0.018883 0.005508 0.032671 0.006208 0.000280 0.005983 0.009218 0.010136 0.000078 0.011167 0.011495 0.019300 0.006260 0.001773 0.002686 0.014389 0.002751 0.007814 0.001713 0.000638 0.000492 0.002694 
0.011964 0.019835 0.056571 0.216039 0.036358 0.013509 0.001438 0.044922 0.009635 0.164316 0.017069 0.128993 0.049320 0.150582 0.049665 0.406959 0.074583 0.000834 0.004263 0.087212 0.084139 0.001592 0.707446 0.154248 0.222230 0.005852 0.018118 0.476708 0.315477 0.013345 0.010447 0.076519 0.016793 0.029681 0.013726 0.018073 0.094504 0.032176 0.048135 0.108650 0.001625 0.031283 0.004183 0.094131 0.050187 0.001555 0.012798 0.002931 0.017736 0.019088 0.038219 0.004580 0.001354 0.004549 0.030307 0.009733 0.000041 0.008658 0.015765 0.011080 0.022977 0.009023 0.001231 0.023100 0.001408 0.011137 0.002532 0.000832 0.000924 0.005731 
0.001467 0.000786 0.005183 0.010194 0.012769 0.000368 0.004017 0.022236 0.079218 0.007908 0.077997 0.011586 0.030357 0.054534 0.009875 0.006779 0.002773 0.001460 0.000116 0.008245 0.001982 0.004066 0.012008 0.008829 0.019261 0.056643 0.073458 0.011725 0.006200 0.013064 0.000983 0.072279 0.011868 0.003449 0.004828 0.008755 0.002693 0.001794 0.005092 0.020254 0.001188 0.001975 0.001275 0.005017 0.004806 0.000851 0.002102 0.000272 0.009644 0.001569 0.013931 0.003630 0.000078 0.003956 0.003031 0.005298 0.000051 0.008532 0.004215 0.011973 0.001473 0.000782 0.000783 0.005481 0.001536 0.003862 0.000590 0.000351 0.000199 0.000882 
0.011626 0.006026 0.034586 0.094070 0.077286 0.002230 0.006770 0.131248 0.101699 0.059274 0.084478 0.099180 0.215633 0.544585 0.104972 0.051243 0.020466 0.005059 0.000614 0.078538 0.012676 0.009638 0.080687 0.061083 0.166018 0.042771 0.126255 0.075778 0.043710 0.063913 0.007200 0.271954 0.051508 0.025225 0.026563 0.046428 0.020281 0.009321 0.027101 0.106191 0.004768 0.010185 0.006553 0.025683 0.022447 0.003441 0.010717 0.001234 0.028931 0.007846 0.057698 0.010890 0.000361 0.012461 0.015280 0.017795 0.000116 0.020076 0.017188 0.031988 0.007438 0.002556 0.003021 0.021730 0.004095 0.014640 0.002494 0.001192 0.000691 0.004213 
0.004289 0.006105 0.021538 0.071178 0.022312 0.002702 0.001587 0.033916 0.008564 0.058924 0.014260 0.063463 0.035402 0.103973 0.029293 0.074484 0.026709 0.000674 0.000865 0.059645 0.019352 0.001302 0.131748 0.091009 0.142780 0.007153 0.019758 0.111605 0.066753 0.013095 0.005310 0.060973 0.013967 0.015482 0.011168 0.015945 0.028444 0.010468 0.024090 0.069733 0.001701 0.011813 0.003340 0.036553 0.025063 0.001333 0.008223 0.001482 0.014499 0.010280 0.030822 0.004648 0.000489 0.005785 0.016795 0.010193 0.000058 0.011293 0.012371 0.015190 0.010384 0.004016 0.001231 0.016640 0.002239 0.008982 0.002170 0.000933 0.000738 0.004164 
0.000113 0.000367 0.001430 0.004113 0.003024 0.000115 0.000694 0.006738 0.012846 0.001889 0.015556 0.003173 0.006872 0.015851 0.002904 0.002744 0.000618 0.000319 0.000049 0.002233 0.000939 0.001003 0.004489 0.002002 0.005025 0.033162 0.022218 0.005103 0.002997 0.004688 0.000230 0.024026 0.004279 0.001410 0.001780 0.003052 0.001851 0.000723 0.001948 0.006655 0.000443 0.000762 0.000485 0.003345 0.002555 0.000314 0.000721 0.000085 0.003035 0.000608 0.005671 0.001561 0.000032 0.002225 0.001263 0.002476 0.000025 0.002761 0.001642 0.004825 0.001105 0.000209 0.000112 0.002447 0.000896 0.001886 0.000247 0.000129 0.000053 0.000392 
0.004063 0.003511 0.015103 0.045246 0.026546 0.001334 0.002257 0.042751 0.035327 0.028902 0.029384 0.042801 0.057235 0.155110 0.032446 0.030584 0.010552 0.001488 0.000414 0.039548 0.007877 0.003102 0.047806 0.037061 0.089709 0.016689 0.046485 0.047443 0.030483 0.032660 0.004488 0.162527 0.032213 0.016993 0.016819 0.031005 0.016494 0.007078 0.020636 0.076388 0.003078 0.007899 0.004507 0.021024 0.018006 0.002460 0.009109 0.001076 0.024615 0.005925 0.048082 0.008481 0.000365 0.009939 0.012754 0.016125 0.000088 0.014681 0.014506 0.022517 0.008911 0.002138 0.002574 0.020066 0.003967 0.010599 0.002684 0.000896 0.000718 0.003527 
0.005982 0.010585 0.037356 0.117498 0.031788 0.006519 0.001711 0.043200 0.024622 0.093355 0.019877 0.099327 0.053147 0.158130 0.046594 0.152035 0.042947 0.001176 0.002100 0.095457 0.045695 0.001973 0.429473 0.214869 0.296761 0.009465 0.029924 0.443812 0.202740 0.020315 0.016050 0.107813 0.026198 0.045113 0.022091 0.030564 0.073381 0.034419 0.065051 0.169413 0.002966 0.032287 0.006957 0.094131 0.066611 0.002374 0.019331 0.003592 0.027043 0.022578 0.061767 0.007633 0.001240 0.007961 0.039588 0.016355 0.000093 0.014053 0.024906 0.023410 0.023861 0.009075 0.002574 0.035629 0.004095 0.019311 0.004473 0.001368 0.001410 0.008915 
0.000677 0.000079 0.000983 0.003756 0.005511 0.000080 0.003571 0.009434 0.054596 0.001260 0.073243 0.004280 0.019136 0.036608 0.004564 0.001533 0.000678 0.001311 0.000018 0.003736 0.000261 0.004317 0.002806 0.002567 0.007223 0.357487 0.128305 0.002823 0.001550 0.018314 0.000408 0.131435 0.015582 0.001913 0.003426 0.009358 0.000842 0.000349 0.001284 0.007668 0.001973 0.000277 0.000880 0.000717 0.000791 0.000927 0.000763 0.000045 0.007486 0.000288 0.009493 0.005258 0.000007 0.008554 0.000189 0.005932 0.000147 0.012171 0.001697 0.013224 0.000295 0.000209 0.001231 0.001958 0.001024 0.001617 0.000190 0.000083 0.000027 0.000392 
0.006208 0.011398 0.033514 0.125009 0.031855 0.006703 0.001959 0.043425 0.019269 0.108751 0.020309 0.118957 0.059497 0.164168 0.057880 0.178019 0.054057 0.001159 0.002463 0.125301 0.051902 0.001983 0.564251 0.349611 0.470211 0.009537 0.033203 0.651497 0.280653 0.025315 0.032008 0.118917 0.031648 0.080306 0.032036 0.040403 0.096776 0.043940 0.107960 0.256507 0.003125 0.040671 0.009318 0.104882 0.087477 0.002639 0.025678 0.004960 0.027987 0.026229 0.073356 0.007022 0.001318 0.007615 0.045839 0.015952 0.000083 0.011167 0.028409 0.021266 0.025997 0.008450 0.002238 0.038761 0.003967 0.018592 0.003769 0.001275 0.001270 0.007886 
0.003386 0.003956 0.014388 0.040775 0.017473 0.002035 0.001141 0.024258 0.011776 0.034921 0.013612 0.040144 0.027313 0.084726 0.023816 0.044545 0.014921 0.000624 0.000792 0.040493 0.017631 0.001283 0.101673 0.075866 0.133254 0.006213 0.019922 0.103245 0.062517 0.013126 0.009390 0.075105 0.017963 0.025149 0.014127 0.019278 0.032904 0.013832 0.033522 0.101706 0.002056 0.013199 0.004255 0.039301 0.031146 0.001571 0.010139 0.001770 0.021850 0.011241 0.040808 0.004953 0.000613 0.006329 0.021151 0.013073 0.000106 0.013175 0.015382 0.021266 0.011783 0.004590 0.002686 0.024177 0.002303 0.012664 0.002893 0.000933 0.000785 0.005535 
0.000790 0.000576 0.003754 0.008763 0.008266 0.000253 0.001761 0.012428 0.019269 0.006928 0.025927 0.009815 0.021398 0.041702 0.008257 0.006617 0.002553 0.000780 0.000102 0.007600 0.002452 0.002354 0.008417 0.006981 0.017272 0.034101 0.062964 0.012811 0.007543 0.016345 0.001000 0.107005 0.015380 0.004280 0.005628 0.011286 0.004797 0.001794 0.006155 0.023727 0.001831 0.002910 0.001742 0.006689 0.005657 0.001490 0.002823 0.000321 0.013353 0.002274 0.019356 0.005292 0.000082 0.008406 0.004925 0.008696 0.000089 0.012548 0.006952 0.020372 0.002504 0.000782 0.003581 0.008026 0.002687 0.006557 0.001218 0.000508 0.000346 0.001665 
0.004628 0.011476 0.027794 0.103191 0.013508 0.012371 0.000546 0.016172 0.010705 0.082018 0.005834 0.061249 0.018702 0.070196 0.024438 0.222807 0.041311 0.000425 0.005888 0.062522 0.116323 0.000617 0.729891 0.169031 0.211763 0.003034 0.010904 1.051340 1.166117 0.009907 0.018038 0.041389 0.012312 0.055510 0.015840 0.016145 0.252627 0.121999 0.119562 0.206450 0.001382 0.090695 0.005593 0.221351 0.137603 0.001019 0.025596 0.007615 0.013825 0.042403 0.044137 0.002409 0.002704 0.003362 0.066043 0.008638 0.000030 0.005772 0.020801 0.008399 0.041462 0.016847 0.001007 0.036216 0.000832 0.011497 0.002836 0.000647 0.001170 0.008621 
0.005305 0.003642 0.018410 0.052937 0.038441 0.001506 0.005059 0.066110 0.061019 0.032961 0.067410 0.056010 0.101075 0.253800 0.053523 0.039138 0.012826 0.003759 0.000506 0.057498 0.011528 0.008721 0.073954 0.057439 0.148537 0.053247 0.170035 0.065682 0.044020 0.183113 0.008786 0.885719 0.192993 0.041563 0.071836 0.144866 0.021459 0.010019 0.041138 0.190391 0.013447 0.009769 0.015163 0.026519 0.029017 0.008286 0.017888 0.001648 0.072428 0.009864 0.123780 0.026393 0.000439 0.028036 0.021088 0.042732 0.000318 0.043290 0.033172 0.070409 0.009427 0.003182 0.005930 0.034748 0.008638 0.024071 0.004245 0.002089 0.001177 0.006956 
0.004176 0.004795 0.021449 0.069569 0.026681 0.002368 0.002009 0.045147 0.031045 0.045628 0.028304 0.054977 0.054104 0.153223 0.043980 0.057699 0.019129 0.001445 0.000847 0.063423 0.018257 0.002899 0.119965 0.085311 0.202028 0.016400 0.044927 0.130820 0.087213 0.035504 0.017274 0.194830 0.050458 0.073660 0.045918 0.062573 0.042918 0.018094 0.069922 0.269383 0.005689 0.022622 0.012900 0.059489 0.059433 0.004720 0.024978 0.002943 0.047611 0.018799 0.111575 0.015707 0.000836 0.016614 0.034158 0.031271 0.000217 0.026852 0.036073 0.048071 0.019074 0.005946 0.004140 0.048354 0.005631 0.029011 0.005196 0.002070 0.001689 0.009748 
0.001806 0.005057 0.012333 0.041849 0.007393 0.005542 0.000446 0.013477 0.007494 0.028972 0.006482 0.023983 0.010264 0.038306 0.012572 0.057215 0.010213 0.000263 0.002688 0.018422 0.061135 0.000584 0.097970 0.029669 0.050245 0.002312 0.009100 0.103028 0.169157 0.005126 0.003327 0.036947 0.008235 0.014073 0.006696 0.010081 0.212655 0.038157 0.027809 0.069588 0.000957 0.048223 0.002864 0.169507 0.052559 0.001127 0.010325 0.003860 0.013015 0.029304 0.031562 0.004376 0.003087 0.004599 0.047102 0.008926 0.000058 0.008909 0.015984 0.016441 0.050005 0.018881 0.001455 0.028679 0.002176 0.013563 0.003940 0.000998 0.001310 0.009111 
0.002709 0.007572 0.015103 0.056871 0.008804 0.011313 0.000397 0.008984 0.003212 0.033101 0.004537 0.023540 0.011221 0.030569 0.010580 0.070369 0.011649 0.000182 0.004827 0.017563 0.143917 0.000458 0.119628 0.033929 0.050873 0.001806 0.005821 0.123872 0.227953 0.004938 0.003661 0.028467 0.006620 0.013921 0.006541 0.008715 0.346458 0.053784 0.030998 0.074218 0.000928 0.068420 0.002855 0.296966 0.059737 0.000927 0.012386 0.005443 0.011262 0.041186 0.030329 0.002544 0.006761 0.002769 0.061687 0.008581 0.000026 0.004266 0.016038 0.012331 0.092498 0.043969 0.001343 0.031224 0.001728 0.013383 0.003959 0.001044 0.001396 0.013324 
0.003838 0.007467 0.019661 0.064740 0.011492 0.010589 0.000620 0.013926 0.008564 0.047517 0.005401 0.038816 0.017397 0.048118 0.018131 0.099420 0.019628 0.000374 0.004931 0.030488 0.116688 0.000617 0.206039 0.057028 0.088034 0.002962 0.011560 0.236128 0.434310 0.008063 0.006689 0.046032 0.010980 0.025930 0.010990 0.015262 0.470668 0.110634 0.060578 0.125143 0.001477 0.113560 0.004399 0.377718 0.106092 0.001252 0.019496 0.008240 0.018343 0.061106 0.049438 0.004614 0.004880 0.006131 0.085111 0.010654 0.000046 0.008156 0.025070 0.016262 0.077916 0.032964 0.001902 0.044438 0.002495 0.018862 0.005025 0.001414 0.002134 0.015626 
0.002822 0.005398 0.017695 0.062236 0.016062 0.005277 0.000744 0.024707 0.012846 0.042129 0.012315 0.045531 0.026791 0.078121 0.023567 0.084249 0.018551 0.000592 0.002157 0.037874 0.046216 0.001312 0.195827 0.071914 0.119646 0.006719 0.019266 0.230700 0.220927 0.013845 0.009516 0.071068 0.021637 0.039398 0.018265 0.026065 0.126482 0.066670 0.088653 0.198927 0.002617 0.066272 0.007649 0.164132 0.112905 0.002460 0.026544 0.007217 0.031224 0.041474 0.077548 0.008651 0.002105 0.010087 0.070147 0.020387 0.000073 0.019951 0.032077 0.027699 0.045144 0.013926 0.003357 0.053248 0.004671 0.024071 0.006567 0.001858 0.002261 0.015724 
0.000113 0.000210 0.001698 0.002683 0.002957 0.000092 0.000744 0.004492 0.014987 0.001750 0.015772 0.002583 0.009829 0.021323 0.002863 0.001937 0.000578 0.000543 0.000018 0.002791 0.000156 0.001491 0.003816 0.002053 0.005967 0.043205 0.048453 0.002714 0.001550 0.012908 0.000419 0.108216 0.015057 0.001989 0.003938 0.009358 0.001178 0.000424 0.002126 0.007234 0.002168 0.000485 0.001158 0.001314 0.001703 0.001463 0.000701 0.000061 0.012813 0.000384 0.013808 0.012518 0.000021 0.014834 0.001389 0.010942 0.000245 0.025974 0.003503 0.027163 0.000295 0.000156 0.004700 0.003720 0.002687 0.004671 0.000685 0.000471 0.000146 0.000686 
0.001580 0.001362 0.005362 0.018599 0.015726 0.000402 0.003794 0.027702 0.049244 0.011897 0.060928 0.020589 0.049755 0.100576 0.018961 0.012508 0.004209 0.002260 0.000169 0.019624 0.003078 0.006396 0.019302 0.016734 0.047942 0.093056 0.177331 0.022256 0.013227 0.076102 0.003023 0.763370 0.101401 0.014475 0.027831 0.070405 0.008163 0.004038 0.016207 0.081162 0.015514 0.004434 0.008232 0.009915 0.013626 0.010415 0.009377 0.000633 0.080993 0.003587 0.107383 0.055229 0.000184 0.068039 0.009597 0.057705 0.000930 0.110546 0.025891 0.149217 0.003977 0.001408 0.016672 0.032301 0.016764 0.024880 0.003255 0.001885 0.000658 0.004066 
0.000903 0.000996 0.004290 0.011803 0.006788 0.000517 0.000868 0.011156 0.014987 0.009168 0.015340 0.011438 0.017049 0.040948 0.009128 0.010249 0.003251 0.000622 0.000176 0.009361 0.003234 0.001616 0.018404 0.012268 0.028682 0.016545 0.034679 0.020844 0.014570 0.020221 0.001741 0.196445 0.039075 0.010095 0.015484 0.034459 0.011277 0.003963 0.016429 0.065971 0.008360 0.005196 0.006140 0.013498 0.014478 0.006963 0.008841 0.000824 0.061840 0.005156 0.083589 0.042371 0.000266 0.046727 0.011112 0.051255 0.000571 0.086956 0.022169 0.110796 0.006186 0.001982 0.012756 0.030148 0.012285 0.028203 0.004207 0.002403 0.001170 0.004556 
0.000903 0.000629 0.002860 0.007511 0.005847 0.000356 0.000918 0.009509 0.014987 0.006158 0.014260 0.008634 0.016092 0.032834 0.006970 0.004600 0.002294 0.000597 0.000090 0.007042 0.002504 0.001635 0.011447 0.008572 0.018842 0.022758 0.037713 0.011074 0.009610 0.018064 0.001258 0.171814 0.030194 0.008056 0.011568 0.026226 0.005302 0.002692 0.009255 0.038339 0.006363 0.002945 0.004560 0.010870 0.009916 0.005126 0.005461 0.000487 0.045048 0.003139 0.060657 0.042745 0.000152 0.065567 0.006882 0.042674 0.001148 0.135892 0.017024 0.133134 0.003535 0.001252 0.022379 0.021632 0.017724 0.021646 0.002627 0.001876 0.000678 0.004409 
0.002032 0.003852 0.010099 0.036841 0.010148 0.003990 0.000670 0.015872 0.007494 0.026733 0.007346 0.028042 0.017484 0.051703 0.013402 0.052454 0.011589 0.000406 0.001653 0.024648 0.039226 0.000888 0.112222 0.045889 0.079764 0.005491 0.012953 0.131689 0.155207 0.009970 0.006252 0.061982 0.017317 0.033709 0.016885 0.020603 0.164014 0.086932 0.093834 0.211080 0.002086 0.142452 0.008232 0.302580 0.249412 0.002569 0.036539 0.023328 0.032910 0.107736 0.088027 0.009329 0.003480 0.009395 0.162204 0.022806 0.000114 0.016939 0.050688 0.033239 0.076075 0.025505 0.003916 0.085842 0.005759 0.039071 0.010412 0.002837 0.003411 0.025962 
0.001919 0.003406 0.011439 0.037199 0.011559 0.002552 0.000843 0.017145 0.014987 0.027853 0.011883 0.026861 0.023660 0.061138 0.017841 0.046724 0.011430 0.000507 0.001122 0.026623 0.027803 0.001119 0.097745 0.046813 0.085836 0.007080 0.018774 0.118336 0.113977 0.014845 0.007775 0.084393 0.024301 0.043099 0.021268 0.031086 0.089371 0.045161 0.136522 0.306565 0.003161 0.060244 0.011356 0.145855 0.263160 0.003479 0.052676 0.009945 0.047881 0.058256 0.137096 0.011534 0.001945 0.013895 0.114155 0.034439 0.000127 0.025095 0.064756 0.046463 0.050815 0.015334 0.004700 0.100818 0.007294 0.049580 0.011725 0.003308 0.003697 0.024149 
0.001467 0.001022 0.004022 0.012340 0.006721 0.000471 0.000794 0.011979 0.020340 0.008048 0.013612 0.011291 0.017136 0.043589 0.008713 0.011863 0.002892 0.000659 0.000157 0.010134 0.004017 0.001621 0.015711 0.011909 0.025541 0.015822 0.037631 0.019650 0.015810 0.020283 0.001942 0.189581 0.034312 0.009214 0.014016 0.030162 0.010098 0.003863 0.015366 0.062355 0.008070 0.004885 0.005745 0.015290 0.014965 0.006812 0.008202 0.000816 0.062312 0.005925 0.091233 0.055738 0.000213 0.069028 0.012375 0.051658 0.000852 0.116443 0.025727 0.156723 0.006775 0.001982 0.018799 0.031029 0.016188 0.029371 0.004226 0.002264 0.001177 0.005437 
0.000903 0.002935 0.004826 0.022892 0.001949 0.006496 0.000050 0.002246 -0.000000 0.014416 0.001296 0.008413 0.003131 0.008114 0.003817 0.038977 0.005366 0.000058 0.003139 0.007729 0.095041 0.000116 0.073505 0.019454 0.024076 0.000361 0.001476 0.093800 0.225163 0.001906 0.002373 0.006864 0.002785 0.011152 0.003003 0.004137 0.790113 0.102210 0.037507 0.068431 0.000378 0.204290 0.001948 1.738911 0.107430 0.000406 0.013354 0.012827 0.005462 0.147160 0.027370 0.001594 0.021705 0.001582 0.184492 0.004722 0.000012 0.002133 0.020746 0.007506 0.333537 0.111931 0.000783 0.050996 0.001216 0.016347 0.006681 0.001127 0.003344 0.029586 
0.002145 0.001624 0.007507 0.024143 0.011425 0.001311 0.001389 0.018942 0.011776 0.017425 0.015124 0.024057 0.029922 0.063214 0.015974 0.023080 0.006303 0.000834 0.000398 0.021857 0.010172 0.001669 0.051959 0.029977 0.067308 0.012933 0.041648 0.056562 0.044020 0.027222 0.005063 0.220471 0.060913 0.036302 0.048699 0.084863 0.028191 0.014082 0.059294 0.298608 0.013624 0.018014 0.037633 0.044676 0.058946 0.016512 0.039486 0.002716 0.235628 0.019216 0.571190 0.045628 0.000641 0.052513 0.044387 0.122148 0.000458 0.078423 0.114568 0.147966 0.019958 0.005998 0.016001 0.135468 0.020283 0.081824 0.014733 0.006266 0.003790 0.018957 
0.000451 0.000655 0.002413 0.009300 0.003159 0.001242 0.000074 0.004118 0.003212 0.006368 0.002809 0.006125 0.004175 0.010945 0.002738 0.011378 0.002154 0.000105 0.000435 0.004981 0.009754 0.000154 0.021771 0.008110 0.014445 0.001084 0.004017 0.022581 0.026557 0.002344 0.000925 0.012316 0.003512 0.005010 0.002870 0.004338 0.040898 0.010268 0.010672 0.030816 0.000567 0.018707 0.001383 0.080632 0.020622 0.000499 0.004802 0.001993 0.006946 0.017742 0.016151 0.002544 0.002856 0.001978 0.031506 0.005068 0.000035 0.003513 0.009415 0.008578 0.059873 0.017890 0.001343 0.014389 0.001984 0.009431 0.002513 0.000730 0.001070 0.008180 
0.001016 0.001808 0.004468 0.014307 0.005578 0.001794 0.000446 0.008610 0.007494 0.013226 0.006266 0.013062 0.010699 0.031135 0.009004 0.021708 0.005924 0.000336 0.000667 0.014686 0.015857 0.000772 0.064303 0.027975 0.052757 0.005419 0.013609 0.068830 0.074297 0.012439 0.005540 0.080759 0.025068 0.036830 0.023649 0.033536 0.074812 0.033596 0.109997 0.362120 0.004626 0.051861 0.018368 0.155292 0.206951 0.005571 0.097500 0.010505 0.098527 0.077023 0.315616 0.023713 0.002576 0.026949 0.230141 0.076422 0.000276 0.042662 0.265154 0.104005 0.082335 0.020446 0.009175 0.461219 0.016956 0.164277 0.043551 0.011108 0.013311 0.080677 
0.001806 0.001205 0.003217 0.013234 0.005981 0.000839 0.000372 0.007861 0.007494 0.009098 0.007778 0.012324 0.011308 0.028682 0.007136 0.012105 0.003750 0.000312 0.000265 0.008975 0.006885 0.000671 0.025699 0.014373 0.032450 0.005130 0.014839 0.028118 0.024490 0.008813 0.002276 0.070462 0.017560 0.012436 0.013504 0.021125 0.022132 0.007676 0.026215 0.106191 0.003663 0.012402 0.008026 0.035000 0.033093 0.004124 0.018033 0.001981 0.070068 0.012586 0.179753 0.020694 0.000563 0.023537 0.032832 0.060412 0.000217 0.042537 0.114458 0.078808 0.016865 0.005216 0.007945 0.117948 0.014205 0.080836 0.014124 0.005739 0.003125 0.017193 
0.001016 0.000996 0.002860 0.009121 0.005108 0.000632 0.000595 0.008910 0.008564 0.007768 0.007778 0.013357 0.011656 0.030758 0.005892 0.012589 0.003351 0.000374 0.000233 0.009790 0.005060 0.000796 0.024577 0.014013 0.028158 0.005924 0.016233 0.029638 0.022630 0.013220 0.002166 0.093074 0.022121 0.012310 0.014994 0.025142 0.016242 0.006306 0.022584 0.098089 0.005051 0.011086 0.008484 0.030819 0.032484 0.006340 0.016714 0.001559 0.108507 0.011561 0.187520 0.042304 0.000485 0.047024 0.027402 0.122148 0.000534 0.093104 0.084078 0.195323 0.012078 0.003912 0.020589 0.116479 0.031609 0.116225 0.015646 0.009713 0.003531 0.018418 
0.000564 0.001520 0.006256 0.015738 0.005242 0.001874 0.000471 0.006214 0.007494 0.012107 0.004537 0.012250 0.010873 0.031701 0.008630 0.022273 0.005964 0.000239 0.000690 0.013054 0.019352 0.000651 0.055213 0.024741 0.042604 0.004046 0.009838 0.066116 0.067993 0.008938 0.003942 0.062790 0.017681 0.024520 0.015484 0.022290 0.084995 0.032300 0.078911 0.232057 0.003149 0.052692 0.010620 0.170463 0.162240 0.003571 0.051810 0.010111 0.062650 0.084869 0.173589 0.017234 0.003203 0.017603 0.275916 0.050737 0.000182 0.031871 0.154418 0.070230 0.109878 0.026653 0.007161 0.349047 0.014077 0.132122 0.041115 0.009713 0.014654 0.096792 
0.000113 0.001336 0.003039 0.010373 0.002083 0.001943 0.000074 0.002246 0.001071 0.006228 0.000432 0.006641 0.002957 0.011322 0.002904 0.013154 0.002773 0.000073 0.000776 0.005196 0.024151 0.000121 0.030973 0.009137 0.013399 0.000650 0.002623 0.034958 0.049600 0.001813 0.001149 0.011104 0.002422 0.005060 0.002558 0.003414 0.098375 0.020636 0.016384 0.039351 0.000496 0.035474 0.001544 0.188262 0.039358 0.000547 0.007873 0.003738 0.009509 0.043171 0.024164 0.002307 0.016677 0.002670 0.078292 0.006162 0.000018 0.003890 0.018009 0.009829 0.331769 0.319884 0.000783 0.040132 0.002112 0.016527 0.005920 0.001488 0.002926 0.030076 
0.000226 0.000131 0.000715 0.002861 0.001411 0.000333 0.000149 0.002770 0.002141 0.002799 0.001512 0.004501 0.003740 0.011133 0.002863 0.003954 0.001237 0.000150 0.000139 0.004638 0.003495 0.000468 0.012344 0.007032 0.016330 0.004407 0.011642 0.017913 0.014673 0.008188 0.001862 0.083585 0.021354 0.013695 0.016285 0.029841 0.013044 0.007053 0.033035 0.145542 0.007680 0.010531 0.015791 0.027236 0.046719 0.010735 0.034540 0.002046 0.254780 0.017358 0.551711 0.084845 0.000634 0.100575 0.052531 0.361433 0.000915 0.187965 0.362315 0.540935 0.022756 0.005424 0.053262 0.496261 0.100521 0.658457 0.065764 0.048444 0.011290 0.053393 
0.000113 0.000262 0.001072 0.003934 0.000806 0.000195 0.000025 0.001572 0.001071 0.001330 0.001296 0.003690 0.003044 0.006227 0.001328 0.002663 0.000758 0.000060 0.000039 0.002319 0.001200 0.000125 0.004377 0.002207 0.005653 0.001517 0.003115 0.005754 0.003203 0.001969 0.000408 0.016354 0.003996 0.002467 0.002625 0.003615 0.002945 0.001545 0.003543 0.015625 0.000650 0.002425 0.001230 0.005614 0.004380 0.000807 0.002349 0.000239 0.013960 0.001858 0.026014 0.006887 0.000085 0.008653 0.004546 0.014801 0.000104 0.021331 0.011386 0.044140 0.002651 0.000782 0.004588 0.018108 0.009278 0.022993 0.002665 0.001913 0.000645 0.003282 
0.000564 0.000734 0.002413 0.007154 0.003293 0.000437 0.000322 0.005016 0.002141 0.007488 0.005185 0.006494 0.008003 0.015096 0.004730 0.008150 0.002174 0.000207 0.000163 0.005539 0.004225 0.000516 0.017394 0.008572 0.018737 0.005419 0.011888 0.019542 0.016120 0.007876 0.001534 0.065616 0.014976 0.009768 0.009655 0.015663 0.014054 0.005334 0.017669 0.075665 0.003598 0.008072 0.005871 0.024847 0.024941 0.004346 0.012819 0.001271 0.076070 0.008903 0.136726 0.035926 0.000485 0.048458 0.024877 0.093007 0.000579 0.102013 0.072529 0.239284 0.015613 0.003651 0.030771 0.118143 0.056307 0.204516 0.022708 0.021237 0.004727 0.022729 
0.000226 0.000760 0.002592 0.010730 0.004503 0.000667 0.000347 0.006514 0.010705 0.006928 0.004753 0.009519 0.009046 0.021323 0.005062 0.010814 0.003192 0.000235 0.000302 0.008073 0.005321 0.000535 0.021995 0.012525 0.026274 0.004407 0.011314 0.029421 0.024387 0.007188 0.001810 0.059559 0.016066 0.012084 0.011479 0.018475 0.022385 0.008623 0.027854 0.099246 0.003551 0.014654 0.007622 0.045154 0.041548 0.004232 0.018630 0.002180 0.077351 0.018767 0.163972 0.025952 0.000932 0.029668 0.046344 0.076537 0.000362 0.067130 0.126556 0.139389 0.024155 0.006363 0.015777 0.289632 0.031225 0.367985 0.053525 0.023150 0.010705 0.046437 
0.000226 0.000734 0.002413 0.006438 0.000874 0.001495 0.000124 0.000898 -0.000000 0.005459 0.000648 0.003985 0.002262 0.004717 0.001660 0.009119 0.001895 0.000062 0.000592 0.003693 0.017996 0.000068 0.022332 0.005646 0.009630 0.000650 0.001312 0.022907 0.036993 0.001375 0.000942 0.007470 0.002583 0.003902 0.002024 0.003173 0.076579 0.015228 0.012930 0.029658 0.000390 0.029793 0.001329 0.142271 0.034614 0.000417 0.006657 0.003000 0.007081 0.036318 0.020466 0.001696 0.011134 0.001582 0.076966 0.006623 0.000018 0.005270 0.016914 0.007506 0.322122 0.263397 0.000224 0.038468 0.001856 0.017874 0.007100 0.001257 0.003344 0.034191 
0.000226 0.000655 0.002681 0.007690 0.002823 0.001253 0.000074 0.003294 0.001071 0.006158 0.001728 0.005830 0.004088 0.012265 0.003236 0.011136 0.002294 0.000109 0.000449 0.005110 0.013093 0.000178 0.021098 0.007802 0.014550 0.001084 0.003115 0.024970 0.034823 0.001906 0.001132 0.017161 0.003633 0.005413 0.003026 0.005944 0.057056 0.013957 0.013550 0.036458 0.000638 0.023696 0.001831 0.106315 0.032789 0.000677 0.007666 0.002565 0.009037 0.028791 0.026260 0.003087 0.005681 0.003461 0.058908 0.007947 0.000028 0.007152 0.018173 0.009829 0.193980 0.089242 0.001007 0.039936 0.001792 0.017604 0.006586 0.001451 0.002992 0.029292 
-0.000000 0.000052 0.000179 0.000179 -0.000000 0.000011 0.000025 0.000299 -0.000000 0.000350 -0.000000 0.000221 0.000348 0.000566 0.000207 0.000242 0.000060 0.000013 0.000016 0.000301 0.000052 0.000014 0.000673 0.000359 0.001151 0.000144 0.000492 0.000326 0.000413 0.000438 0.000023 0.002625 0.000565 0.000277 0.000267 0.000241 0.000252 0.000075 0.000531 0.003183 0.000106 0.000346 0.000206 0.000358 0.000365 0.000146 0.000309 0.000045 0.001753 0.000288 0.001973 0.001119 0.000014 0.002077 0.000379 0.002131 0.000045 0.004392 0.001478 0.013045 0.000368 0.000052 0.003357 0.001272 0.010430 0.002605 0.000495 0.000370 0.000066 0.000637 
0.000339 0.000786 0.001430 0.007511 0.001344 0.001081 0.000050 0.001423 0.002141 0.004969 0.000864 0.003395 0.001131 0.005284 0.001494 0.009361 0.001416 0.000038 0.000571 0.003049 0.016379 0.000092 0.019078 0.006160 0.009107 0.000650 0.001476 0.023341 0.035443 0.001344 0.000873 0.008480 0.002462 0.005413 0.002113 0.003374 0.069090 0.015826 0.014879 0.032118 0.000384 0.029828 0.001562 0.145855 0.038872 0.000520 0.008223 0.003385 0.008565 0.039136 0.022192 0.002680 0.009550 0.001681 0.088521 0.006508 0.000030 0.003262 0.019870 0.011794 0.326762 0.178484 0.001007 0.049332 0.002176 0.023802 0.008337 0.001626 0.004800 0.051776 
0.000226 0.000603 0.001609 0.007332 0.002419 0.000345 0.000198 0.004118 0.004282 0.003079 0.003673 0.005166 0.005828 0.014530 0.004522 0.005407 0.001895 0.000173 0.000163 0.004681 0.003547 0.000420 0.013467 0.005544 0.012352 0.002745 0.007215 0.014982 0.012193 0.005469 0.001172 0.042398 0.010253 0.007024 0.006429 0.011808 0.009257 0.004461 0.012930 0.049334 0.002369 0.006859 0.004309 0.020785 0.020075 0.002764 0.009480 0.001059 0.048016 0.008999 0.081123 0.021508 0.000379 0.030558 0.020457 0.051716 0.000323 0.063868 0.049374 0.149217 0.010826 0.003234 0.018127 0.098371 0.039735 0.192301 0.019586 0.026791 0.004362 0.021161 
0.000113 0.000026 0.000089 0.000358 0.000067 0.000092 0.000025 0.000150 -0.000000 0.000420 0.000216 0.000812 0.000348 0.001510 0.000290 0.001372 0.000160 0.000017 0.000037 0.000472 0.000730 0.000043 0.003928 0.001437 0.003978 0.000722 0.001804 0.003908 0.004340 0.001500 0.000414 0.010095 0.002543 0.003298 0.003315 0.005261 0.008247 0.002742 0.013550 0.043258 0.001223 0.006097 0.004210 0.022577 0.027375 0.001907 0.016137 0.001453 0.050039 0.014636 0.136849 0.017708 0.000560 0.022301 0.053731 0.074291 0.000265 0.049564 0.152775 0.149753 0.028132 0.006259 0.019358 0.535120 0.050741 1.159552 0.313155 0.099041 0.042333 0.144944 
0.000113 0.000262 0.000626 0.002504 0.000336 0.000839 0.000025 0.000674 -0.000000 0.001889 0.000648 0.001328 0.000609 0.001887 0.000788 0.003954 0.000738 0.000013 0.000316 0.000816 0.010120 0.000039 0.009876 0.002721 0.004082 0.000072 0.000820 0.012376 0.020770 0.000375 0.000333 0.002423 0.001009 0.002241 0.000823 0.001285 0.045190 0.008399 0.005757 0.015625 0.000095 0.017564 0.000566 0.090905 0.019406 0.000114 0.003421 0.001814 0.003709 0.021906 0.010973 0.000984 0.007924 0.000841 0.048680 0.003052 0.000007 0.001004 0.009525 0.004468 0.209225 0.253122 0.000448 0.026330 0.001024 0.011317 0.004150 0.000841 0.002606 0.028411 
0.000226 0.000655 0.002502 0.008048 0.002083 0.001012 0.000124 0.002845 0.001071 0.005668 0.001728 0.005092 0.003044 0.007925 0.003319 0.010007 0.002194 0.000090 0.000433 0.003993 0.010589 0.000169 0.022444 0.008880 0.014550 0.001156 0.003033 0.023776 0.032860 0.002438 0.001281 0.015546 0.004279 0.006646 0.003315 0.004980 0.049734 0.013384 0.018466 0.044415 0.000685 0.024597 0.002208 0.099984 0.037899 0.000780 0.009315 0.003288 0.012071 0.032891 0.033657 0.004071 0.004026 0.003956 0.079492 0.010827 0.000053 0.009787 0.026056 0.015368 0.158999 0.052106 0.002014 0.055597 0.002943 0.031975 0.011116 0.002329 0.005379 0.060152 
0.000451 0.000734 0.001966 0.007511 0.001479 0.001173 0.000050 0.001872 0.002141 0.004549 0.001945 0.004206 0.003044 0.007737 0.002489 0.010329 0.001696 0.000066 0.000453 0.003865 0.012102 0.000164 0.022220 0.007289 0.014655 0.001228 0.003607 0.025947 0.034927 0.002594 0.001396 0.015748 0.004763 0.007452 0.004427 0.005663 0.061011 0.015577 0.023425 0.065682 0.000945 0.035613 0.002989 0.137135 0.059920 0.000986 0.015147 0.004469 0.018545 0.050825 0.050178 0.005055 0.005032 0.004747 0.137327 0.015722 0.000063 0.011293 0.048170 0.026627 0.206058 0.062641 0.003245 0.122548 0.004799 0.059639 0.025030 0.004806 0.013537 0.152340 
0.000226 0.000838 0.001787 0.005902 0.001747 0.001058 0.000074 0.002620 0.001071 0.004899 0.000648 0.004206 0.002349 0.004340 0.001826 0.009926 0.002015 0.000073 0.000453 0.004423 0.011267 0.000183 0.019302 0.007186 0.012038 0.000795 0.002951 0.024427 0.029243 0.001875 0.001086 0.015546 0.003633 0.006193 0.003938 0.005583 0.055373 0.015652 0.020990 0.053819 0.000650 0.029169 0.002711 0.131520 0.047510 0.000818 0.012716 0.003986 0.016725 0.044612 0.046972 0.004274 0.004954 0.004846 0.113018 0.011979 0.000040 0.008282 0.036018 0.022874 0.204143 0.059303 0.002014 0.096316 0.003839 0.047244 0.018654 0.003586 0.010053 0.114182 
0.000226 0.000026 0.000626 0.002146 0.000941 0.000115 0.000198 0.001348 -0.000000 0.001470 0.001728 0.000959 0.001218 0.004151 0.001162 0.001937 0.000459 0.000041 0.000020 0.001374 0.000835 0.000101 0.003816 0.001643 0.003559 0.000722 0.001804 0.003800 0.002170 0.001406 0.000236 0.011710 0.002301 0.001385 0.001646 0.002892 0.002272 0.000947 0.002657 0.011285 0.000555 0.001247 0.000970 0.004061 0.003711 0.000650 0.001607 0.000166 0.008969 0.001633 0.012945 0.004444 0.000050 0.007021 0.003409 0.009560 0.000101 0.017943 0.008047 0.039136 0.001915 0.000469 0.007049 0.013312 0.017020 0.020568 0.002570 0.002477 0.000472 0.002939 
-0.000000 0.000262 0.000894 0.002504 0.000202 0.000770 0.000025 0.000374 -0.000000 0.001959 -0.000000 0.001550 0.000783 0.001887 0.000830 0.004358 0.000678 0.000034 0.000304 0.001503 0.008711 0.000048 0.011559 0.003850 0.006699 0.000217 0.000738 0.014656 0.023870 0.000844 0.000782 0.005451 0.002018 0.004808 0.002603 0.003333 0.056803 0.013982 0.020636 0.053095 0.000408 0.032183 0.002343 0.166521 0.064056 0.000645 0.015807 0.005009 0.014162 0.066070 0.053383 0.003053 0.006581 0.004055 0.211831 0.016183 0.000025 0.006901 0.065522 0.019300 0.308203 0.081053 0.003245 0.193512 0.004223 0.083172 0.041419 0.006016 0.028311 0.380067 
0.000226 0.000367 0.000715 0.004471 0.001411 0.000310 0.000198 0.003145 0.003212 0.002099 0.001728 0.002361 0.003131 0.011699 0.002075 0.003712 0.001097 0.000083 0.000086 0.003178 0.001930 0.000217 0.007407 0.003901 0.009735 0.001517 0.004755 0.009662 0.006923 0.003219 0.000603 0.023824 0.005894 0.003877 0.004004 0.007430 0.005807 0.002418 0.006908 0.026475 0.001365 0.003534 0.002164 0.009318 0.009733 0.001566 0.004905 0.000682 0.025896 0.004452 0.046109 0.012213 0.000266 0.017010 0.010355 0.032020 0.000212 0.042160 0.025508 0.084884 0.005597 0.002138 0.014323 0.047277 0.028474 0.088561 0.010602 0.012217 0.002487 0.012148 
0.000677 0.000341 0.001519 0.005902 0.001949 0.000218 0.000074 0.002695 0.004282 0.002729 0.002161 0.004206 0.004784 0.010190 0.002863 0.004116 0.001077 0.000109 0.000104 0.003049 0.001774 0.000347 0.010212 0.004466 0.009840 0.002456 0.006313 0.010856 0.008370 0.004032 0.000827 0.028467 0.008235 0.005236 0.005606 0.010282 0.008247 0.003714 0.010583 0.041666 0.001802 0.004642 0.003447 0.014812 0.013870 0.002151 0.007213 0.000796 0.038102 0.005957 0.067561 0.019031 0.000252 0.024229 0.016416 0.042904 0.000337 0.054708 0.039685 0.130453 0.009279 0.003077 0.017232 0.077033 0.042742 0.148649 0.018425 0.023279 0.004116 0.018663 
0.000113 0.000210 0.000894 0.005008 0.001277 0.000276 0.000174 0.001497 0.001071 0.002659 0.001728 0.001771 0.003218 0.006416 0.001618 0.004277 0.000997 0.000086 0.000082 0.002705 0.002347 0.000236 0.007294 0.004209 0.010049 0.002240 0.006641 0.010097 0.011470 0.004438 0.000988 0.033313 0.008073 0.006419 0.006118 0.009639 0.011277 0.004561 0.014215 0.058738 0.002221 0.007933 0.004237 0.027116 0.024698 0.002867 0.012509 0.001153 0.052467 0.010441 0.113548 0.022186 0.000489 0.032338 0.030307 0.066804 0.000397 0.066001 0.079590 0.181026 0.018632 0.004120 0.025177 0.201734 0.053876 0.442444 0.063651 0.074338 0.013730 0.058536 
-0.000000 0.000655 0.001519 0.004471 0.000672 0.000874 0.000050 0.000824 0.001071 0.003429 0.000432 0.002214 0.001392 0.005095 0.000913 0.007586 0.001197 0.000038 0.000365 0.001675 0.010433 0.000096 0.011559 0.003952 0.007223 0.000722 0.000738 0.014765 0.021803 0.000719 0.000603 0.004038 0.002261 0.003298 0.001824 0.002048 0.046368 0.010219 0.010451 0.023582 0.000360 0.018222 0.000925 0.090189 0.024698 0.000417 0.005564 0.002180 0.005867 0.026806 0.018493 0.001527 0.005918 0.001286 0.054868 0.006105 0.000010 0.003639 0.014177 0.009471 0.195600 0.122936 0.000783 0.033769 0.001536 0.015898 0.006396 0.001248 0.003304 0.038012 
-0.000000 0.000079 0.000626 0.001610 0.000403 0.000092 0.000025 0.000973 0.002141 0.000630 0.000432 0.001033 0.001827 0.003774 0.000747 0.001049 0.000319 0.000038 0.000031 0.001546 0.000417 0.000101 0.004152 0.001899 0.003873 0.000795 0.002050 0.003148 0.003203 0.001781 0.000282 0.013527 0.003956 0.001510 0.001869 0.003775 0.002693 0.001346 0.002967 0.015480 0.000715 0.001767 0.001041 0.004898 0.004015 0.000878 0.002061 0.000191 0.012948 0.001858 0.022808 0.008752 0.000078 0.013103 0.004988 0.017104 0.000218 0.037392 0.011221 0.085956 0.002062 0.000469 0.018127 0.017227 0.059507 0.031077 0.003731 0.003807 0.000937 0.004604 
0.000339 0.000524 0.001609 0.003756 0.002151 0.000460 0.000099 0.002321 0.002141 0.003359 0.002377 0.003764 0.004175 0.008491 0.001950 0.006779 0.001636 0.000103 0.000173 0.003736 0.004330 0.000188 0.011334 0.004363 0.010363 0.001156 0.003689 0.011508 0.012710 0.002375 0.000759 0.017161 0.003956 0.004431 0.003693 0.005743 0.014474 0.005358 0.010229 0.032552 0.000798 0.008314 0.001894 0.029864 0.017702 0.000764 0.005915 0.001340 0.014971 0.010408 0.032055 0.004444 0.000652 0.006527 0.027087 0.011345 0.000068 0.010540 0.024304 0.023768 0.022388 0.006728 0.002574 0.057652 0.004223 0.042933 0.017302 0.003983 0.010306 0.105854 
0.000226 0.000445 0.000536 0.002504 0.000134 0.000552 0.000074 0.000599 -0.000000 0.001750 0.000648 0.001919 0.000870 0.003019 0.001120 0.003631 0.001077 0.000028 0.000267 0.002576 0.007668 0.000039 0.012008 0.004414 0.006071 0.000578 0.001148 0.015090 0.022113 0.001438 0.000891 0.010701 0.002785 0.005689 0.003293 0.005181 0.036354 0.010493 0.017492 0.051070 0.000674 0.022830 0.002684 0.096639 0.047388 0.000905 0.014756 0.003734 0.018006 0.042627 0.055479 0.004410 0.003473 0.004846 0.123373 0.016355 0.000060 0.010791 0.054684 0.026984 0.151634 0.039431 0.004588 0.179711 0.008254 0.094579 0.043437 0.007301 0.030020 0.444579 
-0.000000 0.000105 0.000179 0.000894 0.000067 0.000253 0.000025 0.000150 -0.000000 0.000280 0.000216 0.000369 0.000522 0.000943 0.000124 0.001372 0.000359 0.000011 0.000122 0.000601 0.003599 0.000010 0.004040 0.001129 0.001884 0.000144 0.000574 0.005645 0.010023 0.000188 0.000310 0.001615 0.000686 0.002517 0.001357 0.001807 0.025330 0.006654 0.013506 0.030816 0.000289 0.015243 0.001625 0.079199 0.044712 0.000444 0.012633 0.003008 0.010588 0.040481 0.044014 0.002035 0.003278 0.002522 0.148060 0.011691 0.000025 0.005646 0.059829 0.018406 0.168499 0.039170 0.001790 0.220038 0.005439 0.099519 0.061519 0.008271 0.051163 1.048552 
0.000113 0.000524 0.001609 0.006975 0.001277 0.000667 0.000050 0.001647 0.003212 0.003149 0.001512 0.004132 0.003131 0.006604 0.002531 0.007021 0.001436 0.000066 0.000320 0.003263 0.008137 0.000150 0.016384 0.005852 0.010049 0.001011 0.002050 0.015525 0.021700 0.002125 0.000879 0.009893 0.003431 0.004506 0.003092 0.004779 0.037364 0.008923 0.013019 0.032118 0.000502 0.016386 0.002047 0.071554 0.029139 0.000710 0.007234 0.002342 0.009037 0.024532 0.023671 0.002510 0.002945 0.004203 0.053605 0.008005 0.000036 0.008532 0.020855 0.012509 0.105680 0.037397 0.001790 0.050018 0.002943 0.027664 0.009708 0.001922 0.005179 0.057458 
