# Flux Network Reconstruction using RW method
# Walkers leave from emitting cells
# Probability involves emitting fluxes, then absorbing flux is shared among connections
# Seed: 1684539127
# Threshold: 0.5
# Precision: 100000.0
# Dt: 1.0
# Radius step: 7.000000
# Matrix output


0.001338 0.000856 0.000775 0.003925 0.075612 0.039367 0.002233 0.073510 0.063690 0.000932 0.000955 0.004581 0.003997 0.002354 0.000551 0.021692 0.002091 0.000840 0.000311 0.004516 0.001095 0.013326 0.000028 0.000143 0.001697 0.002544 0.000365 0.013300 0.001101 0.000530 0.003559 0.003264 0.000852 0.001820 0.001678 0.000033 0.001569 0.000205 0.003205 -0.000000 0.001787 0.000134 0.000722 0.000538 0.000345 0.000115 0.000489 0.000548 0.001191 -0.000000 0.000475 0.000065 0.000059 -0.000000 0.000008 0.000032 0.000007 0.000417 0.000419 0.000234 0.000110 0.000040 0.000568 0.000011 -0.000000 0.000103 0.000161 0.000166 
0.021916 0.004911 0.035661 0.157557 0.002127 0.002426 0.014972 0.013134 0.001283 0.005167 0.013367 0.002940 0.000981 0.008568 0.006088 0.002345 0.004268 0.000795 0.003680 0.000938 0.000767 0.001256 0.000137 0.001661 0.001191 0.002767 0.004385 0.004016 0.000903 0.002262 0.001114 0.000681 0.001767 0.000589 0.001411 0.000142 0.002550 0.001295 0.000555 0.000078 0.002134 0.001181 0.000361 0.001202 0.000067 0.000090 0.000703 0.001050 0.000433 0.000758 0.000535 0.000344 0.000177 0.000617 0.000119 0.000107 0.000051 0.000522 0.000157 0.000545 0.000090 0.000161 0.000325 0.000049 0.000013 0.000361 0.000295 0.000746 
0.162951 0.220408 0.054266 0.387141 0.027963 0.040597 0.115532 0.154656 0.006056 0.022947 0.023392 0.023607 0.006504 0.035089 0.014690 0.013243 0.019832 0.003197 0.007543 0.003064 0.001687 0.003078 0.000213 0.002549 0.002203 0.006401 0.003167 0.006913 0.001472 0.002121 0.001222 0.000664 0.002493 0.000607 0.002060 0.000084 0.002354 0.000989 0.000555 0.000067 0.001042 0.000468 0.000241 0.000443 0.000059 0.000025 0.000428 0.000228 0.000433 -0.000000 0.000297 0.000065 -0.000000 0.000206 0.000032 0.000011 0.000014 0.000157 0.000052 0.000311 0.000020 0.000020 0.000162 0.000016 0.000004 0.000103 0.000054 0.000083 
0.001673 0.001367 0.002326 0.010388 0.074026 0.047569 0.006888 0.077685 0.014729 0.002224 0.003151 0.006650 0.004255 0.005869 0.001853 0.015657 0.005389 0.001534 0.001666 0.004442 0.001884 0.007412 0.000098 0.000659 0.003093 0.004808 0.001584 0.013629 0.001695 0.001626 0.002714 0.002385 0.002177 0.001856 0.003586 0.000138 0.004561 0.001159 0.003162 0.000089 0.004269 0.001448 0.001117 0.001644 0.000513 0.000270 0.001376 0.001004 0.002708 -0.000000 0.001723 0.000473 0.000353 0.000514 0.000151 0.000246 0.000065 0.001044 0.000994 0.001168 0.000251 0.000111 0.001299 0.000044 0.000038 0.000722 0.000295 0.001160 
0.019072 0.006037 0.516307 0.217233 0.002127 0.003246 0.026925 0.013236 0.001232 0.010894 0.071800 0.004154 0.001071 0.016132 0.019278 0.002586 0.007610 0.001092 0.010473 0.000777 0.000818 0.000729 0.000448 0.005671 0.001505 0.004305 0.012547 0.004411 0.001423 0.004419 0.000791 0.000466 0.002935 0.000678 0.002136 0.000142 0.003188 0.001875 0.000855 0.000256 0.001390 0.001092 0.000447 0.001328 0.000109 0.000090 0.000886 0.000822 0.000650 0.000758 0.000891 0.000258 0.000177 0.000360 0.000063 0.000139 0.000027 0.000052 -0.000000 0.000156 0.000030 0.000040 0.000243 0.000022 0.000021 0.000310 0.000054 0.000331 
0.033711 0.010528 0.255828 0.444623 0.004486 0.005570 0.051522 0.029017 0.002258 0.018899 0.074092 0.007607 0.002435 0.028655 0.026865 0.005656 0.012115 0.002111 0.015068 0.001891 0.001497 0.001418 0.000588 0.007247 0.002669 0.006848 0.015714 0.008559 0.002326 0.007918 0.001330 0.000843 0.005712 0.001142 0.003700 0.000247 0.004512 0.003136 0.001966 0.000256 0.003028 0.001916 0.000791 0.002182 0.000193 0.000200 0.001681 0.001415 0.001408 0.000758 0.002198 0.000602 0.000648 0.000668 0.000135 0.000225 0.000038 0.000522 0.000209 0.001012 0.000150 0.000171 0.000974 0.000077 0.000038 0.000464 0.000080 0.000911 
0.006608 0.005647 0.011629 0.037167 0.047649 0.066706 0.021609 0.190190 0.016731 0.007512 0.010407 0.020068 0.009439 0.019930 0.007235 0.026244 0.014314 0.003953 0.005474 0.007800 0.004235 0.010247 0.000231 0.002721 0.005981 0.013025 0.005238 0.028114 0.004937 0.004101 0.005914 0.003766 0.005712 0.003462 0.007019 0.000244 0.008484 0.003170 0.006580 0.000311 0.007644 0.003030 0.002441 0.003067 0.000681 0.000495 0.003057 0.002830 0.005199 0.001516 0.003624 0.001269 0.000884 0.001903 0.000341 0.000406 0.000109 0.001618 0.001256 0.003113 0.000381 0.000252 0.001867 0.000176 0.000093 0.001806 0.000858 0.001989 
0.025932 0.007104 3.011403 0.315692 0.001392 0.002802 0.048345 0.012727 0.000565 0.021935 0.446459 0.004000 0.000874 0.024072 0.049628 0.001552 0.008386 0.000902 0.024662 0.000498 0.000526 0.000284 0.001124 0.015295 0.001013 0.003522 0.029479 0.002107 0.000879 0.010145 0.000324 0.000161 0.003850 0.000143 0.001259 0.000151 0.002256 0.001738 0.000171 0.000344 0.000695 0.000847 0.000086 0.000980 0.000025 0.000045 0.000397 0.000320 0.000108 0.000758 0.000356 0.000129 0.000295 0.000309 0.000008 0.000011 0.000007 -0.000000 -0.000000 0.000156 0.000010 0.000010 -0.000000 -0.000000 0.000004 0.000052 0.000027 0.000249 
0.002510 0.000826 0.484522 0.020661 0.000503 0.000957 0.006354 0.003564 0.000257 0.002704 0.047071 0.001282 0.000357 0.004174 0.006022 0.000690 0.002716 0.000353 0.003589 0.000279 0.000329 0.000567 0.000205 0.002320 0.000534 0.001705 0.006822 0.002239 0.000532 0.002828 0.000377 0.000108 0.001104 0.000303 0.000954 0.000049 0.001373 0.000579 0.000256 0.000089 0.000546 0.000668 0.000137 0.000443 0.000059 0.000055 0.000611 0.000137 0.000108 0.001516 0.000178 0.000129 0.000059 0.000411 0.000040 0.000043 -0.000000 0.000157 -0.000000 0.000545 0.000050 0.000030 0.000243 0.000033 0.000017 0.000155 0.000054 0.000083 
0.054289 0.026552 0.150008 0.533963 0.013266 0.019547 0.262958 0.092040 0.005953 0.069801 0.095956 0.024137 0.007048 0.093433 0.063436 0.016484 0.039664 0.006204 0.032425 0.004985 0.004118 0.005387 0.001276 0.013892 0.006774 0.018700 0.026312 0.020345 0.005518 0.016332 0.003379 0.002278 0.011581 0.002106 0.008659 0.000504 0.011083 0.007090 0.003247 0.000800 0.005361 0.004612 0.001392 0.004775 0.000404 0.000295 0.002568 0.002785 0.002058 0.003032 0.002436 0.000882 0.000943 0.002160 0.000238 0.000321 0.000068 0.000783 0.000419 0.001168 0.000181 0.000211 0.001786 0.000099 0.000097 0.000516 0.000456 0.000994 
0.003011 0.002343 0.005039 0.013274 0.127400 0.101699 0.010034 0.296077 0.433619 0.003583 0.004488 0.021624 0.022999 0.011236 0.003419 0.165052 0.010972 0.004944 0.002490 0.037898 0.007878 0.121347 0.000111 0.000831 0.011633 0.016743 0.002436 0.099487 0.007325 0.001909 0.032769 0.024820 0.004418 0.013171 0.013618 0.000162 0.012750 0.001432 0.022817 0.000167 0.016331 0.001938 0.006153 0.002498 0.002767 0.001055 0.002812 0.002967 0.015163 -0.000000 0.003683 0.000473 0.000412 0.000874 0.000293 0.000225 0.000051 0.003757 0.003088 0.002335 0.000441 0.000131 0.003977 0.000181 0.000030 0.001806 0.001314 0.001906 
0.007027 0.005677 0.008140 0.039476 0.212565 0.250351 0.027774 1.097256 0.154171 0.008084 0.007447 0.063042 0.065392 0.024386 0.006661 0.286720 0.024769 0.010757 0.004998 0.046152 0.013682 0.065615 0.000176 0.001690 0.015383 0.025296 0.003167 0.102384 0.008736 0.003464 0.025327 0.015476 0.005743 0.008620 0.011139 0.000178 0.011230 0.001432 0.013802 0.000233 0.012807 0.001872 0.003867 0.002435 0.001690 0.000545 0.002170 0.001370 0.008665 0.000758 0.002257 0.000301 0.000471 0.000206 0.000111 0.000214 0.000038 0.002400 0.001413 0.001635 0.000251 0.000060 0.002273 0.000071 0.000021 0.000825 0.000349 0.000829 
0.003597 0.001982 0.220555 0.046979 0.001083 0.002255 0.012424 0.010181 0.001026 0.007365 0.320713 0.002547 0.000812 0.012429 0.018307 0.002069 0.006402 0.000885 0.011992 0.000880 0.000788 0.000729 0.000692 0.010684 0.001259 0.004053 0.028018 0.003819 0.001200 0.009262 0.000881 0.000341 0.003881 0.000393 0.002403 0.000209 0.003678 0.003034 0.001111 0.000344 0.002333 0.001738 0.000327 0.001486 0.000084 0.000085 0.001009 0.000639 0.000108 -0.000000 0.001069 0.000409 0.000353 0.000463 0.000135 0.000086 0.000048 0.000365 0.000052 0.001012 0.000070 0.000060 0.000243 0.000022 0.000021 0.000413 0.000080 0.000663 
0.000418 0.000315 0.000775 0.001616 0.015896 0.012678 0.001887 0.039911 0.184297 0.000733 0.000764 0.003726 0.003426 0.002009 0.000551 0.030727 0.002113 0.000946 0.000348 0.009735 0.001854 0.117783 0.000038 0.000372 0.003038 0.004444 0.000853 0.035225 0.002252 0.000460 0.017112 0.023062 0.001704 0.009138 0.007133 0.000073 0.004659 0.000648 0.024569 0.000033 0.011367 0.000713 0.004365 0.001296 0.003607 0.000760 0.002079 0.001187 0.025994 -0.000000 0.002020 0.000215 0.000530 0.000360 0.000127 0.000225 0.000041 0.004227 0.004187 0.001557 0.000542 0.000101 0.004139 0.000187 0.000021 0.001909 0.001154 0.001243 
0.010373 0.005166 0.128689 0.126969 0.005840 0.007962 0.052183 0.036144 0.004362 0.029300 0.181887 0.011282 0.003488 0.052790 0.094381 0.009449 0.025092 0.004177 0.052089 0.004222 0.002928 0.003888 0.002256 0.028442 0.006049 0.015122 0.060299 0.020016 0.005518 0.029765 0.003325 0.002188 0.014863 0.002320 0.009537 0.000737 0.014761 0.010601 0.003846 0.001400 0.006751 0.005681 0.001959 0.007336 0.000614 0.000510 0.005166 0.006482 0.001625 0.001516 0.005763 0.001957 0.001473 0.003034 0.000531 0.000631 0.000157 0.001409 0.000680 0.003970 0.000261 0.000342 0.001542 0.000231 0.000152 0.001651 0.000349 0.002734 
0.004935 0.002523 0.023645 0.042015 0.004254 0.006869 0.026264 0.027388 0.003541 0.019098 0.025493 0.007812 0.002971 0.041899 0.026512 0.008208 0.016534 0.002794 0.016624 0.003739 0.002592 0.004374 0.000630 0.008163 0.005064 0.011879 0.014618 0.015670 0.004417 0.010004 0.003361 0.001955 0.008488 0.002820 0.007401 0.000413 0.010887 0.005999 0.003888 0.000645 0.008290 0.003788 0.001873 0.005249 0.000513 0.000600 0.004066 0.004976 0.002816 0.002274 0.004634 0.001505 0.001590 0.003085 0.000404 0.000620 0.000212 0.001670 0.000366 0.002724 0.000381 0.000413 0.002760 0.000247 0.000110 0.001341 0.000617 0.003231 
0.014137 0.005347 0.158923 0.127546 0.005105 0.007108 0.052875 0.031257 0.003695 0.030086 0.261421 0.010496 0.003444 0.059349 0.107329 0.008897 0.026299 0.003808 0.067065 0.003870 0.003066 0.003929 0.002986 0.040329 0.005748 0.016771 0.083200 0.019884 0.005333 0.039521 0.003038 0.001937 0.018965 0.002374 0.009232 0.000909 0.014712 0.012544 0.004230 0.001500 0.007098 0.006194 0.002045 0.007716 0.000513 0.000550 0.004738 0.005387 0.002058 0.001516 0.005644 0.001699 0.002474 0.003034 0.000404 0.000578 0.000171 0.001148 0.000262 0.002958 0.000251 0.000322 0.002029 0.000209 0.000131 0.001238 0.000483 0.001989 
0.003011 0.001457 0.034886 0.025740 0.001624 0.002085 0.009688 0.008349 0.001591 0.005487 0.128132 0.002701 0.001124 0.011895 0.015219 0.002311 0.006726 0.001058 0.012816 0.001305 0.001022 0.001823 0.001004 0.016870 0.002135 0.004724 0.038128 0.005926 0.001943 0.012726 0.001977 0.000986 0.006437 0.000964 0.003471 0.000342 0.005885 0.004533 0.002008 0.000645 0.004567 0.002763 0.000842 0.003289 0.000261 0.000280 0.001865 0.002283 0.001300 0.000758 0.003208 0.000946 0.001296 0.002057 0.000230 0.000332 0.000085 0.000731 0.000209 0.002179 0.000271 0.000262 0.001136 0.000082 0.000072 0.000825 0.000510 0.001989 
0.000167 0.000060 0.002713 0.002424 0.000155 0.000103 0.000818 0.000611 0.000154 0.000559 0.014035 0.000239 0.000107 0.000879 0.000926 0.000345 0.000431 0.000090 0.001135 0.000191 0.000073 0.000162 0.000080 0.001432 0.000274 0.000419 0.004873 0.000593 0.000223 0.001379 0.000216 0.000126 0.000410 0.000178 0.000534 0.000027 0.000883 0.000341 0.000171 0.000078 0.000347 0.000334 0.000120 0.000506 0.000017 0.000055 0.000183 0.000365 -0.000000 0.000758 0.000238 0.000043 0.000177 0.000103 0.000016 0.000043 0.000010 0.000052 -0.000000 0.000234 0.000030 0.000020 0.000243 0.000011 0.000008 -0.000000 0.000054 0.000249 
0.003932 0.002808 0.005427 0.021816 0.061573 0.064553 0.015538 0.278768 0.132051 0.006100 0.005633 0.038820 0.042581 0.021875 0.006838 0.428493 0.022850 0.010835 0.006829 0.112727 0.021655 0.111708 0.000266 0.003065 0.029465 0.043185 0.005116 0.242165 0.019216 0.004596 0.060127 0.034073 0.011802 0.023255 0.034142 0.000467 0.030944 0.004772 0.036021 0.000467 0.034896 0.005102 0.010364 0.006514 0.004171 0.002030 0.007612 0.004793 0.020146 -0.000000 0.007961 0.001269 0.000943 0.002108 0.000476 0.000845 0.000150 0.006627 0.004239 0.005604 0.000933 0.000282 0.006980 0.000352 0.000080 0.003560 0.001905 0.003729 
0.005354 0.002118 0.095354 0.059560 0.002166 0.002597 0.019407 0.012014 0.001129 0.011187 0.386116 0.004667 0.001401 0.025924 0.041070 0.002724 0.011619 0.001702 0.037771 0.001554 0.001307 0.001053 0.003374 0.078738 0.002559 0.008469 0.198072 0.008625 0.002524 0.050904 0.001366 0.000628 0.013443 0.000964 0.005722 0.000649 0.008190 0.010124 0.001282 0.001567 0.004319 0.004345 0.000962 0.004743 0.000219 0.000150 0.002721 0.003333 0.000650 0.003032 0.002139 0.001247 0.001060 0.001543 0.000222 0.000299 0.000099 0.000939 0.000366 0.001323 0.000100 0.000131 0.000487 0.000082 0.000110 0.000567 0.000161 0.001326 
0.005437 0.003334 0.013179 0.033474 0.042002 0.051362 0.024188 0.272660 0.066667 0.009536 0.010694 0.054632 0.055766 0.033833 0.011448 0.230369 0.039169 0.018131 0.009466 0.097216 0.035862 0.061808 0.000516 0.005098 0.047626 0.069655 0.011207 0.260469 0.028087 0.008307 0.043140 0.022632 0.018460 0.019632 0.041504 0.000746 0.039673 0.007226 0.030423 0.000822 0.036137 0.009179 0.010089 0.009992 0.003237 0.002205 0.009446 0.007441 0.017330 0.004548 0.010931 0.001807 0.001767 0.003600 0.000674 0.000888 0.000195 0.006262 0.003977 0.006694 0.001103 0.000413 0.007954 0.000577 0.000182 0.004850 0.001744 0.006297 
0.005437 0.003469 0.014342 0.036706 0.023322 0.031302 0.027554 0.151907 0.027765 0.012599 0.019287 0.051521 0.027843 0.044379 0.015969 0.071456 0.044666 0.022510 0.013896 0.031198 0.026575 0.025963 0.000665 0.007733 0.038306 0.070270 0.014252 0.124243 0.024883 0.011948 0.021822 0.011621 0.021900 0.012582 0.036545 0.000942 0.039379 0.010874 0.022433 0.001245 0.032364 0.010850 0.008387 0.013692 0.002556 0.001900 0.012014 0.010637 0.013322 0.003790 0.012832 0.003377 0.002769 0.006376 0.000927 0.001615 0.000331 0.007149 0.002355 0.010664 0.001224 0.000966 0.007711 0.000693 0.000253 0.005985 0.001958 0.007126 
0.010289 0.006338 0.045351 0.091995 0.018255 0.024673 0.064198 0.133072 0.015243 0.038610 0.050986 0.057162 0.016977 0.156047 0.053201 0.039659 0.215439 0.028916 0.049141 0.016772 0.017515 0.014541 0.002255 0.020794 0.034173 0.101743 0.043975 0.077956 0.028619 0.033865 0.013302 0.007012 0.048280 0.009084 0.036278 0.001963 0.051197 0.020486 0.013588 0.002445 0.026854 0.016844 0.006514 0.019668 0.001387 0.001650 0.011188 0.011961 0.005307 0.006821 0.012357 0.003936 0.004948 0.007713 0.001094 0.001348 0.000325 0.004018 0.001675 0.009963 0.000762 0.000886 0.004383 0.000401 0.000241 0.003715 0.001717 0.004640 
0.009703 0.004265 0.046514 0.077451 0.009901 0.013293 0.044476 0.063634 0.009546 0.028767 0.058815 0.021231 0.007146 0.096133 0.059333 0.018795 0.057470 0.009071 0.060987 0.009749 0.007775 0.009883 0.002612 0.028127 0.014685 0.038210 0.053355 0.041546 0.013326 0.037506 0.008107 0.005685 0.037172 0.005907 0.025215 0.001626 0.032464 0.020759 0.010640 0.002256 0.019359 0.013412 0.005878 0.016601 0.001320 0.001265 0.011861 0.011504 0.006499 0.008337 0.011644 0.004215 0.003829 0.007765 0.001189 0.001401 0.000349 0.003183 0.000942 0.006694 0.000772 0.001027 0.005195 0.000511 0.000283 0.004076 0.001261 0.005220 
0.003932 0.001682 0.053879 0.039938 0.002785 0.003998 0.016199 0.017512 0.002515 0.011134 0.139017 0.005419 0.002079 0.025234 0.033968 0.005207 0.012956 0.002173 0.036196 0.002316 0.002044 0.002390 0.003631 0.074156 0.003873 0.011069 0.157264 0.012312 0.004355 0.053520 0.002121 0.001327 0.015620 0.002035 0.009003 0.000853 0.012162 0.013260 0.003461 0.001867 0.005708 0.006038 0.001427 0.007747 0.000362 0.000340 0.004616 0.005159 0.002383 0.006063 0.004218 0.002172 0.002474 0.003240 0.000610 0.000567 0.000161 0.001252 0.000523 0.002880 0.000221 0.000463 0.001055 0.000176 0.000182 0.001754 0.000402 0.001906 
0.009787 0.005887 0.055817 0.097535 0.011642 0.017497 0.066431 0.095197 0.011188 0.043724 0.081825 0.037077 0.011383 0.170735 0.082978 0.026417 0.124943 0.018187 0.085795 0.012623 0.012813 0.011381 0.003943 0.034915 0.025373 0.083547 0.069557 0.061298 0.025167 0.059141 0.009563 0.005595 0.064910 0.007960 0.041657 0.002697 0.056690 0.031666 0.011323 0.003578 0.025216 0.022168 0.005792 0.024981 0.001404 0.001545 0.014765 0.015658 0.005632 0.010611 0.013367 0.004516 0.006539 0.009770 0.001236 0.001508 0.000400 0.003340 0.001675 0.008328 0.000732 0.000876 0.004789 0.000429 0.000325 0.003972 0.000966 0.005883 
0.000753 0.000796 0.016668 0.015236 0.001740 0.002050 0.008210 0.010181 0.002156 0.004448 0.025779 0.003162 0.001418 0.011393 0.013719 0.004207 0.006812 0.001333 0.015636 0.001833 0.001212 0.002228 0.001320 0.014207 0.002819 0.007072 0.029967 0.009086 0.002314 0.016296 0.001708 0.001202 0.007794 0.001624 0.005951 0.000437 0.007846 0.005181 0.002692 0.000911 0.004914 0.003364 0.001289 0.004617 0.000429 0.000390 0.002843 0.003880 0.001300 0.001516 0.003683 0.001419 0.001060 0.002931 0.000491 0.000406 0.000123 0.000887 0.000471 0.003269 0.000301 0.000272 0.001704 0.000104 0.000148 0.001496 0.000456 0.002486 
0.001589 0.000976 0.027908 0.024470 0.001354 0.002426 0.008398 0.008451 0.001283 0.005620 0.101017 0.003060 0.001008 0.012648 0.017403 0.002276 0.006402 0.001153 0.018510 0.001158 0.001000 0.001296 0.002348 0.077364 0.001998 0.005590 0.279932 0.005465 0.002066 0.043374 0.001294 0.000699 0.009025 0.000892 0.003624 0.000567 0.006424 0.008862 0.001837 0.001256 0.002730 0.004211 0.000705 0.004743 0.000202 0.000120 0.002568 0.003196 0.000866 0.003790 0.003089 0.001290 0.001649 0.002417 0.000301 0.000353 0.000096 0.000470 0.000366 0.001790 0.000140 0.000242 0.000974 0.000110 0.000084 0.000722 0.000188 0.000994 
0.001255 0.000976 0.003876 0.009580 0.036665 0.030687 0.006228 0.121159 0.214218 0.002557 0.002864 0.014478 0.015434 0.008160 0.002912 0.122978 0.009679 0.004496 0.002160 0.057031 0.010258 0.493409 0.000132 0.001919 0.016081 0.022613 0.002558 0.193179 0.013103 0.002156 0.096490 0.092625 0.009277 0.039050 0.034790 0.000304 0.027070 0.003238 0.078280 0.000333 0.052418 0.004122 0.017720 0.006577 0.009292 0.003270 0.008498 0.003606 0.049389 0.000758 0.011941 0.001011 0.001414 0.001954 0.000547 0.000866 0.000161 0.012628 0.009734 0.007939 0.001796 0.000362 0.012012 0.000616 0.000114 0.005572 0.003970 0.006960 
0.003513 0.002118 0.009690 0.024470 0.019145 0.023203 0.018023 0.105989 0.033103 0.008098 0.009261 0.026136 0.018226 0.025924 0.010389 0.073284 0.028606 0.010930 0.009246 0.050946 0.029861 0.039126 0.000563 0.006187 0.048625 0.065043 0.011572 0.249144 0.031762 0.008979 0.033182 0.017826 0.022815 0.019971 0.046272 0.000966 0.049089 0.009987 0.033884 0.001156 0.049390 0.012031 0.013199 0.015147 0.003818 0.002860 0.014734 0.013513 0.018088 0.006821 0.017585 0.003549 0.003358 0.007765 0.001538 0.002021 0.000499 0.008036 0.003820 0.013388 0.001525 0.001178 0.013960 0.000781 0.000418 0.007429 0.002736 0.010606 
0.007780 0.005091 0.034498 0.064177 0.010636 0.013020 0.042904 0.072594 0.010213 0.027809 0.066453 0.030188 0.011062 0.115874 0.059796 0.025934 0.096165 0.018271 0.073400 0.014470 0.014697 0.013042 0.004709 0.042534 0.032955 0.117983 0.081738 0.082434 0.037949 0.078124 0.013859 0.006940 0.125086 0.011547 0.064011 0.004998 0.103425 0.054879 0.015297 0.005423 0.038420 0.037230 0.008147 0.041234 0.001774 0.002265 0.024241 0.025291 0.008123 0.011369 0.020199 0.007506 0.008600 0.012136 0.001736 0.002128 0.000543 0.004592 0.001622 0.011675 0.001264 0.001409 0.006493 0.000781 0.000444 0.004385 0.002012 0.006546 
0.002677 0.001952 0.007752 0.020200 0.014852 0.017599 0.014563 0.080535 0.028073 0.007312 0.012603 0.021213 0.012963 0.027431 0.010345 0.051730 0.023842 0.009877 0.010454 0.035538 0.022407 0.036655 0.000733 0.006416 0.053703 0.075860 0.014496 0.245523 0.046672 0.012337 0.036058 0.019978 0.029031 0.024326 0.068436 0.001215 0.069048 0.013430 0.039140 0.001378 0.061353 0.015440 0.016052 0.021882 0.004524 0.003745 0.020114 0.017119 0.022095 0.005305 0.024298 0.004538 0.004830 0.009050 0.001783 0.002963 0.000608 0.011062 0.005234 0.018914 0.002117 0.001580 0.014204 0.001149 0.000427 0.008409 0.003863 0.011600 
0.000586 0.000180 0.007365 0.003232 0.000232 0.000376 0.002107 0.002036 0.000462 0.001345 0.016900 0.001026 0.000268 0.003295 0.004720 0.000483 0.002630 0.000370 0.006921 0.000323 0.000358 0.000081 0.001199 0.046716 0.000534 0.001845 0.377993 0.001844 0.000854 0.059282 0.000431 0.000126 0.008173 0.000268 0.001526 0.000458 0.003286 0.011794 0.000385 0.003145 0.001191 0.002651 0.000344 0.002909 0.000067 0.000105 0.001590 0.002374 0.000108 0.005305 0.001366 0.000774 0.001414 0.001697 0.000166 0.000118 0.000055 0.000104 0.000105 0.000545 0.000070 0.000211 0.000243 0.000033 0.000059 0.000103 -0.000000 0.000331 
0.001004 0.001156 0.008915 0.015467 0.003017 0.004442 0.008870 0.018428 0.004722 0.005873 0.018045 0.006085 0.002346 0.017890 0.012175 0.007863 0.013495 0.002861 0.014885 0.004252 0.002986 0.006399 0.001366 0.013720 0.006419 0.016100 0.032647 0.020806 0.006434 0.028669 0.004530 0.002959 0.031366 0.004551 0.017242 0.001577 0.025206 0.020895 0.008033 0.002611 0.014643 0.013880 0.003712 0.015589 0.000908 0.001035 0.010088 0.014243 0.006065 0.005305 0.013723 0.004473 0.005478 0.007919 0.001276 0.001540 0.000595 0.004018 0.001256 0.008328 0.000752 0.001157 0.005195 0.000374 0.000397 0.004127 0.001261 0.006380 
0.001087 0.000916 0.003101 0.010850 0.015045 0.015856 0.008210 0.073307 0.052605 0.003543 0.004392 0.016239 0.012891 0.014877 0.005316 0.078457 0.016599 0.007453 0.006060 0.067117 0.021304 0.102513 0.000408 0.003867 0.047339 0.062583 0.006943 0.571110 0.048850 0.007671 0.174790 0.067034 0.030167 0.097143 0.151902 0.001122 0.109211 0.009715 0.108831 0.001022 0.155021 0.015819 0.039616 0.021787 0.010478 0.007476 0.025739 0.015841 0.043107 0.006063 0.027684 0.002925 0.002886 0.005811 0.001435 0.002396 0.000366 0.016176 0.008531 0.018758 0.002999 0.000886 0.020048 0.001144 0.000262 0.012175 0.005499 0.012263 
0.004517 0.002628 0.030234 0.041900 0.005917 0.009363 0.027145 0.044697 0.008622 0.017620 0.051845 0.018325 0.006753 0.063931 0.040364 0.019554 0.050076 0.010124 0.054267 0.010834 0.010389 0.008749 0.005055 0.047461 0.022800 0.075273 0.102447 0.062418 0.028916 0.106899 0.011001 0.005972 0.204164 0.010387 0.065079 0.008478 0.113527 0.087568 0.014186 0.009179 0.040257 0.054741 0.009006 0.060302 0.001825 0.002325 0.031761 0.035517 0.007365 0.023496 0.029882 0.010883 0.014727 0.020158 0.002695 0.003294 0.000902 0.005949 0.002407 0.015100 0.001274 0.002003 0.006737 0.000797 0.000710 0.006707 0.001449 0.009363 
0.001757 0.001021 0.010466 0.016621 0.003520 0.004545 0.009216 0.021177 0.005491 0.005687 0.014990 0.005829 0.002444 0.018486 0.011602 0.007553 0.012223 0.002945 0.013384 0.004428 0.003015 0.005468 0.001467 0.016785 0.007048 0.017078 0.038615 0.022979 0.007374 0.035491 0.005033 0.003336 0.046166 0.005640 0.020332 0.002492 0.031974 0.034632 0.009144 0.003734 0.019061 0.018225 0.004451 0.020617 0.001060 0.001210 0.013542 0.016754 0.004549 0.013643 0.015802 0.006237 0.007540 0.012084 0.001855 0.002075 0.000690 0.003914 0.001413 0.011987 0.000782 0.001399 0.005682 0.000632 0.000486 0.006242 0.001610 0.008037 
0.003179 0.001622 0.013567 0.022046 0.010211 0.011380 0.014909 0.053249 0.015756 0.008217 0.014608 0.015162 0.007886 0.027023 0.013763 0.028417 0.026105 0.007946 0.013933 0.017916 0.012609 0.022641 0.001022 0.011400 0.030204 0.070382 0.022536 0.108178 0.039458 0.021104 0.020168 0.013055 0.066582 0.019757 0.101052 0.002590 0.128876 0.027439 0.032431 0.003234 0.068501 0.033821 0.016190 0.044934 0.003969 0.004491 0.032495 0.030404 0.019712 0.012885 0.036061 0.009076 0.008306 0.017638 0.003353 0.003786 0.001039 0.012367 0.004815 0.026231 0.002367 0.002255 0.018749 0.001529 0.000887 0.011711 0.004399 0.018477 
0.004015 0.001487 0.016280 0.026548 0.005337 0.007245 0.017740 0.032479 0.008314 0.009935 0.031031 0.012393 0.004942 0.033080 0.022520 0.015450 0.024575 0.005700 0.028580 0.008078 0.006651 0.009113 0.002701 0.030676 0.014493 0.039691 0.062491 0.049249 0.015900 0.065150 0.009275 0.005559 0.144272 0.009263 0.046692 0.006639 0.073609 0.074581 0.015382 0.008290 0.035591 0.043512 0.007734 0.053060 0.002010 0.002280 0.029805 0.038027 0.008015 0.022738 0.032377 0.012539 0.012842 0.022934 0.003384 0.003957 0.001121 0.006992 0.002460 0.018836 0.001495 0.002838 0.009172 0.000984 0.001018 0.007945 0.002602 0.012512 
0.000753 0.000421 0.004264 0.006002 0.001856 0.001948 0.003271 0.009571 0.002669 0.001678 0.004392 0.003077 0.001677 0.006497 0.003948 0.005276 0.005562 0.001523 0.003662 0.002844 0.002030 0.004455 0.000325 0.003523 0.004420 0.010090 0.007553 0.015275 0.004986 0.006929 0.003775 0.002762 0.025781 0.003998 0.016556 0.000924 0.021381 0.008965 0.007221 0.001167 0.013700 0.009915 0.003523 0.011953 0.000849 0.001100 0.009109 0.009359 0.004007 0.005305 0.011585 0.003226 0.003004 0.006788 0.001221 0.001080 0.000369 0.003444 0.001361 0.008095 0.000853 0.000805 0.004058 0.000374 0.000262 0.003663 0.000885 0.005717 
0.001004 0.000300 0.002713 0.006348 0.001238 0.001504 0.004026 0.007229 0.002309 0.002184 0.007829 0.002171 0.001097 0.005681 0.004941 0.003414 0.005066 0.001081 0.005676 0.001965 0.001446 0.002430 0.000653 0.008392 0.003038 0.006401 0.026678 0.010798 0.003168 0.021740 0.002211 0.001686 0.017766 0.002374 0.009232 0.001244 0.014172 0.029212 0.003888 0.004012 0.008786 0.009714 0.002475 0.011479 0.000605 0.000715 0.007734 0.010135 0.002924 0.007579 0.009565 0.004043 0.005537 0.007405 0.000983 0.001155 0.000434 0.002609 0.000419 0.006383 0.000391 0.000926 0.004058 0.000352 0.000368 0.002889 0.000885 0.004309 
0.000251 0.000060 0.001163 0.000462 0.000077 0.000137 0.000346 0.000815 0.000154 0.000186 0.000477 0.000274 0.000134 0.000847 0.000463 0.000345 0.000388 0.000151 0.000568 0.000147 0.000146 0.000284 0.000069 0.001403 0.000246 0.000615 0.003533 0.000856 0.000210 0.002581 0.000288 0.000126 0.001325 0.000143 0.000572 0.000093 0.001079 0.002182 0.000385 0.000978 0.000794 0.000802 0.000120 0.000664 0.000034 0.000070 0.000856 0.000593 0.000217 0.000758 0.000772 0.000430 0.000353 0.000771 0.000111 0.000075 0.000048 0.000157 -0.000000 0.000311 0.000020 0.000081 0.000730 0.000027 0.000034 0.000361 0.000054 0.000497 
0.000502 0.000390 0.000775 0.003117 0.003945 0.003691 0.002139 0.015985 0.012779 0.000986 0.002387 0.002872 0.001972 0.002856 0.001500 0.010070 0.002996 0.001092 0.001337 0.005161 0.001891 0.028636 0.000098 0.000859 0.004147 0.007100 0.002314 0.027851 0.003539 0.001732 0.010749 0.019942 0.005238 0.012600 0.013351 0.000244 0.013927 0.002659 0.038157 0.000400 0.023181 0.003542 0.009040 0.005249 0.005399 0.002290 0.006481 0.006437 0.033143 0.001516 0.010634 0.001527 0.001178 0.003600 0.000999 0.001273 0.000243 0.011010 0.007536 0.010041 0.001866 0.000574 0.014528 0.000660 0.000203 0.007223 0.004078 0.007706 
0.001171 0.000375 0.001550 0.004155 0.010443 0.009534 0.002516 0.035941 0.052246 0.001412 0.002005 0.005333 0.005076 0.003735 0.001654 0.036245 0.005087 0.002111 0.001575 0.023516 0.005797 0.145811 0.000160 0.001088 0.011770 0.017134 0.002924 0.134317 0.012101 0.003111 0.082128 0.193768 0.012086 0.135337 0.066605 0.000460 0.053895 0.004295 0.388280 0.000489 0.137995 0.007887 0.063815 0.011763 0.033552 0.011126 0.020909 0.011048 0.149035 0.003032 0.028575 0.002495 0.001532 0.004319 0.001339 0.002567 0.000372 0.039762 0.027895 0.022650 0.006149 0.000936 0.045696 0.001798 0.000224 0.020533 0.012286 0.021874 
0.001255 0.000721 0.003101 0.006233 0.006111 0.005092 0.005127 0.025250 0.014011 0.002317 0.004010 0.005504 0.003667 0.006120 0.003375 0.017140 0.006834 0.002189 0.003643 0.010600 0.004344 0.031349 0.000235 0.002492 0.009607 0.016687 0.007065 0.062549 0.009404 0.004808 0.023296 0.026720 0.014200 0.051740 0.046311 0.000697 0.046539 0.007772 0.116138 0.000978 0.092675 0.011207 0.041162 0.015779 0.011033 0.007506 0.021031 0.015430 0.046465 0.006063 0.031308 0.005226 0.002945 0.010799 0.002116 0.003829 0.000776 0.026821 0.011357 0.029578 0.004925 0.002073 0.034089 0.001990 0.000566 0.018985 0.008343 0.020383 
0.000418 0.000315 0.001550 0.003001 0.001122 0.001504 0.002170 0.007738 0.001796 0.001159 0.002482 0.001795 0.000999 0.002982 0.002140 0.003138 0.003169 0.000834 0.001904 0.002126 0.001358 0.002592 0.000167 0.001289 0.002532 0.006065 0.005482 0.011720 0.003007 0.003959 0.002678 0.002224 0.012969 0.002784 0.011673 0.000689 0.024471 0.006715 0.005811 0.000822 0.013849 0.013212 0.003609 0.013629 0.000748 0.000915 0.009660 0.010408 0.004441 0.002274 0.012000 0.003269 0.003593 0.007970 0.001054 0.001294 0.000386 0.003079 0.001151 0.008095 0.000782 0.001017 0.003734 0.000418 0.000330 0.003560 0.001180 0.005303 
0.000418 0.000496 0.001550 0.005425 0.004912 0.003964 0.004404 0.025759 0.015499 0.002291 0.005442 0.005880 0.004300 0.010388 0.004433 0.018588 0.010175 0.003444 0.005841 0.015599 0.007593 0.033496 0.000482 0.003781 0.018722 0.037986 0.007309 0.129510 0.028830 0.009863 0.037856 0.028299 0.055285 0.075887 0.406953 0.002174 0.342787 0.018884 0.105797 0.002178 0.582707 0.044248 0.084937 0.069946 0.012378 0.022478 0.098707 0.050216 0.048848 0.014401 0.103251 0.010926 0.007599 0.020980 0.004867 0.008610 0.001237 0.033083 0.009577 0.057832 0.007212 0.003613 0.040663 0.003750 0.000879 0.033018 0.008933 0.038860 
0.000837 0.000496 0.001938 0.005194 0.005879 0.006903 0.004718 0.029526 0.022736 0.002264 0.004869 0.006667 0.004719 0.008286 0.003198 0.024347 0.008795 0.002990 0.004357 0.017314 0.007352 0.048766 0.000297 0.003265 0.014657 0.025855 0.005725 0.116671 0.018845 0.006646 0.042511 0.043398 0.026601 0.113081 0.141297 0.001171 0.128876 0.012544 0.196682 0.001411 0.452306 0.022302 0.140657 0.033044 0.020392 0.021918 0.051569 0.031454 0.080258 0.011369 0.070458 0.007699 0.004713 0.015324 0.003733 0.006289 0.000950 0.046076 0.019469 0.049270 0.008356 0.002979 0.058438 0.003607 0.000824 0.034927 0.014325 0.038197 
0.000167 0.000075 0.000388 0.000923 0.003365 0.003178 0.000692 0.010283 0.030588 0.000186 0.000477 0.001368 0.001704 0.000753 0.000221 0.016140 0.001250 0.000694 0.000494 0.010673 0.001949 0.103485 0.000038 0.000458 0.004202 0.005674 0.000731 0.063932 0.006051 0.000778 0.044075 0.124277 0.004860 0.114616 0.045929 0.000164 0.035554 0.001670 0.921283 0.000200 0.142860 0.004010 0.104564 0.005976 0.096948 0.017717 0.015957 0.007076 0.303376 0.001516 0.028753 0.000968 0.000707 0.002520 0.000888 0.002246 0.000178 0.074619 0.053068 0.025063 0.008828 0.000624 0.067853 0.002260 0.000097 0.026879 0.018456 0.019886 
0.000920 0.000616 0.006202 0.009927 0.001547 0.002016 0.004561 0.011810 0.002412 0.003143 0.012317 0.003487 0.001481 0.009698 0.007698 0.005311 0.007868 0.001624 0.008843 0.003064 0.002073 0.004091 0.001050 0.014035 0.005050 0.012606 0.036788 0.018962 0.005358 0.033759 0.003487 0.002295 0.051972 0.004230 0.021591 0.004374 0.038055 0.216618 0.008589 0.024936 0.018565 0.036695 0.004692 0.045440 0.001051 0.001550 0.026197 0.045058 0.004332 0.076551 0.030833 0.021937 0.031692 0.038361 0.004122 0.004663 0.001712 0.004540 0.001413 0.019848 0.001174 0.003352 0.007792 0.000863 0.001546 0.007429 0.001744 0.012843 
0.001171 0.000706 0.005427 0.011774 0.003094 0.003827 0.006826 0.018632 0.004568 0.003729 0.011171 0.005162 0.002596 0.011989 0.007345 0.007966 0.010002 0.002391 0.008294 0.005043 0.003417 0.007169 0.000840 0.010798 0.008116 0.018168 0.021927 0.030419 0.008340 0.020220 0.006687 0.004968 0.067182 0.007496 0.036202 0.005424 0.060172 0.069127 0.013289 0.006990 0.030478 0.066839 0.008112 0.077282 0.001884 0.002550 0.036744 0.059666 0.009315 0.047749 0.044912 0.021335 0.023151 0.039184 0.005857 0.005626 0.001828 0.006784 0.002826 0.025297 0.002076 0.004751 0.013392 0.001573 0.001707 0.012072 0.003246 0.020466 
0.001673 0.000796 0.005814 0.009580 0.002823 0.003486 0.005819 0.019650 0.004824 0.003489 0.009452 0.005504 0.002551 0.012052 0.006838 0.009967 0.008860 0.002447 0.007653 0.005190 0.003497 0.007574 0.000767 0.008965 0.007349 0.016715 0.020100 0.028707 0.008649 0.020857 0.006327 0.005183 0.066740 0.008067 0.039215 0.004684 0.064978 0.052731 0.015639 0.006045 0.034350 0.082614 0.008404 0.087338 0.002195 0.002785 0.040167 0.060397 0.010831 0.040170 0.047051 0.020303 0.019322 0.038772 0.005746 0.005497 0.002136 0.009236 0.003925 0.030278 0.002297 0.004529 0.014853 0.001419 0.001597 0.011814 0.003219 0.020880 
0.001338 0.000706 0.004651 0.006118 0.006111 0.005946 0.003995 0.025963 0.019143 0.002424 0.004201 0.006325 0.004434 0.008097 0.003706 0.019899 0.008213 0.002761 0.004486 0.014309 0.006045 0.036615 0.000300 0.003809 0.012810 0.022836 0.006334 0.084804 0.014563 0.006363 0.031546 0.031598 0.025402 0.069730 0.102120 0.001155 0.098521 0.011521 0.140878 0.001311 0.304781 0.020364 0.122043 0.033424 0.017718 0.019778 0.046770 0.032184 0.069860 0.007579 0.069567 0.008431 0.006244 0.018512 0.004011 0.006963 0.001176 0.047067 0.019102 0.053162 0.008226 0.003482 0.058601 0.004030 0.000832 0.037042 0.014566 0.043500 
0.001087 0.000991 0.007365 0.009234 0.005183 0.006322 0.006134 0.027490 0.012677 0.003982 0.008593 0.007299 0.004032 0.013276 0.006705 0.017278 0.011533 0.003830 0.007580 0.010908 0.006009 0.019725 0.000655 0.007046 0.014931 0.030607 0.015836 0.071636 0.017855 0.014600 0.018155 0.014956 0.055506 0.026985 0.143204 0.002697 0.245296 0.028326 0.048668 0.003267 0.137995 0.053538 0.032449 0.081456 0.007207 0.009881 0.095191 0.065373 0.033143 0.027285 0.094993 0.017141 0.015198 0.039287 0.006927 0.009658 0.002399 0.024525 0.008740 0.062892 0.005878 0.005405 0.036362 0.003612 0.001610 0.030800 0.009362 0.044909 
0.001004 0.000315 0.001938 0.005425 0.001431 0.001674 0.003271 0.009672 0.002823 0.001878 0.004583 0.002564 0.001320 0.005618 0.003772 0.003794 0.004592 0.001237 0.004248 0.002287 0.001760 0.004010 0.000472 0.004841 0.003668 0.008246 0.014861 0.012905 0.003712 0.012125 0.003271 0.002529 0.026917 0.003605 0.017242 0.002230 0.027168 0.057401 0.007948 0.008934 0.015338 0.024797 0.004537 0.033835 0.001144 0.001370 0.020970 0.043049 0.007148 0.067456 0.029050 0.019206 0.027392 0.037795 0.004098 0.004118 0.001698 0.005218 0.001622 0.019148 0.001194 0.003784 0.008198 0.001050 0.001631 0.008409 0.001422 0.013589 
0.000335 0.000120 0.001550 0.001731 0.000425 0.000718 0.001227 0.003156 0.001180 0.000626 0.002196 0.001009 0.000509 0.002354 0.001257 0.001173 0.001617 0.000482 0.001794 0.000909 0.000628 0.001296 0.000148 0.001661 0.001136 0.003103 0.004873 0.005201 0.001670 0.003535 0.001007 0.001040 0.007510 0.001463 0.005379 0.000604 0.008141 0.015646 0.002777 0.002800 0.005411 0.007107 0.001306 0.009265 0.000294 0.000495 0.005686 0.011961 0.001516 0.023496 0.009921 0.005527 0.009602 0.012496 0.001363 0.001412 0.000526 0.001618 0.000628 0.005371 0.000461 0.001147 0.002435 0.000220 0.000528 0.002786 0.000805 0.004226 
0.000837 0.000315 0.001550 0.003347 0.002321 0.003588 0.002107 0.014050 0.011599 0.000812 0.002005 0.002786 0.001784 0.003044 0.001412 0.008794 0.002975 0.001047 0.001410 0.005293 0.001957 0.022560 0.000096 0.000974 0.004366 0.007323 0.001827 0.026534 0.003997 0.001909 0.011252 0.017557 0.006532 0.017294 0.018616 0.000313 0.020989 0.003000 0.066743 0.000300 0.038817 0.004300 0.017582 0.008095 0.021081 0.005096 0.011738 0.008993 0.176437 0.003032 0.021981 0.002495 0.001826 0.006376 0.001316 0.002396 0.000386 0.046024 0.035536 0.022650 0.006179 0.001298 0.047157 0.001924 0.000376 0.020120 0.014352 0.019803 
0.000251 0.000375 0.002713 0.005540 0.002359 0.002665 0.003869 0.012218 0.003079 0.002384 0.005347 0.002889 0.001543 0.006685 0.004345 0.006483 0.005583 0.001456 0.004998 0.003269 0.002139 0.005670 0.000414 0.004669 0.004612 0.010482 0.012425 0.019226 0.005333 0.011666 0.004386 0.003766 0.034774 0.005604 0.024910 0.002395 0.039722 0.039540 0.011494 0.005701 0.027798 0.039747 0.007047 0.057867 0.001909 0.002130 0.037416 0.083451 0.008881 0.051539 0.049011 0.032153 0.031928 0.059753 0.007228 0.006984 0.002717 0.007984 0.002303 0.033236 0.002137 0.006049 0.013879 0.001803 0.002315 0.013878 0.003407 0.022454 
-0.000000 0.000015 0.000775 0.000462 0.000193 0.000137 0.000566 0.000815 0.000257 0.000266 0.000286 0.000274 0.000089 0.000722 0.000375 0.000621 0.000453 0.000162 0.000439 0.000264 0.000168 0.000486 0.000031 0.000229 0.000315 0.000866 0.001218 0.000724 0.000396 0.001061 0.000395 0.000251 0.002335 0.000393 0.001183 0.000120 0.002011 0.004874 0.000812 0.001811 0.001837 0.001983 0.000464 0.002656 0.000151 0.000140 0.001865 0.003652 0.000650 0.034107 0.002317 0.002172 0.005950 0.004165 0.000388 0.000471 0.000226 0.000365 0.000105 0.001635 0.000181 0.000443 0.001055 0.000137 0.000190 0.000774 0.000268 0.001409 
0.000753 0.000375 0.002713 0.005540 0.002437 0.003315 0.003177 0.016494 0.007904 0.002078 0.005920 0.004000 0.002204 0.007124 0.003639 0.011174 0.007394 0.002122 0.005181 0.007682 0.004381 0.019036 0.000405 0.004382 0.009087 0.019873 0.013156 0.057546 0.013437 0.009509 0.015620 0.015692 0.045598 0.030912 0.122490 0.002219 0.184781 0.025633 0.063795 0.003267 0.193441 0.054719 0.050117 0.096413 0.011613 0.022288 0.213309 0.108970 0.047331 0.021222 0.262998 0.024475 0.017554 0.052142 0.013593 0.022396 0.003448 0.047902 0.013398 0.147499 0.012629 0.009058 0.074671 0.008451 0.002425 0.069854 0.015613 0.095038 
-0.000000 0.000120 -0.000000 0.000923 0.000541 0.000410 0.000503 0.002036 0.000667 0.000373 0.001241 0.000581 0.000285 0.000973 0.000507 0.000828 0.000841 0.000230 0.000677 0.000513 0.000285 0.000770 0.000068 0.000716 0.000520 0.001509 0.002558 0.002370 0.000594 0.001732 0.000665 0.000520 0.003597 0.000696 0.002327 0.000284 0.004070 0.007567 0.002008 0.001589 0.002532 0.003743 0.001134 0.004933 0.000210 0.000290 0.004249 0.008126 0.001408 0.028801 0.005763 0.004559 0.013195 0.010336 0.000856 0.000941 0.000424 0.001096 0.000314 0.005215 0.000401 0.000986 0.002029 0.000253 0.000503 0.001960 0.000295 0.002154 
0.000669 0.000436 0.002713 0.005540 0.001856 0.002016 0.003083 0.008858 0.004311 0.002158 0.006206 0.003350 0.001847 0.007062 0.004500 0.006242 0.006251 0.001814 0.004852 0.004384 0.002548 0.008506 0.000532 0.005557 0.006460 0.014395 0.012303 0.030946 0.008785 0.012867 0.007819 0.006761 0.049605 0.012957 0.059662 0.003105 0.110879 0.043494 0.027646 0.005734 0.069444 0.075885 0.018407 0.145458 0.004347 0.007306 0.214256 0.285503 0.021120 0.054571 0.246483 0.054176 0.043768 0.115649 0.022668 0.025744 0.006671 0.021968 0.004972 0.107803 0.005638 0.014765 0.035550 0.005163 0.004542 0.038796 0.007994 0.065789 
0.000335 0.000436 0.003101 0.004848 0.001470 0.001264 0.002799 0.010080 0.003079 0.002078 0.006206 0.003009 0.001597 0.007093 0.004433 0.005311 0.005734 0.001489 0.005712 0.003269 0.002541 0.005670 0.000581 0.006445 0.005036 0.012355 0.014009 0.021333 0.006335 0.016190 0.005500 0.004035 0.051814 0.008031 0.036850 0.003798 0.075864 0.065480 0.014186 0.008623 0.043732 0.074459 0.009350 0.127592 0.002725 0.003996 0.093877 0.330196 0.010073 0.105352 0.133311 0.096652 0.072809 0.166248 0.021361 0.018535 0.007200 0.013411 0.003559 0.067795 0.003621 0.014252 0.017613 0.003282 0.005830 0.024093 0.004319 0.042672 
0.000753 0.000315 0.000775 0.004155 0.000967 0.001025 0.002359 0.005803 0.002258 0.001598 0.005347 0.002308 0.000794 0.005084 0.003617 0.002173 0.004613 0.001153 0.005090 0.001950 0.001497 0.002471 0.000517 0.007075 0.003750 0.009727 0.015958 0.013563 0.004071 0.016261 0.002894 0.002242 0.040044 0.003926 0.021515 0.003278 0.041095 0.080716 0.007478 0.015491 0.020253 0.044359 0.005225 0.062642 0.001253 0.001850 0.039892 0.122665 0.004982 0.298624 0.059408 0.084651 0.148800 0.138892 0.012119 0.009412 0.005133 0.006105 0.001622 0.037206 0.001445 0.009733 0.009415 0.001490 0.005492 0.011556 0.002039 0.021377 
0.000335 0.000150 0.000388 0.001616 0.001006 0.001264 0.001132 0.005193 0.004670 0.000759 0.002673 0.001453 0.001035 0.003860 0.001897 0.005414 0.003557 0.001081 0.002600 0.004750 0.002380 0.015148 0.000203 0.001604 0.005378 0.012466 0.003654 0.040098 0.009070 0.005550 0.012313 0.012625 0.033007 0.029091 0.113793 0.001590 0.165754 0.017214 0.070973 0.002178 0.225905 0.044136 0.064313 0.086389 0.015170 0.038060 0.260323 0.116867 0.059354 0.024254 0.483876 0.023701 0.013784 0.044737 0.015733 0.033573 0.003414 0.072480 0.018631 0.261140 0.019651 0.010890 0.110871 0.014449 0.001952 0.117523 0.021890 0.152872 
0.000251 0.000015 -0.000000 0.000231 0.001856 0.001128 0.000220 0.004276 0.011753 0.000226 0.000286 0.000889 0.000723 0.000534 0.000176 0.005932 0.000776 0.000302 0.000439 0.003519 0.000876 0.034792 0.000028 0.000258 0.001629 0.003047 0.000731 0.020938 0.002264 0.000636 0.011630 0.028281 0.002777 0.022309 0.014992 0.000115 0.012750 0.001091 0.112036 0.000144 0.042987 0.003097 0.030833 0.004174 0.057089 0.008896 0.010882 0.006117 1.557389 0.002274 0.024357 0.001247 0.000766 0.002880 0.001030 0.002353 0.000253 0.178042 0.264659 0.029344 0.016010 0.000694 0.148044 0.003140 0.000135 0.039209 0.056146 0.029994 
0.000251 0.000195 0.001163 0.003463 0.001238 0.001469 0.001982 0.006414 0.003131 0.001132 0.003151 0.002085 0.001115 0.003484 0.002007 0.003552 0.003147 0.000862 0.001629 0.002302 0.001248 0.004739 0.000161 0.001776 0.002765 0.005982 0.004873 0.013827 0.003427 0.004136 0.003811 0.003407 0.010950 0.005461 0.016556 0.000675 0.026285 0.010294 0.011195 0.001111 0.023628 0.012477 0.006686 0.023336 0.001942 0.002480 0.036560 0.048664 0.011264 0.018190 0.090953 0.012840 0.009072 0.032293 0.007141 0.009669 0.002208 0.011375 0.003088 0.049037 0.002708 0.005898 0.017694 0.002348 0.001563 0.016819 0.003461 0.033806 
-0.000000 0.000030 0.000775 0.000577 0.000271 0.000205 0.000377 0.001324 0.001180 0.000320 0.001623 0.000513 0.000285 0.001506 0.000728 0.001690 0.001315 0.000414 0.001465 0.001026 0.000657 0.002511 0.000126 0.001174 0.001464 0.004137 0.003654 0.008559 0.002784 0.004313 0.002678 0.002708 0.020448 0.005622 0.030098 0.001413 0.057131 0.021440 0.015382 0.003023 0.041845 0.035893 0.012048 0.075638 0.002910 0.006901 0.170849 0.346128 0.011481 0.042444 0.701428 0.071575 0.034461 0.178333 0.088303 0.106419 0.015699 0.020090 0.003297 0.255925 0.006159 0.039212 0.035469 0.008011 0.007461 0.051539 0.005687 0.116249 
0.000251 0.000195 0.001550 0.002539 0.001276 0.001299 0.002139 0.006822 0.001848 0.001279 0.003055 0.001556 0.000910 0.003390 0.002581 0.003656 0.002802 0.001047 0.003003 0.002390 0.001300 0.003969 0.000310 0.003695 0.003052 0.006764 0.008040 0.012971 0.003625 0.006363 0.003613 0.003013 0.021111 0.005033 0.021324 0.001495 0.035848 0.026962 0.010383 0.003834 0.025316 0.026892 0.007133 0.048254 0.001917 0.002630 0.049980 0.176899 0.009856 0.079582 0.104558 0.117493 0.061440 0.298764 0.029271 0.019690 0.012470 0.012210 0.001936 0.068885 0.002989 0.022173 0.016476 0.002975 0.009092 0.024299 0.003756 0.045489 
0.000084 0.000045 -0.000000 0.000462 0.001044 0.001435 0.000535 0.005702 0.007750 0.000160 0.000286 0.001111 0.000705 0.000785 0.000463 0.004449 0.001035 0.000319 0.000458 0.002771 0.000737 0.019239 0.000024 0.000315 0.001601 0.003270 0.000975 0.016724 0.002116 0.000636 0.007765 0.015405 0.003566 0.014653 0.014572 0.000166 0.015693 0.002045 0.065931 0.000178 0.034499 0.002963 0.021690 0.004901 0.031189 0.006811 0.011555 0.007669 0.750697 0.001516 0.023704 0.001742 0.001237 0.003497 0.001355 0.002866 0.000280 0.194009 0.305376 0.032613 0.017946 0.001027 0.174504 0.003458 0.000199 0.040757 0.068593 0.033723 
0.000418 0.000135 0.000388 0.002078 0.001586 0.001777 0.001132 0.006618 0.004876 0.000533 0.000955 0.001299 0.000821 0.001946 0.000772 0.004587 0.001660 0.000538 0.001062 0.002566 0.000854 0.008425 0.000071 0.000430 0.001984 0.003801 0.002314 0.013234 0.002017 0.001096 0.004727 0.007155 0.004008 0.007068 0.011520 0.000195 0.013584 0.002250 0.027859 0.000400 0.023926 0.003097 0.010209 0.005059 0.008981 0.003370 0.009109 0.006985 0.107768 0.003032 0.017288 0.002280 0.001767 0.005656 0.001102 0.002535 0.000441 0.071801 0.040507 0.023506 0.007744 0.001298 0.074671 0.002221 0.000304 0.022751 0.025887 0.025023 
0.000167 -0.000000 0.000388 0.000346 0.000155 0.000342 0.000157 0.000713 0.000924 0.000213 0.000573 0.000342 0.000187 0.000816 0.000529 0.000621 0.000625 0.000207 0.000641 0.000586 0.000270 0.001377 0.000068 0.000458 0.000698 0.002013 0.002193 0.005531 0.001670 0.002192 0.001150 0.001704 0.011360 0.003177 0.017128 0.000751 0.032170 0.012646 0.009529 0.001400 0.028046 0.021166 0.007648 0.040855 0.002010 0.004456 0.094091 0.216296 0.007148 0.042444 0.442826 0.057725 0.026037 0.169488 0.121640 0.171094 0.020849 0.015080 0.002250 0.290173 0.005066 0.069487 0.024349 0.008088 0.009831 0.052210 0.004695 0.133235 
0.000084 -0.000000 0.001550 0.000693 0.000155 0.000171 0.000315 0.001018 0.000411 0.000213 0.000191 0.000205 0.000089 0.000785 0.000265 0.000310 0.000453 0.000146 0.000348 0.000337 0.000197 0.000689 0.000034 0.000401 0.000520 0.001146 0.001096 0.001185 0.000557 0.000884 0.000395 0.000251 0.002588 0.000607 0.002403 0.000204 0.003580 0.003136 0.001410 0.000633 0.002035 0.002451 0.000687 0.003289 0.000160 0.000225 0.003179 0.008263 0.001300 0.057603 0.005881 0.006517 0.064562 0.014655 0.001371 0.001080 0.000673 0.001096 0.000419 0.005604 0.000301 0.001781 0.001623 0.000187 0.001111 0.001187 0.000268 0.003231 
-0.000000 0.000030 -0.000000 0.000462 0.001006 0.000513 0.000220 0.002851 0.005337 0.000120 0.000191 0.000632 0.000500 0.000408 0.000154 0.003069 0.000496 0.000213 0.000238 0.001965 0.000394 0.017497 0.000016 0.000143 0.001136 0.001537 0.000244 0.012576 0.001349 0.000318 0.006291 0.014275 0.002651 0.013243 0.011368 0.000098 0.012260 0.001432 0.067555 0.000122 0.037179 0.002206 0.023013 0.004269 0.036756 0.007861 0.010516 0.006300 0.726543 -0.000000 0.026377 0.001140 0.000943 0.002674 0.001062 0.002717 0.000219 0.339908 0.391101 0.033002 0.025600 0.001006 0.271414 0.003992 0.000186 0.054015 0.131580 0.035380 
-0.000000 0.000030 -0.000000 0.000115 0.000077 0.000034 0.000220 0.000407 0.000154 0.000040 0.000191 0.000171 0.000062 0.000282 0.000110 0.000103 0.000129 0.000034 0.000201 0.000191 0.000058 0.000365 0.000013 0.000029 0.000192 0.000447 0.000365 0.000856 0.000260 0.000354 0.000288 0.000269 0.000663 0.000286 0.001144 0.000044 0.001324 0.000920 0.000897 0.000067 0.001092 0.000668 0.000275 0.001202 0.000092 0.000185 0.001314 0.002602 0.000325 0.002274 0.003624 0.001742 0.002297 0.007199 0.000864 0.000652 0.000492 0.000574 0.000209 0.003347 0.000221 0.001359 0.001380 0.000159 0.000629 0.001341 0.000322 0.001823 
0.000167 0.000090 0.000388 0.000808 0.000387 0.000410 0.000566 0.002545 0.000616 0.000546 0.000955 0.000581 0.000285 0.001255 0.000662 0.001207 0.001272 0.000325 0.001208 0.000850 0.000460 0.001823 0.000109 0.001088 0.001109 0.002544 0.002802 0.005004 0.001448 0.002828 0.001096 0.000950 0.007857 0.002124 0.007210 0.000466 0.011230 0.010055 0.003675 0.001845 0.007992 0.009447 0.002200 0.013787 0.000656 0.000845 0.013175 0.036978 0.003033 0.082614 0.028991 0.029228 0.077699 0.075077 0.006959 0.005604 0.003916 0.003496 0.001151 0.021405 0.000843 0.009219 0.006331 0.001056 0.007811 0.007016 0.001261 0.017897 
0.000167 0.000030 0.000775 0.001501 0.000309 0.000513 0.000566 0.002342 0.001180 0.000213 0.000764 0.000564 0.000285 0.000816 0.000948 0.001517 0.001229 0.000386 0.001135 0.000777 0.000482 0.002228 0.000098 0.000974 0.001492 0.002572 0.003045 0.007045 0.001807 0.003111 0.001959 0.002313 0.010540 0.004266 0.017700 0.000646 0.023637 0.011555 0.010298 0.001622 0.025067 0.014259 0.007115 0.027447 0.002287 0.003856 0.050133 0.102487 0.009315 0.040928 0.193016 0.041573 0.031987 0.136063 0.049847 0.089435 0.017732 0.016698 0.004448 0.266199 0.005758 0.095213 0.029219 0.009034 0.012813 0.057162 0.006814 0.167787 
-0.000000 0.000015 -0.000000 0.000231 0.000155 0.000171 0.000157 0.000713 0.000821 0.000120 0.000095 0.000274 0.000089 0.000408 0.000088 0.000483 0.000194 0.000084 0.000110 0.000279 0.000183 0.000851 0.000004 0.000057 0.000287 0.000699 0.000244 0.002107 0.000322 0.000212 0.000503 0.000771 0.000505 0.001053 0.001755 0.000022 0.001324 0.000511 0.002991 0.000022 0.003028 0.000579 0.001289 0.000854 0.000967 0.000295 0.000948 0.000776 0.020579 0.000758 0.002139 0.000237 0.000177 0.000874 0.000206 0.000278 0.000062 0.009184 0.022295 0.002802 0.000792 0.000091 0.010227 0.000214 0.000046 0.002270 0.003434 0.002817 
-0.000000 0.000015 -0.000000 0.000231 0.000348 0.000171 0.000189 0.001222 0.002104 0.000093 0.000477 0.000274 0.000277 0.000502 0.000353 0.001379 0.000539 0.000157 0.000330 0.000689 0.000365 0.005508 0.000027 0.000372 0.000766 0.001817 0.000975 0.007901 0.001151 0.000672 0.003020 0.004699 0.003408 0.007978 0.014153 0.000196 0.018292 0.002079 0.027945 0.000233 0.036534 0.005347 0.016757 0.010656 0.010595 0.009881 0.028979 0.019813 0.063686 0.006063 0.098023 0.004495 0.002710 0.010953 0.004716 0.015466 0.001179 0.159831 0.026272 0.273827 0.095437 0.005646 0.422136 0.042897 0.000917 0.858467 0.073878 0.392331 
0.000167 0.000105 -0.000000 0.000923 0.000580 0.000718 0.000503 0.003564 0.002566 0.000226 0.000477 0.000821 0.000526 0.001004 0.000463 0.002207 0.000992 0.000409 0.000531 0.001495 0.000715 0.006724 0.000033 0.000315 0.001423 0.002068 0.000731 0.008428 0.001584 0.000742 0.003361 0.005792 0.002619 0.006639 0.009575 0.000135 0.009121 0.001432 0.024356 0.000178 0.018168 0.002696 0.009418 0.004174 0.008981 0.002850 0.007795 0.005113 0.167339 0.001516 0.015030 0.001592 0.001237 0.003085 0.000896 0.002000 0.000284 0.105719 0.128221 0.021249 0.011085 0.000745 0.115172 0.002271 0.000190 0.028684 0.050888 0.026929 
-0.000000 -0.000000 -0.000000 0.000115 0.000155 0.000103 0.000031 0.000204 0.000770 -0.000000 -0.000000 0.000085 0.000045 0.000126 0.000022 0.000276 0.000216 0.000045 0.000073 0.000293 0.000088 0.002552 0.000009 -0.000000 0.000192 0.000363 -0.000000 0.001514 0.000322 0.000177 0.000971 0.002511 0.000789 0.003177 0.005112 0.000029 0.005492 0.000682 0.018416 0.000078 0.017026 0.001337 0.009281 0.002688 0.009292 0.005546 0.010638 0.005661 0.078741 -0.000000 0.034872 0.001011 0.000648 0.002365 0.001110 0.004064 0.000263 0.360102 0.038937 0.089667 0.149275 0.001580 1.625805 0.014620 0.000207 0.268477 0.290201 0.154447 
