# Flux Network Reconstruction using RW method
# Walkers leave from emitting cells
# Probability involves emitting fluxes, then absorbing flux is shared among connections
# Seed: 1685144763
# Threshold: 0.5
# Precision: 100000.0
# Dt: 1.0
# Radius step: 7.000000
# Matrix output


0.003327 0.004440 0.006443 0.004978 0.011451 0.010468 0.004587 0.019183 0.000418 0.007870 0.005678 0.000139 0.001446 0.004997 0.001556 0.000418 0.013970 0.009382 0.007158 0.003056 0.001729 0.001668 0.000196 0.000222 0.000240 0.002333 0.000454 0.000272 0.004049 0.003643 0.001925 0.001100 0.000393 0.000443 0.000765 0.000433 0.000933 0.000705 0.000835 0.000994 0.000414 0.000029 0.000578 0.000227 0.000812 0.000327 0.001206 0.001811 0.000284 0.000092 0.001064 0.000077 0.000134 0.000183 0.000004 0.000011 0.000069 0.000188 0.000109 0.000432 0.000071 -0.000000 -0.000000 0.000039 0.000154 0.000024 0.000045 0.000196 0.000075 0.000136 0.000021 
0.000297 0.000455 0.106117 0.000849 0.197073 0.010757 0.022171 0.065248 0.015703 0.001243 0.000183 0.000011 0.002789 0.004296 0.000078 0.000091 0.002111 0.004031 0.044791 0.008124 0.002340 0.000060 0.000008 0.000250 0.003100 0.003862 -0.000000 0.000016 0.001755 0.006050 0.008434 -0.000000 0.000062 0.000047 0.000373 0.000122 0.000085 0.001782 0.000064 0.000105 0.000064 0.000235 0.000023 0.000680 0.000941 -0.000000 0.000603 0.003051 0.000036 0.000122 0.000082 -0.000000 0.000499 0.000183 -0.000000 -0.000000 -0.000000 -0.000000 0.000765 0.000062 0.000012 -0.000000 -0.000000 0.000008 0.000077 -0.000000 0.000106 0.000098 0.000038 0.000045 0.000028 
0.116015 0.107407 0.016865 0.103027 0.029275 0.036030 0.013589 0.081866 0.001253 0.074555 0.033884 0.001449 0.004840 0.027606 0.011045 0.004312 0.102815 0.053212 0.025487 0.010446 0.005483 0.008523 0.000947 0.000709 0.000544 0.004857 0.004365 0.001280 0.015387 0.007741 0.004359 0.004191 0.001210 0.001550 0.002109 0.001488 0.003224 0.003482 0.002730 0.001727 0.001148 0.000084 0.001410 0.000615 0.002181 0.000755 0.001877 0.001907 0.000657 0.000305 0.001883 0.000173 0.000173 0.000257 0.000011 0.000036 0.000069 0.000438 0.000547 0.000494 0.000047 0.000065 0.000823 0.000031 0.000462 0.000024 0.000061 0.000391 0.000226 0.000136 0.000021 
0.092907 0.096364 0.030382 0.107272 0.043681 0.065524 0.021382 0.131230 0.001329 0.091951 0.043041 0.001655 0.007383 0.038941 0.012134 0.004894 0.123017 0.071902 0.033838 0.012651 0.006985 0.009046 0.001016 0.001080 0.000627 0.006807 0.002891 0.001695 0.020246 0.009107 0.005321 0.003824 0.001500 0.001970 0.002762 0.001893 0.003902 0.003067 0.002698 0.002041 0.001594 0.000070 0.001641 0.000777 0.002437 0.000755 0.003016 0.003432 0.000284 0.000336 0.002293 0.000125 0.000192 0.000275 0.000008 0.000014 0.000083 0.000417 0.000437 0.000432 0.000082 -0.000000 0.000720 0.000039 0.000231 0.000041 0.000076 0.000489 0.000263 0.000045 0.000028 
0.009029 0.047528 0.002021 0.051900 0.004340 0.004164 0.002294 0.012708 0.000240 0.032411 0.115204 0.002540 0.001182 0.006368 0.027225 0.004476 0.041106 0.019643 0.008134 0.003172 0.001676 0.008905 0.001166 0.000374 0.000203 0.002218 0.005272 0.002223 0.007423 0.004033 0.001811 0.004820 0.001572 0.001713 0.001306 0.000893 0.004072 0.001617 0.002634 0.003088 0.001323 0.000035 0.001340 0.000486 0.002010 0.001062 0.003083 0.002002 0.000568 0.000183 0.002211 0.000144 0.000192 0.000238 0.000004 0.000050 0.000048 0.000334 0.000437 0.000803 0.000094 0.000129 0.001131 0.000110 0.000924 0.000059 0.000076 0.000489 0.000301 0.000091 0.000035 
0.003327 0.013376 0.000632 0.017326 0.001570 0.001070 0.000691 0.003910 0.000063 0.014808 0.122897 0.001679 0.000246 0.001859 0.024269 0.002117 0.017588 0.006743 0.002278 0.000967 0.000576 0.004141 0.000647 0.000085 0.000092 0.000574 0.003118 0.001056 0.002699 0.001041 0.000340 0.002672 0.000507 0.000525 0.000299 0.000189 0.000933 0.000249 0.000932 0.001152 0.000303 0.000015 0.000485 0.000081 0.000342 0.000388 0.000402 0.000095 0.000089 0.000061 0.000573 0.000154 0.000038 0.000092 -0.000000 0.000004 0.000055 0.000042 -0.000000 0.000062 -0.000000 0.000129 0.000309 0.000008 -0.000000 0.000006 0.000015 0.000293 0.000075 -0.000000 0.000021 
0.026494 0.132964 0.005748 0.155892 0.008958 0.009022 0.004883 0.030791 0.000658 0.078749 0.166854 0.004729 0.002477 0.014931 0.036948 0.008664 0.090755 0.048081 0.015726 0.007467 0.003685 0.015539 0.002317 0.000702 0.000314 0.005545 0.009694 0.003743 0.013497 0.007091 0.004981 0.011683 0.002886 0.002763 0.002445 0.002015 0.007168 0.003316 0.005300 0.005077 0.002279 0.000087 0.002611 0.000664 0.002822 0.001368 0.004959 0.002955 0.001207 0.000443 0.004422 0.000404 0.000230 0.000678 0.000015 0.000050 0.000186 0.000605 0.000656 0.001235 0.000200 0.000518 0.001234 0.000102 0.001463 0.000088 0.000182 0.000587 0.000414 0.000136 0.000078 
-0.000000 0.000057 0.000063 0.000116 -0.000000 -0.000000 0.000025 0.000122 -0.000000 0.000362 0.001099 0.000024 -0.000000 -0.000000 0.000622 0.000013 0.000402 0.000220 0.000108 0.000039 0.000017 0.000080 0.000008 0.000011 0.000009 0.000038 0.000227 0.000048 0.000067 0.000065 0.000113 0.000210 -0.000000 -0.000000 0.000056 0.000027 0.000085 -0.000000 0.000064 0.000105 -0.000000 0.000006 0.000116 -0.000000 -0.000000 0.000041 -0.000000 0.000095 0.000018 -0.000000 0.000082 0.000010 -0.000000 -0.000000 -0.000000 -0.000000 0.000014 -0.000000 0.000109 -0.000000 -0.000000 -0.000000 0.000103 -0.000000 -0.000000 -0.000000 -0.000000 -0.000000 0.000038 -0.000000 -0.000000 
0.009683 0.040754 0.002400 0.051900 0.004802 0.004048 0.002220 0.013563 0.000202 0.049082 0.437190 0.006245 0.001106 0.006460 0.075140 0.007239 0.053669 0.026020 0.004555 0.002785 0.001310 0.013549 0.001975 0.000353 0.000203 0.001874 0.011112 0.003967 0.007828 0.003187 0.001698 0.008644 0.002069 0.001667 0.001288 0.000811 0.004920 0.001161 0.003276 0.004083 0.001211 0.000023 0.001294 0.000356 0.001325 0.000878 0.001877 0.000763 0.000355 0.000137 0.001801 0.000240 0.000077 0.000220 0.000008 0.000054 0.000076 0.000334 0.000109 0.000556 0.000130 0.000065 0.000411 0.000047 0.000385 0.000024 0.000061 0.000587 0.000263 0.000045 0.000035 
0.003445 0.014571 0.000695 0.019216 0.001385 0.001504 0.000789 0.005743 0.000114 0.020917 0.261728 0.002869 0.000548 0.002651 0.050249 0.003280 0.024925 0.009162 0.003254 0.001045 0.000489 0.007156 0.000943 0.000116 0.000055 0.000918 0.005442 0.002159 0.003239 0.001041 0.000849 0.004505 0.001158 0.000688 0.000429 0.000365 0.001993 0.000539 0.001060 0.002041 0.000462 0.000009 0.000786 0.000194 0.000513 0.000429 0.001139 0.000477 0.000124 0.000092 0.000328 0.000058 0.000019 0.000092 0.000011 0.000011 0.000048 0.000104 0.000109 0.000247 0.000035 -0.000000 0.000103 0.000024 0.000308 0.000012 -0.000000 0.000098 0.000075 -0.000000 0.000014 
0.049364 0.128012 0.017876 0.219174 0.032322 0.035596 0.015217 0.108869 0.001556 0.268399 0.175096 0.006708 0.008432 0.050550 0.045737 0.018915 0.304928 0.141898 0.043815 0.017525 0.011368 0.032424 0.003857 0.002029 0.001218 0.012887 0.013266 0.007198 0.046295 0.016653 0.011321 0.018965 0.005958 0.005875 0.006308 0.004409 0.013827 0.006217 0.011211 0.009735 0.004494 0.000166 0.004992 0.001489 0.006542 0.002695 0.009852 0.006673 0.001562 0.000809 0.006551 0.000635 0.000442 0.001173 0.000025 0.000111 0.000317 0.001001 0.000984 0.002099 0.000354 0.000712 0.001748 0.000165 0.001770 0.000147 0.000242 0.001271 0.000602 0.000498 0.000085 
0.016514 0.037453 0.014528 0.057842 0.025765 0.022641 0.010210 0.078445 0.001822 0.145901 0.078573 0.002794 0.006910 0.035041 0.021935 0.009343 0.186334 0.096163 0.046201 0.018454 0.010076 0.018252 0.002679 0.002039 0.001688 0.014608 0.009921 0.004623 0.040154 0.021272 0.013415 0.016136 0.004778 0.005339 0.007596 0.005058 0.014294 0.010321 0.012367 0.010521 0.004686 0.000302 0.006609 0.002525 0.010176 0.004124 0.016286 0.009533 0.002876 0.001863 0.011300 0.001077 0.000845 0.002108 0.000051 0.000176 0.000566 0.001897 0.002842 0.004815 0.000707 0.001230 0.004423 0.000346 0.004157 0.000300 0.000515 0.002737 0.001392 0.001585 0.000240 
0.001782 0.002561 0.049458 0.004901 0.122270 0.022670 0.033368 0.162510 0.035772 0.015377 0.008425 0.000262 0.012355 0.025138 0.003500 0.001085 0.031458 0.035768 0.202592 0.051725 0.019139 0.003357 0.000597 0.002724 0.012805 0.032543 0.001871 0.000864 0.039614 0.064595 0.058303 0.004610 0.001779 0.002215 0.009201 0.005247 0.006193 0.027067 0.004304 0.004449 0.003267 0.001538 0.003882 0.009160 0.016375 0.002246 0.018497 0.043851 0.002343 0.004505 0.010399 0.000606 0.004839 0.004087 0.000019 0.000169 0.000587 0.002293 0.014102 0.005803 0.000660 0.000712 0.003291 0.000504 0.004849 0.000341 0.001530 0.008212 0.002106 0.003170 0.000424 
0.003861 0.007570 0.170608 0.010882 0.482432 0.110055 0.199074 1.302767 0.040998 0.031065 0.008059 0.000382 0.067019 0.090802 0.002722 0.001607 0.072463 0.086195 0.685646 0.160320 0.055426 0.003880 0.000443 0.005070 0.016624 0.054340 0.001417 0.000752 0.055675 0.084891 0.082586 0.001781 0.001200 0.001713 0.007372 0.003705 0.002545 0.028476 0.002570 0.001623 0.001960 0.001494 0.001872 0.006894 0.009363 0.000796 0.009383 0.032602 0.000799 0.002444 0.004504 0.000135 0.002707 0.002291 0.000008 0.000029 0.000159 0.000771 0.008089 0.001420 0.000082 0.000129 0.000309 0.000126 0.000924 0.000053 0.000606 0.003715 0.000489 0.000725 0.000170 
0.003386 0.010815 0.000821 0.014354 0.001939 0.001793 0.001110 0.006598 0.000202 0.020917 0.668147 0.003740 0.000624 0.003596 0.129512 0.003927 0.031156 0.013340 0.003904 0.001586 0.000838 0.009247 0.001682 0.000208 0.000166 0.001491 0.011622 0.004079 0.004522 0.001496 0.001132 0.009430 0.001851 0.001166 0.000858 0.000825 0.004369 0.001202 0.003244 0.005339 0.000908 0.000026 0.001248 0.000227 0.001026 0.000858 0.002212 0.000763 0.000533 0.000107 0.001883 0.000240 0.000058 0.000293 0.000017 0.000039 0.000117 0.000375 0.000328 0.000432 0.000059 0.000194 0.000823 0.000055 0.000308 0.000024 -0.000000 0.000293 0.000113 0.000091 0.000007 
0.000178 0.000569 0.012696 0.000579 0.037863 0.004569 0.008509 0.043865 0.053070 0.001657 0.000366 0.000024 0.003006 0.004479 0.000078 0.000137 0.005226 0.004911 0.085570 0.017138 0.005134 0.000221 0.000031 0.000751 0.029669 0.013920 0.000057 0.000080 0.009313 0.026931 0.051963 0.000210 0.000103 0.000233 0.002165 0.001028 0.000212 0.016124 0.000385 0.000262 0.000717 0.003869 0.000624 0.007898 0.006029 0.000245 0.004557 0.051287 0.000337 0.003803 0.002211 0.000067 0.008180 0.002988 0.000002 0.000014 0.000097 0.000730 0.024049 0.002531 0.000024 -0.000000 0.000514 0.000094 0.001232 0.000118 0.001212 0.006257 0.000940 0.000996 0.000226 
0.011881 0.041722 0.005874 0.064865 0.012559 0.011451 0.006536 0.046431 0.000924 0.152424 0.393233 0.020532 0.003998 0.023919 0.117922 0.032610 0.192867 0.086048 0.027547 0.012922 0.007002 0.057049 0.008184 0.001369 0.000876 0.008948 0.033448 0.015004 0.037319 0.014116 0.006962 0.037668 0.008595 0.008206 0.006401 0.004801 0.021759 0.006508 0.015933 0.016906 0.005004 0.000134 0.007880 0.001651 0.007055 0.005472 0.012533 0.007436 0.003018 0.001084 0.009826 0.000942 0.000614 0.001210 0.000070 0.000197 0.000525 0.001251 0.001749 0.003272 0.000471 0.001424 0.004320 0.000212 0.002463 0.000206 0.000318 0.002053 0.000715 0.000951 0.000155 
0.003980 0.010758 0.005432 0.014779 0.009881 0.007345 0.003847 0.030669 0.001076 0.078490 0.043224 0.001906 0.003176 0.014413 0.015557 0.008527 0.115680 0.054898 0.025161 0.009710 0.006514 0.018092 0.002383 0.001094 0.000886 0.009522 0.009241 0.004255 0.027197 0.014636 0.009736 0.014617 0.004727 0.004896 0.005524 0.004003 0.013064 0.008041 0.010921 0.009212 0.004590 0.000192 0.005384 0.001893 0.008295 0.003410 0.012399 0.007626 0.003089 0.001497 0.010481 0.001077 0.000557 0.001686 0.000049 0.000248 0.000587 0.001918 0.002405 0.004568 0.000742 0.001619 0.004423 0.000480 0.003464 0.000353 0.000530 0.003324 0.001580 0.001675 0.000198 
0.004455 0.013262 0.002779 0.019757 0.005726 0.004684 0.001998 0.017228 0.000405 0.047840 0.654044 0.007943 0.001815 0.009568 0.252567 0.009971 0.069448 0.034229 0.011605 0.006113 0.003161 0.027841 0.005116 0.000727 0.000443 0.004971 0.034526 0.014140 0.015319 0.008326 0.003849 0.033110 0.005813 0.004849 0.003639 0.002745 0.015057 0.004269 0.010600 0.015493 0.003188 0.000093 0.005015 0.001036 0.005430 0.003451 0.008780 0.004480 0.002183 0.000871 0.007861 0.000952 0.000403 0.000770 0.000047 0.000183 0.000421 0.001021 0.000219 0.002408 0.000507 0.001036 0.003806 0.000236 0.001924 0.000182 0.000212 0.001662 0.000752 0.000589 0.000085 
0.002436 0.005464 0.044847 0.006174 0.111004 0.030940 0.038720 0.278588 0.026105 0.024386 0.013370 0.000412 0.029577 0.052988 0.005367 0.002071 0.065528 0.083336 1.077273 0.210187 0.062813 0.006031 0.000974 0.009215 0.023276 0.133382 0.002835 0.001456 0.108719 0.212130 0.171456 0.007073 0.002803 0.004581 0.024074 0.012347 0.009374 0.073366 0.008448 0.006490 0.007252 0.003044 0.006794 0.021751 0.037454 0.003573 0.039140 0.087130 0.003586 0.009041 0.021945 0.000971 0.008237 0.008853 0.000055 0.000251 0.000801 0.004253 0.021645 0.009137 0.000849 0.001295 0.005863 0.000700 0.007389 0.000565 0.002211 0.012807 0.003573 0.004619 0.000678 
0.005643 0.011498 0.025771 0.018136 0.056333 0.034352 0.023873 0.208819 0.006213 0.082529 0.042309 0.001580 0.027725 0.136538 0.016101 0.007128 0.247742 0.339354 0.199555 0.101709 0.061887 0.023338 0.003295 0.013336 0.005332 0.076863 0.012416 0.005582 0.241868 0.105902 0.059435 0.024151 0.010508 0.013300 0.036783 0.021475 0.030030 0.045885 0.027304 0.018581 0.015268 0.000986 0.017401 0.010568 0.037497 0.009167 0.048791 0.042421 0.007846 0.005941 0.033081 0.001836 0.003648 0.006470 0.000097 0.000438 0.001463 0.005712 0.009401 0.011174 0.001520 0.002784 0.010388 0.001031 0.009391 0.000777 0.001757 0.008603 0.003686 0.003894 0.000664 
0.003624 0.008766 0.024824 0.012425 0.056241 0.027441 0.023676 0.211996 0.007124 0.049393 0.027839 0.001000 0.028349 0.085500 0.008634 0.004430 0.138796 0.170923 0.252698 0.126004 0.094175 0.014594 0.002337 0.014857 0.006661 0.090133 0.008617 0.003999 0.191321 0.126068 0.066794 0.015717 0.006909 0.009558 0.031670 0.017486 0.020953 0.048786 0.019273 0.015755 0.012654 0.001192 0.014720 0.011798 0.037967 0.008208 0.044568 0.050619 0.006923 0.006796 0.027677 0.001961 0.004109 0.007240 0.000093 0.000474 0.001567 0.006671 0.010494 0.012223 0.001638 0.003043 0.009771 0.001039 0.010699 0.000742 0.001999 0.010167 0.004288 0.004981 0.000523 
0.009623 0.019068 0.014212 0.031873 0.032322 0.031432 0.016820 0.159333 0.002872 0.203215 0.076742 0.003358 0.020456 0.140895 0.024891 0.018399 0.761517 1.095682 0.109864 0.059037 0.041858 0.064527 0.008219 0.010962 0.002528 0.052160 0.020126 0.010541 0.324267 0.066872 0.028982 0.042331 0.023799 0.029444 0.041356 0.028534 0.050686 0.031377 0.044328 0.025699 0.024018 0.000404 0.023825 0.005842 0.031040 0.010433 0.046512 0.017254 0.007100 0.002887 0.026285 0.001760 0.001478 0.003428 0.000108 0.000337 0.001091 0.003877 0.002952 0.006235 0.000754 0.001813 0.004834 0.000425 0.004157 0.000324 0.000545 0.004106 0.001542 0.001404 0.000141 
0.003327 0.009335 0.007643 0.014779 0.015422 0.011191 0.006486 0.052663 0.001936 0.071242 0.062822 0.002219 0.005624 0.024986 0.024736 0.010683 0.190857 0.112361 0.044791 0.019730 0.010181 0.040264 0.005694 0.002399 0.001762 0.018355 0.020806 0.009485 0.060939 0.029013 0.016981 0.034367 0.011729 0.012554 0.012989 0.009088 0.034738 0.016953 0.027689 0.026223 0.010614 0.000381 0.014489 0.004580 0.018000 0.009617 0.028618 0.015348 0.006745 0.002856 0.026531 0.002096 0.001632 0.002969 0.000127 0.000531 0.001394 0.004503 0.005138 0.010618 0.001768 0.003043 0.011005 0.000850 0.009468 0.000612 0.000909 0.006941 0.002633 0.002943 0.000431 
0.001901 0.007343 0.001832 0.010033 0.005264 0.003643 0.002614 0.017839 0.000456 0.035673 0.153483 0.003259 0.001749 0.009111 0.095286 0.007449 0.066735 0.034229 0.013991 0.004875 0.003842 0.031057 0.007333 0.000780 0.000609 0.005813 0.080050 0.032166 0.020516 0.009953 0.006453 0.064858 0.009195 0.007542 0.005113 0.003787 0.028757 0.006093 0.016768 0.026746 0.005068 0.000122 0.007788 0.001505 0.006584 0.006758 0.012265 0.007817 0.003745 0.001543 0.014248 0.001615 0.000538 0.001320 0.000125 0.000280 0.000918 0.002147 0.001640 0.003766 0.000955 0.002655 0.006994 0.000511 0.004388 0.000365 0.000409 0.002249 0.001204 0.001313 0.000191 
0.002554 0.007400 0.000758 0.012657 0.001478 0.002111 0.000567 0.004765 0.000139 0.033550 0.444150 0.006649 0.000624 0.004327 0.413426 0.010866 0.056986 0.024993 0.004447 0.001780 0.001135 0.044365 0.013354 0.000300 0.000083 0.001644 0.399567 0.109327 0.010190 0.001691 0.000849 0.137469 0.010446 0.006329 0.001792 0.001433 0.026764 0.000912 0.012560 0.037058 0.002311 0.000006 0.003929 0.000194 0.001710 0.003920 0.003418 0.000381 0.001775 0.000275 0.005650 0.001154 0.000115 0.000257 0.000068 0.000111 0.000221 0.000438 0.000109 0.000617 0.000189 0.000388 0.001234 0.000031 0.000539 0.000047 0.000045 0.000293 0.000226 0.000136 0.000021 
0.007544 0.019125 0.010928 0.032953 0.024288 0.021138 0.010457 0.104471 0.001999 0.204820 0.112091 0.004874 0.012156 0.079467 0.050949 0.027658 0.738602 0.488802 0.072230 0.036908 0.025356 0.114560 0.015344 0.006717 0.001854 0.033919 0.038211 0.019514 0.219598 0.047617 0.022415 0.080575 0.040596 0.044387 0.034544 0.027750 0.082794 0.025533 0.068966 0.045537 0.027046 0.000320 0.033970 0.004823 0.030143 0.014925 0.047785 0.015634 0.010011 0.002963 0.037012 0.002721 0.000998 0.003428 0.000123 0.000531 0.001422 0.004294 0.004263 0.007902 0.001226 0.001813 0.007714 0.000653 0.004388 0.000383 0.000545 0.004008 0.002257 0.002400 0.000240 
0.000950 0.001423 0.028361 0.002354 0.084315 0.014256 0.022196 0.134773 0.054942 0.009164 0.003297 0.000168 0.012752 0.021177 0.001322 0.000614 0.023920 0.032176 0.375793 0.083023 0.025548 0.001548 0.000227 0.004477 0.127479 0.086462 0.001134 0.000560 0.053246 0.174596 0.314156 0.002515 0.001210 0.002180 0.015975 0.008303 0.003945 0.092101 0.004304 0.002146 0.004144 0.009803 0.003975 0.036947 0.037924 0.002123 0.033644 0.193422 0.002148 0.015761 0.014412 0.000462 0.021620 0.013454 0.000008 0.000122 0.000538 0.004253 0.052253 0.010433 0.000519 0.000777 0.004114 0.000480 0.006543 0.000541 0.004423 0.019553 0.004024 0.005841 0.001024 
0.002673 0.004212 0.029119 0.006444 0.071848 0.021890 0.025550 0.192202 0.019449 0.025421 0.012271 0.000465 0.023386 0.049423 0.003578 0.002071 0.063920 0.085828 0.641505 0.196569 0.066375 0.006111 0.001047 0.012916 0.022566 0.243400 0.003685 0.001759 0.149143 0.394076 0.246344 0.007177 0.003486 0.005688 0.035664 0.017891 0.010476 0.115395 0.011500 0.007851 0.009658 0.003416 0.010260 0.027285 0.053957 0.005104 0.054420 0.110677 0.004846 0.012905 0.029233 0.001077 0.009428 0.010961 0.000059 0.000240 0.001091 0.005962 0.028531 0.014816 0.001131 0.001036 0.006274 0.000747 0.008852 0.000712 0.002938 0.021215 0.005040 0.006837 0.000904 
0.002020 0.004554 0.018507 0.006020 0.046636 0.018506 0.017362 0.157500 0.010692 0.026767 0.008791 0.000468 0.025116 0.063470 0.003656 0.002476 0.092363 0.123941 0.466677 0.223573 0.108460 0.007598 0.001082 0.037126 0.012049 0.488445 0.003005 0.002047 0.311243 0.497832 0.169644 0.007282 0.004861 0.007728 0.060802 0.026492 0.012894 0.117343 0.013780 0.007537 0.011953 0.001954 0.011139 0.020407 0.059644 0.004982 0.055895 0.071878 0.004633 0.009087 0.023419 0.000961 0.005895 0.008358 0.000051 0.000187 0.000870 0.004899 0.014867 0.010063 0.000660 0.000971 0.003908 0.000488 0.006620 0.000471 0.001681 0.010754 0.002708 0.004528 0.000636 
0.001485 0.002846 0.002653 0.006560 0.006187 0.003036 0.002195 0.016618 0.000683 0.020917 0.047986 0.001211 0.001768 0.007343 0.023413 0.004097 0.043920 0.028878 0.015509 0.006654 0.003423 0.019358 0.005936 0.000977 0.000655 0.007036 0.034526 0.017787 0.019503 0.010148 0.007755 0.058309 0.008388 0.007029 0.004796 0.004030 0.026933 0.006466 0.018663 0.027479 0.005451 0.000134 0.008828 0.001942 0.008979 0.006452 0.013471 0.008389 0.004331 0.001619 0.017114 0.001808 0.000922 0.001558 0.000099 0.000438 0.000918 0.002731 0.001968 0.006852 0.000896 0.002137 0.007817 0.000622 0.006081 0.000359 0.000424 0.003324 0.001843 0.001404 0.000254 
0.004693 0.008652 0.011812 0.018522 0.020963 0.013764 0.010260 0.081866 0.002923 0.081752 0.066485 0.002310 0.008838 0.045157 0.028625 0.010624 0.227440 0.194671 0.077978 0.034432 0.021269 0.045410 0.007441 0.005645 0.002731 0.041338 0.030330 0.014284 0.177757 0.061147 0.036963 0.063810 0.032673 0.045891 0.037157 0.030739 0.089156 0.036227 0.078860 0.055325 0.034903 0.000704 0.044023 0.009370 0.046133 0.023317 0.071443 0.036511 0.015816 0.006231 0.060513 0.005067 0.003207 0.007222 0.000320 0.001094 0.003147 0.010131 0.008745 0.019508 0.002793 0.005115 0.018513 0.001707 0.014625 0.001265 0.001500 0.011438 0.006168 0.004800 0.000742 
0.002317 0.005009 0.011433 0.005248 0.032415 0.012521 0.011937 0.102393 0.008415 0.027958 0.012821 0.000513 0.013517 0.041440 0.004978 0.002783 0.082815 0.108769 0.247275 0.100432 0.052510 0.010192 0.001594 0.020188 0.011320 0.299231 0.004592 0.002335 0.367188 0.518778 0.180116 0.011316 0.007137 0.012018 0.118841 0.049468 0.023922 0.213423 0.022710 0.012457 0.022520 0.002326 0.022069 0.033662 0.121725 0.009351 0.120770 0.114299 0.009213 0.016723 0.053716 0.001894 0.007565 0.016936 0.000085 0.000502 0.001843 0.010652 0.022082 0.026113 0.002098 0.002913 0.011417 0.001251 0.013624 0.001142 0.003287 0.019455 0.007484 0.006883 0.001059 
0.000713 0.001651 0.000316 0.002161 0.000185 0.000665 0.000493 0.002810 0.000051 0.009164 0.044690 0.001035 0.000284 0.002346 0.032358 0.002659 0.021608 0.011361 0.002278 0.001122 0.000646 0.012141 0.004042 0.000198 0.000111 0.001147 0.344633 0.062477 0.006006 0.001886 0.001132 0.173618 0.007954 0.005105 0.001530 0.001663 0.030623 0.001451 0.014648 0.078093 0.002917 0.000023 0.006540 0.000372 0.001667 0.006697 0.005831 0.000763 0.003355 0.000321 0.008925 0.002471 0.000115 0.000275 0.000231 0.000449 0.000573 0.000709 0.000109 0.001605 0.000625 0.002460 0.004114 0.000181 0.001847 0.000065 0.000015 0.000489 0.000338 0.000272 0.000035 
0.000416 0.002391 0.005053 0.002971 0.011267 0.005378 0.003872 0.033357 0.002063 0.012840 0.009707 0.000340 0.003658 0.011944 0.003656 0.001601 0.031759 0.032323 0.049889 0.020233 0.010390 0.004905 0.000932 0.002974 0.002472 0.031701 0.003572 0.002159 0.069038 0.048658 0.028529 0.007492 0.003630 0.004732 0.024093 0.012009 0.013488 0.025657 0.012656 0.008061 0.007523 0.000532 0.010006 0.007185 0.026337 0.005819 0.035118 0.030314 0.005201 0.004658 0.025548 0.001567 0.002669 0.005462 0.000087 0.000413 0.001436 0.004815 0.007980 0.010433 0.001461 0.002396 0.008434 0.000984 0.012008 0.000759 0.001363 0.010070 0.004024 0.004845 0.000551 
0.001663 0.002448 0.014275 0.004129 0.034723 0.011682 0.012454 0.096528 0.012021 0.017293 0.011356 0.000350 0.011003 0.028033 0.003111 0.001771 0.052764 0.057683 0.231874 0.076755 0.030175 0.005729 0.001097 0.008076 0.018433 0.154797 0.004139 0.001727 0.128155 0.366820 0.338439 0.009587 0.004261 0.006819 0.044230 0.023693 0.015693 0.239246 0.015226 0.011253 0.014535 0.004346 0.014235 0.050007 0.092950 0.008147 0.089405 0.178550 0.008414 0.023291 0.046920 0.002144 0.015015 0.021353 0.000076 0.000567 0.002243 0.012070 0.041431 0.026607 0.001933 0.003431 0.015428 0.001699 0.018859 0.001448 0.005286 0.033239 0.008801 0.011728 0.001843 
0.001307 0.003358 0.006885 0.005711 0.014591 0.007460 0.006536 0.042277 0.002746 0.024748 0.020513 0.000698 0.005397 0.020842 0.008479 0.002986 0.064423 0.064573 0.067025 0.029634 0.013621 0.010775 0.002106 0.004114 0.002915 0.041911 0.011112 0.004191 0.114995 0.064270 0.040586 0.021951 0.010198 0.015619 0.044566 0.053836 0.038767 0.042817 0.037486 0.025595 0.030154 0.000872 0.031752 0.011118 0.061269 0.017927 0.100731 0.051668 0.015212 0.008812 0.068947 0.004394 0.004666 0.010961 0.000226 0.001141 0.003410 0.013133 0.012134 0.025187 0.003276 0.006539 0.024273 0.002172 0.020475 0.001636 0.002863 0.018282 0.009591 0.010188 0.001455 
0.000713 0.001594 0.011875 0.002238 0.030937 0.007923 0.008755 0.060605 0.012907 0.009112 0.008242 0.000243 0.006494 0.012919 0.002256 0.000908 0.024221 0.028805 0.133073 0.040815 0.014441 0.002734 0.000497 0.003076 0.029900 0.057284 0.002041 0.001152 0.052639 0.111692 0.203720 0.004453 0.002151 0.003252 0.017972 0.011441 0.008186 0.091728 0.008898 0.007223 0.007363 0.011544 0.007996 0.053017 0.052033 0.004839 0.057034 0.308674 0.005698 0.028560 0.031607 0.001288 0.030319 0.023773 0.000095 0.000370 0.001767 0.009047 0.082206 0.021607 0.001909 0.002396 0.013885 0.001676 0.017165 0.001571 0.008119 0.049566 0.009741 0.013403 0.002394 
0.000059 0.000171 0.000316 0.000463 0.000646 0.000376 0.000271 0.001344 0.000076 0.002226 0.004213 0.000086 0.000274 0.001036 0.001711 0.000359 0.004824 0.003005 0.001518 0.000735 0.000559 0.001668 0.000439 0.000116 0.000074 0.000994 0.006576 0.002239 0.004049 0.002407 0.001359 0.011002 0.001438 0.001107 0.000858 0.000811 0.006744 0.001243 0.004176 0.016383 0.001403 0.000038 0.002473 0.000405 0.001753 0.002511 0.003619 0.001716 0.001598 0.000244 0.006469 0.001269 0.000173 0.000477 0.000099 0.000309 0.000435 0.000813 0.000437 0.002222 0.000389 0.001295 0.003806 0.000181 0.001539 0.000153 0.000182 0.001075 0.000451 0.000725 0.000085 
0.000119 0.000911 0.008148 0.001351 0.022995 0.004829 0.006264 0.042399 0.014261 0.004349 0.002564 0.000078 0.004093 0.008684 0.000544 0.000470 0.016784 0.018544 0.127216 0.033813 0.012381 0.001327 0.000243 0.002734 0.035721 0.054607 0.000907 0.000416 0.042718 0.129971 0.277250 0.002515 0.001231 0.002355 0.018905 0.010697 0.005344 0.141799 0.005075 0.002879 0.006949 0.022263 0.006817 0.121975 0.076404 0.003736 0.068628 0.895612 0.005254 0.059685 0.036193 0.000952 0.063517 0.045621 0.000049 0.000334 0.001567 0.011236 0.147576 0.031484 0.001391 0.001554 0.010182 0.001589 0.019243 0.001701 0.013920 0.078015 0.015759 0.021011 0.003228 
0.000475 0.001081 0.003727 0.001621 0.006926 0.002689 0.003132 0.020039 0.002037 0.005954 0.003114 0.000136 0.001824 0.006399 0.002567 0.000608 0.013970 0.015758 0.035464 0.012728 0.005902 0.002412 0.000397 0.001231 0.004115 0.017093 0.002438 0.000960 0.023417 0.034607 0.040133 0.004872 0.001717 0.002180 0.009070 0.005666 0.007847 0.031543 0.006103 0.006176 0.005228 0.001788 0.005685 0.023531 0.027834 0.003879 0.037062 0.141849 0.004526 0.016326 0.028578 0.001346 0.009005 0.014810 0.000070 0.000441 0.001374 0.007004 0.024705 0.019384 0.001567 0.002266 0.013577 0.001345 0.014856 0.001354 0.003953 0.026494 0.007748 0.010007 0.001399 
0.000653 0.001821 0.001200 0.001852 0.004433 0.001966 0.001430 0.014052 0.000747 0.011546 0.015385 0.000529 0.001437 0.006216 0.007467 0.001856 0.028242 0.021622 0.017136 0.006616 0.003353 0.008704 0.002006 0.000938 0.000812 0.009637 0.017008 0.007950 0.027871 0.017629 0.011264 0.045212 0.010343 0.012740 0.009574 0.007952 0.069051 0.012062 0.044842 0.132423 0.018567 0.000299 0.034386 0.003301 0.023473 0.055821 0.048589 0.016015 0.034259 0.003971 0.095150 0.025701 0.001901 0.005114 0.001541 0.004711 0.007613 0.014988 0.004482 0.030497 0.008968 0.026739 0.057803 0.003548 0.030636 0.001977 0.001333 0.009874 0.008613 0.007834 0.000946 
0.000950 0.002334 0.004106 0.003627 0.008404 0.004424 0.003773 0.026270 0.001949 0.014704 0.015934 0.000471 0.002978 0.011914 0.006378 0.001947 0.043217 0.040679 0.044249 0.016094 0.008749 0.008282 0.001636 0.002343 0.002795 0.026042 0.010488 0.005070 0.058645 0.045340 0.034076 0.023366 0.009702 0.014803 0.023514 0.023260 0.048819 0.038216 0.043268 0.043391 0.041629 0.000956 0.054422 0.012251 0.074822 0.039079 0.187455 0.057960 0.046188 0.011699 0.226983 0.009250 0.005530 0.015726 0.000542 0.002530 0.009097 0.030769 0.016725 0.061610 0.009180 0.015992 0.058009 0.005366 0.055113 0.003378 0.003696 0.026787 0.017113 0.016528 0.002691 
0.000535 0.001992 0.006001 0.002624 0.013298 0.005147 0.003897 0.032624 0.002936 0.011339 0.007692 0.000321 0.003932 0.011426 0.004745 0.001483 0.031458 0.029391 0.054552 0.020117 0.010320 0.005206 0.000955 0.002590 0.005093 0.035411 0.004932 0.002447 0.059185 0.069994 0.056208 0.011107 0.004210 0.006539 0.024280 0.018189 0.020826 0.070837 0.018053 0.015493 0.016623 0.001945 0.018626 0.026848 0.124418 0.012148 0.139938 0.124976 0.014396 0.026483 0.087616 0.003567 0.010023 0.029711 0.000239 0.001127 0.004390 0.023264 0.030718 0.055437 0.004549 0.007834 0.036410 0.003934 0.044722 0.003178 0.006513 0.045264 0.019858 0.020241 0.003355 
0.000832 0.001878 0.005622 0.002547 0.015145 0.005060 0.005352 0.037634 0.005188 0.010666 0.007143 0.000238 0.004188 0.011883 0.002878 0.001313 0.023317 0.029391 0.078195 0.025185 0.011717 0.004483 0.000716 0.003020 0.009226 0.044015 0.003515 0.001759 0.061344 0.091331 0.095096 0.009168 0.003465 0.005851 0.024242 0.017905 0.015693 0.109261 0.016543 0.012248 0.015252 0.004166 0.016500 0.066223 0.113815 0.009862 0.128209 0.306958 0.012284 0.064786 0.082458 0.002798 0.023483 0.055885 0.000180 0.000954 0.004121 0.023744 0.061763 0.058277 0.004195 0.007187 0.027770 0.003934 0.042567 0.003666 0.010527 0.078601 0.025011 0.029071 0.004598 
0.000119 0.000398 0.000884 0.000695 0.001478 0.000549 0.000617 0.003177 0.000202 0.001709 0.002930 0.000091 0.000284 0.001432 0.001245 0.000307 0.005628 0.005204 0.006616 0.001315 0.000908 0.001447 0.000358 0.000201 0.000268 0.002141 0.004082 0.001488 0.004522 0.003708 0.002094 0.008539 0.001572 0.001947 0.001400 0.001488 0.009458 0.002777 0.006713 0.021617 0.002327 0.000052 0.004576 0.001068 0.003463 0.005268 0.007037 0.003146 0.004526 0.000672 0.014575 0.003529 0.000442 0.000898 0.000565 0.000815 0.001049 0.002147 0.000765 0.003704 0.001603 0.005633 0.010080 0.000622 0.005157 0.000288 0.000333 0.001955 0.001542 0.001449 0.000184 
0.000119 0.000626 0.005306 0.000502 0.011174 0.002660 0.003527 0.022849 0.008377 0.003003 0.000549 0.000027 0.002514 0.005576 0.000544 0.000281 0.009347 0.010481 0.074725 0.019692 0.006164 0.001065 0.000204 0.001686 0.020785 0.032657 0.000283 0.000288 0.028479 0.076695 0.148644 0.002043 0.001003 0.001830 0.012392 0.008249 0.003902 0.094215 0.004272 0.002774 0.005100 0.019327 0.005361 0.091356 0.070546 0.003083 0.071443 1.227928 0.004313 0.085786 0.036684 0.000827 0.115437 0.066626 0.000063 0.000255 0.001864 0.014572 0.242791 0.044572 0.001497 0.003172 0.010697 0.002093 0.024555 0.002201 0.025371 0.143320 0.021137 0.030837 0.005396 
0.000416 0.001935 0.004611 0.003396 0.010435 0.004395 0.004390 0.034090 0.002733 0.012840 0.013187 0.000438 0.003469 0.012158 0.005445 0.001620 0.038694 0.039359 0.055095 0.022090 0.010233 0.006634 0.001328 0.003076 0.004770 0.035793 0.007143 0.002991 0.073424 0.066091 0.056944 0.016503 0.006806 0.010712 0.031931 0.028074 0.033889 0.070340 0.032250 0.025438 0.031270 0.001756 0.035010 0.024906 0.170680 0.024726 0.431943 0.113346 0.030105 0.027200 0.209051 0.006798 0.010945 0.034807 0.000381 0.002067 0.008966 0.044799 0.028750 0.094947 0.008273 0.011848 0.058523 0.007034 0.071663 0.005067 0.007619 0.052401 0.029449 0.029025 0.004499 
0.000238 0.000797 0.003853 0.001080 0.006372 0.002689 0.002244 0.016129 0.001632 0.005902 0.005861 0.000201 0.001938 0.005850 0.001167 0.000804 0.015377 0.013706 0.028415 0.011490 0.004435 0.002211 0.000370 0.001178 0.002463 0.015296 0.002551 0.000832 0.023822 0.031940 0.026831 0.005239 0.002162 0.002763 0.010283 0.006735 0.009331 0.028849 0.008127 0.007642 0.006598 0.001009 0.007349 0.013012 0.036855 0.005247 0.045976 0.066253 0.006018 0.015685 0.036275 0.001827 0.005530 0.015965 0.000080 0.000510 0.001912 0.009839 0.014867 0.027410 0.002392 0.004467 0.018513 0.001810 0.020244 0.001460 0.003469 0.026396 0.009252 0.009554 0.001745 
0.000535 0.001480 0.001137 0.001543 0.003140 0.001504 0.000888 0.011486 0.000493 0.008025 0.010440 0.000233 0.000898 0.004235 0.004823 0.001156 0.017287 0.015392 0.012038 0.005145 0.002253 0.005046 0.001047 0.000720 0.000738 0.006386 0.008447 0.004095 0.017884 0.010343 0.007811 0.024518 0.005471 0.006667 0.005543 0.004909 0.030793 0.008124 0.024413 0.059512 0.009578 0.000215 0.018325 0.002978 0.013553 0.025154 0.028752 0.013727 0.018443 0.003024 0.059612 0.018566 0.001421 0.003629 0.001282 0.003667 0.005149 0.008922 0.005684 0.020557 0.006576 0.021754 0.048238 0.002337 0.022245 0.001648 0.001030 0.007625 0.006206 0.005207 0.000713 
0.000416 0.001081 0.004485 0.002084 0.012098 0.004164 0.004020 0.028714 0.004568 0.007197 0.005495 0.000192 0.003488 0.009324 0.002645 0.000849 0.022814 0.026826 0.064964 0.022671 0.009971 0.003719 0.000512 0.002872 0.010443 0.045162 0.002438 0.001280 0.060130 0.092372 0.107832 0.007073 0.003093 0.005828 0.027042 0.018730 0.012937 0.119001 0.013106 0.011777 0.015252 0.005029 0.015668 0.080675 0.149601 0.010964 0.173582 0.423736 0.013384 0.120546 0.098589 0.003529 0.032584 0.098189 0.000171 0.001023 0.004804 0.030373 0.085485 0.086613 0.004466 0.006992 0.037027 0.004894 0.055960 0.004555 0.016692 0.112818 0.032119 0.040165 0.006738 
0.000653 0.001935 0.002463 0.002663 0.006372 0.002949 0.002170 0.020405 0.001544 0.012167 0.013370 0.000388 0.002269 0.007739 0.005756 0.001875 0.031558 0.029904 0.027330 0.010523 0.006042 0.007217 0.001713 0.001736 0.001983 0.020573 0.009638 0.004959 0.049872 0.034802 0.024793 0.029495 0.010198 0.015922 0.021536 0.021881 0.059847 0.033160 0.053483 0.063437 0.044259 0.000782 0.075312 0.011345 0.071231 0.073258 0.184908 0.052907 0.126137 0.011714 0.520702 0.020461 0.004071 0.016551 0.000967 0.005250 0.019961 0.049864 0.015195 0.089946 0.016369 0.028034 0.106144 0.008781 0.082362 0.004820 0.004029 0.028938 0.021099 0.017705 0.002691 
0.000356 0.001025 0.001263 0.001775 0.002309 0.001330 0.000863 0.008064 0.000544 0.004349 0.005678 0.000198 0.000851 0.003078 0.002878 0.000712 0.014473 0.011507 0.009652 0.003985 0.002096 0.003538 0.000770 0.000501 0.000517 0.005468 0.005216 0.002751 0.013160 0.009562 0.006170 0.015979 0.003713 0.004324 0.004162 0.004300 0.022353 0.007834 0.015290 0.033080 0.007379 0.000221 0.013819 0.002945 0.013382 0.019907 0.030561 0.014585 0.016846 0.002902 0.059448 0.026316 0.001210 0.003647 0.001526 0.005555 0.006233 0.009923 0.004482 0.025187 0.008532 0.027905 0.065106 0.003627 0.027172 0.001777 0.001075 0.008114 0.007108 0.006792 0.000833 
0.000119 0.000569 0.001705 0.000926 0.004340 0.001214 0.001751 0.011363 0.001367 0.002537 0.002747 0.000088 0.001134 0.003169 0.000700 0.000196 0.005528 0.006670 0.018003 0.006074 0.002567 0.001085 0.000208 0.000744 0.002002 0.008183 0.001304 0.000464 0.011270 0.015872 0.016925 0.002672 0.000972 0.001177 0.003770 0.002745 0.003945 0.013139 0.003501 0.002669 0.002709 0.001506 0.003050 0.007784 0.013126 0.002532 0.018430 0.072831 0.002361 0.011011 0.013265 0.000740 0.017607 0.011016 0.000023 0.000248 0.000987 0.004315 0.044492 0.015001 0.001049 0.002266 0.009154 0.001023 0.010930 0.000959 0.005665 0.030111 0.007447 0.009328 0.001476 
0.000297 0.000968 0.001579 0.001775 0.002955 0.001475 0.001381 0.009897 0.000734 0.008491 0.009707 0.000257 0.001115 0.004753 0.004667 0.001058 0.019498 0.017078 0.014207 0.006229 0.003405 0.004684 0.001124 0.000988 0.001199 0.009484 0.006463 0.003743 0.026657 0.019190 0.014547 0.021899 0.006506 0.009395 0.010712 0.010426 0.043518 0.017202 0.034563 0.057680 0.021117 0.000477 0.037367 0.006214 0.038480 0.056230 0.094632 0.032888 0.071642 0.007942 0.306329 0.037421 0.003034 0.011529 0.001790 0.012570 0.042234 0.047342 0.009620 0.095873 0.035614 0.061572 0.218047 0.013549 0.104838 0.006468 0.002863 0.022974 0.024860 0.017841 0.002536 
0.000535 0.001081 0.003285 0.001929 0.007203 0.003557 0.002639 0.017962 0.001873 0.008646 0.008059 0.000243 0.002354 0.008014 0.003345 0.001065 0.022613 0.024554 0.036766 0.015011 0.007055 0.004101 0.000928 0.001898 0.004050 0.024168 0.004252 0.002127 0.047577 0.045861 0.044491 0.011316 0.004479 0.006924 0.020323 0.016323 0.021632 0.050154 0.020044 0.020465 0.018727 0.001768 0.024542 0.022625 0.097183 0.018131 0.185645 0.128789 0.025135 0.032790 0.185877 0.007115 0.014266 0.051505 0.000368 0.002318 0.010526 0.071544 0.040666 0.174460 0.011054 0.016316 0.083516 0.009906 0.116846 0.008957 0.011466 0.092679 0.054009 0.051168 0.007593 
0.000475 0.001081 0.001642 0.001698 0.004248 0.001908 0.001702 0.014052 0.001151 0.007093 0.006227 0.000233 0.001645 0.005668 0.001711 0.000941 0.017689 0.015319 0.020389 0.008434 0.003912 0.003578 0.000666 0.001178 0.001707 0.012543 0.003855 0.001823 0.025644 0.021597 0.020321 0.010949 0.003434 0.005187 0.009798 0.008236 0.019468 0.019357 0.016768 0.018476 0.012049 0.000677 0.017910 0.007444 0.034632 0.016150 0.075129 0.039847 0.022064 0.009148 0.160002 0.006846 0.004531 0.013600 0.000455 0.002813 0.012665 0.061893 0.014758 0.102663 0.013046 0.017999 0.095138 0.010063 0.098911 0.006009 0.004287 0.031089 0.025049 0.023003 0.003207 
-0.000000 0.000228 0.000126 0.000154 0.000462 0.000145 0.000123 0.001588 0.000076 0.000466 0.000366 0.000032 0.000132 0.000213 0.000233 0.000046 0.001005 0.000953 0.001085 0.000774 0.000244 0.000342 0.000062 0.000056 0.000065 0.000765 0.000624 0.000144 0.001215 0.001171 0.001075 0.000995 0.000341 0.000408 0.000597 0.000433 0.001993 0.000663 0.001028 0.002565 0.000797 0.000029 0.001294 0.000388 0.001368 0.001348 0.002681 0.001907 0.000941 0.000321 0.004094 0.001260 0.000096 0.000422 0.000188 0.000728 0.000594 0.000855 0.000547 0.002222 0.001202 0.005892 0.009565 0.000441 0.003156 0.000218 0.000106 0.001466 0.001166 0.000906 0.000106 
0.000059 0.000342 0.002021 0.000617 0.004248 0.001070 0.001406 0.009286 0.001835 0.003521 0.002015 0.000094 0.001352 0.003931 0.001011 0.000333 0.010050 0.011141 0.024185 0.009208 0.003388 0.001648 0.000354 0.001274 0.004253 0.019235 0.001531 0.000752 0.029559 0.037339 0.048284 0.005187 0.002203 0.003800 0.015732 0.012617 0.011410 0.060143 0.011982 0.010887 0.014455 0.002648 0.016615 0.033451 0.111677 0.011699 0.193017 0.198951 0.018159 0.068115 0.180801 0.005029 0.025941 0.143205 0.000235 0.001837 0.010574 0.090765 0.086578 0.306632 0.009923 0.012172 0.077756 0.013360 0.170112 0.015843 0.030839 0.244896 0.124979 0.135527 0.020370 
0.000416 0.000569 0.001516 0.001235 0.004156 0.001677 0.001282 0.010264 0.000759 0.005126 0.006594 0.000179 0.001002 0.003839 0.002334 0.000758 0.015176 0.013340 0.015509 0.006538 0.003231 0.002834 0.000624 0.000984 0.001412 0.010095 0.004876 0.002127 0.019908 0.018995 0.013925 0.011578 0.003682 0.005140 0.008790 0.007708 0.019553 0.016207 0.016029 0.023658 0.012097 0.000497 0.017933 0.006263 0.030399 0.019152 0.067757 0.034032 0.025774 0.008171 0.157054 0.011528 0.004378 0.012317 0.000783 0.005124 0.025745 0.047821 0.010494 0.115566 0.030240 0.038134 0.202928 0.018451 0.139708 0.008451 0.004332 0.031773 0.029562 0.025222 0.003087 
-0.000000 0.000114 0.001200 0.000039 0.003048 0.000636 0.000567 0.004765 0.002860 0.000570 -0.000000 -0.000000 0.000520 0.001066 0.000078 0.000085 0.001206 0.002272 0.018546 0.003946 0.001345 0.000101 0.000035 0.000353 0.006513 0.006692 0.000113 0.000048 0.005871 0.016198 0.035152 0.000314 0.000134 0.000291 0.002669 0.001961 0.000806 0.022714 0.000803 0.000785 0.001498 0.007530 0.001132 0.020780 0.019240 0.000755 0.023189 0.245185 0.001633 0.032469 0.013757 0.000317 0.203129 0.037061 0.000015 0.000086 0.000607 0.007421 1.643236 0.025928 0.000660 0.000906 0.005040 0.001070 0.013470 0.001407 0.062601 0.266013 0.018354 0.030339 0.007190 
-0.000000 0.000057 0.000189 0.000077 0.000277 0.000173 0.000123 0.001344 0.000291 0.000362 0.000183 0.000021 0.000123 0.000548 0.000311 0.000065 0.002915 0.002785 0.002928 0.000696 0.000629 0.000241 0.000077 0.000205 0.000443 0.002639 0.000567 0.000224 0.006749 0.005464 0.006906 0.002305 0.000734 0.001387 0.003994 0.003814 0.005514 0.009782 0.004561 0.008113 0.006917 0.000355 0.009082 0.005567 0.031211 0.010270 0.075397 0.027169 0.020236 0.009729 0.201026 0.007932 0.003763 0.021922 0.000470 0.004274 0.029734 0.151844 0.010604 0.720681 0.039279 0.035221 0.331287 0.092229 1.169079 0.051460 0.006437 0.051325 0.116141 0.062941 0.007925 
0.000059 0.000171 0.000189 0.000232 0.000554 0.000202 0.000123 0.001711 0.000278 0.001294 0.000916 0.000029 0.000255 0.000792 0.000622 0.000144 0.003618 0.003958 0.003254 0.001702 0.000576 0.000884 0.000196 0.000310 0.000461 0.002983 0.001871 0.000976 0.008638 0.006505 0.005094 0.004977 0.001500 0.002086 0.004236 0.003989 0.009162 0.008331 0.009348 0.016854 0.008160 0.000241 0.013588 0.003690 0.024285 0.017539 0.067020 0.018970 0.025100 0.006445 0.182848 0.016153 0.002381 0.011107 0.001208 0.009997 0.040570 0.071544 0.007980 0.206129 0.116411 0.097958 0.985840 0.075793 0.402727 0.019609 0.003696 0.026885 0.054046 0.033372 0.004083 
0.000119 0.000057 0.000884 0.000154 0.003140 0.000405 0.000789 0.003421 0.002025 0.000777 0.000366 0.000016 0.000406 0.001249 -0.000000 0.000039 0.001608 0.003225 0.012472 0.004062 0.001397 0.000181 0.000050 0.000335 0.004345 0.007074 0.000227 0.000080 0.006209 0.013531 0.024397 0.000681 0.000279 0.000408 0.003191 0.002380 0.001400 0.018694 0.001574 0.001256 0.001721 0.004512 0.001872 0.015908 0.017401 0.001409 0.021916 0.162249 0.001722 0.025917 0.016295 0.000529 0.094105 0.031049 0.000021 0.000136 0.000994 0.008109 0.834845 0.031052 0.000707 0.000971 0.006377 0.001424 0.016472 0.001860 0.071932 0.311961 0.020723 0.036678 0.007798 
0.000059 0.000171 0.001958 0.000270 0.003048 0.000867 0.001430 0.010264 0.002126 0.001760 0.001282 0.000035 0.001115 0.002042 0.000389 0.000235 0.005628 0.007036 0.018329 0.005687 0.002305 0.000884 0.000169 0.000653 0.003764 0.010172 0.000850 0.000240 0.012282 0.019710 0.029717 0.001676 0.000714 0.001189 0.004946 0.003787 0.003817 0.021098 0.003469 0.002565 0.003124 0.002820 0.004229 0.014937 0.024242 0.002695 0.031901 0.130886 0.003390 0.021962 0.024156 0.001058 0.051497 0.028044 0.000059 0.000380 0.001581 0.009714 0.287064 0.032040 0.001732 0.001942 0.015531 0.002172 0.026248 0.002572 0.058027 0.260245 0.023920 0.039938 0.007642 
0.000119 0.000228 0.000884 0.000579 0.001293 0.001070 0.000617 0.006232 0.000392 0.002589 0.002381 0.000096 0.000577 0.002042 0.002334 0.000359 0.008442 0.005570 0.009544 0.003714 0.001641 0.002131 0.000370 0.000420 0.000747 0.004857 0.001984 0.001296 0.011270 0.010278 0.009566 0.007282 0.002441 0.003229 0.004554 0.004273 0.012852 0.009575 0.010632 0.017063 0.007746 0.000436 0.011254 0.003868 0.020394 0.014170 0.047182 0.023546 0.017485 0.005330 0.098261 0.010567 0.002765 0.008395 0.000954 0.006244 0.017324 0.031707 0.007652 0.098095 0.057428 0.069341 0.680163 0.027853 0.186585 0.010587 0.002742 0.028253 0.032871 0.024814 0.003376 
-0.000000 0.000057 0.000253 0.000193 0.000277 0.000029 0.000049 0.000733 0.000114 0.000725 0.001282 0.000013 0.000132 0.000640 0.000078 0.000131 0.001508 0.001612 0.001735 0.000928 0.000349 0.000442 0.000065 0.000095 0.000129 0.000956 0.000624 0.000320 0.001957 0.002212 0.001415 0.000995 0.000445 0.000431 0.000541 0.000541 0.002078 0.001658 0.001285 0.003036 0.000877 0.000038 0.001387 0.000550 0.002352 0.001919 0.004825 0.002955 0.002112 0.000565 0.008925 0.001702 0.000269 0.000861 0.000260 0.001184 0.001408 0.002460 0.001093 0.007346 0.003594 0.065392 0.034250 0.001212 0.009930 0.000742 0.000288 0.001662 0.002595 0.001358 0.000311 
0.000238 0.000683 0.001832 0.000579 0.002124 0.000954 0.000641 0.005621 0.000380 0.003055 0.004579 0.000118 0.000614 0.002163 0.001011 0.000412 0.007035 0.006597 0.007266 0.002940 0.001816 0.001528 0.000293 0.000522 0.000886 0.005430 0.001984 0.000976 0.010190 0.009693 0.006793 0.005606 0.001572 0.002413 0.003714 0.003503 0.008441 0.008995 0.007067 0.010678 0.004733 0.000291 0.007094 0.003609 0.014238 0.008412 0.026741 0.017159 0.008769 0.004398 0.054863 0.005096 0.002266 0.006543 0.000383 0.002497 0.007758 0.020012 0.009292 0.064759 0.018078 0.025509 0.183386 0.019048 0.126699 0.007380 0.002726 0.018477 0.024898 0.018837 0.002416 
0.000059 0.000057 0.001011 0.000077 0.001478 0.000318 0.000863 0.003543 0.001607 0.000777 0.000549 0.000016 0.000416 0.000853 0.000078 0.000085 0.001809 0.002272 0.011496 0.003327 0.001310 0.000141 0.000042 0.000303 0.003626 0.005124 0.000227 0.000112 0.006006 0.012945 0.023265 0.000629 0.000186 0.000583 0.002669 0.001947 0.001400 0.016082 0.001189 0.000733 0.001737 0.003887 0.001571 0.013983 0.017572 0.001490 0.022921 0.139847 0.002112 0.025001 0.017441 0.000433 0.076747 0.031618 0.000028 0.000144 0.001077 0.008964 0.588775 0.031793 0.001002 0.001424 0.008948 0.001621 0.021168 0.002042 0.094576 0.396135 0.024146 0.045553 0.009239 
0.000059 0.000228 0.000126 0.000270 0.000554 0.000549 0.000271 0.002199 0.000177 0.001035 0.000916 0.000056 0.000246 0.000701 0.000233 0.000144 0.002814 0.001759 0.003904 0.001238 0.000751 0.000482 0.000119 0.000148 0.000286 0.001950 0.000340 0.000384 0.003779 0.002927 0.003736 0.001624 0.000403 0.000839 0.000989 0.001109 0.002884 0.002694 0.002538 0.002408 0.001498 0.000110 0.002195 0.001198 0.005430 0.002001 0.008042 0.006959 0.002254 0.001313 0.015230 0.001144 0.000691 0.001998 0.000099 0.000574 0.001712 0.004982 0.002733 0.016853 0.003418 0.005115 0.033736 0.004343 0.035331 0.002578 0.000818 0.007234 0.009854 0.007381 0.000728 
0.000059 0.000171 0.000695 0.000193 0.000923 0.001012 0.000345 0.004521 0.000569 0.001087 0.000549 0.000029 0.000350 0.001036 0.000233 0.000111 0.002613 0.002419 0.004880 0.002399 0.001048 0.000422 0.000073 0.000243 0.001162 0.003365 0.000397 0.000112 0.004522 0.005594 0.007698 0.000838 0.000362 0.000443 0.001325 0.001122 0.001315 0.005679 0.001285 0.001047 0.000908 0.000893 0.001017 0.003463 0.006285 0.001103 0.008981 0.032030 0.000941 0.005132 0.006551 0.000231 0.012366 0.005792 0.000011 0.000165 0.000317 0.002627 0.132928 0.007161 0.000566 0.000777 0.004423 0.000732 0.005773 0.000565 0.009830 0.049957 0.005341 0.008196 0.001462 
0.000178 0.000342 0.000568 0.000656 0.001847 0.000723 0.000518 0.004154 0.000354 0.002485 0.002930 0.000078 0.000510 0.001798 0.000778 0.000379 0.006231 0.005351 0.006290 0.003095 0.001345 0.001407 0.000370 0.000378 0.000692 0.004359 0.001984 0.000912 0.009313 0.009627 0.007302 0.005344 0.001603 0.002261 0.003919 0.003678 0.008228 0.008497 0.007774 0.010939 0.005068 0.000317 0.007395 0.003156 0.015306 0.008861 0.032304 0.018208 0.011822 0.004750 0.070666 0.007221 0.002727 0.006983 0.000643 0.003987 0.010374 0.022597 0.007761 0.075871 0.029427 0.053608 0.342601 0.023038 0.157719 0.010317 0.003196 0.023072 0.034113 0.023003 0.002988 
0.000178 0.000171 0.000505 -0.000000 0.000646 0.000376 0.000271 0.003666 0.000304 0.000777 0.000733 0.000029 0.000255 0.001036 0.000389 0.000124 0.003920 0.003005 0.005531 0.001277 0.000838 0.000603 0.000150 0.000293 0.000766 0.004015 0.001191 0.000368 0.007221 0.007351 0.008887 0.002358 0.000858 0.001375 0.003191 0.003354 0.006023 0.010611 0.005236 0.006019 0.005164 0.000477 0.006910 0.005308 0.019539 0.007228 0.044099 0.035176 0.010562 0.009988 0.089909 0.004779 0.005069 0.017798 0.000347 0.002741 0.011264 0.048947 0.016397 0.247923 0.022368 0.032048 0.228126 0.045776 0.647042 0.069351 0.007785 0.062666 0.187037 0.106004 0.011294 
0.000178 0.000797 0.000568 0.000540 0.001847 0.000694 0.000666 0.005010 0.000468 0.001967 0.002015 0.000078 0.000596 0.001615 0.000856 0.000268 0.006633 0.004105 0.007050 0.003172 0.001694 0.001246 0.000181 0.000409 0.000452 0.003977 0.001191 0.000544 0.008031 0.008457 0.006340 0.003248 0.001117 0.001783 0.002837 0.002488 0.004750 0.007958 0.005204 0.006386 0.003172 0.000265 0.004691 0.003431 0.012057 0.004880 0.021245 0.017540 0.005574 0.004139 0.034801 0.002634 0.002131 0.006140 0.000220 0.001177 0.004134 0.013550 0.009292 0.056116 0.008025 0.013208 0.074054 0.010826 0.124621 0.009993 0.003060 0.021019 0.031706 0.023410 0.002882 
0.000178 0.000171 0.000695 0.000463 0.002124 0.001157 0.000715 0.007698 0.000924 0.001450 0.002015 0.000072 0.000775 0.002620 0.000933 0.000203 0.005226 0.005424 0.012581 0.003830 0.001781 0.000965 0.000189 0.000370 0.001273 0.006118 0.001417 0.000448 0.009650 0.013205 0.011378 0.002358 0.000827 0.001154 0.003397 0.002772 0.003902 0.012020 0.003180 0.002983 0.002948 0.000826 0.003559 0.006376 0.013767 0.002695 0.020843 0.046425 0.003195 0.010355 0.021781 0.001154 0.009274 0.012995 0.000061 0.000466 0.001650 0.008568 0.036402 0.032534 0.002015 0.002719 0.018205 0.002305 0.029019 0.002784 0.023886 0.262004 0.027079 0.045825 0.009888 
0.000059 0.000057 0.000379 0.000386 0.000831 0.000231 0.000222 0.001588 0.000063 0.001191 0.000916 0.000019 0.000132 0.000640 0.000778 0.000098 0.001809 0.001979 0.002278 0.001238 0.000471 0.000503 0.000081 0.000127 0.000194 0.001377 0.000794 0.000320 0.002632 0.001886 0.002094 0.002043 0.000559 0.000711 0.001194 0.000838 0.003181 0.001865 0.002056 0.002565 0.001482 0.000076 0.001756 0.000842 0.002736 0.002062 0.006635 0.003527 0.002521 0.001069 0.011709 0.001336 0.000672 0.001411 0.000146 0.000976 0.001587 0.003898 0.001421 0.009569 0.004761 0.019229 0.048958 0.002069 0.016626 0.000989 0.000424 0.004302 0.004588 0.002989 0.000438 
0.000059 0.000342 0.001011 0.000347 0.003048 0.000839 0.000962 0.006720 0.000810 0.002330 0.002381 0.000064 0.000671 0.002285 0.001245 0.000235 0.005528 0.005717 0.014316 0.003907 0.001641 0.000925 0.000169 0.000490 0.001513 0.006654 0.000964 0.000384 0.010595 0.011124 0.015057 0.001938 0.001024 0.001387 0.004479 0.003273 0.004114 0.012974 0.004144 0.004763 0.003347 0.000866 0.004853 0.007364 0.018342 0.003818 0.026473 0.051191 0.003994 0.011439 0.034555 0.001635 0.009005 0.017926 0.000085 0.000596 0.002485 0.013112 0.034107 0.055746 0.003689 0.004726 0.031061 0.004257 0.053112 0.004920 0.021221 0.187607 0.056115 0.114924 0.027144 
0.000119 0.000114 0.000316 0.000617 0.001478 0.000549 0.000567 0.003177 0.000316 0.001450 0.001648 0.000070 0.000350 0.001432 0.001245 0.000189 0.004824 0.004105 0.006073 0.001818 0.001135 0.001005 0.000192 0.000314 0.000452 0.002868 0.001134 0.000576 0.005196 0.005399 0.003962 0.003510 0.001045 0.001201 0.002333 0.002069 0.005259 0.004684 0.003855 0.005967 0.003044 0.000177 0.004737 0.001910 0.007824 0.004839 0.017894 0.011058 0.005219 0.002581 0.035538 0.003221 0.001517 0.004601 0.000320 0.002009 0.004424 0.011278 0.003389 0.035003 0.012445 0.030041 0.141731 0.008576 0.065582 0.004473 0.001833 0.010754 0.016586 0.011954 0.001603 
0.000059 0.000114 0.000758 0.000193 0.001755 0.000578 0.000765 0.005010 0.000582 0.001501 0.001282 0.000029 0.000435 0.001249 0.000544 0.000209 0.003417 0.003152 0.008026 0.002708 0.001292 0.000302 0.000065 0.000240 0.001218 0.004627 0.000283 0.000160 0.005939 0.009107 0.009057 0.000838 0.000403 0.000699 0.001997 0.001447 0.002248 0.008497 0.001542 0.001675 0.001466 0.000840 0.002057 0.005049 0.008252 0.001245 0.011393 0.043946 0.001615 0.007041 0.009662 0.000413 0.015399 0.009275 0.000036 0.000147 0.000711 0.003481 0.105162 0.012532 0.000837 0.001489 0.006480 0.001015 0.010622 0.000936 0.022887 0.101282 0.009252 0.015713 0.002988 
-0.000000 -0.000000 -0.000000 -0.000000 0.000185 0.000029 0.000025 0.000611 0.000367 0.000052 -0.000000 0.000003 0.000047 0.000030 -0.000000 -0.000000 0.000101 0.000220 0.001518 0.000464 0.000087 0.000060 -0.000000 0.000049 0.000886 0.001032 -0.000000 0.000016 0.000945 0.002342 0.006283 0.000052 0.000062 0.000140 0.000765 0.000960 0.000127 0.005927 0.000321 0.000209 0.000622 0.001038 0.000578 0.005470 0.009919 0.000408 0.019369 0.065205 0.001172 0.017472 0.013265 0.000192 0.026517 0.034257 0.000013 0.000054 0.000718 0.010090 0.131179 0.055375 0.000707 0.000906 0.007817 0.001849 0.025478 0.003949 0.179473 2.224397 0.079396 0.212732 0.061330 
0.000119 0.000285 0.000884 0.000347 0.000646 0.000578 0.000469 0.004032 0.000772 0.000828 0.000366 0.000051 0.000463 0.001402 0.000622 0.000203 0.003518 0.003885 0.008893 0.002399 0.001187 0.000543 0.000081 0.000293 0.001199 0.004895 0.000340 0.000352 0.006276 0.010798 0.011830 0.001624 0.000745 0.001002 0.003453 0.002596 0.003648 0.012684 0.003566 0.003926 0.003586 0.000689 0.004206 0.006150 0.020480 0.004186 0.037531 0.044995 0.005929 0.012325 0.045364 0.001894 0.008602 0.022105 0.000140 0.000933 0.003913 0.024578 0.034762 0.117233 0.006729 0.010230 0.057083 0.010417 0.137475 0.014519 0.018509 0.166588 0.234614 0.396620 0.038706 
-0.000000 -0.000000 0.000063 0.000077 -0.000000 0.000029 0.000074 0.000122 0.000051 0.000362 -0.000000 0.000011 0.000009 0.000152 0.000233 0.000026 0.000402 0.000366 0.000651 0.000348 0.000105 0.000161 0.000054 0.000021 0.000074 0.000344 0.000340 0.000096 0.000810 0.000455 0.000679 0.001100 0.000217 0.000315 0.000336 0.000446 0.001612 0.000788 0.001767 0.003612 0.001052 0.000026 0.001664 0.000243 0.002010 0.002818 0.004691 0.001430 0.003018 0.000580 0.015640 0.002913 0.000230 0.000916 0.000514 0.002418 0.002871 0.004357 0.000656 0.012038 0.010111 0.114985 0.116737 0.004170 0.026864 0.001589 0.000273 0.003617 0.006319 0.003623 0.000431 
0.000119 0.000171 0.001137 0.000502 0.001847 0.000434 0.000740 0.003666 0.000747 0.001501 0.000549 0.000051 0.000614 0.001737 0.000233 0.000144 0.004422 0.004324 0.012364 0.003172 0.001187 0.000402 0.000115 0.000349 0.001688 0.005966 0.000454 0.000224 0.007558 0.010733 0.012962 0.001676 0.000693 0.001014 0.002949 0.002042 0.002502 0.011647 0.002730 0.001989 0.001881 0.001195 0.002426 0.006425 0.013254 0.001817 0.018565 0.048713 0.002130 0.010370 0.018015 0.000683 0.014055 0.014572 0.000049 0.000283 0.001201 0.006650 0.068104 0.024879 0.001556 0.002007 0.011211 0.001786 0.023939 0.002436 0.052302 0.301989 0.022604 0.041070 0.009189 
