# Flux Network Reconstruction using RW method
# Walkers leave from emitting cells
# Probability involves emitting fluxes, then absorbing flux is shared among connections
# Seed: 1685144763
# Threshold: 0.5
# Precision: 100000.0
# Dt: 1.0
# Radius step: 7.000000
# Matrix output


0.000584 0.003867 0.003953 -0.000000 0.036824 0.010336 0.027559 0.000172 0.049478 0.001668 0.017351 0.000912 0.005318 0.001942 0.004611 0.000460 0.014181 0.001253 0.000030 0.003295 0.000386 0.000807 0.002038 0.015332 0.000467 0.000389 0.006573 0.002435 -0.000000 0.008679 0.001061 0.000469 0.002239 0.000331 0.003694 0.000078 0.002076 0.000950 0.002039 0.001986 0.004144 0.000087 0.002950 0.000789 0.000524 0.000481 0.000543 0.000433 0.001921 0.000405 0.000177 0.000049 0.000101 0.000082 0.000017 0.000669 0.000471 0.000001 0.000187 0.000062 0.000209 -0.000000 0.000011 0.001155 
0.549467 0.429190 0.300173 0.012163 0.009628 0.036104 0.018021 0.003176 0.070670 0.050713 0.001726 0.025222 0.019035 0.002551 0.046644 0.009233 0.006884 0.015788 0.000685 0.024027 0.001189 0.010215 0.002697 0.003293 0.003311 0.002347 0.009482 0.004261 0.003735 0.007039 0.001264 0.003752 0.000794 0.001533 0.001296 0.000015 0.003904 0.000386 0.002397 0.002365 0.000777 0.000277 0.001831 0.000259 0.001327 0.000264 0.000671 0.000607 0.000600 0.000495 0.000217 0.000099 0.000101 0.000163 0.000017 0.000035 0.000177 0.000003 0.000070 0.000031 0.000078 0.000199 0.000008 0.000321 
0.459512 0.405176 0.339424 0.015144 0.017864 0.087156 0.035860 0.003890 0.139710 0.082975 0.002521 0.028260 0.032707 0.004423 0.068825 0.010765 0.010354 0.014033 0.000757 0.034737 0.001603 0.012291 0.003393 0.003293 0.003389 0.002875 0.011960 0.005701 0.002657 0.006847 0.001423 0.004080 0.001149 0.001908 0.001075 0.000018 0.004547 0.000365 0.001824 0.002554 0.000881 0.000277 0.001272 0.000194 0.001013 0.000217 0.000415 0.000563 0.000841 0.000225 0.000079 0.000197 0.000101 0.000041 0.000011 0.000106 0.000177 -0.000000 0.000093 0.000021 0.000105 0.000099 0.000017 0.000128 
0.007010 0.017501 0.012331 0.001192 0.117700 0.046297 0.099387 0.000345 0.136833 0.006204 0.010311 0.003140 0.013783 0.004297 0.013348 0.001890 0.020515 0.002255 0.000150 0.011190 0.000950 0.002813 0.004288 0.014036 0.000974 0.001010 0.014654 0.004951 0.001293 0.015766 0.001910 0.002157 0.003543 0.000981 0.004631 0.000094 0.004399 0.001462 0.004221 0.004966 0.005698 0.000204 0.004425 0.001293 0.002235 0.000884 0.001246 0.001040 0.002282 0.001529 0.000296 0.000493 0.000304 0.000150 0.000090 0.000845 0.000294 0.000008 0.000490 0.000119 0.000366 0.000265 0.000033 0.000577 
0.029012 0.248275 0.117848 0.097068 0.001185 0.003901 0.002621 0.014747 0.010356 0.013344 0.000409 0.053381 0.004099 0.000730 0.021114 0.007956 0.001762 0.041098 0.001338 0.009577 0.000405 0.009362 0.001318 0.001512 0.005881 0.003108 0.005333 0.002374 0.004453 0.003954 0.000866 0.005675 0.000427 0.001676 0.000855 0.000013 0.004497 0.000230 0.001788 0.003263 0.000984 0.000291 0.001475 0.000336 0.001606 0.000341 0.001118 0.000737 0.000120 0.000899 0.000414 0.000296 0.000270 0.000136 0.000062 0.000141 0.000059 0.000008 0.000117 0.000036 0.000157 0.000133 0.000028 0.000385 
0.060554 0.521987 0.282759 0.052111 0.003199 0.007375 0.005097 0.011276 0.024835 0.027095 0.001113 0.075057 0.008265 0.001379 0.039703 0.013792 0.004075 0.043855 0.001882 0.019462 0.000880 0.016211 0.002498 0.002861 0.009504 0.006015 0.010451 0.004991 0.007038 0.006895 0.001450 0.009192 0.000948 0.002922 0.001240 0.000029 0.006623 0.000721 0.003505 0.005486 0.002072 0.000510 0.003357 0.000724 0.002828 0.000558 0.001789 0.002037 0.001801 0.001304 0.000670 0.000493 0.000388 0.000367 0.000136 0.000493 0.000294 0.000007 0.000514 0.000062 0.000366 0.000464 0.000053 0.001027 
0.050624 0.443638 0.238802 0.823287 0.000918 0.004470 0.002002 0.237387 0.011027 0.032893 0.000363 0.481441 0.005562 0.000471 0.044945 0.029640 0.001267 0.232555 0.007521 0.016510 0.000422 0.027464 0.000733 0.000594 0.015073 0.008517 0.003771 0.002272 0.012569 0.000675 0.000539 0.010037 0.000213 0.002845 0.000083 0.000004 0.005288 0.000115 0.001002 0.002270 -0.000000 0.000379 0.000407 0.000065 0.001257 0.000062 0.000383 0.000780 -0.000000 -0.000000 0.000177 0.000099 0.000017 0.000027 0.000011 0.000070 -0.000000 0.000001 0.000023 -0.000000 -0.000000 0.000066 0.000006 -0.000000 
0.119746 0.432242 0.395524 0.033747 0.010221 0.028672 0.017402 0.008888 0.084286 0.153541 0.003248 0.096329 0.032197 0.004372 0.148232 0.037289 0.012391 0.068163 0.002883 0.064805 0.002809 0.039685 0.007495 0.007612 0.018345 0.012604 0.026721 0.013939 0.013933 0.018756 0.004297 0.019135 0.002536 0.007542 0.003142 0.000072 0.020609 0.001545 0.008477 0.012391 0.005077 0.000947 0.006765 0.001344 0.006355 0.001721 0.003739 0.003813 0.002282 0.003148 0.001203 0.001133 0.000777 0.000476 0.000204 0.001162 0.000530 0.000020 0.000771 0.000145 0.000942 0.000928 0.000066 0.001412 
0.004478 0.013838 0.014778 0.000835 0.074892 0.032744 0.085226 0.000394 0.213352 0.007750 0.137992 0.005267 0.025816 0.012448 0.021162 0.002490 0.113450 0.003759 0.000141 0.020286 0.002168 0.003851 0.014455 0.132105 0.001986 0.001818 0.047085 0.013513 0.001365 0.071021 0.006507 0.003283 0.018863 0.002084 0.031645 0.000694 0.011169 0.007237 0.016025 0.015229 0.025902 0.000350 0.020092 0.005378 0.005028 0.003753 0.003739 0.002947 0.020894 0.003778 0.000927 0.000690 0.000743 0.000693 0.000141 0.003556 0.003885 0.000018 0.001518 0.000473 0.001334 0.000961 0.000044 0.004299 
0.015966 0.026659 0.028521 0.002146 0.164715 0.110162 0.265907 0.000443 1.051321 0.018165 0.068019 0.005875 0.086731 0.045203 0.038538 0.003895 0.260991 0.003258 0.000219 0.041430 0.004641 0.005811 0.026226 0.091345 0.001441 0.001849 0.065025 0.018241 0.001652 0.092187 0.006878 0.002673 0.018508 0.002338 0.023321 0.000409 0.009143 0.004971 0.012591 0.011682 0.014349 0.000379 0.012004 0.002844 0.003352 0.001954 0.002045 0.001473 0.008166 0.002114 0.000493 0.000296 0.000236 0.000163 0.000062 0.001549 0.001413 0.000004 0.000561 0.000161 0.000419 0.000265 0.000022 0.001925 
0.004089 0.020350 0.012519 0.015741 0.000770 0.000997 0.001238 0.007632 0.003836 0.003356 0.000250 0.099064 0.001751 0.000316 0.007863 0.003461 0.001157 0.061146 0.001419 0.004085 0.000207 0.005050 0.000733 0.000810 0.004791 0.002502 0.003071 0.001359 0.005243 0.001832 0.000486 0.004549 0.000308 0.001025 0.000772 0.000008 0.003311 0.000313 0.000966 0.001986 0.000725 0.000218 0.001272 0.000246 0.001152 0.000279 0.000735 0.000910 0.000360 0.000899 0.000276 0.000049 0.000101 0.000136 0.000062 0.000246 0.000177 0.000004 0.000163 0.000031 0.000026 0.000265 0.000014 0.000192 
0.001752 0.009158 0.006965 0.001312 0.000622 0.001623 0.001165 0.000394 0.004986 0.003987 0.000477 0.005166 0.001884 0.000333 0.008785 0.002120 0.001157 0.004761 0.000168 0.004874 0.000236 0.003159 0.000895 0.001242 0.001324 0.001072 0.002855 0.001704 0.001077 0.002314 0.000530 0.001923 0.000498 0.000706 0.000441 0.000015 0.002125 0.000240 0.001252 0.002081 0.001450 0.000189 0.001068 0.000349 0.000943 0.000388 0.000767 0.000693 0.000720 0.000809 0.000276 0.000345 0.000203 0.000177 0.000051 0.000387 0.000235 0.000009 0.000140 0.000052 0.000157 0.000199 0.000022 0.000449 
0.001168 0.001425 0.001224 0.000119 0.012709 0.004670 0.013397 0.000049 0.037876 0.000997 0.101336 0.000810 0.004942 0.002740 0.002475 0.000217 0.031694 0.000251 0.000021 0.002609 0.000379 0.000530 0.003468 0.194621 0.000156 0.000280 0.011044 0.002983 0.000431 0.027531 0.001494 0.000422 0.011493 0.000441 0.038178 0.001237 0.002076 0.004866 0.005294 0.004351 0.027404 0.000058 0.010072 0.003426 0.001467 0.002466 0.001502 0.001213 0.030981 0.001934 0.000197 0.000049 0.000236 0.000204 0.000034 0.003591 0.005297 0.000001 0.000514 0.000291 0.000706 0.000199 0.000008 0.002182 
0.005841 0.015466 0.010636 0.002266 0.001155 0.002676 0.002439 0.000591 0.008630 0.005187 0.000772 0.009724 0.003656 0.000655 0.021114 0.005210 0.002644 0.009523 0.000370 0.010263 0.000422 0.006687 0.001591 0.001674 0.003895 0.002051 0.007111 0.003490 0.002442 0.004291 0.000884 0.004221 0.000877 0.001246 0.001599 0.000032 0.005486 0.000606 0.002361 0.003547 0.001554 0.000320 0.003001 0.000659 0.002130 0.000682 0.001086 0.001473 0.001441 0.001664 0.000473 0.000444 0.000253 0.000231 0.000136 0.000563 0.000235 0.000016 0.000327 0.000062 0.000445 0.000464 0.000036 0.000834 
0.045562 0.223040 0.170936 0.070237 0.003851 0.011218 0.008009 0.020853 0.034903 0.054171 0.001249 0.485087 0.016287 0.002091 0.139641 0.112620 0.006196 0.380909 0.019273 0.053546 0.001943 0.136304 0.005096 0.003941 0.078990 0.045412 0.021819 0.012884 0.066146 0.010366 0.004014 0.067677 0.001552 0.016870 0.001792 0.000037 0.032075 0.000971 0.008442 0.012911 0.003005 0.002360 0.006104 0.000776 0.009812 0.001148 0.004218 0.003770 0.001201 0.003283 0.001992 0.001577 0.000591 0.000652 0.000175 0.000528 0.000589 0.000020 0.000584 0.000094 0.000523 0.000829 0.000061 0.001347 
0.008567 0.023606 0.019108 0.001669 0.040023 0.031320 0.058431 0.000468 0.220831 0.010456 0.049964 0.008103 0.046202 0.022254 0.035238 0.004929 0.256612 0.008019 0.000382 0.039233 0.004571 0.008878 0.035125 0.128002 0.005024 0.003435 0.113888 0.031104 0.004525 0.166487 0.014339 0.009286 0.035476 0.004962 0.048405 0.000851 0.025057 0.013513 0.035733 0.033863 0.044344 0.001223 0.040133 0.009488 0.012116 0.008250 0.009938 0.008146 0.024377 0.009174 0.002287 0.001528 0.001756 0.001400 0.000486 0.005950 0.005533 0.000050 0.002919 0.000655 0.003662 0.002187 0.000119 0.007186 
0.009541 0.031136 0.026262 0.015860 0.000948 0.001680 0.001638 0.005146 0.008055 0.008055 0.000295 0.269234 0.003235 0.000517 0.021793 0.013626 0.001157 1.129445 0.012874 0.011842 0.000429 0.025227 0.001392 0.001080 0.065552 0.019691 0.006357 0.003429 0.078571 0.003761 0.001247 0.040100 0.000652 0.005623 0.000634 0.000008 0.012207 0.000282 0.003148 0.004446 0.000777 0.001573 0.002543 0.000440 0.004015 0.000419 0.001821 0.002340 0.000480 0.001214 0.000670 0.000641 0.000405 0.000299 0.000136 0.000387 0.000294 0.000015 0.000280 0.000031 0.000235 0.000298 0.000044 0.000642 
0.012072 0.030526 0.029744 0.002743 0.035550 0.035876 0.057302 0.000911 0.271748 0.017331 0.033680 0.010838 0.078931 0.041274 0.054458 0.006602 0.196638 0.009272 0.000538 0.064736 0.008682 0.013421 0.073072 0.093991 0.006193 0.005548 0.210591 0.057563 0.005889 0.235676 0.023410 0.011725 0.034777 0.007322 0.038730 0.000680 0.033755 0.012322 0.043352 0.041903 0.040044 0.001238 0.041558 0.008170 0.013862 0.007738 0.010162 0.007930 0.019573 0.009714 0.002682 0.001528 0.001604 0.001291 0.000441 0.004612 0.004002 0.000041 0.002896 0.000784 0.002642 0.001790 0.000125 0.007122 
0.013435 0.043957 0.043769 0.004293 0.023552 0.035905 0.043031 0.001354 0.216133 0.025021 0.017238 0.022284 0.102509 0.027958 0.092803 0.011991 0.081095 0.016539 0.000866 0.106509 0.016125 0.022460 0.076702 0.048480 0.012347 0.009496 0.218295 0.078299 0.008618 0.135003 0.024488 0.016650 0.018544 0.010740 0.022631 0.000415 0.045123 0.010004 0.038917 0.047531 0.030460 0.002199 0.034996 0.007006 0.017773 0.006172 0.012079 0.010746 0.013930 0.011063 0.003273 0.003105 0.002567 0.001726 0.000549 0.003943 0.003590 0.000074 0.002499 0.000675 0.002537 0.002420 0.000155 0.007507 
0.001168 0.003256 0.003200 0.000715 0.000267 0.000513 0.000582 0.000345 0.002685 0.001241 0.000227 0.006483 0.000886 0.000190 0.003737 0.001724 0.000716 0.006766 0.000249 0.002643 0.000125 0.005442 0.000547 0.000540 0.003116 0.002098 0.002155 0.001136 0.003160 0.001688 0.000513 0.003471 0.000427 0.001125 0.000469 0.000013 0.002669 0.000219 0.001288 0.001703 0.001036 0.000131 0.001221 0.000233 0.001152 0.000248 0.000703 0.000650 0.000240 0.000630 0.000237 0.000246 0.000236 0.000177 0.000034 0.000211 -0.000000 0.000007 0.000187 0.000057 0.000131 0.000232 0.000011 0.000577 
0.029985 0.087507 0.081232 0.009421 0.010635 0.028672 0.020970 0.003422 0.122258 0.057975 0.005882 0.049937 0.090698 0.011782 0.387422 0.041733 0.028390 0.045859 0.002272 0.598004 0.019067 0.086196 0.033795 0.015008 0.027498 0.026560 0.145027 0.106015 0.022982 0.056364 0.024568 0.047323 0.007228 0.033983 0.007057 0.000135 0.098993 0.003916 0.034875 0.052118 0.008703 0.003918 0.021974 0.003012 0.023255 0.003474 0.011600 0.009923 0.004683 0.006926 0.003214 0.002908 0.001216 0.001019 0.000390 0.001408 0.001530 0.000050 0.001401 0.000213 0.001229 0.000928 0.000072 0.002502 
0.004284 0.021164 0.016849 0.002266 0.002192 0.004242 0.004478 0.000788 0.017835 0.007994 0.001771 0.014991 0.007113 0.001419 0.038247 0.008492 0.004681 0.010776 0.000718 0.022689 0.001071 0.018424 0.004077 0.006208 0.009348 0.005999 0.017670 0.007913 0.007326 0.011620 0.002970 0.012616 0.002097 0.005094 0.003776 0.000065 0.016408 0.001639 0.007583 0.011303 0.005025 0.000845 0.007223 0.001538 0.006529 0.001876 0.004410 0.004896 0.002282 0.003778 0.001735 0.001725 0.001233 0.000829 0.000260 0.001338 0.000765 0.000062 0.001401 0.000208 0.001308 0.000994 0.000077 0.002374 
0.008372 0.046806 0.032851 0.012521 0.002311 0.004186 0.003968 0.004973 0.017356 0.011290 0.000977 0.129046 0.007335 0.001206 0.037519 0.018785 0.003580 0.194965 0.007551 0.020629 0.000964 0.041345 0.003281 0.003671 0.092154 0.033103 0.016054 0.007690 0.080079 0.009209 0.002979 0.065520 0.001683 0.010497 0.002178 0.000049 0.024662 0.001274 0.009121 0.012817 0.004507 0.002243 0.007376 0.001319 0.009288 0.001845 0.005464 0.005546 0.003122 0.004047 0.001913 0.002316 0.000929 0.001427 0.000390 0.001021 0.000589 0.000059 0.001144 0.000156 0.001046 0.001525 0.000102 0.002374 
0.020639 0.074686 0.061183 0.012283 0.008473 0.016457 0.016783 0.003447 0.072588 0.032974 0.004974 0.063004 0.037560 0.006434 0.182062 0.033471 0.019413 0.058139 0.002600 0.133214 0.005926 0.076718 0.018669 0.016142 0.037625 0.029746 0.084743 0.044049 0.029303 0.049131 0.014737 0.057406 0.007548 0.030731 0.010916 0.000203 0.082634 0.005075 0.034625 0.048666 0.017043 0.004937 0.028536 0.004822 0.026712 0.005071 0.017192 0.016293 0.008526 0.014795 0.005305 0.004682 0.003090 0.002786 0.000928 0.003908 0.002649 0.000129 0.003083 0.000577 0.003244 0.003778 0.000316 0.007251 
0.007788 0.027066 0.020049 0.011090 0.000829 0.002392 0.001747 0.003496 0.007000 0.006611 0.000454 0.126818 0.003324 0.000557 0.024026 0.012272 0.001735 0.336052 0.007845 0.010812 0.000456 0.029262 0.001653 0.001404 0.163159 0.034455 0.006788 0.004200 0.263795 0.003761 0.001388 0.080059 0.000545 0.009494 0.000965 0.000019 0.016408 0.000459 0.004900 0.006527 0.001450 0.002622 0.002696 0.000569 0.006634 0.000527 0.002365 0.003943 0.001201 0.001394 0.000986 0.001676 0.000692 0.000476 0.000141 0.000458 0.000235 0.000023 0.000304 0.000068 0.000235 0.000398 0.000044 0.001219 
0.005257 0.016687 0.013931 0.002385 0.013183 0.014493 0.019695 0.000517 0.090231 0.007099 0.014421 0.008610 0.022093 0.008709 0.024268 0.004470 0.053008 0.010024 0.000367 0.026430 0.002872 0.008532 0.024051 0.054688 0.005258 0.003823 0.088298 0.025768 0.004668 0.122033 0.012766 0.009615 0.020605 0.004488 0.026160 0.000508 0.025996 0.009691 0.029831 0.032444 0.035692 0.001078 0.034436 0.008364 0.012396 0.007351 0.011632 0.009143 0.020174 0.011198 0.002741 0.002119 0.002719 0.002079 0.000656 0.005422 0.004297 0.000103 0.003293 0.000935 0.003924 0.002983 0.000183 0.007892 
0.003894 0.009768 0.009413 0.000835 0.024352 0.015689 0.032328 0.000246 0.110943 0.004841 0.083281 0.003444 0.021073 0.010524 0.015920 0.002107 0.094891 0.003258 0.000165 0.018020 0.002020 0.004866 0.020384 0.572743 0.001986 0.001927 0.070089 0.019012 0.002155 0.142572 0.010290 0.004409 0.058640 0.002933 0.126554 0.002445 0.017693 0.021658 0.036270 0.030174 0.089982 0.000655 0.049900 0.014232 0.009078 0.010002 0.009299 0.005720 0.060041 0.010028 0.001459 0.001232 0.001520 0.001400 0.000283 0.011408 0.011419 0.000061 0.003176 0.001252 0.003845 0.001293 0.000091 0.010074 
0.009541 0.028287 0.019767 0.003339 0.020263 0.022722 0.034585 0.000566 0.156490 0.013853 0.022961 0.013674 0.050568 0.020634 0.053294 0.006832 0.096708 0.012279 0.000577 0.062368 0.007846 0.014251 0.100019 0.076661 0.007946 0.006605 0.345490 0.077792 0.007397 0.360987 0.037077 0.014492 0.039208 0.008700 0.042892 0.000757 0.047495 0.018034 0.066566 0.064367 0.051026 0.001471 0.060073 0.011906 0.020322 0.011026 0.015818 0.013173 0.029300 0.015110 0.003273 0.003006 0.002482 0.002691 0.000588 0.006866 0.005886 0.000097 0.003784 0.000982 0.003845 0.002585 0.000185 0.008983 
0.015771 0.056371 0.049793 0.010375 0.008502 0.014265 0.014053 0.002782 0.072492 0.026953 0.005428 0.059256 0.036585 0.006738 0.142068 0.028018 0.022690 0.063652 0.002468 0.119553 0.006524 0.072522 0.023255 0.018679 0.044324 0.038481 0.114373 0.070081 0.038855 0.060365 0.023383 0.080434 0.009598 0.053610 0.011467 0.000239 0.165170 0.006809 0.057445 0.085177 0.021706 0.007661 0.042473 0.006877 0.049512 0.008235 0.025468 0.024786 0.012248 0.021091 0.007809 0.007441 0.005437 0.003819 0.001476 0.004542 0.003237 0.000181 0.004648 0.000733 0.005101 0.005038 0.000446 0.010459 
0.008567 0.017705 0.019673 0.002743 0.012620 0.013895 0.019186 0.000640 0.084957 0.010741 0.014490 0.015295 0.031732 0.010305 0.043489 0.006858 0.051108 0.010275 0.000619 0.049565 0.004972 0.015427 0.049506 0.056686 0.009737 0.007942 0.265811 0.068336 0.008690 0.235531 0.041993 0.017212 0.029445 0.010574 0.036993 0.000669 0.057478 0.017836 0.079014 0.083805 0.056569 0.002709 0.076147 0.015564 0.031705 0.013244 0.022464 0.019153 0.028219 0.021181 0.004654 0.004287 0.003934 0.004539 0.001109 0.009014 0.005945 0.000149 0.006189 0.001294 0.007037 0.004474 0.000316 0.015207 
0.000584 0.004681 0.003577 0.001192 0.000148 0.000484 0.000328 0.000295 0.000959 0.001770 0.000091 0.013472 0.000820 0.000161 0.004999 0.002465 0.000386 0.029069 0.000926 0.003638 0.000135 0.007679 0.000597 0.000324 0.073381 0.013319 0.002047 0.001339 0.255751 0.001398 0.000433 0.081513 0.000201 0.005668 0.000331 0.000006 0.012603 0.000125 0.001788 0.004067 0.000829 0.004384 0.002086 0.000155 0.004504 0.000264 0.001758 0.002557 0.000240 0.001124 0.001242 0.001676 0.000203 0.000285 0.000113 0.000106 0.000059 0.000014 0.000234 0.000036 0.000288 0.000265 0.000036 0.000321 
0.013240 0.038666 0.031250 0.007274 0.005718 0.009168 0.009138 0.002093 0.044300 0.016436 0.003815 0.046594 0.022048 0.004303 0.081494 0.018440 0.014649 0.055132 0.002128 0.062093 0.003607 0.054051 0.015089 0.017492 0.048064 0.039024 0.080271 0.044049 0.043595 0.044744 0.016939 0.100508 0.007607 0.086745 0.010833 0.000218 0.235498 0.006558 0.056801 0.091420 0.021602 0.011390 0.044355 0.007291 0.063270 0.008607 0.035278 0.037005 0.014050 0.025723 0.011654 0.012961 0.006957 0.005314 0.001838 0.005281 0.002708 0.000263 0.005115 0.000873 0.005546 0.007855 0.000520 0.013603 
0.000584 0.000204 0.001318 0.000238 0.000207 0.000370 0.000655 0.000025 0.001534 0.000529 0.000159 0.001317 0.000443 0.000161 0.002136 0.000485 0.000688 0.002506 0.000042 0.001270 0.000108 0.001199 0.000597 0.000702 0.001363 0.000917 0.002424 0.001035 0.001221 0.001205 0.000318 0.003564 0.000355 0.001676 0.000551 0.000010 0.004201 0.000251 0.001860 0.002459 0.000984 0.000262 0.002187 0.000194 0.001920 0.000264 0.000959 0.001040 0.000360 0.001304 0.000670 0.000493 0.000321 0.000299 0.000068 0.000176 0.000177 0.000015 0.000280 0.000031 0.000235 0.000298 0.000028 0.000706 
0.007010 0.026252 0.019861 0.002743 0.006903 0.008314 0.010448 0.001182 0.048903 0.011839 0.006700 0.019752 0.025461 0.006612 0.065719 0.011161 0.028500 0.020298 0.000779 0.068546 0.005548 0.030185 0.036145 0.034012 0.019669 0.016878 0.228908 0.111473 0.017596 0.146574 0.071706 0.043148 0.021174 0.035715 0.023045 0.000484 0.259319 0.017804 0.226204 0.306325 0.049317 0.008273 0.124876 0.017270 0.094800 0.018919 0.057040 0.041945 0.019573 0.037416 0.010570 0.010251 0.007396 0.006347 0.002048 0.009330 0.004179 0.000186 0.008081 0.001611 0.007769 0.006562 0.000603 0.019570 
0.005841 0.025234 0.019955 0.003816 0.003496 0.006691 0.006990 0.001526 0.029917 0.008910 0.002998 0.027855 0.013429 0.002987 0.045916 0.010995 0.011675 0.036587 0.001389 0.037483 0.002329 0.029954 0.010789 0.014522 0.033925 0.024167 0.053496 0.026823 0.032822 0.031870 0.011528 0.072930 0.005557 0.046950 0.009069 0.000200 0.197393 0.005702 0.040956 0.069381 0.018805 0.009977 0.036522 0.006800 0.055204 0.008436 0.031827 0.033235 0.008886 0.023969 0.011220 0.012222 0.006855 0.005137 0.002098 0.004718 0.002590 0.000300 0.006142 0.000842 0.005493 0.008352 0.000650 0.011293 
0.007594 0.021775 0.021838 0.004412 0.004592 0.007318 0.008082 0.001502 0.039698 0.012388 0.005019 0.025424 0.019478 0.003964 0.061690 0.012694 0.016687 0.030824 0.001383 0.054748 0.003744 0.035096 0.018097 0.021703 0.031199 0.025379 0.106508 0.055676 0.027435 0.066296 0.027105 0.070304 0.010759 0.050071 0.015492 0.000319 0.499858 0.010296 0.116929 0.215662 0.035330 0.012715 0.082708 0.011647 0.133663 0.015554 0.063686 0.061055 0.017172 0.046545 0.018260 0.015524 0.010587 0.008916 0.002907 0.008661 0.004473 0.000379 0.010533 0.001434 0.009103 0.011733 0.000761 0.020469 
0.002531 0.008547 0.005648 0.000835 0.001452 0.001651 0.001747 0.000369 0.007671 0.002563 0.001022 0.008407 0.003568 0.000666 0.010630 0.002733 0.002809 0.013031 0.000433 0.006556 0.000475 0.007171 0.002486 0.003293 0.013515 0.007242 0.012552 0.005499 0.014220 0.007763 0.002352 0.028891 0.001576 0.008237 0.002260 0.000056 0.028220 0.001431 0.008656 0.014756 0.004818 0.005695 0.008088 0.001680 0.012849 0.002218 0.007893 0.010530 0.003723 0.007150 0.003766 0.005224 0.002600 0.001848 0.000764 0.001690 0.000883 0.000106 0.001752 0.000307 0.001910 0.003248 0.000227 0.003401 
0.000779 0.002239 0.000377 0.000477 0.000355 0.000513 0.000218 0.000098 0.001247 0.000346 0.000159 0.002228 0.000731 0.000167 0.001699 0.000396 0.000413 0.002757 0.000090 0.001270 0.000087 0.001176 0.000323 0.000702 0.002999 0.001352 0.001886 0.000791 0.005243 0.002025 0.000398 0.007832 0.000308 0.001411 0.000551 0.000012 0.004349 0.000272 0.001502 0.002459 0.001140 0.002782 0.001424 0.000323 0.002095 0.000496 0.001023 0.002080 0.000480 0.001619 0.000947 0.000690 0.000540 0.000394 0.000164 0.000317 0.000294 0.000021 0.000374 0.000052 0.000366 0.000497 0.000044 0.000898 
0.000389 0.002849 0.003294 0.000119 0.007228 0.004356 0.008847 0.000074 0.029342 0.002014 0.022870 0.002431 0.007091 0.003659 0.007620 0.001098 0.032273 0.001002 0.000084 0.008238 0.001056 0.002905 0.010379 0.183986 0.001480 0.001305 0.048271 0.013270 0.001436 0.099661 0.009017 0.003564 0.053474 0.002768 0.302560 0.006517 0.021252 0.080313 0.061094 0.053632 0.475554 0.000816 0.147359 0.055159 0.015643 0.034520 0.019588 0.010530 0.177601 0.023295 0.002189 0.001577 0.002702 0.002990 0.000679 0.035737 0.034139 0.000080 0.007988 0.003964 0.010150 0.003381 0.000149 0.029644 
0.000584 0.001018 0.000847 0.000119 0.000622 0.000484 0.000983 0.000025 0.002014 0.000631 0.000295 0.002026 0.001019 0.000270 0.003446 0.000600 0.000881 0.002255 0.000060 0.001648 0.000142 0.001568 0.000982 0.001404 0.001792 0.001321 0.003448 0.001643 0.001939 0.003375 0.000690 0.003987 0.000592 0.001389 0.000662 0.000020 0.010922 0.000679 0.003541 0.005628 0.002020 0.000757 0.002747 0.000789 0.004923 0.000698 0.003227 0.004463 0.001681 0.003598 0.001597 0.001331 0.000878 0.000748 0.000334 0.000704 0.000706 0.000039 0.000747 0.000119 0.000602 0.001094 0.000072 0.001732 
0.000389 0.001425 0.001130 -0.000000 0.000444 0.000370 0.000582 0.000025 0.002589 0.000325 0.000568 0.000709 0.000931 0.000270 0.001262 0.000332 0.001570 0.000752 0.000027 0.001133 0.000116 0.000461 0.000907 0.003509 0.000623 0.000311 0.003556 0.001319 0.000431 0.004822 0.000804 0.000891 0.001469 0.000386 0.003639 0.000089 0.002521 0.002590 0.004292 0.004304 0.011189 0.000117 0.008952 0.003051 0.002270 0.001721 0.002269 0.002167 0.004683 0.003013 0.000375 0.000641 0.000608 0.000381 0.000226 0.001725 0.001059 0.000018 0.000864 0.000244 0.000916 0.000398 0.000053 0.002246 
0.001558 0.006716 0.007248 0.000835 0.001718 0.003189 0.003422 0.000345 0.015150 0.002889 0.001862 0.007090 0.005673 0.001315 0.012523 0.002707 0.006003 0.007518 0.000301 0.010915 0.000815 0.005949 0.004313 0.010851 0.006154 0.004118 0.026344 0.009841 0.007685 0.020781 0.005419 0.013648 0.004088 0.006164 0.007332 0.000173 0.056243 0.003989 0.028794 0.055476 0.016991 0.002491 0.028536 0.005093 0.041097 0.006513 0.028025 0.024439 0.010087 0.021901 0.008006 0.005322 0.006399 0.004879 0.001759 0.004859 0.002708 0.000219 0.006142 0.000878 0.005807 0.007358 0.000501 0.012961 
0.002337 0.006512 0.006024 0.001431 0.004088 0.004015 0.006225 0.000295 0.028479 0.003417 0.007813 0.005571 0.009240 0.003269 0.016454 0.003282 0.020239 0.006516 0.000259 0.018226 0.001625 0.007587 0.014791 0.046051 0.005920 0.005377 0.080918 0.029502 0.006751 0.101782 0.021005 0.015430 0.025831 0.010629 0.045208 0.000917 0.094743 0.041791 0.342740 0.303771 0.130389 0.004151 0.539131 0.058998 0.086140 0.068265 0.096344 0.054295 0.059921 0.087154 0.012877 0.008131 0.011735 0.012205 0.002704 0.028062 0.016422 0.000313 0.021370 0.004593 0.019096 0.013523 0.000709 0.050241 
0.002726 0.009158 0.006683 0.001073 0.004947 0.004499 0.006917 0.000295 0.033082 0.003906 0.008017 0.005976 0.009196 0.003096 0.014513 0.002414 0.019606 0.005764 0.000255 0.014622 0.001435 0.006364 0.011149 0.049830 0.004596 0.004118 0.056190 0.018870 0.004453 0.064946 0.010635 0.009708 0.020641 0.005844 0.046503 0.001158 0.040131 0.039702 0.090031 0.088724 0.149763 0.002330 0.256874 0.062100 0.034184 0.044585 0.039720 0.027126 0.069407 0.043307 0.007572 0.005125 0.008375 0.007652 0.002042 0.025914 0.016069 0.000262 0.014621 0.003876 0.017553 0.010739 0.000603 0.039782 
0.000389 0.001221 0.000282 -0.000000 0.002696 0.001651 0.003094 0.000074 0.012466 0.000549 0.013218 0.000304 0.002659 0.001511 0.002281 0.000306 0.014291 0.000752 0.000012 0.002918 0.000371 0.000992 0.004624 0.116665 0.000506 0.000653 0.020580 0.005458 0.000287 0.052506 0.004827 0.001173 0.028757 0.001500 0.164043 0.007064 0.011466 0.064723 0.046893 0.040531 1.048031 0.000481 0.157838 0.089919 0.013338 0.066001 0.019620 0.009316 0.372855 0.031749 0.001696 0.001084 0.002415 0.003493 0.000469 0.075629 0.072515 0.000065 0.011397 0.007169 0.017030 0.003546 0.000113 0.046519 
0.003699 0.009361 0.008189 0.001431 0.001570 0.002676 0.002330 0.000739 0.013424 0.004089 0.001749 0.015295 0.005673 0.001160 0.018541 0.005121 0.005232 0.016289 0.000688 0.015515 0.000972 0.014758 0.004885 0.006316 0.022863 0.014687 0.024889 0.011991 0.025424 0.015815 0.005702 0.064582 0.003247 0.020575 0.004796 0.000107 0.117477 0.003195 0.028222 0.050983 0.011086 0.047744 0.026705 0.004279 0.073989 0.006064 0.036716 0.060881 0.006364 0.029501 0.026799 0.038489 0.011820 0.008725 0.004078 0.004964 0.001825 0.000506 0.007077 0.000779 0.005624 0.014285 0.001395 0.011100 
0.002531 0.011600 0.010166 0.001789 0.002311 0.002961 0.005060 0.000542 0.018027 0.005106 0.002952 0.013168 0.008088 0.001861 0.022570 0.004865 0.008564 0.014033 0.000559 0.018707 0.001360 0.013121 0.007346 0.011445 0.016203 0.009760 0.035880 0.016638 0.016734 0.025795 0.008054 0.033909 0.005379 0.016187 0.008490 0.000204 0.143177 0.005931 0.044139 0.084373 0.021861 0.011200 0.043135 0.007588 0.124479 0.011321 0.055378 0.073231 0.014890 0.043487 0.024058 0.022768 0.014893 0.011253 0.004525 0.007429 0.004297 0.000625 0.011468 0.001486 0.010464 0.017699 0.001459 0.020854 
0.001558 0.005698 0.006589 0.000835 0.004088 0.004356 0.007208 0.000271 0.023589 0.003173 0.009402 0.005672 0.008443 0.002901 0.011552 0.002094 0.019633 0.006265 0.000249 0.013284 0.001273 0.006180 0.010453 0.056632 0.003973 0.002906 0.052473 0.017693 0.003878 0.074589 0.011723 0.008348 0.022857 0.005447 0.056868 0.001443 0.045419 0.049320 0.112852 0.113790 0.213999 0.001995 0.409320 0.121422 0.042983 0.079678 0.053333 0.033972 0.098948 0.060801 0.008637 0.006160 0.009574 0.009065 0.002274 0.040490 0.023250 0.000301 0.020249 0.005517 0.023648 0.012595 0.000595 0.056208 
0.002921 0.009972 0.008848 0.001431 0.004118 0.004613 0.006589 0.000419 0.025027 0.005289 0.004747 0.008509 0.009839 0.002769 0.019463 0.003831 0.013438 0.011277 0.000454 0.018947 0.001567 0.009108 0.010379 0.022027 0.008296 0.006232 0.054304 0.021142 0.008187 0.048167 0.010927 0.018666 0.011043 0.009571 0.020233 0.000502 0.076259 0.014129 0.108595 0.197642 0.052477 0.003758 0.119179 0.019713 0.082509 0.026813 0.078993 0.054555 0.035664 0.069255 0.015243 0.011187 0.014487 0.012246 0.003790 0.015703 0.008829 0.000487 0.017774 0.003003 0.016847 0.016539 0.001046 0.036253 
0.001558 0.011600 0.009601 0.001192 0.003229 0.003872 0.004951 0.000517 0.019465 0.005004 0.003339 0.012358 0.008598 0.002154 0.022230 0.005159 0.008536 0.014785 0.000604 0.020595 0.001396 0.013144 0.007756 0.014630 0.014217 0.010055 0.042183 0.018099 0.014508 0.032208 0.009079 0.032877 0.006541 0.016154 0.011274 0.000264 0.151084 0.006965 0.056479 0.108919 0.026523 0.009380 0.056716 0.009799 0.195675 0.014127 0.076117 0.089177 0.015010 0.059856 0.025162 0.022226 0.016733 0.013564 0.004972 0.009506 0.005062 0.000641 0.014013 0.001787 0.013080 0.018925 0.001519 0.025281 
0.001752 0.003256 0.003953 0.000358 0.001215 0.001594 0.001638 0.000197 0.007288 0.001729 0.001045 0.004659 0.002548 0.000753 0.006795 0.001596 0.003084 0.005764 0.000231 0.006659 0.000436 0.004704 0.002337 0.004265 0.006037 0.003745 0.011529 0.005235 0.005171 0.010318 0.002201 0.012616 0.001730 0.004686 0.003253 0.000072 0.032421 0.001838 0.011410 0.020005 0.009117 0.007472 0.013530 0.002740 0.027305 0.003055 0.017000 0.028036 0.006004 0.016864 0.012601 0.016509 0.007261 0.004730 0.002246 0.002465 0.001589 0.000302 0.004414 0.000540 0.004055 0.007855 0.000717 0.008662 
0.000389 0.002035 0.002165 0.000477 0.000563 0.000968 0.001056 0.000197 0.004986 0.000712 0.000409 0.003039 0.001507 0.000391 0.004417 0.001022 0.001680 0.002757 0.000129 0.003467 0.000224 0.002214 0.001342 0.002915 0.002804 0.001927 0.006573 0.002699 0.003016 0.004677 0.001158 0.007363 0.001066 0.002679 0.002040 0.000046 0.016161 0.001044 0.007190 0.011256 0.004248 0.004792 0.006969 0.001655 0.014595 0.002078 0.009427 0.014559 0.002762 0.010343 0.008085 0.012222 0.003698 0.002501 0.001363 0.001268 0.001471 0.000187 0.002826 0.000286 0.001962 0.005469 0.000482 0.004748 
0.000389 0.001628 0.002447 0.000238 0.003496 0.002306 0.003349 0.000098 0.015150 0.001241 0.008267 0.001519 0.003656 0.001327 0.004951 0.000613 0.011125 0.002005 0.000096 0.004565 0.000492 0.001799 0.004425 0.058845 0.001363 0.000886 0.020041 0.006290 0.001796 0.030906 0.004005 0.002908 0.012880 0.001764 0.053918 0.002733 0.012603 0.018619 0.026326 0.028991 0.169086 0.000859 0.069738 0.028142 0.014002 0.029666 0.017384 0.013086 0.448146 0.025498 0.003569 0.001971 0.003900 0.004308 0.000905 0.065031 0.091291 0.000126 0.011421 0.006177 0.016716 0.005535 0.000321 0.046070 
0.001168 0.005902 0.003765 0.000358 0.002311 0.002306 0.003531 0.000197 0.013616 0.001465 0.004610 0.002836 0.003656 0.001402 0.006601 0.000958 0.007573 0.003258 0.000111 0.006487 0.000528 0.002606 0.003518 0.027911 0.001792 0.001150 0.018479 0.006655 0.001724 0.022613 0.003554 0.003424 0.007927 0.002029 0.025250 0.000949 0.014678 0.011153 0.021211 0.024593 0.090811 0.000568 0.051782 0.018188 0.013373 0.018857 0.015083 0.013346 0.111316 0.021496 0.003727 0.002661 0.004255 0.003602 0.000916 0.031090 0.029312 0.000144 0.009062 0.003429 0.011510 0.005568 0.000304 0.029452 
0.001558 0.007937 0.007248 0.001431 0.001896 0.002392 0.002949 0.000345 0.013424 0.002868 0.001862 0.005976 0.004520 0.000971 0.014076 0.003014 0.005315 0.011277 0.000373 0.012254 0.000800 0.008647 0.004388 0.009178 0.008958 0.006776 0.023435 0.010449 0.008762 0.016972 0.004942 0.020730 0.003981 0.008909 0.007222 0.000160 0.072947 0.004344 0.030618 0.053253 0.019323 0.009860 0.032605 0.006541 0.093613 0.008684 0.059340 0.110669 0.011648 0.052841 0.039833 0.034300 0.021714 0.014855 0.006838 0.008204 0.004120 0.000870 0.013453 0.001559 0.010254 0.025256 0.002142 0.022137 
0.000389 0.000204 0.000377 -0.000000 0.000089 0.000199 0.000291 0.000049 0.000479 0.000203 0.000182 0.000405 0.000222 0.000075 0.000777 0.000140 0.000193 -0.000000 0.000021 0.000343 0.000043 0.000277 0.000162 0.000324 0.000351 0.000326 0.000754 0.000365 0.000503 0.000579 0.000274 0.001126 0.000130 0.000408 0.000276 0.000004 0.002521 0.000136 0.001180 0.001088 0.000570 0.001223 0.000610 0.000155 0.001641 0.000264 0.001310 0.002253 0.000360 0.000989 0.001065 0.003006 0.000540 0.000340 0.000221 0.000141 0.000118 0.000036 0.000327 0.000047 0.000235 0.000895 0.000083 0.000770 
0.002142 0.005291 0.005648 0.000954 0.003199 0.002904 0.004733 0.000271 0.019849 0.003255 0.004338 0.006483 0.007180 0.002039 0.015095 0.002631 0.010436 0.009272 0.000301 0.014554 0.001259 0.007563 0.007731 0.026399 0.006115 0.004756 0.042722 0.016130 0.006751 0.044406 0.009459 0.014258 0.010901 0.008479 0.022962 0.000591 0.073293 0.016917 0.099402 0.151578 0.076151 0.004166 0.162212 0.030456 0.097803 0.053719 0.154055 0.089480 0.052956 0.170305 0.023762 0.016805 0.026729 0.023988 0.006425 0.032181 0.016363 0.000823 0.039494 0.006286 0.038350 0.031321 0.001730 0.084312 
0.000584 0.001628 0.001318 0.000119 0.000415 0.000569 0.000801 0.000049 0.003260 0.000631 0.000727 0.001925 0.000931 0.000241 0.002864 0.000728 0.001322 0.002005 0.000081 0.002197 0.000181 0.001660 0.000808 0.001728 0.001986 0.001150 0.004741 0.001948 0.001508 0.002893 0.000778 0.004033 0.000829 0.001577 0.001489 0.000034 0.011614 0.000877 0.005115 0.007709 0.004041 0.003525 0.005341 0.001125 0.010196 0.001349 0.006647 0.014213 0.002402 0.007510 0.008243 0.019811 0.003597 0.002542 0.001493 0.001373 0.000883 0.000175 0.002195 0.000270 0.001883 0.005933 0.000540 0.003786 
0.002142 0.006919 0.004801 0.000835 0.002103 0.002306 0.003058 0.000345 0.011027 0.002746 0.002998 0.005774 0.005894 0.001494 0.012328 0.002682 0.006306 0.007769 0.000274 0.011533 0.000834 0.007679 0.005606 0.013335 0.008179 0.005579 0.030061 0.012661 0.009265 0.024204 0.006869 0.017728 0.005557 0.008733 0.010778 0.000307 0.081942 0.008124 0.059520 0.106601 0.034501 0.007676 0.072790 0.012655 0.148712 0.022254 0.227104 0.233992 0.024137 0.166887 0.049614 0.031047 0.044205 0.034861 0.011663 0.016055 0.006651 0.001389 0.034216 0.003320 0.027546 0.046136 0.002815 0.051524 
0.002142 0.005902 0.005554 0.001431 0.001155 0.002050 0.002621 0.000246 0.011698 0.002990 0.001590 0.005672 0.004476 0.001235 0.012765 0.002873 0.004929 0.008270 0.000316 0.011190 0.000750 0.007794 0.004512 0.008908 0.009348 0.006310 0.024620 0.009962 0.008906 0.020202 0.005508 0.022043 0.003946 0.010045 0.007443 0.000184 0.086983 0.005305 0.038237 0.074867 0.022327 0.012045 0.044711 0.007963 0.135618 0.013042 0.097335 0.271907 0.016211 0.093449 0.079725 0.052337 0.041081 0.029058 0.012998 0.008697 0.004650 0.001545 0.021697 0.001948 0.015460 0.042988 0.003750 0.031248 
0.000779 0.000611 0.001694 0.000119 0.000859 0.000968 0.001420 0.000049 0.004507 0.000854 0.003111 0.001216 0.002216 0.000833 0.006213 0.000958 0.005590 0.002005 0.000093 0.005595 0.000497 0.002905 0.003890 0.017222 0.002532 0.002689 0.023166 0.009820 0.003591 0.028640 0.007355 0.007457 0.008863 0.005623 0.021363 0.000693 0.066671 0.020008 0.122152 0.179860 0.104487 0.003423 0.279764 0.052302 0.110967 0.148936 0.236659 0.109369 0.096066 0.379284 0.020942 0.013010 0.029870 0.036574 0.005656 0.070735 0.026016 0.000632 0.086579 0.014095 0.080440 0.033707 0.001223 0.177993 
0.000974 0.003256 0.004047 0.000358 0.001037 0.001054 0.001638 0.000271 0.007288 0.002258 0.001090 0.006888 0.002992 0.000781 0.008688 0.002477 0.003387 0.007267 0.000231 0.008101 0.000569 0.006410 0.003145 0.005345 0.007829 0.005688 0.014438 0.006249 0.008834 0.011379 0.003466 0.020402 0.002583 0.008137 0.003832 0.000103 0.059949 0.002840 0.021175 0.039538 0.011397 0.015992 0.022585 0.004253 0.061175 0.006079 0.041765 0.098233 0.008646 0.039484 0.060223 0.092255 0.021984 0.014271 0.008298 0.005774 0.002413 0.001204 0.011724 0.001008 0.008188 0.029399 0.003150 0.016811 
-0.000000 0.000204 0.000471 0.000119 0.001126 0.000826 0.001529 0.000025 0.006425 0.000346 0.005110 0.000405 0.001662 0.000574 0.001602 0.000358 0.005397 0.000251 0.000021 0.001854 0.000166 0.000830 0.001964 0.046644 0.000428 0.000451 0.009051 0.002800 0.000287 0.015863 0.001786 0.001313 0.008069 0.000816 0.039364 0.002265 0.006870 0.013617 0.020818 0.019533 0.150799 0.000306 0.057275 0.025802 0.008450 0.032830 0.013133 0.009706 1.527925 0.024014 0.002071 0.001183 0.002617 0.003303 0.000605 0.137632 0.272520 0.000091 0.013336 0.010297 0.019463 0.004077 0.000133 0.061213 
0.000974 0.005902 0.004706 0.000954 0.001511 0.001737 0.002002 0.000345 0.010740 0.002258 0.002407 0.004052 0.003856 0.001040 0.008591 0.001890 0.005755 0.004511 0.000201 0.008135 0.000711 0.004796 0.005021 0.013497 0.006115 0.003372 0.024512 0.009252 0.006033 0.021793 0.005110 0.011584 0.005368 0.005888 0.010585 0.000284 0.055205 0.007926 0.048646 0.075718 0.032947 0.005054 0.070653 0.013922 0.088235 0.024456 0.165239 0.179134 0.029780 0.298427 0.043323 0.027154 0.055096 0.051796 0.012155 0.021689 0.008770 0.001566 0.047295 0.004385 0.037068 0.056875 0.003094 0.073661 
0.000974 0.003256 0.003012 0.000238 0.001037 0.001452 0.002294 0.000148 0.006233 0.001465 0.001226 0.003647 0.002548 0.000569 0.007378 0.001469 0.003139 0.005012 0.000174 0.006487 0.000424 0.003897 0.002523 0.006100 0.004713 0.003295 0.011798 0.005357 0.005889 0.011186 0.003191 0.010130 0.002536 0.004675 0.005265 0.000155 0.039439 0.003415 0.024287 0.039822 0.016007 0.005112 0.029757 0.005843 0.057474 0.008963 0.056688 0.173891 0.012729 0.082746 0.098834 0.050366 0.061040 0.035405 0.023796 0.009049 0.003767 0.002634 0.024430 0.001621 0.016114 0.067415 0.005602 0.031826 
0.000195 0.000611 0.000471 -0.000000 0.000296 0.000342 0.000510 0.000025 0.002110 0.000386 0.000659 0.001519 0.000909 0.000207 0.002815 0.000524 0.001542 0.001002 0.000039 0.002300 0.000169 0.001891 0.001255 0.004913 0.002142 0.001974 0.008135 0.003693 0.002370 0.008631 0.002440 0.007223 0.002239 0.003506 0.004493 0.000119 0.039785 0.003634 0.029688 0.061719 0.019219 0.005112 0.050358 0.008894 0.092321 0.022083 0.191091 0.331835 0.017292 0.521302 0.069866 0.031244 0.165761 0.185899 0.026618 0.017569 0.006945 0.002567 0.083776 0.004109 0.047479 0.114744 0.004736 0.080847 
0.000195 0.001832 0.001506 0.000477 0.001185 0.000797 0.001529 0.000025 0.006616 0.000895 0.002725 0.001519 0.002105 0.000643 0.002524 0.000549 0.004241 0.000251 0.000021 0.002677 0.000287 0.000968 0.001902 0.017438 0.001168 0.000762 0.009805 0.002901 0.000934 0.013066 0.001777 0.002111 0.004550 0.001246 0.015161 0.000752 0.007216 0.006788 0.013664 0.014850 0.051907 0.000452 0.031791 0.011854 0.007123 0.014345 0.009938 0.008320 0.377778 0.015965 0.002603 0.001725 0.002938 0.003343 0.000684 0.071721 0.160981 0.000117 0.008548 0.005793 0.013655 0.004375 0.000252 0.036510 
0.000779 0.001425 0.000847 0.000358 0.000444 0.000513 0.000655 -0.000000 0.002589 0.000610 0.000500 0.000608 0.000842 0.000253 0.001699 0.000345 0.001349 0.001754 0.000039 0.001819 0.000149 0.000830 0.000932 0.001890 0.000896 0.000668 0.004148 0.001846 0.000934 0.003279 0.000751 0.002626 0.000948 0.000772 0.001433 0.000045 0.008501 0.000982 0.004686 0.007804 0.003626 0.000976 0.007070 0.001500 0.009288 0.001985 0.009363 0.022923 0.003362 0.013266 0.017038 0.010053 0.009709 0.005613 0.003880 0.001584 0.001059 0.000581 0.004765 0.000457 0.003113 0.012296 0.001320 0.006673 
0.000584 0.001425 0.001506 0.000119 0.000741 0.000740 0.001383 0.000025 0.004219 0.000427 0.001204 0.001621 0.001396 0.000425 0.002718 0.000409 0.002726 0.002005 0.000051 0.001957 0.000207 0.000922 0.001293 0.008368 0.000701 0.000544 0.006195 0.002151 0.000934 0.007763 0.001096 0.000985 0.002251 0.000728 0.007388 0.000307 0.004695 0.003279 0.007655 0.008371 0.022742 0.000291 0.016023 0.004873 0.004469 0.007552 0.006231 0.005156 0.080335 0.009309 0.001913 0.001035 0.001992 0.001944 0.000543 0.033202 0.030372 0.000091 0.005185 0.002702 0.007586 0.002751 0.000141 0.020148 
-0.000000 0.000204 0.000188 -0.000000 0.000148 0.000057 0.000073 -0.000000 0.000575 0.000122 0.000159 0.000405 0.000177 0.000063 0.000485 0.000115 0.000303 -0.000000 0.000018 0.000446 0.000029 0.000231 0.000112 0.000162 0.000195 0.000155 0.000539 0.000223 0.000359 0.000579 0.000168 0.000375 0.000107 0.000198 0.000248 0.000003 0.001582 0.000178 0.000715 0.001088 0.000414 0.000277 0.000661 0.000220 0.001467 0.000186 0.001182 0.003250 0.000240 0.001664 0.001676 0.015080 0.000743 0.000503 0.000311 0.000352 0.000235 0.000077 0.000444 0.000026 0.000523 0.001458 0.000216 0.000706 
0.000974 0.003663 0.002824 0.000358 0.001215 0.001025 0.001711 0.000172 0.006233 0.001098 0.001499 0.001823 0.002415 0.000747 0.005922 0.000868 0.003304 0.002255 0.000117 0.004291 0.000383 0.002905 0.002399 0.007612 0.002337 0.002036 0.012768 0.004484 0.002801 0.011716 0.002590 0.005863 0.002986 0.002635 0.007084 0.000185 0.022635 0.004334 0.020853 0.033532 0.018908 0.002068 0.034233 0.007381 0.033835 0.013352 0.050265 0.071714 0.020414 0.124659 0.024630 0.016460 0.046400 0.058387 0.010928 0.015562 0.006475 0.001585 0.055773 0.003190 0.036178 0.071657 0.003169 0.063908 
0.000584 0.000611 0.000471 -0.000000 0.000741 0.000484 0.001165 -0.000000 0.002781 0.000142 0.002612 0.000203 0.000842 0.000322 0.001068 0.000166 0.003415 0.000251 0.000009 0.001064 0.000130 0.000438 0.001156 0.024510 0.000389 0.000326 0.004795 0.001867 0.000287 0.009402 0.001238 0.000844 0.004645 0.000617 0.022411 0.001308 0.006524 0.009670 0.013342 0.016127 0.097649 0.000277 0.047051 0.019209 0.007682 0.030380 0.013453 0.009620 0.780774 0.028017 0.001794 0.001232 0.002854 0.003439 0.000509 0.264244 0.419552 0.000087 0.016769 0.017508 0.027206 0.004706 0.000161 0.083286 
0.000195 0.001832 0.000753 0.000119 0.000444 0.000569 0.001019 0.000172 0.004027 0.000509 0.000840 0.001317 0.001640 0.000437 0.002815 0.000639 0.001790 0.001754 0.000054 0.003364 0.000282 0.001914 0.001753 0.005939 0.002415 0.001632 0.009374 0.004017 0.001652 0.009498 0.001795 0.004643 0.002299 0.002790 0.005237 0.000192 0.025749 0.003467 0.022070 0.035565 0.022068 0.003000 0.034284 0.007704 0.040364 0.016950 0.065380 0.104256 0.018733 0.190811 0.037230 0.023852 0.080609 0.106513 0.018762 0.021055 0.008240 0.003036 0.114419 0.004909 0.062835 0.174535 0.005552 0.107412 
0.000779 0.001628 0.001035 0.000358 0.000355 0.000484 0.000582 0.000049 0.002493 0.000712 0.000363 0.000912 0.001019 0.000144 0.002718 0.000575 0.001349 0.001253 0.000072 0.002368 0.000159 0.001914 0.001144 0.002321 0.002337 0.001539 0.004310 0.002171 0.003591 0.005255 0.001026 0.005722 0.000948 0.002194 0.001985 0.000057 0.018879 0.000908 0.007869 0.013810 0.004248 0.003947 0.009919 0.002004 0.023010 0.003303 0.020291 0.054685 0.004203 0.026803 0.046538 0.117339 0.021073 0.012558 0.010368 0.003345 0.001354 0.002144 0.009903 0.000649 0.007298 0.045738 0.008627 0.011999 
0.001168 0.002646 0.001318 0.000119 0.000800 0.000968 0.001238 0.000148 0.004123 0.000671 0.000772 0.001621 0.001618 0.000546 0.004029 0.000881 0.002175 0.001504 0.000084 0.003501 0.000258 0.001706 0.001690 0.003887 0.002220 0.001041 0.008620 0.002881 0.001939 0.006798 0.001680 0.003658 0.001837 0.001676 0.004603 0.000109 0.015024 0.002329 0.012591 0.018539 0.012226 0.001500 0.019126 0.003994 0.018716 0.006575 0.025276 0.044112 0.011768 0.054730 0.017629 0.012862 0.032217 0.030131 0.008711 0.007852 0.002708 0.001476 0.028774 0.001824 0.018364 0.078054 0.002970 0.037344 
0.000584 0.000611 0.000377 0.000119 0.000800 0.000769 0.000947 -0.000000 0.003548 0.000346 0.001363 0.000405 0.001019 0.000350 0.002039 0.000268 0.002313 0.000251 0.000012 0.001476 0.000118 0.000507 0.001094 0.010905 0.000545 0.000373 0.004795 0.001522 0.000359 0.006654 0.000902 0.000563 0.002322 0.000573 0.009042 0.000459 0.004201 0.004365 0.006903 0.009695 0.030719 0.000248 0.019227 0.006515 0.004155 0.009041 0.006519 0.004507 0.286156 0.010793 0.001735 0.000690 0.001689 0.001794 0.000436 0.060806 0.352393 0.000071 0.006423 0.004847 0.009941 0.002917 0.000133 0.031056 
0.000195 0.000407 0.001224 0.000119 0.000859 0.000626 0.001274 0.000074 0.006329 0.000488 0.002203 0.001114 0.001507 0.000580 0.002281 0.000524 0.003029 0.002005 0.000045 0.002025 0.000244 0.001084 0.002014 0.013065 0.000974 0.000637 0.007488 0.003206 0.000718 0.009691 0.001830 0.002017 0.003555 0.001433 0.012790 0.000508 0.010428 0.006474 0.016633 0.021472 0.047763 0.000641 0.041151 0.013095 0.012186 0.023680 0.020451 0.015859 0.116960 0.041598 0.004358 0.003745 0.006737 0.007081 0.001567 0.212980 0.050619 0.000256 0.029591 0.036200 0.053365 0.011865 0.000556 0.179533 
-0.000000 0.000611 0.000282 0.000119 0.000178 0.000199 0.000510 -0.000000 0.001342 0.000163 0.001136 0.000101 0.000576 0.000241 0.001213 0.000179 0.001212 0.000752 0.000030 0.001270 0.000089 0.000646 0.000646 0.006370 0.000584 0.000389 0.004525 0.001907 0.000359 0.007039 0.001193 0.001032 0.002074 0.001136 0.007470 0.000410 0.009786 0.005096 0.015452 0.021755 0.047089 0.000612 0.050103 0.015409 0.014491 0.035528 0.029910 0.021926 0.089941 0.089132 0.005206 0.002809 0.011313 0.014257 0.002223 0.156152 0.037494 0.000343 0.097136 0.060566 0.224735 0.023764 0.000750 1.061989 
-0.000000 0.000611 0.000565 0.000238 0.000415 0.000541 0.000765 0.000025 0.003068 0.000610 0.001590 0.001216 0.001019 0.000431 0.001844 0.000255 0.002010 0.000251 0.000027 0.001407 0.000140 0.000484 0.001479 0.008746 0.000467 0.000482 0.005818 0.001522 0.000718 0.006702 0.000999 0.001313 0.002370 0.000562 0.007002 0.000359 0.004399 0.003404 0.007726 0.008418 0.026161 0.000291 0.016837 0.005623 0.005168 0.007940 0.006711 0.005460 0.142177 0.011962 0.001696 0.001084 0.001925 0.002243 0.000492 0.058341 0.105477 0.000079 0.007380 0.004686 0.010202 0.003215 0.000141 0.030671 
-0.000000 -0.000000 -0.000000 -0.000000 0.000178 0.000057 0.000109 -0.000000 0.000575 0.000020 0.000795 0.000101 0.000111 0.000080 0.000291 0.000026 0.000826 -0.000000 0.000009 0.000206 0.000034 0.000092 0.000261 0.005723 0.000195 0.000078 0.001508 0.000751 0.000072 0.003568 0.000486 0.000188 0.001315 0.000221 0.007636 0.000439 0.003361 0.003958 0.008298 0.010878 0.048591 0.000218 0.032809 0.012979 0.005796 0.029976 0.012974 0.008146 0.180964 0.041373 0.001065 0.000690 0.003917 0.005124 0.000520 0.513630 0.092822 0.000081 0.041386 0.118051 0.095612 0.007225 0.000163 0.410975 
0.000389 0.000814 0.001506 0.000238 0.001126 0.000797 0.001165 0.000025 0.004986 0.000814 0.001249 0.002431 0.001751 0.000396 0.002961 0.000409 0.002588 0.002005 0.000078 0.002986 0.000263 0.001660 0.001666 0.006316 0.001130 0.001103 0.007381 0.003368 0.001508 0.008341 0.001821 0.003236 0.002393 0.001511 0.007195 0.000199 0.011614 0.003676 0.014236 0.020715 0.022224 0.000918 0.027569 0.007136 0.017773 0.013445 0.025340 0.028166 0.030381 0.064128 0.009209 0.006554 0.015180 0.017301 0.004163 0.030667 0.011360 0.000625 0.085131 0.008110 0.120935 0.030095 0.001301 0.211936 
0.000195 0.000611 0.000753 0.000119 0.000148 0.000285 0.000218 0.000049 0.000863 0.000244 0.000204 0.000608 0.000244 0.000092 0.001408 0.000268 0.000496 0.000251 0.000042 0.000858 0.000065 0.000715 0.000472 0.000432 0.000818 0.000559 0.001724 0.000751 0.000934 0.001446 0.000371 0.002017 0.000332 0.000904 0.000441 0.000017 0.007562 0.000418 0.003541 0.005959 0.002331 0.001733 0.004476 0.000789 0.008625 0.001318 0.007350 0.018546 0.001921 0.011063 0.015361 0.067220 0.007666 0.004336 0.003501 0.001549 0.000353 0.000716 0.003690 0.000281 0.002145 0.015975 0.003119 0.004171 
