# Flux Network Reconstruction using RW method
# Walkers leave from emitting cells
# Probability involves emitting fluxes, then absorbing flux is shared among connections
# Seed: 1684539127
# Threshold: 0.5
# Precision: 100000.0
# Dt: 1.0
# Radius step: 7.000000
# Matrix output


0.003556 0.000017 0.000075 0.005694 0.000502 0.000264 0.001327 0.000400 0.000864 0.002595 0.000005 0.000092 0.002656 0.001232 0.000089 0.000923 0.000850 0.002590 0.001399 0.001474 0.000768 0.000704 0.000182 0.000156 0.000125 0.000108 0.000622 0.000203 0.000974 0.000618 0.000839 0.000177 0.000250 0.000289 0.000462 0.000179 0.001053 0.000141 0.000730 0.000139 0.000158 0.000004 0.000041 0.000241 0.000297 0.000306 0.000363 0.000101 0.000071 0.000277 0.000471 0.000000 0.000012 0.000008 0.000016 0.000048 0.000059 0.000030 0.000270 0.000195 -0.000000 0.000124 0.000037 0.000023 0.000069 -0.000000 0.000064 0.000000 -0.000000 0.000514 0.000009 0.000004 0.000275 0.000035 
0.000144 0.000002 0.019532 0.000692 0.128072 -0.000000 0.018098 0.020749 0.000473 0.052635 0.001809 0.034753 0.000379 0.000458 0.001368 0.004123 -0.000000 0.001862 0.050163 0.002272 0.009338 0.000108 -0.000000 0.000759 0.014975 -0.000000 0.002929 -0.000000 0.002018 -0.000000 0.004856 0.006341 0.000100 0.000248 0.000195 0.000357 0.000070 0.000872 0.000104 0.000035 0.000072 0.000027 0.000083 0.000069 0.003272 0.000184 0.000045 0.000152 0.000018 0.000324 0.000314 -0.000000 0.000277 0.000037 -0.000000 -0.000000 0.000039 0.000030 0.001622 0.000065 0.000062 -0.000000 -0.000000 -0.000000 0.000069 0.000001 0.000032 0.000000 -0.000000 -0.000000 -0.000000 -0.000000 -0.000000 0.000139 
0.039981 0.000266 0.005066 0.149006 0.022725 0.005083 0.107736 0.018048 0.045284 0.120012 0.000176 0.002032 0.041351 0.048441 0.003372 0.039940 0.015022 0.093402 0.033375 0.058458 0.016288 0.013316 0.002899 0.003315 0.002928 0.000779 0.006114 0.002208 0.018095 0.004766 0.006714 0.003725 0.002905 0.006570 0.003286 0.002452 0.005899 0.001933 0.004378 0.001324 0.001123 0.000027 0.000684 0.000930 0.001933 0.002267 0.000862 0.000303 0.000284 0.000462 0.001257 0.000000 0.000180 0.000082 0.000033 0.000167 0.000079 0.000304 0.000541 0.000586 0.000062 0.000083 0.000073 0.000015 0.000069 0.000001 0.000193 0.000000 0.000008 0.000257 0.000046 0.000004 -0.000000 -0.000000 
0.002523 0.000356 0.000140 0.010111 0.000251 0.105099 0.001563 0.000380 0.001891 0.003011 0.000005 0.000185 0.055197 0.004240 0.000164 0.001723 0.014172 0.008337 0.002398 0.003500 0.000682 0.003681 0.001103 0.000312 0.000293 0.000337 0.000622 0.001482 0.002436 0.003442 0.000779 0.000266 0.001703 0.002066 0.000925 0.000422 0.002317 0.000165 0.001199 0.000348 0.000403 0.000004 0.000124 0.000482 0.000446 0.000858 0.000408 0.000126 0.000320 0.000185 0.000707 0.000000 -0.000000 0.000033 0.000049 0.000167 0.000079 0.000152 -0.000000 0.000195 0.000062 0.000165 0.000146 0.000031 0.000041 -0.000000 0.000096 0.000000 0.000008 -0.000000 0.000027 0.000013 0.000092 0.000035 
0.063239 0.002119 0.000841 0.265124 0.005267 0.030104 0.015540 0.003802 0.029766 0.031041 0.000059 0.001385 0.197458 0.047123 0.001275 0.013539 0.056971 0.088788 0.014689 0.041387 0.007760 0.026579 0.007412 0.002377 0.001799 0.002149 0.004869 0.008310 0.019765 0.017297 0.006295 0.002882 0.010516 0.012521 0.005598 0.002647 0.012148 0.001744 0.008235 0.003588 0.002607 0.000030 0.000933 0.003308 0.002008 0.004657 0.002676 0.000695 0.001066 0.000601 0.002750 0.000000 0.000241 0.000094 0.000229 0.000932 0.000336 0.000790 0.001081 0.001368 0.000248 0.000909 0.000439 0.000077 0.000041 0.000002 0.000354 0.000002 0.000045 0.001286 0.000109 0.000013 0.000549 0.000278 
0.016723 0.001892 0.000420 0.072055 0.001655 0.198447 0.006870 0.001321 0.012709 0.010797 0.000022 0.000300 0.488620 0.026899 0.000582 0.006523 0.106667 0.046053 0.006095 0.022167 0.003539 0.021842 0.006446 0.000937 0.000669 0.001995 0.002160 0.008165 0.008421 0.016150 0.002458 0.001330 0.008613 0.009050 0.003821 0.001299 0.006952 0.000849 0.005316 0.003100 0.000965 0.000012 0.000363 0.002068 0.000818 0.002083 0.001451 0.000177 0.000622 0.000231 0.001964 0.000000 0.000012 0.000016 0.000065 0.000406 0.000197 0.000425 0.000135 0.000652 0.000186 0.000165 0.000110 0.000054 0.000027 0.000001 0.000032 0.000001 0.000015 0.000129 -0.000000 0.000004 -0.000000 0.000035 
0.007785 0.001043 0.000129 0.036400 0.000451 0.711664 0.002369 0.000260 0.006388 0.004360 0.000006 0.000023 0.384484 0.014409 0.000204 0.002985 0.080969 0.024686 0.001599 0.008904 0.000853 0.012098 0.003172 0.000324 0.000167 0.001075 0.000769 0.004126 0.003062 0.007678 0.001139 0.000399 0.004056 0.004256 0.001485 0.000422 0.002809 0.000283 0.002293 0.001463 0.000432 0.000004 0.000124 0.000827 0.000074 0.000858 0.000408 0.000038 0.000231 0.000023 0.000236 0.000000 -0.000000 -0.000000 0.000065 0.000024 0.000039 0.000091 -0.000000 0.000195 0.000062 0.000041 0.000110 0.000008 -0.000000 -0.000000 0.000064 0.000000 0.000023 0.000129 -0.000000 0.000004 0.000183 -0.000000 
0.023835 0.000407 0.001865 0.145866 0.013595 0.009308 0.029706 0.007884 0.059573 0.061044 0.000163 0.002240 0.104515 0.072046 0.002701 0.028401 0.035997 0.133952 0.035074 0.072888 0.019230 0.029475 0.008173 0.005480 0.005354 0.002191 0.011826 0.007874 0.034797 0.015356 0.014868 0.009445 0.014122 0.018719 0.010271 0.006462 0.022892 0.004431 0.017668 0.006374 0.003802 0.000082 0.001960 0.006203 0.007807 0.010662 0.005806 0.001403 0.002433 0.002058 0.009506 0.000001 0.000577 0.000372 0.000719 0.001314 0.000908 0.002462 0.004190 0.002997 0.000929 0.001900 0.000989 0.000245 0.000275 0.000002 0.000675 0.000004 0.000121 0.002186 0.000255 0.000043 0.002013 0.000625 
0.002114 0.000027 0.029330 0.012133 0.282380 0.000264 0.193584 0.177819 0.008400 1.180916 0.006364 0.057613 0.008725 0.013750 0.032868 0.092341 0.002268 0.050262 0.786416 0.067914 0.195627 0.005007 0.001216 0.017745 0.066594 0.000225 0.050269 0.000552 0.056928 0.000971 0.069842 0.053699 0.001452 0.003636 0.003456 0.007063 0.004775 0.012845 0.003492 0.000627 0.001829 0.000244 0.001856 0.001068 0.021488 0.008701 0.001089 0.001429 0.000622 0.002544 0.002514 0.000000 0.001744 0.000368 0.000016 0.000191 0.000059 0.000912 0.008109 0.001433 0.000062 0.000124 0.000146 0.000031 0.000343 0.000009 0.000257 0.000001 0.000008 0.000129 0.000082 0.000004 0.000366 0.000590 
0.005454 0.000380 0.000205 0.025171 0.000903 0.052219 0.002985 0.000680 0.006294 0.007786 0.000017 0.000254 1.028264 0.015498 0.000320 0.003815 0.229019 0.030594 0.003198 0.012342 0.002132 0.017917 0.006116 0.000737 0.000418 0.001966 0.001208 0.009414 0.006542 0.019592 0.001679 0.001064 0.011017 0.007645 0.002799 0.000861 0.007584 0.000495 0.005681 0.002647 0.000792 0.000008 0.000353 0.001792 0.000372 0.001471 0.001497 0.000240 0.000586 0.000162 0.001414 0.000000 0.000084 0.000033 0.000163 0.000215 0.000158 0.000395 0.000270 0.000456 0.000062 0.000248 0.000110 0.000023 0.000027 0.000000 0.000032 0.000001 0.000008 0.000900 0.000018 0.000013 0.000183 0.000069 
0.000192 0.000001 0.001768 0.000798 0.017056 0.000132 0.006064 0.005542 0.000365 0.030522 0.001605 0.089433 0.000569 0.000573 0.001280 0.003846 0.000189 0.002995 0.074745 0.004176 0.016672 0.000325 0.000080 0.002388 0.134193 0.000008 0.012814 0.000116 0.008769 0.000088 0.024460 0.041638 0.000250 0.000496 0.000657 0.001981 0.001475 0.008697 0.000938 0.000139 0.000533 0.000320 0.001338 0.000482 0.043869 0.004657 0.000363 0.002124 0.000213 0.005735 0.002828 0.000000 0.005966 0.000630 0.000033 0.000430 0.000138 0.001246 0.030813 0.002346 -0.000000 0.000248 0.000366 0.000107 0.001222 0.000029 0.000482 0.000001 0.000023 0.000386 0.000274 0.000026 0.002288 0.001979 
0.028304 0.001506 0.000679 0.166993 0.003461 0.069120 0.016014 0.002661 0.050997 0.026681 0.000040 0.000323 1.571322 0.162740 0.001448 0.022001 0.523511 0.271303 0.010792 0.089713 0.007462 0.208325 0.055373 0.003103 0.001046 0.015833 0.003918 0.053842 0.032362 0.105547 0.005096 0.001641 0.052632 0.045042 0.017183 0.004270 0.033074 0.001273 0.020326 0.011599 0.004148 0.000014 0.000716 0.004584 0.000669 0.005637 0.002722 0.000405 0.001314 0.000393 0.003221 0.000000 0.000108 0.000070 0.000327 0.000239 0.000415 0.001003 0.000135 0.001042 0.000124 0.000207 0.000073 0.000023 0.000014 0.000000 0.000096 0.000000 -0.000000 0.000257 0.000009 -0.000000 0.000183 -0.000000 
0.012302 0.000282 0.002091 0.061837 0.011989 0.009374 0.027716 0.007623 0.035141 0.066028 0.000213 0.003441 0.161798 0.151110 0.003368 0.036924 0.058105 0.318975 0.046366 0.129258 0.025242 0.079005 0.021815 0.009620 0.006818 0.005361 0.018416 0.019526 0.065001 0.036183 0.026258 0.013037 0.034554 0.045745 0.024557 0.010976 0.049646 0.008061 0.037629 0.014211 0.008569 0.000125 0.003775 0.012820 0.013830 0.020834 0.013608 0.002883 0.005382 0.003284 0.021368 0.000002 0.000878 0.000573 0.001291 0.003345 0.002092 0.005045 0.005676 0.006385 0.002105 0.003264 0.002014 0.000544 0.000508 0.000007 0.001447 0.000010 0.000219 0.005401 0.000438 0.000104 0.002745 0.001076 
0.006824 0.000285 0.000517 0.034271 0.003662 0.013137 0.007912 0.002221 0.010764 0.017337 0.000051 0.000993 0.687216 0.029047 0.001026 0.010831 0.281266 0.072601 0.013890 0.034571 0.006780 0.044334 0.017052 0.002500 0.002050 0.005669 0.006004 0.026790 0.020530 0.058598 0.008753 0.003902 0.032401 0.025455 0.010636 0.003913 0.026895 0.002781 0.017980 0.009648 0.003874 0.000046 0.001359 0.007720 0.004610 0.007476 0.006350 0.001011 0.002167 0.001387 0.007934 0.000001 0.000337 0.000250 0.000882 0.001816 0.000790 0.001945 0.000405 0.003388 0.001053 0.001446 0.000806 0.000307 0.000206 0.000001 0.000804 0.000006 0.000075 0.001672 0.000155 0.000056 0.001739 0.000347 
0.003172 0.000078 0.000420 0.016125 0.004164 0.002179 0.007770 0.002641 0.007428 0.020660 0.000074 0.001178 0.052731 0.023490 0.001040 0.012400 0.023998 0.066854 0.016388 0.034141 0.008229 0.028690 0.008310 0.003125 0.003514 0.002345 0.007798 0.010286 0.021366 0.017915 0.011091 0.006031 0.015174 0.018182 0.008786 0.004027 0.023313 0.004148 0.014541 0.006026 0.003572 0.000076 0.001493 0.007306 0.006617 0.010969 0.007711 0.001505 0.002806 0.002151 0.011234 0.000001 0.000553 0.000385 0.000833 0.002557 0.001086 0.002948 0.003108 0.004496 0.001053 0.002107 0.001758 0.000345 0.000357 0.000005 0.001190 0.000009 0.000136 0.002572 0.000310 0.000138 0.002654 0.000590 
0.001538 0.000016 0.008343 0.006439 0.072288 0.000594 0.055905 0.036596 0.004889 0.302522 0.004199 0.062000 0.006070 0.010284 0.019819 0.065263 0.003496 0.048886 1.754498 0.066625 0.345034 0.006198 0.001773 0.034955 0.135029 0.000417 0.153552 0.001308 0.115249 0.002206 0.232547 0.165620 0.003055 0.009463 0.006888 0.019516 0.010182 0.042779 0.009850 0.001637 0.005286 0.000745 0.007270 0.003722 0.065654 0.024511 0.005035 0.006524 0.001865 0.010799 0.009663 0.000000 0.005221 0.001375 0.000180 0.001481 0.000355 0.003100 0.025408 0.005733 0.000433 0.001115 0.000659 0.000268 0.001331 0.000031 0.002123 0.000005 0.000038 0.001414 0.000729 0.000035 0.003752 0.002153 
0.005286 0.000101 0.004764 0.025704 0.031303 0.002575 0.056853 0.020109 0.018827 0.196629 0.000763 0.011107 0.049507 0.052308 0.014621 0.152373 0.019179 0.223792 0.196654 0.318694 0.133332 0.034644 0.010947 0.047555 0.023132 0.002649 0.083110 0.010402 0.279771 0.018533 0.108510 0.048023 0.023136 0.046654 0.032394 0.035720 0.052385 0.028849 0.048573 0.015151 0.015036 0.000419 0.010215 0.017266 0.032790 0.049818 0.018416 0.007169 0.007602 0.008764 0.036451 0.000002 0.002574 0.001486 0.001683 0.005209 0.002862 0.008813 0.014190 0.014464 0.002477 0.005247 0.003625 0.001027 0.001427 0.000015 0.003635 0.000015 0.000385 0.005272 0.001058 0.000186 0.009151 0.002257 
0.001730 0.000036 0.003536 0.010750 0.024330 0.001584 0.030274 0.015087 0.007036 0.120220 0.000692 0.011222 0.021813 0.017159 0.009237 0.053201 0.008976 0.066612 0.188060 0.077371 0.141604 0.012558 0.004138 0.027086 0.027106 0.001196 0.065719 0.005288 0.111143 0.007148 0.093822 0.045496 0.011568 0.019133 0.014213 0.018169 0.026754 0.022462 0.023401 0.006339 0.008037 0.000391 0.007456 0.010511 0.034872 0.032783 0.013608 0.006322 0.005328 0.009620 0.026160 0.000002 0.002370 0.001342 0.001307 0.004349 0.002231 0.007263 0.016488 0.012184 0.002415 0.004627 0.003186 0.000943 0.001620 0.000025 0.003763 0.000022 0.000279 0.006944 0.000821 0.000246 0.008693 0.002153 
0.001730 0.000035 0.001983 0.007557 0.015200 0.000990 0.021272 0.009464 0.005470 0.075163 0.000425 0.006396 0.015933 0.014667 0.005758 0.038093 0.006425 0.054876 0.102424 0.065397 0.063361 0.010799 0.003570 0.020658 0.017318 0.000966 0.041116 0.004852 0.087689 0.008119 0.057672 0.028645 0.009114 0.016529 0.011512 0.013298 0.024577 0.015650 0.020951 0.006339 0.007460 0.000261 0.005279 0.008340 0.022157 0.025736 0.010614 0.004640 0.004689 0.006868 0.019797 0.000002 0.001840 0.001056 0.001144 0.003775 0.001717 0.006504 0.009866 0.011271 0.002353 0.004131 0.002929 0.000805 0.001153 0.000013 0.003635 0.000016 0.000317 0.007972 0.000748 0.000233 0.008144 0.002118 
0.007112 0.000150 0.002533 0.042413 0.014096 0.004159 0.047662 0.012646 0.032913 0.128110 0.000332 0.004965 0.098255 0.115760 0.010178 0.153235 0.035430 0.671053 0.096928 1.052795 0.082378 0.094919 0.026237 0.039687 0.009914 0.005303 0.051331 0.017056 0.380405 0.027093 0.070801 0.025320 0.037959 0.108391 0.070191 0.042263 0.090937 0.018455 0.082554 0.017311 0.025968 0.000203 0.009178 0.019161 0.014425 0.048225 0.017917 0.004046 0.006927 0.004185 0.028517 0.000002 0.000746 0.000671 0.001062 0.003369 0.001559 0.005926 0.004595 0.006841 0.001238 0.002148 0.001611 0.000352 0.000494 0.000007 0.001480 0.000007 0.000083 0.001800 0.000337 0.000073 0.001556 0.000799 
0.002066 0.000053 0.000755 0.012666 0.005318 0.001584 0.008528 0.003161 0.006712 0.029276 0.000128 0.002032 0.035091 0.020138 0.001466 0.013231 0.015778 0.084013 0.026780 0.046914 0.015052 0.028094 0.009253 0.004810 0.004685 0.002304 0.010544 0.009560 0.033475 0.017562 0.019424 0.008691 0.018178 0.027645 0.016136 0.007615 0.032653 0.005940 0.026632 0.011181 0.006251 0.000101 0.002779 0.010511 0.009443 0.017893 0.012202 0.002377 0.004671 0.003515 0.018540 0.000002 0.000938 0.000503 0.001274 0.003512 0.001796 0.003586 0.004595 0.007688 0.001734 0.003801 0.003515 0.000720 0.000494 0.000005 0.001576 0.000015 0.000204 0.006944 0.000392 0.000160 0.004301 0.001111 
0.003148 0.000098 0.000496 0.013570 0.003261 0.004687 0.005591 0.001901 0.006469 0.013600 0.000060 0.001085 0.163885 0.018420 0.000804 0.009046 0.099487 0.055766 0.013590 0.030396 0.007377 0.042899 0.022281 0.002634 0.002719 0.010589 0.005895 0.055062 0.024358 0.120461 0.009952 0.004789 0.059393 0.034422 0.014238 0.004806 0.043959 0.003441 0.028456 0.015883 0.004882 0.000064 0.001566 0.012475 0.004833 0.011214 0.012111 0.001492 0.004334 0.002081 0.014140 0.000002 0.000301 0.000311 0.001274 0.002987 0.001796 0.002766 0.002973 0.005082 0.001672 0.002933 0.001867 0.000421 0.000261 0.000003 0.000965 0.000007 0.000136 0.004886 0.000255 0.000121 0.002196 0.000660 
0.004133 0.000220 0.000065 0.020595 0.000201 0.010893 0.001990 0.000200 0.006523 0.003530 0.000011 0.000023 0.604705 0.025323 0.000222 0.003446 0.587002 0.052690 0.001599 0.017869 0.001876 0.071589 0.040333 0.000770 0.000125 0.026872 0.000952 0.240560 0.007795 0.779160 0.000899 0.000177 0.131155 0.033017 0.008470 0.001315 0.028721 0.000283 0.013134 0.020724 0.001455 0.000002 0.000228 0.004239 -0.000000 0.001532 0.002948 0.000101 0.000746 0.000023 0.002278 0.000001 0.000012 0.000029 0.000425 0.000311 0.000355 0.000182 -0.000000 0.000130 0.000124 0.000083 0.000110 0.000008 0.000014 0.000000 0.000032 0.000001 0.000015 -0.000000 -0.000000 0.000013 -0.000000 -0.000000 
0.008746 0.000194 0.002199 0.044861 0.012642 0.005942 0.035865 0.008824 0.030360 0.096965 0.000275 0.003533 0.131260 0.113955 0.006069 0.082618 0.055648 0.562597 0.071147 0.411723 0.049717 0.151162 0.044210 0.023816 0.009663 0.009785 0.039651 0.032718 0.235021 0.054362 0.057792 0.022526 0.070360 0.157896 0.094870 0.034243 0.139530 0.016899 0.119766 0.031487 0.028949 0.000200 0.008846 0.029431 0.017101 0.049757 0.027941 0.005108 0.010355 0.005527 0.041243 0.000003 0.000866 0.000884 0.002304 0.006117 0.003375 0.008145 0.003649 0.010750 0.002043 0.003264 0.002380 0.000697 0.000563 0.000008 0.002734 0.000012 0.000264 0.004372 0.000474 0.000147 0.004026 0.001319 
0.000505 0.000008 0.004603 0.002980 0.040534 0.000198 0.023689 0.017048 0.002471 0.114302 0.003384 0.097400 0.003035 0.004497 0.006215 0.024093 0.001228 0.021206 0.368427 0.028553 0.101736 0.003194 0.000978 0.015915 0.578518 0.000254 0.091421 0.000843 0.060339 0.001412 0.166302 0.261489 0.002854 0.005744 0.004819 0.015067 0.006811 0.054234 0.007765 0.001393 0.004393 0.001495 0.008504 0.003619 0.160455 0.030455 0.004264 0.012960 0.002487 0.024720 0.013355 0.000001 0.015506 0.002869 0.000327 0.002103 0.000750 0.006990 0.072709 0.011206 0.000433 0.002603 0.001172 0.000567 0.004241 0.000089 0.004246 0.000010 0.000083 0.001543 0.001222 0.000082 0.009242 0.006562 
0.001610 0.000022 0.004818 0.009419 0.039079 0.000990 0.038281 0.020329 0.005321 0.165276 0.001966 0.036992 0.011760 0.014295 0.012902 0.056217 0.004535 0.058032 0.586165 0.083450 0.253147 0.009229 0.003433 0.048381 0.102443 0.000737 0.268515 0.002848 0.173778 0.004501 0.399748 0.205972 0.007512 0.017893 0.013410 0.033756 0.020856 0.071204 0.019440 0.005434 0.011119 0.001127 0.013741 0.009339 0.095619 0.055272 0.011476 0.012378 0.004991 0.018754 0.026081 0.000001 0.007290 0.002554 0.000850 0.003847 0.001382 0.008297 0.034192 0.013617 0.001176 0.004214 0.002856 0.000851 0.002855 0.000040 0.004535 0.000014 0.000151 0.005272 0.001185 0.000156 0.010615 0.004131 
0.002210 0.000035 0.003719 0.010643 0.025283 0.000660 0.029563 0.013506 0.006712 0.116379 0.000809 0.014917 0.023331 0.017360 0.008281 0.046432 0.009165 0.067664 0.216939 0.082959 0.128897 0.014453 0.005070 0.048191 0.042876 0.001337 0.185515 0.006218 0.188810 0.009443 0.220137 0.083320 0.012520 0.024835 0.018229 0.035395 0.035040 0.047186 0.031635 0.009509 0.013279 0.000695 0.012175 0.014026 0.055542 0.055333 0.017781 0.011392 0.007406 0.015169 0.039750 0.000002 0.004343 0.002357 0.001667 0.006738 0.003119 0.012247 0.023380 0.020588 0.002662 0.006610 0.005090 0.001395 0.002608 0.000032 0.005339 0.000027 0.000453 0.009001 0.001587 0.000359 0.012537 0.004479 
0.003988 0.000096 0.001865 0.020808 0.011087 0.002971 0.022646 0.008044 0.012385 0.073191 0.000300 0.005103 0.066009 0.038959 0.004172 0.042678 0.030706 0.169079 0.070348 0.150136 0.044003 0.055837 0.022042 0.019151 0.014264 0.005590 0.040786 0.023856 0.175170 0.046155 0.058571 0.028158 0.053384 0.122937 0.086108 0.032651 0.138898 0.019987 0.122736 0.036084 0.031325 0.000320 0.011242 0.039563 0.029370 0.066363 0.041730 0.007574 0.015949 0.009781 0.063396 0.000006 0.002153 0.001813 0.003807 0.011062 0.006257 0.014253 0.009190 0.020654 0.006315 0.010246 0.008349 0.001686 0.001565 0.000020 0.004600 0.000038 0.000649 0.015945 0.001340 0.000531 0.012079 0.002812 
0.001297 0.000024 0.002048 0.007344 0.014498 0.000858 0.020704 0.009384 0.005024 0.086583 0.000750 0.013370 0.013467 0.015383 0.007273 0.046586 0.006803 0.072601 0.218538 0.103898 0.132394 0.014101 0.004513 0.074887 0.051661 0.001204 0.338591 0.003981 0.445128 0.006001 0.545427 0.159323 0.011218 0.030455 0.027526 0.125637 0.040377 0.133875 0.039765 0.008847 0.025017 0.001310 0.032667 0.017783 0.088704 0.121328 0.022589 0.020824 0.009609 0.024118 0.052634 0.000002 0.005100 0.003069 0.001013 0.006762 0.002171 0.014922 0.029597 0.021891 0.001610 0.004834 0.003186 0.001073 0.002869 0.000033 0.005114 0.000019 0.000257 0.005915 0.001286 0.000134 0.011255 0.004652 
0.000793 0.000022 0.000151 0.004044 0.000351 0.001320 0.001090 0.000360 0.001445 0.002595 0.000010 0.000092 0.042868 0.005500 0.000227 0.002369 0.030517 0.015378 0.003797 0.008351 0.001663 0.014291 0.010299 0.000737 0.000460 0.005886 0.001245 0.098909 0.006194 0.482287 0.001918 0.000709 0.142523 0.029422 0.009735 0.001445 0.049857 0.000731 0.022254 0.042528 0.003039 0.000012 0.000591 0.010856 0.000818 0.004534 0.009435 0.000316 0.002984 0.000324 0.008956 0.000003 0.000072 0.000074 0.001765 0.001577 0.002013 0.001398 0.000811 0.001173 0.001610 0.001198 0.000952 0.000146 0.000027 0.000000 0.000225 0.000003 0.000151 0.001286 0.000119 0.000043 0.000824 0.000174 
0.000745 0.000016 0.000798 0.003512 0.006321 0.000528 0.007959 0.003201 0.002485 0.026889 0.000186 0.003071 0.007208 0.007362 0.001822 0.012893 0.005196 0.027519 0.041569 0.027939 0.023068 0.006685 0.002387 0.009587 0.010081 0.000725 0.027496 0.003835 0.069873 0.005030 0.048020 0.022748 0.006711 0.013223 0.010782 0.022179 0.021417 0.015768 0.017355 0.005434 0.007835 0.000261 0.006409 0.009684 0.023347 0.030455 0.012746 0.004855 0.004920 0.007145 0.024196 0.000002 0.001576 0.001125 0.001454 0.004396 0.002388 0.007172 0.010406 0.012965 0.001919 0.005577 0.003552 0.000789 0.001208 0.000013 0.003313 0.000019 0.000370 0.005272 0.000939 0.000203 0.007595 0.002118 
0.001346 0.000019 0.002479 0.006013 0.019564 0.000594 0.018998 0.010084 0.004146 0.078174 0.001003 0.022768 0.013467 0.009625 0.005589 0.031324 0.004441 0.044192 0.212242 0.055633 0.096193 0.008066 0.003251 0.028214 0.086548 0.000883 0.169845 0.002993 0.147262 0.008384 0.366656 0.304900 0.007912 0.019215 0.014992 0.044926 0.026614 0.152966 0.028665 0.007419 0.014446 0.002026 0.023738 0.015164 0.152499 0.089709 0.018008 0.024327 0.008152 0.037068 0.051534 0.000002 0.010357 0.004977 0.001683 0.007311 0.002546 0.016380 0.050275 0.027429 0.003282 0.008717 0.006152 0.001762 0.005078 0.000064 0.009167 0.000026 0.000392 0.007844 0.002462 0.000294 0.018393 0.008367 
0.000553 0.000012 0.000636 0.003672 0.004565 0.000396 0.006301 0.002661 0.002296 0.022217 0.000143 0.002817 0.009105 0.007104 0.001391 0.010031 0.004441 0.022339 0.033075 0.028246 0.015265 0.007227 0.002649 0.006585 0.008408 0.000875 0.018489 0.004562 0.054145 0.009266 0.028836 0.016274 0.011218 0.019174 0.014749 0.017324 0.031810 0.012586 0.030072 0.008185 0.012026 0.000234 0.006907 0.013785 0.020522 0.040627 0.019187 0.005285 0.007140 0.007400 0.035194 0.000002 0.001407 0.001150 0.002271 0.006738 0.003099 0.008266 0.009055 0.013552 0.002786 0.006652 0.004650 0.001310 0.001469 0.000015 0.004021 0.000026 0.000430 0.011573 0.000875 0.000281 0.008053 0.002326 
0.000625 0.000007 0.001434 0.002448 0.008779 0.000528 0.007580 0.004142 0.001796 0.030626 0.000414 0.010530 0.004173 0.004182 0.001728 0.009262 0.002834 0.017644 0.059056 0.017501 0.023153 0.004114 0.001171 0.005658 0.050448 0.000396 0.029546 0.002179 0.034380 0.002912 0.051917 0.061060 0.004257 0.008182 0.005914 0.010002 0.013061 0.023098 0.011935 0.003657 0.005026 0.000824 0.006679 0.007513 0.097031 0.030945 0.009843 0.010064 0.004298 0.019124 0.020896 0.000001 0.008613 0.002791 0.001029 0.004922 0.001816 0.009512 0.043652 0.016875 0.002043 0.005040 0.003918 0.001149 0.003651 0.000060 0.006079 0.000018 0.000317 0.008230 0.001742 0.000246 0.015465 0.005971 
0.000192 0.000003 0.000043 0.001171 0.000702 0.000132 0.000569 0.000300 0.000486 0.002284 0.000014 0.000346 0.005880 0.001518 0.000133 0.001262 0.002834 0.005099 0.002098 0.003132 0.001450 0.002923 0.001432 0.000636 0.000502 0.000671 0.001684 0.006015 0.004176 0.016326 0.001739 0.001109 0.017578 0.008802 0.004089 0.000925 0.018890 0.000966 0.010007 0.018147 0.001872 0.000016 0.000591 0.007720 0.001933 0.005086 0.007530 0.000569 0.002593 0.000717 0.008249 0.000002 0.000120 0.000119 0.001732 0.002031 0.002073 0.001945 0.000811 0.002215 0.001919 0.002107 0.002270 0.000268 0.000069 0.000000 0.001029 0.000006 0.000196 0.003858 0.000119 0.000112 0.001190 0.000312 
0.000312 0.000006 0.000711 0.001330 0.005217 -0.000000 0.004975 0.002741 0.001107 0.018272 0.000230 0.005981 0.004363 0.002750 0.000902 0.005200 0.001701 0.009065 0.033075 0.010132 0.013389 0.002409 0.000898 0.003259 0.033046 0.000262 0.013986 0.001046 0.020043 0.002824 0.026438 0.029177 0.003055 0.004339 0.003505 0.005602 0.008918 0.013081 0.007296 0.001916 0.003039 0.000518 0.004242 0.004928 0.073907 0.019302 0.005942 0.006069 0.002558 0.015216 0.013748 0.000001 0.009623 0.002026 0.000801 0.002843 0.001204 0.006868 0.050140 0.012770 0.001919 0.003966 0.003149 0.000789 0.003418 0.000065 0.004278 0.000016 0.000219 0.005658 0.001432 0.000173 0.010706 0.006249 
0.000240 0.000004 0.001455 0.001650 0.013244 0.000132 0.008528 0.005202 0.001256 0.038620 0.000903 0.027109 0.002276 0.003294 0.002315 0.011046 0.000661 0.012060 0.125307 0.015474 0.039313 0.002598 0.000966 0.009464 0.173472 0.000196 0.059422 0.000843 0.052405 0.001942 0.125296 0.229074 0.002354 0.005703 0.005111 0.017779 0.008637 0.085675 0.009590 0.002961 0.007259 0.004644 0.017775 0.005996 0.718403 0.068017 0.008936 0.036136 0.004138 0.090692 0.032602 0.000001 0.045302 0.009847 0.000556 0.005065 0.001303 0.018265 0.213127 0.036681 0.001672 0.005908 0.003918 0.001341 0.014878 0.000237 0.012802 0.000031 0.000174 0.007072 0.004158 0.000242 0.032028 0.020831 
0.000697 0.000012 0.000259 0.003299 0.002408 0.000198 0.004643 0.001701 0.001648 0.012873 0.000078 0.001478 0.007587 0.005586 0.000782 0.006185 0.004346 0.019749 0.015888 0.017869 0.008826 0.007145 0.002899 0.002935 0.003932 0.001096 0.009885 0.005405 0.025750 0.009619 0.015827 0.009445 0.013872 0.022025 0.018229 0.007258 0.046838 0.006953 0.040964 0.014246 0.015454 0.000123 0.004314 0.028328 0.012714 0.032967 0.031887 0.003629 0.012255 0.004810 0.046271 0.000004 0.001047 0.000888 0.003006 0.007861 0.004126 0.010454 0.007703 0.015767 0.004582 0.007974 0.006518 0.001479 0.001098 0.000011 0.003795 0.000033 0.000521 0.011187 0.000903 0.000449 0.008419 0.002187 
0.000384 0.000011 0.001261 0.002022 0.007575 0.000396 0.008102 0.003962 0.001526 0.029380 0.000466 0.012608 0.003983 0.004641 0.002106 0.011816 0.002551 0.018049 0.077043 0.020878 0.031254 0.003952 0.001592 0.009855 0.062871 0.000400 0.049134 0.002237 0.061313 0.003354 0.096940 0.121942 0.006059 0.011323 0.009711 0.022634 0.019592 0.076224 0.019127 0.005573 0.010687 0.004896 0.025750 0.012579 0.591110 0.105703 0.017962 0.057086 0.009236 0.128153 0.059940 0.000002 0.025454 0.014262 0.001618 0.010776 0.003395 0.029509 0.127579 0.060267 0.003034 0.013221 0.008495 0.003149 0.014727 0.000186 0.019363 0.000059 0.000634 0.016716 0.006146 0.000618 0.047767 0.021594 
0.000384 0.000014 0.000129 0.002395 0.000903 0.000528 0.001942 0.000620 0.001526 0.005502 0.000025 0.000531 0.016502 0.005758 0.000422 0.004862 0.009826 0.019506 0.007295 0.018115 0.005117 0.012856 0.006718 0.002734 0.002008 0.003103 0.005858 0.022112 0.027490 0.046596 0.010431 0.005410 0.081077 0.068679 0.038332 0.008248 0.217054 0.006199 0.134306 0.218213 0.025118 0.000092 0.005538 0.219354 0.008551 0.048960 0.216136 0.003743 0.059197 0.003677 0.145961 0.000073 0.000650 0.000962 0.041894 0.043294 0.049605 0.025072 0.002703 0.030817 0.036778 0.029044 0.024717 0.003893 0.000933 0.000009 0.005532 0.000064 0.003019 0.040633 0.001030 0.001352 0.008785 0.001458 
0.001033 0.000016 0.000658 0.004417 0.005769 0.001122 0.006349 0.003161 0.003147 0.026785 0.000194 0.002979 0.014985 0.010227 0.001773 0.013170 0.007086 0.035936 0.038471 0.034141 0.021234 0.013127 0.005752 0.008281 0.011754 0.001658 0.026910 0.008136 0.070360 0.017297 0.044663 0.029887 0.025290 0.040910 0.033854 0.025053 0.088058 0.024229 0.082554 0.029153 0.043827 0.000488 0.020762 0.072785 0.048032 0.180154 0.105233 0.015425 0.050050 0.018615 0.246672 0.000012 0.003476 0.003962 0.008954 0.037130 0.014568 0.050022 0.021488 0.068020 0.014798 0.033878 0.025339 0.006069 0.003733 0.000037 0.017369 0.000113 0.002136 0.043462 0.003520 0.001417 0.035414 0.006631 
0.000817 0.000019 0.001261 0.003885 0.006772 0.000594 0.009807 0.003802 0.002715 0.031872 0.000332 0.008082 0.011571 0.007362 0.002253 0.014370 0.004724 0.029866 0.057357 0.030948 0.031595 0.009013 0.003729 0.010915 0.032126 0.000937 0.044704 0.003748 0.079129 0.007148 0.085609 0.067046 0.012169 0.023224 0.018594 0.031694 0.043607 0.059796 0.040339 0.012191 0.021359 0.001490 0.051490 0.028707 0.140379 0.209996 0.040460 0.064002 0.017601 0.059128 0.113202 0.000005 0.010020 0.010420 0.003693 0.020715 0.007422 0.048837 0.055275 0.078249 0.008668 0.023838 0.016112 0.004720 0.008304 0.000078 0.022837 0.000096 0.001290 0.032790 0.005553 0.001071 0.048316 0.015241 
0.000649 0.000013 0.001002 0.002661 0.006321 0.000132 0.008481 0.003321 0.001850 0.025331 0.000293 0.006858 0.007208 0.005386 0.001862 0.011200 0.003212 0.019668 0.054659 0.022229 0.023409 0.005548 0.002183 0.007913 0.028905 0.000737 0.031853 0.003371 0.053727 0.006266 0.062348 0.053566 0.006861 0.014215 0.010757 0.016594 0.023454 0.041435 0.018762 0.008533 0.010010 0.001650 0.019196 0.014543 0.157778 0.078679 0.022589 0.040447 0.010141 0.061302 0.058997 0.000003 0.010297 0.008459 0.002598 0.011421 0.004086 0.025315 0.055951 0.043001 0.005325 0.014625 0.010839 0.002912 0.007604 0.000078 0.014635 0.000060 0.000785 0.021474 0.004413 0.000734 0.032760 0.012741 
0.000144 0.000004 0.000065 0.001064 0.000652 0.000264 0.000758 0.000360 0.000297 0.002388 0.000010 0.000277 0.003225 0.000974 0.000151 0.001169 0.001984 0.005180 0.003397 0.003684 0.001620 0.002138 0.000887 0.000681 0.001213 0.000325 0.002050 0.002644 0.004802 0.004589 0.002578 0.001729 0.007712 0.005992 0.004040 0.001364 0.015378 0.001320 0.009068 0.012260 0.002117 0.000025 0.000840 0.009133 0.002900 0.006557 0.010841 0.000860 0.003765 0.001017 0.012726 0.000004 0.000217 0.000201 0.004036 0.003202 0.004619 0.002887 0.001487 0.005668 0.004334 0.004090 0.003296 0.000667 0.000220 0.000002 0.001383 0.000014 0.000536 0.005272 0.000201 0.000264 0.002562 0.000486 
0.000168 0.000002 0.000733 0.000905 0.007324 -0.000000 0.004217 0.002601 0.000378 0.016818 0.000531 0.017503 0.001138 0.001232 0.001355 0.005262 0.000472 0.007203 0.071147 0.010193 0.021959 0.001624 0.000466 0.005837 0.111646 0.000129 0.032512 0.000494 0.034032 0.001324 0.070502 0.129702 0.001502 0.004215 0.003286 0.011869 0.005618 0.053951 0.006775 0.001428 0.004954 0.003671 0.014809 0.003963 1.071433 0.064034 0.008845 0.040397 0.004298 0.135784 0.034251 0.000001 0.083904 0.015114 0.000752 0.005543 0.001125 0.019906 0.358680 0.046128 0.001424 0.007519 0.004321 0.002077 0.026133 0.000418 0.017433 0.000041 0.000279 0.006558 0.006511 0.000289 0.047218 0.037391 
0.000649 0.000013 0.000453 0.003140 0.003662 0.000462 0.006349 0.002521 0.001904 0.021905 0.000199 0.004618 0.008346 0.005787 0.001497 0.010554 0.004157 0.029461 0.043867 0.029843 0.021874 0.008499 0.002990 0.009877 0.021417 0.000921 0.037235 0.004417 0.084906 0.008207 0.068523 0.050107 0.012670 0.027149 0.026821 0.039373 0.057020 0.054446 0.057277 0.017589 0.042055 0.001185 0.065304 0.050626 0.112274 0.713814 0.075795 0.056796 0.039322 0.056862 0.299699 0.000009 0.007639 0.012085 0.006045 0.042243 0.011962 0.106731 0.048383 0.151611 0.013002 0.040157 0.025705 0.008130 0.008839 0.000078 0.034030 0.000142 0.001955 0.041148 0.007687 0.001495 0.065611 0.014512 
0.000577 0.000016 0.000905 0.003512 0.007324 0.000198 0.006349 0.003522 0.001999 0.023463 0.000280 0.006997 0.007018 0.005643 0.002017 0.010893 0.003401 0.018858 0.055359 0.021983 0.024219 0.005711 0.002251 0.007578 0.030829 0.000575 0.032695 0.002935 0.054423 0.005030 0.064506 0.055074 0.007512 0.014380 0.012072 0.017211 0.025139 0.041200 0.024495 0.007732 0.011580 0.001703 0.020596 0.016335 0.191534 0.099514 0.025038 0.054520 0.009857 0.094785 0.068503 0.000003 0.012643 0.011901 0.003039 0.012783 0.004876 0.034189 0.069601 0.057270 0.005820 0.016774 0.010619 0.003663 0.009553 0.000102 0.020843 0.000075 0.001049 0.022503 0.005553 0.000804 0.046212 0.016665 
0.000384 0.000015 0.000248 0.002714 0.002157 0.000132 0.002321 0.001080 0.001202 0.006748 0.000055 0.001224 0.006829 0.003982 0.000529 0.004215 0.004724 0.017402 0.011092 0.012588 0.005287 0.006550 0.003399 0.002187 0.002552 0.001275 0.006407 0.007584 0.018443 0.015885 0.011031 0.005898 0.023687 0.024587 0.014213 0.005602 0.055054 0.005209 0.036795 0.040055 0.008930 0.000096 0.003391 0.045766 0.010186 0.026288 0.055383 0.003300 0.018347 0.004370 0.060333 0.000023 0.000986 0.000855 0.017810 0.018326 0.021457 0.012794 0.004865 0.021696 0.021671 0.019376 0.015452 0.002782 0.001029 0.000009 0.005211 0.000063 0.001879 0.033433 0.001112 0.000851 0.009700 0.002187 
0.000577 0.000021 0.000431 0.003619 0.003762 0.000594 0.005685 0.001901 0.002499 0.015884 0.000144 0.002148 0.011381 0.006904 0.001128 0.009723 0.006236 0.029623 0.025681 0.030641 0.016544 0.011178 0.005138 0.006194 0.010374 0.001745 0.020393 0.008339 0.059225 0.016768 0.034172 0.021772 0.028144 0.042398 0.033441 0.020929 0.098520 0.019421 0.086827 0.040264 0.042358 0.000386 0.017236 0.115346 0.037325 0.161771 0.209967 0.013693 0.115338 0.016719 0.517540 0.000021 0.003260 0.003622 0.014705 0.067617 0.027181 0.069928 0.017029 0.089586 0.022847 0.049329 0.036324 0.008016 0.004063 0.000031 0.019395 0.000133 0.002966 0.063136 0.003930 0.002022 0.036146 0.006978 
0.000240 0.000003 0.000097 0.000532 0.001003 -0.000000 0.000711 0.000340 0.000338 0.002595 0.000015 0.000369 0.003225 0.001203 0.000209 0.001539 0.001795 0.005261 0.003597 0.004053 0.002004 0.001922 0.000830 0.000703 0.001631 0.000333 0.001867 0.001743 0.006472 0.004148 0.003537 0.002661 0.004257 0.005207 0.003310 0.001591 0.010814 0.001603 0.009902 0.007175 0.002564 0.000039 0.001213 0.010029 0.004610 0.009375 0.015876 0.001113 0.004742 0.001804 0.018540 0.000009 0.000337 0.000336 0.007369 0.007287 0.009751 0.005592 0.001757 0.009512 0.007492 0.007726 0.005969 0.001264 0.000384 0.000003 0.002284 0.000028 0.000845 0.015302 0.000328 0.000432 0.004209 0.000799 
0.000336 0.000006 0.000625 0.001437 0.004013 0.000198 0.003411 0.002101 0.001026 0.018791 0.000231 0.005680 0.002845 0.002779 0.001049 0.005723 0.001417 0.009065 0.036773 0.010378 0.012706 0.003031 0.001023 0.003984 0.026186 0.000375 0.018086 0.001337 0.026098 0.003001 0.032013 0.034809 0.003606 0.007645 0.004795 0.007826 0.011235 0.019940 0.010580 0.003379 0.005127 0.000846 0.008048 0.007306 0.166626 0.037379 0.011294 0.015615 0.004991 0.045878 0.028674 0.000002 0.034199 0.006773 0.001438 0.006356 0.002803 0.016441 0.172042 0.035639 0.003220 0.010907 0.006811 0.002245 0.016319 0.000260 0.014378 0.000047 0.000558 0.014273 0.005198 0.000523 0.041087 0.025934 
0.000529 0.000008 0.000313 0.001916 0.002709 0.000330 0.003269 0.001461 0.001053 0.012873 0.000073 0.001570 0.009105 0.004125 0.000658 0.004862 0.003212 0.014893 0.016288 0.013079 0.008016 0.005711 0.002694 0.003080 0.005271 0.000941 0.009556 0.005869 0.027490 0.011296 0.017505 0.011041 0.015624 0.019587 0.014554 0.007988 0.047891 0.009169 0.037160 0.024834 0.013553 0.000211 0.006378 0.049798 0.021786 0.057355 0.091807 0.006524 0.037084 0.009805 0.164343 0.000021 0.001768 0.002042 0.018561 0.072444 0.033241 0.040176 0.012434 0.063915 0.033249 0.054948 0.043098 0.008008 0.002072 0.000020 0.013895 0.000160 0.003985 0.077795 0.002918 0.002255 0.032028 0.003923 
0.000529 0.000012 0.000485 0.002182 0.004114 0.000264 0.004880 0.002501 0.001648 0.020452 0.000183 0.004018 0.007777 0.005099 0.001240 0.007846 0.003779 0.020882 0.034574 0.020816 0.018889 0.005305 0.002365 0.006484 0.017318 0.000762 0.025372 0.003835 0.045376 0.007325 0.042325 0.034499 0.010316 0.017893 0.014725 0.016399 0.036936 0.025832 0.033251 0.013479 0.016030 0.000719 0.021851 0.028535 0.083276 0.157114 0.046992 0.032798 0.021970 0.041415 0.157430 0.000008 0.007987 0.010248 0.006797 0.033283 0.011528 0.094058 0.045004 0.166792 0.013002 0.044661 0.032040 0.009487 0.009813 0.000067 0.040142 0.000183 0.002438 0.058507 0.009274 0.002104 0.085286 0.018886 
0.000024 0.000002 0.000054 0.000373 -0.000000 0.000132 0.000237 0.000160 0.000149 0.000934 0.000005 0.000069 0.000759 0.000401 0.000040 0.000431 0.000756 0.002023 0.001699 0.001412 0.000640 0.000785 0.000250 0.000212 0.000335 0.000108 0.000952 0.000523 0.001949 0.001500 0.001619 0.000709 0.001302 0.001405 0.001168 0.000520 0.004635 0.000330 0.002241 0.001916 0.000922 0.000008 0.000373 0.003619 0.000892 0.002819 0.004536 0.000455 0.001634 0.000277 0.006992 0.000002 0.000120 0.000090 0.005016 0.002628 0.003553 0.001580 0.001216 0.002997 0.005820 0.002975 0.002783 0.000429 0.000233 0.000001 0.000643 0.000009 0.000400 0.005529 0.000155 0.000268 0.001281 0.000382 
0.000216 0.000010 0.000291 0.001330 0.002508 0.000264 0.002606 0.001481 0.001324 0.010797 0.000094 0.001940 0.005311 0.003180 0.000653 0.006369 0.003118 0.014569 0.016488 0.014246 0.010361 0.005792 0.002205 0.004141 0.008868 0.000796 0.013766 0.003981 0.032501 0.007678 0.022721 0.018092 0.012369 0.020166 0.015771 0.013915 0.041290 0.017111 0.039818 0.019505 0.021474 0.000427 0.015629 0.049936 0.048032 0.146758 0.088858 0.017701 0.044668 0.024026 0.375507 0.000016 0.004258 0.006102 0.015228 0.112488 0.029569 0.246830 0.028246 0.265890 0.032320 0.121257 0.076640 0.022299 0.006863 0.000046 0.045674 0.000370 0.005358 0.118300 0.009183 0.004113 0.087482 0.012498 
0.000048 0.000004 0.000151 0.000798 0.001354 -0.000000 0.000995 0.000880 0.000297 0.006021 0.000094 0.002933 0.001138 0.001346 0.000418 0.002708 0.000567 0.005908 0.017587 0.007614 0.008059 0.001732 0.000705 0.003203 0.019535 0.000162 0.013620 0.000785 0.028325 0.001677 0.028596 0.031705 0.002654 0.006157 0.006766 0.013444 0.015589 0.028307 0.015218 0.004737 0.013121 0.001167 0.027627 0.017679 0.168262 0.210486 0.031207 0.063446 0.018507 0.113215 0.176598 0.000004 0.018417 0.039788 0.003725 0.036962 0.007915 0.173073 0.114064 0.432356 0.007306 0.052469 0.030868 0.015280 0.036660 0.000222 0.133355 0.000277 0.001751 0.050535 0.033183 0.001927 0.258053 0.058986 
0.000192 0.000006 0.000119 0.001011 0.001154 0.000132 0.001942 0.000500 0.000621 0.005502 0.000055 0.000947 0.003414 0.002263 0.000333 0.002431 0.002173 0.008498 0.009593 0.006816 0.004477 0.002571 0.001182 0.001708 0.004058 0.000342 0.005016 0.002528 0.013989 0.004236 0.009952 0.006563 0.005509 0.007645 0.005719 0.003556 0.018328 0.004832 0.010893 0.006618 0.005646 0.000132 0.003287 0.013888 0.013012 0.029107 0.023859 0.003351 0.011065 0.006220 0.058211 0.000005 0.001227 0.001236 0.005800 0.031372 0.010857 0.026895 0.010271 0.044369 0.013684 0.044248 0.029037 0.006644 0.001825 0.000011 0.010872 0.000128 0.002453 0.052078 0.002371 0.001616 0.023152 0.003055 
0.000024 0.000001 0.000248 0.000266 0.001455 -0.000000 0.001421 0.000920 0.000081 0.004776 0.000167 0.005057 0.000379 0.000258 0.000320 0.000923 0.000094 0.001700 0.019486 0.002702 0.005969 0.000271 0.000159 0.001194 0.036518 0.000050 0.008860 0.000058 0.007029 0.000088 0.016067 0.030907 0.000250 0.000909 0.001436 0.003296 0.001756 0.013034 0.002293 0.000766 0.001858 0.000816 0.004594 0.002068 0.198375 0.020160 0.002812 0.012985 0.001652 0.047474 0.014926 0.000000 0.118163 0.007911 0.000261 0.002604 0.000730 0.012399 1.914086 0.031078 0.000743 0.004421 0.001867 0.001280 0.053363 0.002006 0.018173 0.000030 0.000136 0.004372 0.007167 0.000216 0.052892 0.084746 
0.000024 0.000001 -0.000000 0.000106 0.000050 -0.000000 0.000142 0.000060 0.000041 0.000104 0.000005 0.000069 0.000569 0.000143 0.000013 0.000246 -0.000000 0.000567 0.000699 0.000368 0.000341 0.000162 0.000102 0.000100 0.000167 0.000037 0.000330 0.000116 0.000626 0.000441 0.000420 0.000266 0.000401 0.000785 0.000438 0.000195 0.001826 0.000354 0.000730 0.001219 0.000446 0.000002 0.000280 0.001241 0.000669 0.001348 0.002449 0.000177 0.000781 0.000208 0.002907 0.000001 -0.000000 0.000070 0.003399 0.001577 0.003139 0.001033 0.000405 0.001824 0.019813 0.002727 0.002563 0.000291 0.000055 0.000000 0.000515 0.000011 0.000491 0.007329 0.000082 0.000177 0.001373 0.000278 
0.000336 0.000002 0.000140 0.001277 0.001706 0.000198 0.001753 0.000920 0.000621 0.005087 0.000051 0.000808 0.003794 0.002263 0.000275 0.002185 0.001701 0.008418 0.009893 0.007307 0.003923 0.002382 0.001307 0.001763 0.002928 0.000487 0.005053 0.002266 0.013293 0.003618 0.009412 0.005898 0.007612 0.009256 0.006693 0.003994 0.021558 0.004714 0.015739 0.009787 0.006164 0.000120 0.003516 0.017921 0.012640 0.029413 0.031706 0.004021 0.013480 0.005712 0.067717 0.000009 0.001383 0.001260 0.013594 0.040284 0.024141 0.028233 0.009460 0.057791 0.041732 0.088495 0.092459 0.010169 0.002018 0.000013 0.014860 0.000224 0.006996 0.143117 0.002654 0.004342 0.028276 0.004062 
0.000072 0.000001 0.000022 0.000053 0.000201 -0.000000 0.000379 0.000080 -0.000000 0.000727 0.000014 0.000323 0.000190 0.000286 0.000084 0.000738 0.000094 0.002104 0.002898 0.002211 0.001151 0.000623 0.000227 0.000770 0.002761 0.000087 0.002563 0.000349 0.007099 0.000706 0.005336 0.005410 0.001803 0.002934 0.003480 0.003848 0.008075 0.005680 0.008182 0.004667 0.007072 0.000199 0.007539 0.015543 0.025355 0.082601 0.034382 0.011974 0.018986 0.016048 0.207786 0.000008 0.003164 0.005873 0.008774 0.103767 0.021022 0.259047 0.017029 0.940290 0.026191 0.284945 0.146835 0.111933 0.007480 0.000039 0.142329 0.001298 0.006271 0.181308 0.016605 0.007664 0.173408 0.014373 
0.000048 0.000003 0.000302 0.000692 0.001906 -0.000000 0.002321 0.001120 0.000486 0.006748 0.000114 0.002494 0.002845 0.001060 0.000458 0.002862 0.001039 0.004452 0.017687 0.004790 0.007462 0.001516 0.000432 0.002254 0.013051 0.000137 0.008421 0.000755 0.013153 0.001677 0.015947 0.018801 0.001703 0.003678 0.003018 0.004416 0.006952 0.010158 0.005733 0.002368 0.003053 0.000468 0.004822 0.004687 0.078220 0.024143 0.006441 0.009306 0.003197 0.027402 0.018932 0.000001 0.022783 0.004768 0.001127 0.005233 0.001737 0.012734 0.242724 0.031143 0.002972 0.008469 0.006298 0.001893 0.035109 0.000564 0.018237 0.000041 0.000521 0.013116 0.006110 0.000441 0.051061 0.059124 
0.000120 0.000001 0.000119 0.000373 0.001605 -0.000000 0.000805 0.000500 0.000149 0.003426 0.000104 0.004156 -0.000000 0.000487 0.000311 0.001508 -0.000000 0.001538 0.014289 0.003132 0.004093 0.000325 0.000182 0.001306 0.020581 0.000079 0.006297 0.000232 0.008351 0.000353 0.013129 0.019954 0.000401 0.001157 0.001363 0.002630 0.001966 0.010347 0.002919 0.000836 0.001642 0.000530 0.004096 0.002412 0.129003 0.022305 0.002948 0.010166 0.001954 0.037808 0.015240 0.000000 0.055166 0.006597 0.000392 0.003393 0.000849 0.011913 0.991303 0.033163 0.000991 0.005701 0.003772 0.001395 0.061420 0.002623 0.018559 0.000032 0.000211 0.007072 0.008006 0.000354 0.059297 0.107035 
0.000048 0.000001 0.000032 0.000266 0.000351 -0.000000 0.000521 0.000220 0.000189 0.001765 0.000012 0.000369 0.001897 0.000859 0.000147 0.000954 0.000567 0.003238 0.002798 0.003193 0.001620 0.001299 0.000784 0.000737 0.001422 0.000229 0.002087 0.001714 0.008978 0.003795 0.003897 0.003592 0.005859 0.006364 0.004673 0.002809 0.018468 0.003559 0.013863 0.011529 0.005631 0.000100 0.003298 0.024124 0.008625 0.034438 0.044633 0.004312 0.018524 0.005735 0.108096 0.000018 0.001203 0.001412 0.031780 0.086994 0.064804 0.051815 0.005000 0.103463 0.132749 0.288952 0.459986 0.029886 0.002004 0.000018 0.028594 0.000737 0.030383 0.621203 0.004432 0.018028 0.048591 0.003680 
0.000096 0.000002 0.000140 0.000479 0.000401 -0.000000 0.000616 0.000340 0.000189 0.003115 0.000040 0.000623 0.002086 0.000659 0.000249 0.001785 0.000378 0.004775 0.007894 0.003869 0.003027 0.001732 0.000625 0.001116 0.005020 0.000171 0.005565 0.001075 0.011414 0.002206 0.009352 0.008913 0.003405 0.005992 0.004527 0.004725 0.014466 0.008391 0.013498 0.006653 0.007331 0.000231 0.007104 0.018162 0.029221 0.061767 0.032568 0.011594 0.017033 0.017713 0.128207 0.000008 0.003585 0.004809 0.009624 0.062576 0.020253 0.120862 0.022975 0.434506 0.032382 0.192359 0.128160 0.077327 0.007947 0.000046 0.128466 0.001358 0.008445 0.243029 0.018265 0.009949 0.197840 0.015797 
0.000312 0.000002 0.000183 0.000905 0.001053 0.000198 0.000805 0.000600 0.000446 0.004776 0.000027 0.000993 0.002276 0.001260 0.000378 0.002308 0.002079 0.006232 0.008594 0.005526 0.004008 0.001922 0.001034 0.001596 0.003597 0.000312 0.005089 0.002237 0.012109 0.002471 0.008633 0.006563 0.004407 0.006901 0.004649 0.003799 0.014395 0.004737 0.013498 0.006095 0.004998 0.000139 0.003599 0.012786 0.013681 0.028004 0.022135 0.004628 0.009662 0.006868 0.052320 0.000006 0.001720 0.001371 0.007451 0.026999 0.013837 0.030360 0.008785 0.072125 0.024890 0.104153 0.093264 0.019579 0.002141 0.000019 0.021808 0.000481 0.006732 0.175650 0.004113 0.006420 0.043192 0.004652 
0.000024 -0.000000 -0.000000 0.000373 0.000251 0.000066 0.000190 0.000060 0.000081 0.000208 0.000003 0.000115 0.001517 0.000344 0.000040 0.000554 0.000283 0.001376 0.001299 0.001351 0.000640 0.000677 0.000261 0.000246 0.000586 0.000087 0.000805 0.000494 0.001601 0.000883 0.001199 0.000931 0.002003 0.001942 0.001509 0.000779 0.005688 0.000919 0.004117 0.003483 0.001527 0.000023 0.000653 0.005962 0.002454 0.005515 0.009707 0.000695 0.004724 0.000902 0.016811 0.000004 0.000180 0.000246 0.012205 0.010776 0.016127 0.007020 0.001216 0.012900 0.202219 0.020781 0.023948 0.002582 0.000371 0.000002 0.003377 0.000078 0.011909 0.104284 0.000556 0.002920 0.005765 0.000799 
-0.000000 -0.000000 0.000162 0.000213 0.000803 -0.000000 0.000711 0.000460 0.000176 0.003218 0.000102 0.003071 0.001138 0.000430 0.000244 0.001169 0.000189 0.001943 0.012391 0.002579 0.004733 0.000298 0.000193 0.001350 0.018322 0.000042 0.005602 0.000087 0.008003 0.000177 0.011930 0.018801 0.000250 0.001446 0.000876 0.002825 0.001756 0.009758 0.002085 0.000766 0.001772 0.000493 0.004024 0.002068 0.114281 0.020712 0.003765 0.010418 0.001865 0.035842 0.016733 0.000000 0.046890 0.006716 0.000408 0.003584 0.000849 0.013676 0.709656 0.036877 0.000929 0.005164 0.003259 0.001356 0.083641 0.002438 0.023705 0.000034 0.000257 0.006687 0.009866 0.000315 0.070736 0.155570 
0.000144 0.000002 0.000183 0.001011 0.001455 0.000132 0.001611 0.000560 0.000365 0.005295 0.000043 0.001016 0.003794 0.001318 0.000333 0.002246 0.001606 0.005666 0.008294 0.004912 0.004605 0.001624 0.000693 0.001429 0.003137 0.000204 0.005455 0.001308 0.009813 0.002471 0.008393 0.005498 0.004056 0.004835 0.003651 0.002614 0.010533 0.004455 0.008078 0.003866 0.003341 0.000145 0.003256 0.008443 0.017770 0.022734 0.012746 0.004046 0.005843 0.007215 0.034408 0.000003 0.001792 0.001596 0.002631 0.012974 0.005310 0.022063 0.011217 0.078249 0.008421 0.030820 0.022739 0.008560 0.002704 0.000024 0.032454 0.000207 0.001970 0.053235 0.005234 0.001901 0.053898 0.005659 
0.000168 0.000006 0.000162 0.000851 0.001204 0.000264 0.001137 0.000560 0.000378 0.003634 0.000031 0.000785 0.001707 0.000974 0.000258 0.002462 0.001228 0.005018 0.007195 0.004605 0.003198 0.002057 0.000807 0.001105 0.003012 0.000283 0.003332 0.001424 0.009395 0.003883 0.008933 0.005188 0.004257 0.006322 0.004064 0.003507 0.013342 0.004313 0.013186 0.006026 0.004177 0.000119 0.002925 0.014302 0.015094 0.025736 0.022634 0.004122 0.010088 0.006220 0.054676 0.000006 0.001022 0.001477 0.009264 0.029388 0.019088 0.028992 0.008379 0.069193 0.041546 0.103616 0.117761 0.017035 0.002292 0.000019 0.023673 0.000610 0.011622 0.366987 0.004113 0.013686 0.043100 0.004340 
0.000192 0.000005 0.000216 0.000639 0.000953 0.000066 0.001279 0.000500 0.000378 0.005295 0.000036 0.000854 0.002466 0.001547 0.000364 0.002154 0.001039 0.005747 0.009293 0.005711 0.004562 0.002057 0.000773 0.001763 0.005229 0.000262 0.006371 0.001308 0.013432 0.002383 0.011630 0.009445 0.004006 0.006570 0.005427 0.004838 0.014536 0.007118 0.012665 0.005643 0.005819 0.000207 0.005611 0.015887 0.028626 0.043016 0.023723 0.008193 0.010887 0.012834 0.074159 0.000005 0.003128 0.003622 0.007026 0.030703 0.012929 0.057103 0.025272 0.203734 0.022599 0.093329 0.071074 0.028591 0.006808 0.000044 0.102380 0.000888 0.005834 0.176421 0.015639 0.006813 0.166362 0.012394 
0.000144 0.000004 0.000140 0.000798 0.001304 -0.000000 0.000995 0.000560 0.000500 0.005814 0.000050 0.001316 0.002086 0.001633 0.000289 0.001785 0.001606 0.006394 0.008194 0.005219 0.003838 0.001840 0.000841 0.001551 0.004560 0.000271 0.005236 0.001278 0.010230 0.002383 0.010012 0.009755 0.004507 0.005785 0.005135 0.004741 0.013202 0.006434 0.011466 0.006339 0.005487 0.000190 0.005206 0.013992 0.023719 0.040504 0.025945 0.007257 0.011225 0.012533 0.074159 0.000006 0.002839 0.003016 0.007418 0.032256 0.013798 0.053669 0.017975 0.172851 0.026810 0.108822 0.081034 0.033196 0.005723 0.000040 0.078546 0.001185 0.006981 0.214226 0.012702 0.008774 0.141288 0.011283 
0.000096 0.000002 0.000205 0.000426 0.001053 0.000066 0.001184 0.000540 0.000311 0.005191 0.000072 0.002355 0.001707 0.000802 0.000267 0.001723 0.000661 0.003480 0.012791 0.004053 0.004562 0.000623 0.000273 0.001496 0.010499 0.000108 0.006078 0.000465 0.009882 0.000794 0.013369 0.013968 0.001252 0.002769 0.002385 0.004774 0.005688 0.010559 0.006619 0.002194 0.003543 0.000472 0.006150 0.005376 0.083722 0.039830 0.008845 0.014009 0.004227 0.038872 0.035430 0.000001 0.016324 0.009032 0.001487 0.009963 0.003139 0.031484 0.143526 0.097990 0.003220 0.018674 0.012230 0.005525 0.088966 0.000373 0.073786 0.000122 0.000996 0.027003 0.036803 0.001058 0.269217 0.192962 
0.000216 0.000001 0.000226 0.000851 0.001605 0.000066 0.001942 0.000720 0.000581 0.007475 0.000064 0.001524 0.002086 0.001060 0.000378 0.002492 0.001417 0.005828 0.012391 0.006570 0.005159 0.001570 0.000534 0.001897 0.008575 0.000242 0.007213 0.001308 0.015520 0.001853 0.013908 0.012726 0.002304 0.004463 0.003651 0.004043 0.008216 0.009286 0.006984 0.002473 0.003773 0.000335 0.005382 0.008133 0.051676 0.032844 0.011158 0.010545 0.005719 0.024303 0.040929 0.000002 0.008444 0.005693 0.001830 0.011469 0.003711 0.028263 0.065411 0.088934 0.007058 0.020368 0.014134 0.005832 0.028727 0.000167 0.070698 0.000142 0.001200 0.035104 0.036438 0.001296 0.266380 0.066658 
-0.000000 -0.000000 0.000011 0.000053 0.000100 -0.000000 0.000142 0.000040 0.000027 0.000104 0.000004 0.000092 -0.000000 0.000143 0.000027 0.000123 -0.000000 0.000081 0.000899 0.000368 0.000384 0.000108 0.000057 0.000156 0.000502 0.000021 0.000366 0.000087 0.001322 0.000177 0.000719 0.000621 0.000200 0.000331 0.000341 0.000244 0.000562 0.000354 0.000417 0.000174 0.000230 0.000012 0.000197 0.000379 0.002305 0.001716 0.000544 0.000329 0.000302 0.000740 0.001728 0.000000 0.000265 0.000115 0.000147 0.000597 0.000158 0.000851 0.001351 0.003258 0.000186 0.000950 0.000806 0.000215 0.000673 0.000004 0.002026 0.000006 0.000045 0.002186 0.000994 0.000078 0.007687 0.001250 
0.000024 0.000001 0.000119 0.000639 0.000903 -0.000000 0.000616 0.000580 0.000270 0.003530 0.000034 0.001085 0.000948 0.000745 0.000187 0.000862 0.000094 0.002509 0.004497 0.002272 0.002899 0.000731 0.000387 0.000670 0.004309 0.000050 0.003478 0.000203 0.005846 0.000706 0.007314 0.006208 0.001102 0.001612 0.001314 0.001380 0.002809 0.003630 0.002137 0.001254 0.001095 0.000121 0.001524 0.001585 0.023050 0.008211 0.003538 0.002731 0.001332 0.007492 0.007384 0.000000 0.005979 0.001277 0.000408 0.001959 0.000869 0.004163 0.089467 0.010099 0.001300 0.002892 0.002234 0.000720 0.013190 0.000438 0.004953 0.000014 0.000181 0.004501 0.002061 0.000181 0.020132 0.030552 
