# Flux Network Reconstruction using RW method
# Walkers leave from emitting cells
# Probability involves emitting fluxes, then absorbing flux is shared among connections
# Seed: 1684539127
# Threshold: 0.5
# Precision: 100000.0
# Dt: 1.0
# Radius step: 7.000000
# Matrix output


0.005176 0.000548 0.008288 0.015605 0.053887 0.030068 0.006052 0.042241 0.002384 0.013428 0.028212 0.041389 0.004651 0.002176 0.003355 0.003005 0.000346 0.003950 0.006781 0.002567 0.005403 0.000774 0.003585 0.002214 0.001437 0.000645 0.001631 0.000020 0.007201 0.000850 0.000633 0.000727 0.000450 0.000572 0.000168 0.000306 0.000820 0.000092 0.000435 0.000107 0.000536 0.000111 0.000007 0.000363 0.000028 0.000173 0.000075 0.000291 0.000164 0.000062 0.000229 0.000159 0.000195 0.000127 0.000069 0.000067 -0.000000 0.000305 -0.000000 0.000043 -0.000000 0.000005 -0.000000 0.000097 
0.006434 0.000743 0.012106 0.024939 0.048116 0.029452 0.009242 0.025242 0.001580 0.013428 0.028704 0.045152 0.007814 0.004787 0.004896 0.002801 0.001125 0.008132 0.006781 0.005625 0.011010 0.000743 0.004045 0.007107 0.004132 0.000853 0.002125 0.000045 0.013818 0.001573 0.001334 0.000744 0.001457 0.001470 0.000784 0.001950 0.005467 0.000522 0.000869 0.002025 0.001207 0.000446 0.000029 0.001136 0.000394 0.002338 0.000244 0.000458 0.001041 0.000187 0.000295 0.000954 0.001103 0.001398 0.000553 0.000090 0.000168 0.001727 0.000049 0.000217 0.000369 0.000039 0.000023 0.000290 
0.003628 0.064185 0.048573 0.279283 0.005699 0.003151 0.051659 0.000773 0.000009 0.018524 0.001640 0.008507 0.198596 0.013637 0.003766 0.000081 0.070608 0.044259 0.000593 0.006335 0.005505 -0.000000 0.000184 0.026564 0.050028 0.000021 0.000099 0.000023 0.000389 0.000063 0.000565 0.000118 0.000064 0.018131 0.002939 0.000994 0.000547 0.001690 0.000031 0.009912 0.001408 0.000093 0.000024 -0.000000 0.000592 0.000087 -0.000000 -0.000000 0.000602 -0.000000 -0.000000 -0.000000 0.000065 -0.000000 0.002834 0.000739 -0.000000 0.000102 -0.000000 -0.000000 0.000053 0.000015 -0.000000 0.000048 
0.077736 0.004579 0.077857 0.157944 0.172265 0.097122 0.043627 0.044817 0.002935 0.071687 0.078977 0.151162 0.039347 0.015059 0.016707 0.007146 0.005408 0.025324 0.019665 0.018240 0.035170 0.001548 0.007813 0.024001 0.012754 0.002310 0.005831 0.000116 0.027442 0.004500 0.002827 0.002436 0.002486 0.006534 0.002099 0.003135 0.012575 0.001598 0.002111 0.004050 0.003821 0.000965 0.000066 0.001726 0.001099 0.003984 0.000451 0.000624 0.001588 0.000281 0.001047 0.001271 0.002077 0.001780 0.000898 0.000224 0.000056 0.001727 0.000196 0.000391 0.000421 0.000039 0.000034 0.000338 
0.006095 0.025293 0.064094 0.189008 0.018900 0.016301 0.032734 0.010303 0.000515 0.033054 0.014270 0.043516 0.053765 0.013202 0.010237 0.001827 0.010383 0.036708 0.005510 0.015673 0.023446 0.000464 0.002206 0.027263 0.024340 0.000978 0.002495 0.000101 0.011872 0.002077 0.002759 0.001776 0.001650 0.009882 0.003499 0.004549 0.012301 0.003104 0.002391 0.008633 0.006101 0.001782 0.000115 0.001590 0.002141 0.003811 0.000451 0.000832 0.003012 0.000125 0.001342 0.000556 0.002272 0.001780 0.002903 0.000560 0.000224 0.003961 0.000098 0.000695 0.001370 0.000068 0.000080 0.000725 
0.001403 0.000214 0.002461 0.007146 0.030154 0.023424 0.002861 0.149133 0.007161 0.007644 0.029360 0.037790 0.002605 0.001451 0.002910 0.004791 0.000346 0.002672 0.013647 0.002075 0.005709 0.001470 0.007813 0.001981 0.000719 0.001561 0.002001 0.000014 0.013818 0.001353 0.000543 0.000474 0.000664 0.000653 0.000112 0.000420 0.001504 0.000123 0.000404 0.000213 0.000402 0.000111 0.000006 0.000545 0.000028 0.000779 0.000075 0.000208 0.000164 0.000094 0.000262 0.000159 0.000325 0.000381 -0.000000 0.000022 -0.000000 0.000305 -0.000000 0.000043 0.000105 0.000005 0.000011 -0.000000 
0.014802 0.001904 0.027124 0.072191 0.220669 0.136984 0.028167 0.144239 0.008651 0.056537 0.124002 0.191733 0.022976 0.011403 0.016057 0.014089 0.003677 0.023582 0.038228 0.015236 0.034864 0.003467 0.016822 0.022253 0.010958 0.004494 0.008820 0.000143 0.042234 0.006483 0.003799 0.002927 0.003428 0.005145 0.002127 0.004396 0.015035 0.001690 0.003074 0.004370 0.004157 0.001225 0.000069 0.002589 0.001155 0.005630 0.000902 0.001581 0.002136 0.000343 0.001407 0.001351 0.002207 0.003051 0.001728 0.000336 -0.000000 0.002539 0.000270 0.000695 0.000896 0.000048 0.000103 0.000531 
0.008514 0.001347 0.018485 0.047398 0.145790 0.112327 0.019420 0.202965 0.010764 0.036635 0.108665 0.165721 0.016837 0.008182 0.012496 0.013987 0.002509 0.018819 0.038482 0.011359 0.026607 0.004086 0.018385 0.013865 0.007096 0.004723 0.007807 0.000104 0.040093 0.005287 0.002668 0.002589 0.002850 0.003185 0.002211 0.003096 0.011481 0.001137 0.003105 0.003730 0.003553 0.001170 0.000053 0.002725 0.000873 0.004590 0.000902 0.001207 0.001972 0.000375 0.001178 0.002225 0.002467 0.001780 0.000898 0.000134 0.000168 0.003149 0.000098 0.000739 0.000580 0.000044 0.000046 0.000628 
0.005224 0.001031 0.011854 0.032814 0.107052 0.088081 0.015569 0.252676 0.013663 0.026512 0.096692 0.136438 0.011441 0.006325 0.011161 0.014271 0.002033 0.013940 0.038313 0.008519 0.022631 0.004380 0.017098 0.013865 0.006108 0.004619 0.007338 0.000079 0.042039 0.005130 0.002239 0.002132 0.002636 0.003185 0.001092 0.002294 0.008474 0.000830 0.002453 0.002345 0.002279 0.000873 0.000048 0.002771 0.000648 0.003638 0.000639 0.000624 0.001095 0.000187 0.001015 0.000795 0.001818 0.001907 0.000898 0.000112 0.000112 0.001930 0.000098 0.000565 0.000316 0.000048 0.000023 0.000290 
0.001838 0.005898 0.023709 0.102671 0.011037 0.007123 0.018430 0.003606 0.000379 0.017836 0.010497 0.026012 0.027627 0.007515 0.006334 0.001360 0.004586 0.019981 0.003306 0.008738 0.012437 0.000310 0.001838 0.018991 0.011317 0.000749 0.001729 0.000073 0.011872 0.001573 0.002352 0.001303 0.001586 0.007677 0.002883 0.003479 0.008748 0.002059 0.001832 0.006608 0.005632 0.001337 0.000094 0.002180 0.001493 0.004417 0.000696 0.000832 0.003012 0.000281 0.001211 0.000954 0.002012 0.001017 0.002281 0.000403 0.000056 0.002844 0.000221 0.000565 0.000843 0.000107 0.000080 0.000628 
0.000580 0.000084 0.001457 0.003354 0.007214 0.006438 0.001375 0.038635 0.001653 0.003650 0.008775 0.014069 0.002698 0.000870 0.001575 0.001563 0.000433 0.002207 0.004323 0.001420 0.002752 0.000619 0.003033 0.002913 0.001527 0.000957 0.001334 0.000014 0.006228 0.001070 0.000814 0.000609 0.000686 0.001552 0.000532 0.000535 0.002597 0.000184 0.000559 0.000746 0.001140 0.000334 0.000017 0.001045 0.000141 0.001819 0.000244 0.000541 0.000657 0.000219 0.000425 0.000159 0.000779 0.001017 0.000276 -0.000000 0.000168 0.001219 0.000074 0.000130 0.000316 0.000034 0.000011 0.000145 
0.001209 0.000214 0.002813 0.007438 0.022002 0.023972 0.002861 0.148875 0.006700 0.007437 0.026408 0.033210 0.003070 0.001741 0.002397 0.004872 0.000260 0.003253 0.015003 0.001857 0.005301 0.001609 0.008181 0.001631 0.001078 0.001352 0.002174 0.000020 0.011872 0.001636 0.000950 0.000761 0.000836 0.000327 0.000168 0.000497 0.002734 0.000215 0.000466 0.000426 0.000536 0.000223 0.000008 0.000545 0.000141 0.001039 0.000226 0.000541 0.000219 0.000094 0.000360 0.000556 0.000454 0.000890 0.000207 -0.000000 -0.000000 0.000609 0.000025 0.000435 0.000158 0.000019 -0.000000 0.000097 
0.028443 0.003353 0.053194 0.146714 0.695190 0.400267 0.056665 0.230010 0.014701 0.119409 0.310250 0.478351 0.041115 0.021326 0.034647 0.027731 0.004802 0.039845 0.070438 0.029434 0.067383 0.006809 0.027853 0.033089 0.015448 0.007678 0.017467 0.000232 0.075320 0.011360 0.006739 0.005871 0.005850 0.005554 0.003163 0.004817 0.018999 0.001936 0.004968 0.004902 0.005632 0.001857 0.000104 0.004315 0.001099 0.007708 0.001429 0.001748 0.002300 0.000500 0.001833 0.002702 0.003700 0.003687 0.001590 0.000224 0.000280 0.003657 0.000294 0.000956 0.001001 0.000102 0.000149 0.000531 
0.007062 0.053113 0.085693 0.536689 0.026619 0.019726 0.164219 0.007212 0.000235 0.087525 0.014106 0.048751 0.630950 0.063978 0.021432 0.000954 0.233758 0.220832 0.002119 0.042595 0.047403 0.000279 0.000919 0.183736 0.211339 0.000312 0.001927 0.000196 0.007980 0.001227 0.004410 0.001675 0.000836 0.091555 0.018643 0.009404 0.015308 0.012476 0.001397 0.047426 0.011732 0.001875 0.000331 0.000681 0.006368 0.002598 0.000150 0.000291 0.006462 0.000094 0.000327 0.000397 0.002207 0.000254 0.015550 0.004056 -0.000000 0.003758 0.000049 0.000435 0.000474 0.000082 0.000034 0.001014 
0.001403 0.004626 0.013311 0.066649 0.009594 0.011233 0.026627 0.007727 0.000415 0.023207 0.012466 0.027975 0.082601 0.015001 0.010853 0.002010 0.047764 0.068422 0.005933 0.021461 0.036801 0.000604 0.002666 0.059070 0.054968 0.001020 0.002693 0.000157 0.016349 0.003053 0.005450 0.002825 0.002528 0.032669 0.011309 0.008792 0.026653 0.008635 0.004409 0.030800 0.016627 0.003082 0.000303 0.003134 0.006340 0.009094 0.000808 0.001124 0.011556 0.000250 0.001538 0.001828 0.005907 0.002797 0.010643 0.001703 0.000393 0.007618 0.000319 0.002042 0.002476 0.000252 0.000287 0.002802 
0.019640 0.055583 0.184396 1.295638 0.081371 0.057533 0.398526 0.016227 0.001192 0.224701 0.048633 0.156887 0.706947 0.119686 0.054538 0.004405 0.089428 0.243949 0.012460 0.075962 0.102757 0.000882 0.003493 0.181522 0.144695 0.001519 0.005509 0.000367 0.020630 0.004060 0.007824 0.003739 0.003043 0.051617 0.014584 0.011468 0.029113 0.009588 0.003198 0.033252 0.014012 0.002321 0.000285 0.001817 0.004029 0.004763 0.000376 0.000666 0.006955 0.000062 0.000949 0.000556 0.002661 0.001526 0.010574 0.001905 0.000112 0.003961 0.000123 0.001173 0.001001 0.000116 0.000057 0.001642 
0.000677 0.000232 0.001959 0.006563 0.014428 0.017055 0.003796 0.211980 0.007730 0.006542 0.020503 0.029774 0.004372 0.001944 0.002979 0.005298 0.000822 0.006273 0.016105 0.004260 0.008767 0.002198 0.009928 0.006525 0.002695 0.001935 0.002817 0.000037 0.015375 0.002392 0.001018 0.001083 0.001736 0.002123 0.000644 0.001529 0.005057 0.000768 0.001366 0.002451 0.001944 0.000576 0.000029 0.001499 0.000564 0.003031 0.000602 0.001082 0.000986 0.000125 0.001146 0.001430 0.001882 0.002288 0.000484 0.000112 0.000112 0.003352 0.000049 0.000435 0.000211 0.000039 0.000023 0.000097 
0.002951 0.001217 0.010498 0.036606 0.074807 0.103149 0.019640 0.124406 0.008199 0.038219 0.152788 0.203021 0.022604 0.011171 0.018761 0.021620 0.004586 0.031016 0.060266 0.020260 0.045772 0.007227 0.026841 0.028312 0.015538 0.008219 0.015268 0.000193 0.083495 0.011895 0.006920 0.006057 0.007007 0.009392 0.004171 0.007492 0.027473 0.003780 0.007172 0.009059 0.008380 0.002562 0.000198 0.008539 0.002592 0.012905 0.002801 0.004328 0.005038 0.001155 0.003240 0.005483 0.008698 0.007374 0.003456 0.000493 0.000561 0.008532 0.000613 0.002911 0.002529 0.000213 0.000333 0.001546 
0.003193 0.001124 0.010950 0.040543 0.072498 0.096094 0.021786 0.225374 0.014945 0.039183 0.151722 0.212510 0.023255 0.011026 0.019343 0.039262 0.005581 0.036360 0.104937 0.023537 0.051480 0.010694 0.049454 0.034021 0.016347 0.014087 0.021149 0.000244 0.118722 0.014570 0.007553 0.007918 0.008892 0.008331 0.004199 0.009289 0.033214 0.003503 0.008631 0.010551 0.010392 0.003843 0.000156 0.009993 0.002480 0.017149 0.002989 0.005826 0.005696 0.001218 0.004844 0.006596 0.008503 0.011697 0.003525 0.000762 0.000393 0.009751 0.000662 0.003042 0.003741 0.000223 0.000276 0.002222 
0.001935 0.005880 0.012156 0.066794 0.005050 0.004110 0.031193 0.001288 0.000072 0.018387 0.003609 0.012760 0.133297 0.014798 0.006745 0.000467 0.245829 0.084104 0.001526 0.015018 0.025179 0.000077 0.000552 0.085984 0.140743 0.000270 0.000791 0.000119 0.004671 0.001101 0.003776 0.001066 0.000793 0.131084 0.022702 0.007301 0.015035 0.017147 0.001211 0.088031 0.016023 0.002079 0.000493 0.000727 0.009834 0.003811 0.000226 0.000291 0.012651 0.000062 0.000360 0.000477 0.004154 0.000890 0.035040 0.010352 0.000056 0.006196 0.000074 0.001173 0.001528 0.000223 0.000034 0.003140 
0.000097 0.000028 0.000151 0.000146 0.001226 0.000822 0.000330 0.000258 0.000099 0.000551 0.002624 0.002454 0.000465 0.000087 0.000411 0.000264 0.000173 0.000581 0.001102 0.000273 0.000714 0.000108 0.000735 0.000466 -0.000000 0.000146 0.000173 0.000004 0.001752 0.000283 0.000068 0.000102 0.000150 0.000163 0.000028 0.000115 0.001093 0.000123 0.000155 0.000320 0.000201 0.000019 0.000003 0.000136 0.000028 0.000260 0.000094 0.000042 0.000055 0.000031 -0.000000 0.000079 0.000065 0.000254 0.000069 -0.000000 -0.000000 0.000203 0.000049 -0.000000 0.000105 -0.000000 -0.000000 0.000048 
0.000290 0.000102 0.000553 0.002333 0.001587 0.001644 0.001815 0.001030 0.000072 0.002617 0.002788 0.008016 0.000744 0.000580 0.001130 0.000325 0.000216 0.002207 0.001017 0.001529 0.003466 0.000186 0.000552 0.001515 0.001527 0.000187 0.000692 0.000010 0.001168 0.000283 0.000430 0.000186 0.000300 0.000572 0.000112 0.000535 0.002734 0.000430 0.000310 0.000746 0.000469 0.000167 0.000011 0.000227 0.000113 0.001299 0.000113 0.000250 0.000383 0.000062 0.000196 0.000159 0.000454 0.000127 0.000484 -0.000000 -0.000000 0.000609 -0.000000 0.000043 0.000211 0.000015 -0.000000 0.000097 
0.006095 0.011211 0.045559 0.278407 0.042850 0.042671 0.184409 0.021378 0.001264 0.141859 0.047485 0.144781 0.851592 0.126708 0.064193 0.006314 0.103835 0.540986 0.018478 0.137670 0.192974 0.001656 0.007630 0.432251 0.281665 0.003246 0.009215 0.000828 0.059361 0.010700 0.022409 0.009542 0.007799 0.104214 0.035607 0.033640 0.083786 0.026551 0.012015 0.084514 0.045187 0.009060 0.000904 0.008630 0.016230 0.022258 0.002012 0.003828 0.023878 0.000968 0.004419 0.003655 0.015709 0.009535 0.024397 0.004571 0.000449 0.019503 0.000393 0.003563 0.004900 0.000499 0.000276 0.005120 
0.001790 0.000279 0.004069 0.010209 0.036790 0.049657 0.005611 1.254623 0.043959 0.012189 0.086850 0.100774 0.004558 0.003018 0.007703 0.055461 0.000779 0.004414 0.206313 0.006335 0.018146 0.050436 0.288729 0.005476 0.002695 0.027570 0.017961 0.000062 0.101400 0.009567 0.002487 0.003265 0.004328 0.001062 0.000504 0.001376 0.006971 0.000430 0.002608 0.001385 0.001542 0.000687 0.000018 0.004042 0.000169 0.004157 0.001824 0.002580 0.000493 0.000593 0.001669 0.002543 0.001947 0.004195 0.000276 0.000045 0.000056 0.001524 0.000368 0.000739 0.000580 0.000015 0.000080 0.000193 
0.010884 0.004691 0.041289 0.182299 0.173347 0.227051 0.127029 0.115134 0.007775 0.323727 0.335428 1.101156 0.124646 0.072131 0.223836 0.041779 0.017782 0.180406 0.129348 0.164374 0.418978 0.009038 0.043479 0.149948 0.068530 0.018186 0.060061 0.001348 0.284349 0.044561 0.034621 0.028034 0.028455 0.025073 0.012373 0.031269 0.119051 0.008942 0.024093 0.026537 0.029834 0.010119 0.000442 0.018077 0.006819 0.042005 0.004869 0.007574 0.010022 0.001936 0.009524 0.008821 0.016877 0.015383 0.005944 0.001098 0.000505 0.017065 0.000981 0.005127 0.004636 0.000417 0.000551 0.003236 
0.000048 0.000028 0.000402 0.002333 0.001731 0.002740 0.000990 0.004636 0.000163 0.001790 0.004675 0.009325 0.001302 0.000464 0.000856 0.001705 0.000346 0.001278 0.004831 0.001311 0.001427 0.000526 0.002482 0.002330 0.001168 0.000645 0.001285 0.000011 0.006423 0.000787 0.000588 0.000406 0.000514 0.000817 0.000168 0.000726 0.002324 0.000369 0.000373 0.000533 0.000603 0.000353 0.000015 0.000590 0.000254 0.001126 0.000113 0.000333 0.000493 0.000062 0.000295 0.000636 0.000584 0.000636 0.000069 0.000067 0.000056 0.000914 0.000074 0.000174 0.000474 0.000005 0.000023 0.000145 
0.004789 0.005796 0.029435 0.153861 0.044076 0.042808 0.125433 0.022409 0.001580 0.120098 0.051995 0.147072 0.289569 0.106223 0.063953 0.007369 0.047634 0.405884 0.029158 0.134831 0.195217 0.002136 0.009928 0.313761 0.158167 0.005202 0.012032 0.000806 0.076488 0.014602 0.023992 0.010151 0.011142 0.066073 0.026649 0.032951 0.099095 0.020712 0.016021 0.064265 0.044449 0.010657 0.000879 0.011900 0.014004 0.030746 0.002914 0.005368 0.024645 0.001436 0.007004 0.007470 0.020512 0.013222 0.019075 0.003764 0.000561 0.027324 0.000761 0.006518 0.006480 0.000674 0.000448 0.006135 
0.006676 0.006456 0.043098 0.215259 0.080578 0.089245 0.198603 0.049196 0.002637 0.276831 0.105139 0.328498 0.247152 0.175888 0.233456 0.013865 0.037381 0.388459 0.046026 0.300843 0.501652 0.004039 0.016914 0.304673 0.136342 0.007657 0.025052 0.001445 0.130789 0.022123 0.034281 0.017950 0.016927 0.049412 0.023850 0.038685 0.113447 0.017977 0.020274 0.049558 0.040829 0.010991 0.000763 0.016306 0.011721 0.030746 0.003440 0.005951 0.018620 0.001186 0.006579 0.007470 0.020058 0.013349 0.013546 0.002487 0.000841 0.022347 0.000810 0.004997 0.006427 0.000572 0.000482 0.004927 
0.001209 0.000474 0.004018 0.015313 0.031452 0.041506 0.008362 0.409794 0.018665 0.018042 0.067824 0.101265 0.008558 0.004439 0.010339 0.039830 0.001947 0.014288 0.169950 0.009065 0.028849 0.041769 0.231002 0.013632 0.005748 0.027549 0.019864 0.000106 0.118722 0.014507 0.004048 0.004602 0.007799 0.002859 0.001316 0.004243 0.018315 0.001352 0.005806 0.004050 0.005095 0.001764 0.000070 0.005768 0.000986 0.011606 0.002914 0.004577 0.002245 0.001592 0.003633 0.005881 0.004349 0.009281 0.001313 0.000202 0.001010 0.004266 0.000515 0.001738 0.001844 0.000102 0.000241 0.000821 
0.001790 0.003873 0.012507 0.070586 0.012841 0.015548 0.043021 0.007470 0.000551 0.035120 0.018863 0.048424 0.128925 0.024779 0.019754 0.002639 0.147099 0.139399 0.008815 0.041285 0.060349 0.000960 0.004504 0.139928 0.154575 0.001727 0.004571 0.000356 0.036979 0.006199 0.011148 0.005025 0.005185 0.089839 0.026705 0.020222 0.053170 0.023262 0.007979 0.081637 0.037611 0.006628 0.000777 0.008130 0.014736 0.016629 0.001805 0.003204 0.024590 0.000937 0.004484 0.004689 0.013696 0.008010 0.024811 0.005602 0.000280 0.018995 0.000736 0.005475 0.005585 0.000596 0.000391 0.005797 
0.002274 0.001347 0.012608 0.046960 0.052156 0.078423 0.029708 0.082165 0.005165 0.052336 0.137534 0.260606 0.035533 0.016800 0.031977 0.031344 0.007744 0.051694 0.098749 0.038445 0.084713 0.009425 0.039251 0.054410 0.026406 0.014399 0.037430 0.000353 0.186841 0.027284 0.014291 0.013315 0.016027 0.015028 0.006522 0.015826 0.061370 0.007252 0.014934 0.018757 0.018101 0.006387 0.000318 0.016170 0.005297 0.028841 0.003948 0.007449 0.010022 0.002248 0.007757 0.011602 0.016033 0.017036 0.006013 0.000874 0.000954 0.016252 0.001227 0.005301 0.006006 0.000489 0.000632 0.003381 
0.004015 0.006437 0.028832 0.154006 0.039964 0.041027 0.108819 0.020606 0.001454 0.105154 0.048387 0.132839 0.321475 0.091049 0.063166 0.007491 0.062258 0.565961 0.022886 0.139855 0.190324 0.002105 0.009284 0.435047 0.223464 0.004307 0.011785 0.000916 0.076488 0.015137 0.024512 0.012418 0.011099 0.085837 0.035131 0.039794 0.116590 0.026950 0.016052 0.086006 0.053902 0.012569 0.001113 0.012354 0.017272 0.033604 0.002858 0.005326 0.029026 0.001155 0.006841 0.005801 0.021161 0.012841 0.024327 0.004145 0.000505 0.024074 0.000908 0.006300 0.006849 0.000775 0.000678 0.006231 
0.006240 0.003010 0.025818 0.094941 0.124870 0.191367 0.065027 0.149391 0.009536 0.140963 0.321650 0.788199 0.063625 0.038184 0.093567 0.061166 0.013152 0.106873 0.191819 0.090433 0.231814 0.016018 0.067655 0.102179 0.046525 0.027736 0.079949 0.000963 0.380105 0.058030 0.029849 0.029540 0.034390 0.020091 0.011141 0.030314 0.122604 0.008205 0.028595 0.022594 0.028359 0.011140 0.000437 0.025844 0.006621 0.049194 0.008366 0.013191 0.013144 0.003341 0.013190 0.012635 0.022070 0.024537 0.007602 0.001120 0.001178 0.021128 0.001767 0.006083 0.007534 0.000460 0.000747 0.003816 
0.000532 0.000307 0.003064 0.010646 0.013129 0.016096 0.005997 0.071347 0.003919 0.010536 0.027720 0.043516 0.005860 0.003279 0.006402 0.016423 0.001774 0.012546 0.074422 0.007700 0.016616 0.013247 0.058739 0.010719 0.005569 0.011278 0.009388 0.000074 0.059556 0.007395 0.003754 0.003418 0.004757 0.005472 0.001876 0.003937 0.017905 0.001659 0.004719 0.005968 0.004827 0.001801 0.000094 0.004360 0.001691 0.009007 0.002087 0.002788 0.002848 0.000937 0.003306 0.003814 0.004803 0.006103 0.001451 0.000381 0.000393 0.005282 0.000564 0.001825 0.002002 0.000155 0.000241 0.001063 
0.001645 0.001458 0.009443 0.048856 0.016952 0.019452 0.031028 0.013651 0.000632 0.041731 0.021815 0.062820 0.051998 0.026258 0.034715 0.004365 0.010470 0.091307 0.016190 0.066460 0.097252 0.001408 0.006618 0.087965 0.040418 0.002497 0.006646 0.000348 0.046126 0.008686 0.009701 0.005786 0.005892 0.021561 0.009713 0.014182 0.053033 0.008942 0.007731 0.025685 0.018236 0.005310 0.000356 0.008721 0.006368 0.017928 0.002406 0.003662 0.010953 0.000843 0.003993 0.005245 0.011165 0.009789 0.009883 0.001568 0.000280 0.013307 0.000810 0.004258 0.004847 0.000359 0.000494 0.003092 
0.003193 0.001663 0.011804 0.044189 0.043066 0.054657 0.033449 0.046363 0.003621 0.060324 0.087342 0.217745 0.047254 0.021761 0.043446 0.020768 0.010686 0.082943 0.074337 0.056466 0.136091 0.006902 0.032081 0.071537 0.042483 0.014565 0.040074 0.000700 0.244061 0.038833 0.023992 0.022586 0.025348 0.023113 0.011449 0.026109 0.101008 0.009373 0.025583 0.030907 0.029767 0.010843 0.000547 0.023392 0.008087 0.046249 0.006749 0.013150 0.014239 0.002779 0.012143 0.016370 0.026159 0.025046 0.009399 0.001412 0.002075 0.027629 0.001595 0.008777 0.008640 0.000766 0.000884 0.006376 
0.002032 0.002536 0.013110 0.074378 0.027196 0.033082 0.050943 0.021636 0.001273 0.060944 0.037971 0.109936 0.100461 0.040273 0.053032 0.007450 0.025310 0.244878 0.025090 0.143186 0.189712 0.002105 0.011398 0.237097 0.098349 0.004453 0.012823 0.000984 0.089333 0.016899 0.027023 0.012926 0.012963 0.049248 0.023710 0.036315 0.113036 0.018684 0.020088 0.058723 0.049477 0.012755 0.000882 0.015988 0.013694 0.036809 0.004023 0.007532 0.023221 0.001873 0.008706 0.008503 0.024277 0.018435 0.016725 0.002801 0.000673 0.027223 0.001472 0.007300 0.009114 0.000843 0.000896 0.008164 
0.003870 0.004096 0.019741 0.103692 0.037512 0.045821 0.086428 0.024984 0.001734 0.108047 0.059212 0.165067 0.176737 0.075294 0.091205 0.009420 0.044433 0.537501 0.037211 0.295218 0.402565 0.003188 0.013605 0.586044 0.218883 0.006721 0.022236 0.002538 0.131956 0.028291 0.061326 0.023094 0.021941 0.090983 0.048567 0.083678 0.228807 0.035278 0.032414 0.096025 0.094865 0.022632 0.001647 0.023710 0.023809 0.054996 0.005339 0.008988 0.043484 0.001873 0.011456 0.011602 0.039142 0.018943 0.025848 0.004660 0.000898 0.043475 0.001644 0.010732 0.011432 0.001032 0.000919 0.008840 
0.000193 0.000019 0.000452 0.002479 0.005987 0.007877 0.001320 0.053317 0.002817 0.004132 0.014352 0.020940 0.000930 0.000754 0.002328 0.013500 0.000303 0.001859 0.080016 0.002457 0.006626 0.044091 0.370724 0.002097 0.000898 0.041365 0.011513 0.000030 0.094004 0.009504 0.001492 0.002267 0.004457 0.000163 0.000308 0.000956 0.003690 0.000215 0.003012 0.000320 0.001073 0.000297 0.000017 0.005496 0.000085 0.004763 0.002782 0.005326 0.000438 0.001686 0.002651 0.005642 0.002402 0.006103 0.000207 -0.000000 0.000617 0.001016 0.000613 0.000826 0.001054 0.000044 0.000138 0.000193 
0.000726 0.001012 0.006078 0.030335 0.012841 0.014315 0.018925 0.012621 0.000605 0.028096 0.020093 0.051042 0.036278 0.014362 0.021774 0.003817 0.009648 0.077367 0.015851 0.051551 0.096742 0.001501 0.007813 0.074100 0.041316 0.002580 0.007461 0.000642 0.047489 0.008402 0.015603 0.007461 0.007071 0.021398 0.010049 0.018960 0.064241 0.008205 0.010929 0.026750 0.025074 0.006907 0.000419 0.010129 0.006903 0.021739 0.002463 0.004120 0.011610 0.001405 0.005237 0.005086 0.015319 0.011824 0.008293 0.001120 0.000280 0.016151 0.000761 0.004171 0.005637 0.000451 0.000402 0.004299 
0.002080 0.004431 0.016375 0.094358 0.015582 0.018904 0.073059 0.007727 0.000452 0.061426 0.022799 0.076562 0.268547 0.063456 0.052244 0.003390 0.118891 0.797596 0.010341 0.174859 0.216115 0.000898 0.003493 1.178846 1.052203 0.002039 0.009586 0.001782 0.048073 0.011486 0.050088 0.013805 0.010306 0.253184 0.143266 0.108870 0.207484 0.078822 0.019933 0.209208 0.147091 0.022706 0.002745 0.010901 0.038883 0.034643 0.001918 0.003246 0.050823 0.000375 0.004549 0.003020 0.026159 0.007882 0.045407 0.008223 0.000337 0.034028 0.000589 0.004389 0.005848 0.000959 0.000333 0.008888 
0.002419 0.001495 0.010749 0.044627 0.043788 0.064793 0.031963 0.071862 0.004867 0.060669 0.108583 0.243920 0.042975 0.021152 0.048273 0.038977 0.009778 0.076786 0.167152 0.064548 0.164533 0.014965 0.064806 0.083188 0.041765 0.037682 0.156811 0.000963 0.937903 0.168928 0.040952 0.058724 0.085429 0.021235 0.011953 0.037577 0.182198 0.010755 0.055762 0.026537 0.038013 0.016821 0.000571 0.059047 0.007833 0.103757 0.016318 0.027381 0.019770 0.006807 0.027231 0.032502 0.043556 0.051744 0.010021 0.001165 0.003310 0.043373 0.003754 0.013817 0.015489 0.001013 0.001470 0.006715 
0.002370 0.001839 0.013211 0.058482 0.029576 0.040136 0.040051 0.030908 0.001851 0.060944 0.057736 0.154433 0.067904 0.029189 0.054401 0.012932 0.017998 0.140561 0.052044 0.095894 0.218154 0.005200 0.019212 0.145404 0.079757 0.009967 0.031253 0.001827 0.212726 0.046480 0.068721 0.040689 0.035762 0.044756 0.023262 0.063036 0.256963 0.020866 0.047751 0.052861 0.070126 0.024433 0.001072 0.041197 0.017385 0.081672 0.010077 0.015438 0.034174 0.003403 0.020031 0.017721 0.050891 0.034963 0.018176 0.003025 0.002132 0.052211 0.002748 0.012601 0.015858 0.001226 0.001436 0.008502 
0.000774 0.001375 0.005475 0.029460 0.007719 0.009794 0.018100 0.005667 0.000461 0.019833 0.010744 0.028956 0.049672 0.012825 0.012907 0.002192 0.043091 0.077483 0.007035 0.025994 0.037208 0.000789 0.002574 0.084470 0.111014 0.001623 0.003854 0.000261 0.028610 0.006168 0.010312 0.004856 0.004864 0.151420 0.032527 0.021331 0.056177 0.031621 0.009004 0.118405 0.043712 0.008002 0.001015 0.007358 0.020343 0.022605 0.002068 0.003079 0.031709 0.001030 0.004942 0.004212 0.015903 0.010171 0.032828 0.005915 0.000449 0.021026 0.000810 0.004997 0.006954 0.000824 0.000563 0.007101 
0.001596 0.002777 0.011352 0.061253 0.013995 0.013561 0.036915 0.008242 0.000560 0.037668 0.018781 0.046952 0.116739 0.028754 0.024650 0.003086 0.106171 0.213746 0.011867 0.058869 0.090728 0.001331 0.003585 0.235000 0.372919 0.002455 0.006770 0.000643 0.046321 0.010039 0.021595 0.009474 0.008635 0.438988 0.119585 0.054053 0.123561 0.097383 0.016642 0.320366 0.114441 0.017174 0.002863 0.012672 0.052183 0.035163 0.002820 0.004661 0.071579 0.000905 0.007593 0.005165 0.032456 0.010934 0.079755 0.014564 0.000505 0.047843 0.000981 0.010037 0.010590 0.001604 0.000689 0.015796 
0.000774 0.001756 0.006379 0.031939 0.006781 0.009452 0.018375 0.006954 0.000379 0.018731 0.010580 0.032883 0.058695 0.012680 0.012017 0.001766 0.063729 0.088054 0.006357 0.027086 0.040369 0.000975 0.002574 0.085052 0.112271 0.001228 0.003731 0.000259 0.028999 0.004972 0.010357 0.004805 0.005121 0.175677 0.037986 0.020795 0.058500 0.037613 0.008103 0.154854 0.047868 0.008670 0.001223 0.008448 0.024429 0.021825 0.001805 0.003079 0.039596 0.000843 0.005433 0.003735 0.017396 0.008264 0.052525 0.012570 0.000617 0.025699 0.000515 0.005301 0.008008 0.000896 0.000574 0.010482 
0.000484 0.000455 0.002110 0.011230 0.004400 0.005274 0.007482 0.004121 0.000244 0.009434 0.008201 0.020122 0.016185 0.006383 0.006505 0.001543 0.007312 0.036128 0.005340 0.015728 0.022733 0.000557 0.001838 0.047886 0.037005 0.000936 0.002742 0.000170 0.020046 0.004154 0.005992 0.003079 0.003343 0.022950 0.011281 0.014144 0.040185 0.010755 0.005309 0.027816 0.022191 0.004994 0.000446 0.004860 0.007072 0.013511 0.001090 0.002039 0.011665 0.000375 0.002848 0.003258 0.009153 0.007501 0.009468 0.001322 0.000449 0.011377 0.000564 0.003520 0.003741 0.000349 0.000276 0.003188 
0.000242 0.000037 0.000703 0.002625 0.003895 0.005068 0.001540 0.013136 0.000795 0.004201 0.008775 0.015214 0.002325 0.001074 0.002431 0.006009 0.000389 0.003020 0.035177 0.003004 0.007034 0.008945 0.047248 0.004078 0.001976 0.022264 0.009660 0.000047 0.114635 0.011675 0.002013 0.003451 0.006878 0.001143 0.000532 0.002141 0.011208 0.000430 0.004160 0.001599 0.002346 0.001095 0.000031 0.011037 0.000564 0.013078 0.006542 0.012650 0.001533 0.005308 0.007201 0.015337 0.004803 0.024029 0.001037 -0.000000 0.001346 0.003758 0.001570 0.002390 0.002529 0.000082 0.000494 0.000628 
0.001161 0.000511 0.003717 0.016917 0.018395 0.025958 0.009683 0.051256 0.002953 0.017767 0.043466 0.091777 0.016837 0.007109 0.015235 0.022473 0.004153 0.024395 0.125958 0.021516 0.046689 0.019763 0.086407 0.027496 0.015628 0.058739 0.051685 0.000295 0.629810 0.071152 0.014540 0.021131 0.037069 0.007677 0.005039 0.016743 0.079003 0.005224 0.031358 0.012256 0.018303 0.009060 0.000276 0.059319 0.004424 0.079334 0.030287 0.049312 0.011172 0.014550 0.032665 0.065719 0.033364 0.094462 0.005460 0.000538 0.005722 0.033012 0.006085 0.012992 0.014383 0.000620 0.001884 0.005603 
-0.000000 0.000037 0.000201 0.000875 0.000433 0.000890 0.000495 0.000515 0.000072 0.000413 0.000984 0.002454 0.000930 0.000435 0.000582 0.000203 0.000216 0.001045 0.001610 0.000874 0.001631 0.000093 0.000552 0.001631 0.000719 0.000416 0.000519 0.000012 0.007007 0.001794 0.000497 0.000592 0.001200 0.000898 0.000420 0.000726 0.003280 0.000399 0.001366 0.001599 0.001207 0.000223 0.000015 0.002135 0.000366 0.002598 0.000696 0.001082 0.000767 0.000187 0.000982 0.001589 0.001103 0.001653 0.000622 0.000022 0.000224 0.001016 0.000147 0.000869 0.000474 0.000044 0.000092 0.000145 
0.000387 0.000353 0.003667 0.012251 0.010676 0.013493 0.007867 0.021121 0.001020 0.012809 0.022389 0.038608 0.013860 0.005136 0.009483 0.007958 0.003418 0.022652 0.039754 0.015018 0.031602 0.005107 0.025555 0.026797 0.016526 0.013171 0.019814 0.000223 0.216424 0.033609 0.010854 0.012621 0.021877 0.011271 0.005571 0.013800 0.067248 0.005900 0.023627 0.015986 0.019442 0.008745 0.000293 0.052188 0.005184 0.070846 0.028256 0.047897 0.011227 0.011927 0.031781 0.061825 0.031547 0.086580 0.005667 0.000941 0.005834 0.036568 0.005962 0.014599 0.015173 0.000756 0.002056 0.006763 
0.001113 0.001626 0.006630 0.035439 0.011326 0.013493 0.023271 0.011333 0.000605 0.024653 0.016976 0.048915 0.062137 0.018482 0.020199 0.003796 0.035174 0.133707 0.015088 0.048220 0.078393 0.001254 0.006527 0.157405 0.150174 0.003017 0.008104 0.000669 0.065005 0.014728 0.031952 0.013230 0.011806 0.175840 0.108136 0.087424 0.214592 0.132292 0.028440 0.282105 0.306920 0.034793 0.008661 0.025890 0.099660 0.072232 0.005546 0.008780 0.150496 0.002186 0.013681 0.011682 0.064782 0.026190 0.075816 0.011203 0.001571 0.093654 0.002527 0.020031 0.023234 0.003014 0.001310 0.027293 
0.000871 0.001365 0.006128 0.029605 0.012624 0.017671 0.020906 0.012621 0.000786 0.026581 0.021569 0.056604 0.046045 0.016074 0.019309 0.004730 0.025223 0.100251 0.018139 0.046636 0.084407 0.001795 0.009008 0.122102 0.091433 0.004057 0.012155 0.000717 0.086998 0.019102 0.036158 0.017291 0.016756 0.087553 0.046636 0.113954 0.267214 0.052302 0.037940 0.122775 0.276014 0.047436 0.003196 0.032839 0.047505 0.094317 0.007482 0.013607 0.096771 0.002217 0.019605 0.017324 0.076855 0.028987 0.047273 0.006475 0.002188 0.098225 0.003043 0.023420 0.025710 0.002709 0.001884 0.023380 
0.000339 0.001421 0.003014 0.023626 0.002020 0.001849 0.011883 0.001030 0.000072 0.009779 0.002378 0.009488 0.060090 0.009546 0.005307 0.000406 0.097172 0.086428 0.001187 0.019113 0.027116 0.000155 0.000276 0.116277 0.212866 0.000250 0.001408 0.000234 0.009537 0.002046 0.009746 0.002386 0.001736 0.829953 0.123588 0.033984 0.063694 0.192031 0.007234 1.611422 0.122554 0.013256 0.004462 0.005178 0.140910 0.019314 0.000827 0.000915 0.168733 0.000125 0.003208 0.001430 0.027782 0.004195 0.380254 0.059892 0.000168 0.060235 0.000491 0.008603 0.011169 0.002796 0.000299 0.033766 
0.000387 0.000399 0.002612 0.012396 0.010460 0.015342 0.008527 0.021893 0.001219 0.013635 0.021979 0.048588 0.014418 0.005832 0.009997 0.010049 0.003851 0.024163 0.049332 0.016383 0.036087 0.006438 0.029323 0.028079 0.014281 0.016209 0.021272 0.000245 0.267611 0.042106 0.012234 0.016123 0.026827 0.011026 0.004731 0.016055 0.077772 0.005224 0.029030 0.014601 0.019979 0.009023 0.000335 0.070357 0.005973 0.095270 0.048936 0.092423 0.013418 0.023979 0.053187 0.108710 0.039012 0.161717 0.006773 0.000851 0.010265 0.042764 0.009545 0.018901 0.020599 0.000969 0.003595 0.007246 
0.000435 0.000399 0.002763 0.010500 0.007430 0.008356 0.007262 0.008242 0.000479 0.007300 0.009513 0.028138 0.011348 0.004236 0.006471 0.004162 0.003158 0.020097 0.019665 0.013379 0.026607 0.001749 0.011490 0.022253 0.014910 0.004619 0.009833 0.000182 0.100038 0.019542 0.009656 0.009762 0.015577 0.011434 0.004787 0.014182 0.056997 0.005378 0.022696 0.016839 0.019241 0.008429 0.000293 0.050553 0.005156 0.062705 0.011712 0.019184 0.010351 0.005120 0.023729 0.022886 0.028172 0.043226 0.006911 0.000963 0.002917 0.031794 0.002993 0.012470 0.012750 0.000853 0.001413 0.004831 
0.000242 0.000204 0.001607 0.008313 0.005627 0.009041 0.004676 0.014424 0.000813 0.009159 0.011400 0.023558 0.007721 0.003801 0.005478 0.005095 0.002250 0.014521 0.029837 0.009994 0.020184 0.004287 0.023256 0.014331 0.009161 0.012214 0.013613 0.000140 0.158231 0.024357 0.006874 0.008070 0.013563 0.006534 0.003359 0.008410 0.044285 0.003565 0.015400 0.009698 0.013140 0.005830 0.000196 0.036609 0.003466 0.047548 0.028294 0.063002 0.006408 0.027445 0.027886 0.092579 0.023693 0.115821 0.003801 0.000695 0.007685 0.026207 0.007827 0.010254 0.013434 0.000581 0.002263 0.004444 
0.000726 0.000799 0.004621 0.021876 0.014211 0.017739 0.016009 0.017257 0.001183 0.022243 0.027556 0.059058 0.025394 0.010823 0.019172 0.008607 0.008696 0.055992 0.036279 0.033093 0.076048 0.004380 0.018568 0.062333 0.043292 0.011923 0.023817 0.000603 0.241920 0.056015 0.037334 0.037931 0.048211 0.032261 0.016936 0.055123 0.285257 0.016994 0.139217 0.046467 0.068450 0.039694 0.001030 0.175188 0.018258 0.498086 0.030663 0.048979 0.042936 0.010303 0.075705 0.058567 0.157280 0.113914 0.022669 0.002801 0.006563 0.136824 0.009913 0.047274 0.047521 0.002907 0.004411 0.022655 
0.000145 0.000269 0.001507 0.008313 0.002597 0.003836 0.005777 0.003348 0.000163 0.005647 0.003937 0.008671 0.014511 0.003714 0.003834 0.000670 0.011422 0.022652 0.003475 0.007208 0.015189 0.000310 0.001103 0.025632 0.024789 0.000791 0.001161 0.000092 0.010899 0.002329 0.004138 0.001827 0.002421 0.043776 0.010945 0.010054 0.026790 0.015150 0.004254 0.064798 0.024001 0.003806 0.000655 0.004270 0.014398 0.011779 0.001147 0.002039 0.024371 0.000437 0.003109 0.002543 0.011944 0.006484 0.063030 0.012772 0.000449 0.017776 0.000515 0.004432 0.005163 0.000620 0.000264 0.007729 
0.000387 0.000622 0.002813 0.014001 0.004545 0.005205 0.007207 0.004894 0.000262 0.010123 0.006561 0.016196 0.019348 0.004991 0.006026 0.001238 0.015402 0.033456 0.005086 0.013543 0.022427 0.000433 0.001930 0.036701 0.042573 0.000895 0.003014 0.000145 0.022187 0.004846 0.006671 0.003553 0.003750 0.070728 0.020127 0.016208 0.048249 0.027227 0.007638 0.125653 0.040225 0.007055 0.001151 0.008630 0.027613 0.018967 0.001993 0.003079 0.044744 0.000593 0.004811 0.004053 0.017786 0.009281 0.099590 0.013892 0.000785 0.027832 0.000908 0.007343 0.009799 0.001153 0.000563 0.012946 
0.000435 0.000678 0.004219 0.016772 0.007719 0.009657 0.011498 0.006697 0.000406 0.014599 0.011154 0.037463 0.028743 0.009662 0.013044 0.003918 0.016008 0.063775 0.015512 0.029653 0.056985 0.001192 0.005883 0.077362 0.067901 0.003995 0.009685 0.000559 0.099454 0.022375 0.033467 0.018103 0.019413 0.074322 0.038938 0.097363 0.339793 0.048246 0.061723 0.144516 0.233442 0.084457 0.003642 0.069130 0.066722 0.217388 0.013141 0.022929 0.199128 0.004964 0.045069 0.030038 0.305083 0.074121 0.076576 0.009836 0.004880 0.422966 0.007680 0.079819 0.092303 0.009928 0.004802 0.081009 
0.000484 0.000576 0.003416 0.011084 0.008657 0.009794 0.009848 0.011076 0.000641 0.014392 0.014188 0.035827 0.019162 0.006906 0.011332 0.004446 0.007917 0.040890 0.021615 0.019659 0.042917 0.002151 0.009928 0.047769 0.034759 0.005556 0.012081 0.000376 0.118138 0.025175 0.021935 0.016614 0.020720 0.031689 0.015144 0.040329 0.172767 0.017670 0.051570 0.049344 0.067780 0.031599 0.001028 0.090523 0.020174 0.254629 0.021827 0.036037 0.050932 0.009460 0.068341 0.053958 0.297684 0.115567 0.023982 0.003563 0.006226 0.250285 0.010624 0.082991 0.089300 0.004928 0.006536 0.034490 
0.000532 0.000381 0.002260 0.010355 0.006853 0.007466 0.007317 0.009788 0.000479 0.011225 0.013204 0.031737 0.013953 0.005194 0.009073 0.004080 0.005148 0.033107 0.019411 0.015728 0.035272 0.001888 0.010663 0.034370 0.023083 0.006430 0.011118 0.000260 0.117360 0.024074 0.014291 0.012114 0.017956 0.018213 0.009266 0.025918 0.117000 0.011339 0.039555 0.031333 0.039890 0.017638 0.000677 0.094611 0.012426 0.178241 0.028181 0.055637 0.029135 0.012489 0.103951 0.077400 0.127551 0.179389 0.016794 0.002061 0.008975 0.149521 0.015851 0.075430 0.075918 0.003334 0.008707 0.022076 
0.000387 0.000455 0.001708 0.010938 0.005410 0.004794 0.008252 0.003091 0.000298 0.010398 0.007955 0.019631 0.020557 0.006818 0.008696 0.001989 0.017738 0.056108 0.008900 0.019878 0.036291 0.000944 0.004045 0.065595 0.059998 0.002601 0.005806 0.000406 0.057220 0.013186 0.024060 0.012317 0.013135 0.084612 0.040869 0.080353 0.241928 0.052118 0.046571 0.186827 0.235185 0.059096 0.004297 0.048237 0.091770 0.167155 0.009212 0.015563 0.323008 0.003372 0.034105 0.022966 0.247832 0.051236 0.128687 0.015438 0.002244 0.491835 0.005987 0.081644 0.104473 0.015263 0.004721 0.143179 
0.000339 0.000427 0.001306 0.009480 0.001515 0.002055 0.005997 0.001030 0.000063 0.005234 0.003034 0.007689 0.022046 0.004642 0.003834 0.000467 0.027862 0.035547 0.002204 0.008956 0.014170 0.000139 0.000735 0.038099 0.057393 0.000562 0.001038 0.000109 0.010315 0.001573 0.005224 0.002369 0.002014 0.137618 0.027657 0.016208 0.038408 0.040010 0.005154 0.215815 0.050885 0.008837 0.001454 0.005133 0.046153 0.017495 0.001354 0.001706 0.090856 0.000437 0.003764 0.003258 0.024147 0.007120 0.454273 0.197533 0.000393 0.047132 0.000662 0.008603 0.012012 0.002902 0.000414 0.038935 
0.000193 0.000074 0.001005 0.003063 0.002236 0.003356 0.002971 0.003606 0.000271 0.004545 0.006151 0.015869 0.005767 0.002031 0.004382 0.002477 0.003072 0.014985 0.011613 0.008738 0.018655 0.001517 0.006710 0.021787 0.014460 0.005368 0.009117 0.000190 0.108212 0.022343 0.014925 0.013433 0.019906 0.014701 0.007698 0.028899 0.152401 0.008666 0.058804 0.027177 0.053366 0.032268 0.000753 0.183363 0.014933 0.393117 0.047733 0.087554 0.046715 0.018858 0.215135 0.128180 0.415368 0.383443 0.023982 0.002689 0.017726 0.510322 0.039014 0.316147 0.293767 0.009531 0.027213 0.052267 
0.000193 0.000242 0.002160 0.006271 0.004040 0.004794 0.004236 0.003864 0.000271 0.005991 0.007791 0.019141 0.007721 0.002727 0.004588 0.001989 0.003072 0.016612 0.010850 0.009611 0.015291 0.001238 0.005515 0.015729 0.013113 0.002809 0.004941 0.000137 0.053911 0.011360 0.007824 0.006175 0.008764 0.011842 0.004955 0.012691 0.059594 0.005562 0.017511 0.017052 0.020314 0.008021 0.000372 0.037972 0.006142 0.068161 0.015905 0.034123 0.016156 0.008680 0.040585 0.055388 0.051929 0.130823 0.009192 0.001210 0.008078 0.077909 0.015017 0.049273 0.053632 0.002171 0.009362 0.012946 
0.000242 0.000102 0.000854 0.004229 0.003318 0.003219 0.003521 0.003606 0.000199 0.005991 0.005085 0.011779 0.006976 0.003395 0.005238 0.002030 0.004456 0.018819 0.008222 0.009994 0.018757 0.001223 0.004872 0.021321 0.018412 0.003142 0.006102 0.000223 0.066367 0.013972 0.012121 0.010337 0.012599 0.021235 0.010805 0.028785 0.123424 0.014228 0.039989 0.044549 0.063020 0.028332 0.001080 0.079577 0.021330 0.192358 0.019928 0.039241 0.065336 0.010022 0.076392 0.060633 0.283922 0.157776 0.033588 0.003854 0.009873 0.692856 0.019360 0.381236 0.449290 0.015166 0.016288 0.089559 
0.000145 0.000288 0.001507 0.007875 0.004112 0.004863 0.005061 0.005151 0.000334 0.007231 0.007709 0.018977 0.008837 0.003163 0.005854 0.002639 0.002985 0.019284 0.010256 0.009994 0.019267 0.001439 0.005607 0.022020 0.014460 0.003641 0.006621 0.000139 0.076488 0.014224 0.008910 0.008747 0.011185 0.015681 0.007390 0.018005 0.079413 0.009219 0.024993 0.024619 0.029700 0.012384 0.000561 0.055277 0.009890 0.105836 0.021939 0.049062 0.022673 0.013426 0.061860 0.083281 0.096328 0.196807 0.013615 0.001770 0.013743 0.146474 0.026770 0.124225 0.129445 0.004278 0.019895 0.025312 
0.000193 0.000418 0.001356 0.006271 0.001515 0.000959 0.003521 0.000515 0.000054 0.003994 0.001312 0.004417 0.013116 0.002756 0.002157 0.000426 0.017782 0.021142 0.001187 0.006990 0.010092 0.000186 0.000552 0.027613 0.037903 0.000270 0.001087 0.000089 0.010121 0.001825 0.003867 0.001861 0.001736 0.086736 0.018867 0.013685 0.035948 0.029101 0.005247 0.151764 0.039823 0.006294 0.001148 0.005178 0.037756 0.017062 0.001053 0.001706 0.073277 0.000624 0.003829 0.002384 0.023173 0.007882 0.361525 0.133631 0.000561 0.049366 0.000785 0.009646 0.013645 0.002864 0.000632 0.041640 
0.000145 0.000399 0.001808 0.009334 0.002308 0.002808 0.005722 0.002061 0.000117 0.005027 0.003034 0.012106 0.017023 0.003627 0.004177 0.000832 0.014494 0.025673 0.002712 0.008410 0.016311 0.000170 0.001103 0.030875 0.038172 0.000895 0.001902 0.000132 0.016738 0.003682 0.005970 0.002876 0.002593 0.068115 0.018419 0.015329 0.042508 0.026489 0.007017 0.126931 0.044114 0.007519 0.001192 0.008585 0.035192 0.020959 0.001504 0.002996 0.067143 0.000781 0.004844 0.003099 0.024407 0.011061 0.249633 0.054201 0.000617 0.054039 0.001031 0.010428 0.015331 0.003048 0.000758 0.039369 
0.000097 0.000111 0.000402 0.004521 0.002236 0.003288 0.002311 0.002576 0.000262 0.003443 0.005987 0.012760 0.004000 0.002031 0.003013 0.001746 0.002726 0.012081 0.009154 0.007099 0.010194 0.000851 0.005883 0.012583 0.010688 0.002996 0.005905 0.000110 0.065978 0.013437 0.007214 0.007326 0.010863 0.010454 0.005319 0.013609 0.064651 0.006576 0.023317 0.016626 0.025945 0.013033 0.000412 0.065724 0.008199 0.127141 0.027673 0.057842 0.022618 0.017172 0.076458 0.119120 0.117814 0.299152 0.013200 0.001658 0.024289 0.197161 0.051895 0.194789 0.196459 0.005955 0.050485 0.035408 
0.000193 0.000149 0.000703 0.004813 0.002453 0.002192 0.002641 0.002061 0.000226 0.004476 0.002788 0.007853 0.005023 0.002089 0.002773 0.000954 0.002120 0.011500 0.003560 0.006171 0.010092 0.000511 0.002022 0.012001 0.009880 0.001103 0.002100 0.000080 0.023161 0.004343 0.004206 0.002707 0.003878 0.009556 0.003891 0.008181 0.029387 0.005531 0.007296 0.017159 0.014213 0.005384 0.000290 0.011582 0.006452 0.024597 0.003196 0.005784 0.015225 0.002154 0.008183 0.009377 0.029210 0.020215 0.010159 0.001143 0.001346 0.079535 0.002086 0.027635 0.042990 0.002965 0.001792 0.021061 
0.000048 0.000019 -0.000000 0.000438 0.000216 0.000205 0.000440 0.000773 0.000054 0.000620 0.000574 0.000818 0.000186 0.000203 0.000342 0.000244 0.000173 0.001045 0.000593 0.000218 0.000816 0.000062 0.000460 0.000466 0.000539 0.000187 0.000247 0.000006 0.003893 0.000598 0.000407 0.000203 0.000429 0.000245 0.000308 0.000841 0.002324 0.000277 0.000745 0.000639 0.000805 0.000427 0.000017 0.001726 0.000254 0.002252 0.000827 0.001706 0.000493 0.000999 0.001735 0.004609 0.002012 0.009281 0.000276 0.000022 0.001963 0.002438 0.003877 0.002042 0.002107 0.000082 0.001436 0.000290 
-0.000000 0.000390 0.001155 0.006709 0.001298 0.001370 0.004291 0.001803 0.000027 0.004132 0.002132 0.005889 0.011441 0.002872 0.003389 0.000447 0.015316 0.018819 0.001271 0.005952 0.009990 0.000155 0.000552 0.027613 0.033861 0.000624 0.001359 0.000093 0.010121 0.002549 0.004590 0.002013 0.002121 0.072770 0.019175 0.013150 0.033761 0.026182 0.006023 0.131940 0.043041 0.007538 0.001130 0.005541 0.035728 0.018188 0.001184 0.002081 0.073550 0.000500 0.004026 0.003655 0.027068 0.008645 0.303195 0.080214 0.000393 0.053633 0.000662 0.010819 0.013593 0.003377 0.000747 0.050673 
0.000242 0.000223 0.000954 0.005104 0.002813 0.003836 0.003081 0.003348 0.000235 0.005165 0.006151 0.014887 0.007162 0.002931 0.003834 0.002335 0.003591 0.013708 0.006866 0.008028 0.017024 0.000929 0.003309 0.014564 0.010958 0.002122 0.004546 0.000119 0.049046 0.009661 0.006399 0.005803 0.007478 0.010617 0.005011 0.011506 0.052213 0.006177 0.015058 0.018651 0.021185 0.008800 0.000387 0.033884 0.006931 0.064004 0.012709 0.027215 0.019223 0.007150 0.034432 0.047998 0.059459 0.113406 0.012164 0.001568 0.009199 0.105945 0.017667 0.100979 0.108529 0.003658 0.017897 0.021979 
-0.000000 -0.000000 0.000201 0.000583 0.000072 0.000068 0.000220 0.000258 0.000009 0.000138 0.000164 0.000327 0.000093 -0.000000 0.000205 0.000081 0.000087 0.000929 0.000254 0.000164 0.000816 0.000046 -0.000000 0.000816 0.000269 0.000083 0.000074 0.000004 0.000973 0.000409 0.000226 0.000169 0.000257 0.000408 0.000140 0.000229 0.001093 0.000123 0.000373 0.000426 0.000737 0.000241 0.000018 0.000545 0.000169 0.001039 0.000244 0.000583 0.000438 0.000094 0.000458 0.000477 0.001233 0.001526 0.000276 0.000022 0.000168 0.002539 0.000196 0.001564 0.001686 0.000063 0.000161 0.000338 
-0.000000 0.000009 0.000100 0.000583 0.000144 0.000068 0.000440 0.000258 0.000054 0.000413 0.000246 0.000491 0.001209 0.000232 0.000445 0.000223 0.001255 0.002207 0.000678 0.001256 0.002549 0.000062 0.000643 0.003845 0.004581 0.000333 0.000939 0.000034 0.013624 0.002738 0.003369 0.002166 0.003064 0.007514 0.002855 0.009518 0.041415 0.004947 0.014127 0.020249 0.031644 0.013590 0.000470 0.036882 0.012595 0.100033 0.009400 0.017727 0.050987 0.004121 0.049226 0.035124 0.189736 0.119254 0.029995 0.002913 0.006002 0.676197 0.020709 0.568291 1.091668 0.037222 0.028511 0.168395 
0.000097 0.000279 0.001256 0.003792 0.000794 0.001233 0.002311 0.001030 0.000099 0.002892 0.001394 0.002618 0.007628 0.001915 0.001438 0.000264 0.009302 0.011849 0.000678 0.004314 0.006116 0.000077 0.000276 0.013865 0.021376 0.000208 0.000716 0.000055 0.003503 0.001353 0.002171 0.001167 0.000964 0.040673 0.010273 0.007531 0.018042 0.013982 0.002825 0.069274 0.021655 0.003528 0.000594 0.002771 0.016230 0.009007 0.000470 0.001456 0.032367 0.000406 0.002127 0.001669 0.012074 0.004450 0.140297 0.072798 0.000112 0.022652 0.000515 0.004997 0.006902 0.001323 0.000276 0.021400 
0.000193 0.000390 0.001909 0.006125 0.002453 0.001849 0.005171 0.000773 0.000154 0.005785 0.003691 0.009979 0.014325 0.003482 0.003869 0.000670 0.010903 0.023117 0.003051 0.008355 0.014272 0.000248 0.001747 0.028312 0.035029 0.000791 0.002273 0.000122 0.014986 0.003871 0.006309 0.003333 0.003171 0.059212 0.018083 0.018234 0.053443 0.027503 0.008849 0.115848 0.052762 0.009970 0.001242 0.009811 0.037165 0.028408 0.001936 0.003537 0.086694 0.000812 0.007921 0.006119 0.034403 0.015638 0.198352 0.030316 0.000561 0.086340 0.001718 0.019640 0.024709 0.005635 0.001068 0.077386 
0.000145 0.000186 0.000402 0.003792 0.001154 0.001301 0.003026 0.000773 0.000054 0.003237 0.001066 0.004908 0.010232 0.002089 0.002054 0.000426 0.012633 0.020794 0.001526 0.006280 0.008461 0.000155 0.000460 0.026914 0.033951 0.000375 0.001359 0.000104 0.013818 0.002801 0.005495 0.002995 0.002486 0.076363 0.020687 0.021713 0.057817 0.031498 0.010432 0.163380 0.077635 0.015800 0.001968 0.012173 0.059762 0.042178 0.002237 0.004245 0.180289 0.000905 0.009263 0.005881 0.074388 0.014621 0.318399 0.042169 0.000954 0.192996 0.002552 0.036368 0.049576 0.015491 0.001987 0.257422 
0.000048 0.000186 0.000251 0.001604 0.000505 0.000616 0.001650 0.000515 0.000009 0.000895 0.000492 0.002781 0.006511 0.001393 0.001746 0.000183 0.011206 0.011849 0.001526 0.004587 0.005301 0.000108 0.000460 0.016078 0.025149 0.000229 0.000667 0.000086 0.006228 0.001542 0.004817 0.002166 0.002293 0.062316 0.017355 0.018081 0.056450 0.028118 0.009780 0.147074 0.080920 0.016542 0.001859 0.011401 0.063171 0.041052 0.001636 0.003038 0.206795 0.000624 0.009164 0.005324 0.083281 0.017163 0.317362 0.040264 0.000673 0.242667 0.002576 0.044146 0.065381 0.022720 0.002401 0.429440 
0.000193 0.000251 0.001155 0.004521 0.001515 0.001438 0.004401 0.001545 0.000108 0.004820 0.002214 0.006871 0.011720 0.003076 0.002636 0.000568 0.012114 0.020910 0.002543 0.008410 0.012335 0.000217 0.001379 0.027613 0.032334 0.000437 0.001729 0.000109 0.014402 0.002392 0.005653 0.002825 0.003257 0.062724 0.019203 0.019381 0.056040 0.029347 0.009532 0.133539 0.060271 0.011994 0.001549 0.010538 0.046547 0.030919 0.002463 0.003953 0.114625 0.001124 0.008019 0.006278 0.050631 0.015129 0.243136 0.034595 0.001122 0.126260 0.001865 0.026027 0.035246 0.009419 0.001482 0.139121 
0.000145 0.000223 0.000904 0.003208 0.001731 0.002603 0.001870 0.002318 0.000135 0.002823 0.003527 0.009488 0.003628 0.001857 0.002225 0.001238 0.001774 0.009061 0.006272 0.005898 0.007849 0.000449 0.001838 0.009437 0.007814 0.001415 0.002322 0.000070 0.024912 0.005192 0.003912 0.002690 0.004457 0.006779 0.003275 0.006690 0.030070 0.003903 0.008755 0.011617 0.012671 0.005124 0.000202 0.018486 0.004790 0.034990 0.007163 0.016479 0.010953 0.004808 0.019082 0.028052 0.032715 0.064712 0.006358 0.000807 0.005946 0.054750 0.012686 0.041495 0.046678 0.001739 0.016782 0.011352 
0.000193 0.000176 0.000753 0.003792 0.003030 0.002808 0.001815 0.002833 0.000126 0.003787 0.003116 0.008507 0.005116 0.002263 0.003287 0.001117 0.002163 0.011268 0.007035 0.005789 0.010602 0.000665 0.003677 0.012117 0.009880 0.002039 0.004002 0.000095 0.039509 0.007081 0.005201 0.005025 0.006021 0.009719 0.004535 0.009748 0.040731 0.005132 0.013257 0.014921 0.018571 0.008188 0.000317 0.031204 0.006734 0.054737 0.011374 0.024677 0.016923 0.007306 0.029555 0.044263 0.052448 0.108574 0.009468 0.001524 0.009031 0.101678 0.018452 0.088857 0.097308 0.003464 0.025915 0.021206 
-0.000000 0.000204 0.000653 0.002188 0.001731 0.001575 0.001705 0.002061 0.000135 0.003305 0.004429 0.007362 0.003535 0.001393 0.002739 0.001259 0.002812 0.011384 0.005340 0.005570 0.009582 0.000588 0.003309 0.013865 0.009700 0.001810 0.003187 0.000082 0.040677 0.007710 0.005721 0.004906 0.006771 0.010781 0.005962 0.013188 0.059320 0.007775 0.017759 0.024299 0.027890 0.012402 0.000468 0.039425 0.010115 0.091286 0.013649 0.029088 0.034229 0.008461 0.043466 0.051097 0.106844 0.133747 0.020941 0.002442 0.009873 0.243378 0.023212 0.238196 0.307043 0.011561 0.027879 0.065503 
0.000193 0.000260 0.000854 0.004229 0.001082 0.001301 0.003026 0.001030 0.000054 0.003443 0.002214 0.004417 0.008093 0.001799 0.001780 0.000264 0.009302 0.014521 0.001271 0.004423 0.008461 0.000217 0.000552 0.017243 0.022454 0.000250 0.000716 0.000069 0.007590 0.001731 0.003075 0.001523 0.001521 0.046553 0.011365 0.009366 0.026243 0.017270 0.004409 0.087605 0.027085 0.004642 0.000778 0.004542 0.023865 0.012472 0.001034 0.001540 0.046551 0.000406 0.003175 0.002543 0.018889 0.006865 0.171743 0.049966 0.000337 0.037279 0.000785 0.008690 0.011380 0.002500 0.000586 0.033766 
0.000048 0.000074 0.000251 0.001896 0.000866 0.001027 0.000605 0.001288 0.000081 0.001308 0.001722 0.003763 0.001116 0.000667 0.001027 0.000548 0.000909 0.003833 0.001865 0.001911 0.004078 0.000186 0.001379 0.003029 0.002964 0.000791 0.001309 0.000030 0.013040 0.002171 0.001447 0.001421 0.001714 0.002940 0.000896 0.003173 0.011891 0.001414 0.003446 0.004050 0.003687 0.001857 0.000069 0.007449 0.001634 0.014377 0.003647 0.009571 0.004162 0.004153 0.008346 0.023045 0.011619 0.048566 0.002212 0.000246 0.008078 0.017979 0.018918 0.014208 0.014910 0.000644 0.017070 0.003478 
-0.000000 0.000046 0.000553 0.002042 0.000505 0.000548 0.001760 -0.000000 0.000054 0.001722 0.001148 0.001800 0.005674 0.001248 0.001130 0.000264 0.007268 0.011617 0.000678 0.003550 0.005505 0.000062 0.000368 0.012467 0.019131 0.000187 0.001260 0.000065 0.010899 0.001825 0.004387 0.002149 0.002486 0.043286 0.012401 0.015635 0.049069 0.020097 0.009625 0.093786 0.059266 0.014092 0.001385 0.012173 0.041757 0.038627 0.002162 0.004453 0.135217 0.000843 0.010637 0.006834 0.083671 0.022122 0.177480 0.022832 0.001290 0.249574 0.003484 0.050490 0.075549 0.027202 0.002918 0.615418 
0.000193 0.000269 0.000804 0.006417 0.002164 0.001781 0.003796 0.001545 0.000117 0.004063 0.002378 0.005726 0.009395 0.002263 0.002807 0.000751 0.008696 0.020561 0.002628 0.006171 0.011723 0.000217 0.001747 0.020622 0.022454 0.000811 0.001853 0.000106 0.012067 0.002392 0.004997 0.002605 0.002893 0.045165 0.012989 0.011812 0.035948 0.019206 0.007110 0.078440 0.038885 0.007352 0.000913 0.008085 0.024429 0.023384 0.001842 0.003287 0.055532 0.000999 0.005204 0.004291 0.027263 0.011442 0.126129 0.021824 0.000729 0.065619 0.001104 0.014773 0.020020 0.004274 0.000965 0.066759 
0.000048 0.000084 0.001406 0.002625 0.001154 0.001781 0.001760 0.001288 0.000054 0.002686 0.003034 0.005399 0.005395 0.001538 0.002533 0.000731 0.002899 0.010571 0.002712 0.003659 0.007238 0.000371 0.000827 0.009088 0.008802 0.000832 0.001408 0.000053 0.014013 0.002518 0.003234 0.001793 0.002314 0.010291 0.004395 0.006575 0.021869 0.005347 0.005278 0.018331 0.012202 0.003695 0.000278 0.007494 0.005523 0.016282 0.001861 0.004036 0.015882 0.000999 0.005073 0.005722 0.019928 0.013604 0.012233 0.001367 0.001010 0.050890 0.001374 0.016381 0.019177 0.005141 0.001068 0.061252 
-0.000000 0.000019 0.000151 0.000146 0.000289 0.000411 0.000330 -0.000000 0.000036 0.000689 0.000410 0.001309 0.000186 0.000261 0.000171 0.000162 0.000260 0.001162 0.000848 0.000710 0.001733 0.000062 0.000552 0.001631 0.000898 0.000146 0.000568 0.000013 0.005644 0.000881 0.000633 0.000524 0.000707 0.000980 0.000504 0.000879 0.005877 0.000768 0.001118 0.001705 0.001810 0.000761 0.000034 0.002271 0.000648 0.004590 0.001598 0.003121 0.001260 0.001280 0.003044 0.006198 0.004414 0.014621 0.000760 0.000134 0.002580 0.008025 0.005668 0.004389 0.005795 0.000228 0.005445 0.001642 
