# Flux Network Reconstruction using RW method
# Walkers leave from emitting cells
# Probability involves emitting fluxes, then absorbing flux is shared among connections
# Seed: 1684941001
# Threshold: 0.5
# Precision: 100000.0
# Dt: 1.0
# Radius step: 10.000000
# Matrix output


0.001971 0.001439 0.173191 0.001213 0.248450 0.010495 0.083489 0.004004 0.000790 0.006719 0.000128 0.009520 0.001023 0.006733 0.000139 0.063031 0.008364 0.009022 0.010216 0.000321 0.000381 0.000062 0.011054 0.000044 0.005267 -0.000000 0.000241 0.016451 0.017344 0.000420 0.000478 0.000496 0.001236 0.000800 0.000463 0.002293 0.000280 0.000284 0.000294 0.004704 0.000212 0.000726 0.002303 0.000052 0.000187 0.009188 0.001328 0.000243 0.000112 0.001686 0.001252 0.000058 0.000639 -0.000000 0.000087 0.000015 0.000319 0.002497 -0.000000 0.000617 0.000063 0.000079 0.000110 0.000231 0.000111 0.000001 0.000197 0.000102 0.000003 0.000087 -0.000000 
0.301805 0.144674 0.035599 0.123975 0.038600 0.005434 0.083059 0.079435 0.041474 0.022607 0.003341 0.012911 0.026420 0.100609 0.006071 0.027128 0.056457 0.011916 0.009712 0.005241 0.008502 0.003076 0.011732 0.003310 0.021240 0.001055 0.000559 0.013161 0.008274 0.005810 0.005109 0.004741 0.004455 0.003598 0.004528 0.002348 0.004568 0.004638 0.001609 0.001711 0.001849 0.000563 0.004750 0.000523 0.000128 0.004917 0.003593 0.002037 0.001066 0.001576 0.004633 0.000670 0.000444 0.000093 0.000405 0.000060 0.001003 0.001314 0.000269 0.001953 0.000379 0.000315 0.000263 0.000231 0.000093 0.000001 0.000395 0.000082 0.000017 0.000174 0.000022 
0.147139 0.081284 0.053681 0.087135 0.057747 0.008000 0.124446 0.076003 0.039104 0.027882 0.003145 0.016417 0.026079 0.106961 0.005196 0.033583 0.058636 0.015075 0.012401 0.005044 0.007835 0.002842 0.014174 0.002869 0.025989 0.001188 0.000625 0.019940 0.009786 0.006230 0.004332 0.005516 0.005318 0.004291 0.005660 0.002866 0.004568 0.005395 0.001532 0.002449 0.001806 0.000599 0.005902 0.000439 0.000116 0.005953 0.004531 0.002862 0.001262 0.001136 0.004132 0.000525 0.000479 0.000278 0.000231 0.000149 0.001231 0.001446 0.000350 0.001850 0.000631 0.000472 0.000329 0.000346 0.000167 0.000004 0.000395 0.000163 0.000014 0.000195 0.000151 
0.017205 0.043609 0.002967 0.035455 0.005208 0.000653 0.011456 0.024238 0.059051 0.004207 0.001346 0.002423 0.031704 0.025025 0.003308 0.005244 0.014986 0.002627 0.002151 0.002898 0.004858 0.002335 0.002441 0.002383 0.007339 0.001213 0.000162 0.003988 0.002466 0.004550 0.002330 0.002107 0.001725 0.001839 0.003293 0.000928 0.002936 0.002934 0.001021 0.000622 0.001020 0.000254 0.003095 0.000449 0.000068 0.002459 0.002187 0.001552 0.000645 0.000513 0.002880 0.000495 0.000355 0.000278 0.000231 0.000060 0.000821 0.000394 0.000108 0.001336 0.000442 0.000079 0.000175 0.000029 0.000111 0.000003 0.000493 0.000122 0.000020 0.000195 0.000065 
0.000896 0.001529 0.000141 0.001213 0.000460 0.000035 0.001146 0.001430 0.005925 0.000345 0.000076 0.000171 0.004261 0.002287 0.000203 0.000706 0.000784 0.000152 0.000067 0.000247 0.000572 0.000161 0.000203 0.000177 0.000432 0.000146 0.000005 -0.000000 0.000398 0.000630 0.000179 0.000155 0.000259 0.000133 0.000515 0.000109 0.000373 0.000473 0.000046 0.000117 0.000106 0.000018 0.000216 0.000010 0.000006 -0.000000 0.000312 0.000194 0.000084 0.000073 0.000125 -0.000000 0.000036 -0.000000 0.000029 0.000015 0.000182 0.000263 -0.000000 -0.000000 0.000189 -0.000000 0.000066 0.000029 -0.000000 0.000000 0.000049 0.000020 -0.000000 -0.000000 0.000043 
0.039966 0.084071 0.006216 0.089964 0.010569 0.001178 0.023056 0.051050 0.076826 0.008132 0.002476 0.005073 0.046022 0.058053 0.006028 0.009480 0.026051 0.005977 0.004638 0.004773 0.010240 0.003855 0.006510 0.004281 0.014765 0.001588 0.000411 0.010668 0.006046 0.009380 0.005139 0.005423 0.003104 0.002799 0.006329 0.002075 0.005640 0.008235 0.001655 0.000972 0.002210 0.000426 0.003815 0.000742 0.000128 0.004141 0.005546 0.002813 0.001543 0.001173 0.005384 0.001166 0.000533 0.000402 0.000722 0.000253 0.001277 0.000920 0.000592 0.002981 0.001263 0.000629 0.000548 0.000491 0.000296 0.000006 0.000641 0.000285 0.000037 0.000347 0.000238 
0.001792 0.003776 0.001130 0.004619 0.000919 0.000093 0.001146 0.003789 0.031599 0.000848 0.000232 0.000513 0.013977 0.005081 0.000726 0.000807 0.002527 0.000495 0.000403 0.000740 0.001405 0.000556 0.000814 0.000750 0.001641 0.000291 0.000038 0.000798 0.000239 0.001610 0.000627 0.000713 0.000402 0.000267 0.000978 0.000246 0.000792 0.000473 0.000155 -0.000000 0.000276 0.000054 0.000504 0.000052 0.000018 0.000259 0.000156 0.000388 0.000140 0.000110 0.000626 0.000204 0.000053 0.000031 0.000058 0.000060 0.000228 0.000263 0.000081 0.000308 0.000253 0.000079 0.000022 -0.000000 0.000056 -0.000000 0.000099 0.000041 0.000003 -0.000000 -0.000000 
0.001075 0.001169 0.007346 0.001617 0.010569 0.001318 0.018330 0.004147 0.000987 0.002669 0.000148 0.003107 0.001023 0.006733 0.000299 0.006152 0.005750 0.002513 0.001983 0.000456 0.000619 0.000247 0.002306 0.000309 0.004231 0.000073 0.000090 0.003689 0.002228 0.000910 0.000657 0.000868 0.001092 0.001013 0.001029 0.001092 0.001212 0.001420 0.000248 0.000467 0.000531 0.000200 0.001727 0.000136 0.000050 0.003235 0.001875 0.000728 0.000252 0.000733 0.001753 0.000233 0.000320 0.000124 0.000144 0.000104 0.000684 0.000526 0.000161 0.001439 0.000379 0.000236 0.000132 0.000144 0.000037 0.000002 0.000247 0.000102 0.000020 0.000109 0.000043 
0.016667 0.040462 0.004379 0.041575 0.006127 0.000851 0.014177 0.038180 0.238376 0.005526 0.002059 0.003392 0.111987 0.051575 0.006786 0.007362 0.020562 0.003007 0.002823 0.004982 0.010574 0.004608 0.005290 0.005781 0.009498 0.002413 0.000249 0.007179 0.003023 0.010500 0.005020 0.003967 0.002817 0.001919 0.005402 0.001501 0.004195 0.007099 0.001253 0.000467 0.001785 0.000236 0.003599 0.000627 0.000047 0.002847 0.003437 0.001989 0.001206 0.000513 0.004257 0.000729 0.000302 0.000247 0.000722 0.000075 0.000912 0.000789 0.000377 0.001953 0.000442 0.000472 0.000197 0.000087 0.000185 0.000002 0.000493 0.000061 0.000010 0.000152 0.000087 
0.010395 0.021220 0.002684 0.022174 0.003676 0.000455 0.007447 0.021521 0.199075 0.002355 0.001322 0.001226 0.089828 0.025533 0.003766 0.002622 0.009497 0.001637 0.001680 0.002849 0.006239 0.002261 0.001899 0.004590 0.005094 0.001419 0.000096 0.002393 0.000716 0.007490 0.002360 0.001549 0.001293 0.000826 0.003293 0.000409 0.002750 0.003691 0.000619 0.000156 0.000489 0.000100 0.001224 0.000199 0.000024 0.000776 0.001250 0.001116 0.000365 0.000257 0.001628 0.000379 0.000053 0.000093 0.000087 0.000075 0.000410 0.000131 0.000054 0.000617 0.000316 0.000236 0.000088 0.000029 -0.000000 0.000001 0.000197 0.000020 0.000007 0.000043 0.000022 
0.118822 0.172548 0.033480 0.261925 0.052539 0.006251 0.122727 0.307159 0.170833 0.042513 0.013020 0.021804 0.113862 0.311100 0.023452 0.039029 0.128684 0.021433 0.016568 0.020743 0.031531 0.012046 0.021294 0.010812 0.050252 0.004268 0.001310 0.028216 0.013366 0.025831 0.015656 0.012829 0.010405 0.008396 0.016567 0.004914 0.014449 0.016753 0.003852 0.003071 0.004484 0.000953 0.011732 0.001401 0.000267 0.007376 0.011874 0.005578 0.003647 0.002932 0.012522 0.001952 0.001438 0.000525 0.001185 0.000402 0.002873 0.002234 0.000995 0.004318 0.001705 0.000393 0.000724 0.000664 0.000371 0.000008 0.000839 0.000448 0.000024 0.000261 0.000195 
0.022402 0.033179 0.018364 0.044867 0.026193 0.002950 0.055707 0.096667 0.036142 0.018933 0.003946 0.010802 0.030170 0.115980 0.007469 0.024910 0.053321 0.013781 0.011661 0.007930 0.012288 0.004658 0.016547 0.003751 0.030738 0.002219 0.000817 0.021436 0.011775 0.011760 0.008993 0.008584 0.007473 0.006397 0.010445 0.004695 0.010348 0.009276 0.003218 0.002993 0.003485 0.001062 0.013099 0.001390 0.000279 0.011517 0.009999 0.006014 0.002833 0.002859 0.012021 0.001545 0.001474 0.000649 0.001329 0.000462 0.003421 0.002760 0.001265 0.006785 0.002273 0.000787 0.001140 0.000606 0.000222 0.000010 0.001776 0.000428 0.000068 0.000630 0.000325 
0.008244 0.005575 0.208225 0.008719 0.401472 0.029807 0.341689 0.021950 0.008295 0.038589 0.001034 0.060225 0.003920 0.049161 0.001782 0.450089 0.054192 0.067229 0.075614 0.002602 0.003501 0.001544 0.096366 0.000971 0.068557 0.000618 0.002555 0.142573 0.147184 0.004270 0.003705 0.006322 0.017102 0.011541 0.005763 0.025141 0.005547 0.004638 0.003079 0.041169 0.003060 0.007322 0.029006 0.000920 0.001911 0.080361 0.021248 0.004171 0.002609 0.014330 0.014024 0.000816 0.005344 0.000247 0.000867 0.000209 0.005291 0.023526 0.001076 0.009869 0.001894 0.000629 0.000943 0.002713 0.001575 0.000018 0.004046 0.001835 0.000041 0.001585 0.000325 
0.002868 0.003057 0.049725 0.004100 0.087003 0.007195 0.092511 0.010868 0.006517 0.013721 0.000585 0.017700 0.004261 0.024771 0.001142 0.113253 0.025441 0.022803 0.024802 0.001529 0.002572 0.001235 0.042927 0.001192 0.030997 0.000594 0.001261 0.062214 0.066432 0.003570 0.003436 0.004152 0.010003 0.006983 0.004991 0.013158 0.004661 0.005584 0.002522 0.021265 0.002932 0.003838 0.020009 0.000868 0.001104 0.048915 0.016326 0.004123 0.002721 0.010189 0.012396 0.001195 0.004119 0.000278 0.001098 0.000432 0.005427 0.016298 0.001184 0.009252 0.002399 0.000865 0.001228 0.002223 0.001667 0.000020 0.002911 0.002018 0.000051 0.001520 0.000346 
0.013800 0.014476 0.350197 0.019113 0.678106 0.079182 1.173141 0.046617 0.012442 0.089893 0.001887 0.165340 0.011932 0.100736 0.002838 0.705539 0.107861 0.122201 0.129217 0.004033 0.005073 0.001915 0.110675 0.001368 0.089020 0.000691 0.003328 0.150051 0.116236 0.004270 0.005468 0.007003 0.017246 0.010928 0.005402 0.020555 0.005966 0.004543 0.002939 0.024803 0.003102 0.004927 0.024328 0.000700 0.001169 0.053315 0.014608 0.002765 0.001683 0.009456 0.012146 0.000612 0.003231 0.000155 0.000376 0.000179 0.003101 0.016298 0.000296 0.005654 0.000694 0.000315 0.000417 0.002021 0.000797 0.000007 0.002171 0.000958 0.000017 0.000890 0.000108 
0.003584 0.006204 0.002119 0.007160 0.001072 0.000385 0.004153 0.014300 0.231267 0.002261 0.000833 0.001254 0.102441 0.017403 0.002614 0.003530 0.007231 0.001713 0.001143 0.002220 0.004668 0.002286 0.002102 0.003884 0.004404 0.001722 0.000115 0.002493 0.002705 0.006580 0.002749 0.002293 0.001322 0.001119 0.003550 0.000737 0.003309 0.005300 0.000743 0.000389 0.001020 0.000163 0.001871 0.000345 0.000047 0.001941 0.001484 0.001407 0.000645 0.000623 0.002630 0.000466 0.000231 0.000124 0.000491 0.000104 0.001003 0.000657 0.000323 0.001028 0.000568 0.000315 0.000132 0.000087 0.000111 0.000003 0.000543 0.000143 0.000010 0.000022 0.000108 
0.028317 0.039293 0.012996 0.051161 0.017156 0.002181 0.039954 0.110108 0.316387 0.016798 0.007852 0.010204 0.210849 0.163490 0.029929 0.020371 0.067958 0.012106 0.009242 0.021421 0.047844 0.019186 0.015598 0.021139 0.034537 0.009543 0.000702 0.021735 0.009149 0.041651 0.021482 0.017261 0.008968 0.008849 0.023874 0.004695 0.018877 0.028111 0.004579 0.001788 0.005844 0.001143 0.013099 0.002435 0.000220 0.010999 0.013358 0.009943 0.004741 0.002602 0.017655 0.003468 0.001065 0.000896 0.002052 0.000834 0.003649 0.002629 0.001695 0.006785 0.003536 0.002124 0.001403 0.000635 0.000445 0.000014 0.001628 0.000347 0.000041 0.000434 0.000541 
0.041579 0.066537 0.018364 0.088579 0.026346 0.003079 0.058858 0.230298 0.389460 0.025841 0.016309 0.012626 0.284654 0.288616 0.067604 0.024002 0.117271 0.016293 0.011628 0.038957 0.082971 0.029478 0.019802 0.028420 0.051288 0.011410 0.001127 0.024128 0.012411 0.059151 0.028982 0.023148 0.011928 0.011221 0.032003 0.004832 0.025776 0.033790 0.005724 0.002644 0.008011 0.001134 0.016482 0.002310 0.000237 0.008411 0.015858 0.009652 0.005526 0.002126 0.020285 0.003643 0.001367 0.001298 0.002196 0.000834 0.003512 0.001971 0.001184 0.005757 0.002525 0.001888 0.000592 0.000577 0.000500 0.000010 0.001332 0.000367 0.000054 0.000413 0.000390 
0.007348 0.012948 0.004803 0.017034 0.006280 0.000746 0.015896 0.034963 0.297822 0.006688 0.002296 0.003420 0.258746 0.049288 0.008386 0.007564 0.025005 0.005444 0.004302 0.007214 0.017099 0.008154 0.006036 0.013990 0.014765 0.005832 0.000376 0.010469 0.006524 0.021210 0.009501 0.008274 0.005145 0.003918 0.012348 0.001993 0.009415 0.015523 0.002228 0.001089 0.003421 0.000590 0.004822 0.001233 0.000136 0.004659 0.007187 0.004414 0.002805 0.001393 0.009391 0.002244 0.000817 0.000371 0.001069 0.000536 0.001961 0.000789 0.001103 0.005963 0.001452 0.001180 0.000745 0.000404 0.000222 0.000008 0.001579 0.000204 0.000044 0.000369 0.000173 
0.009140 0.007553 0.117250 0.009643 0.217049 0.022355 0.353575 0.035892 0.012047 0.059186 0.001538 0.095937 0.010738 0.077235 0.002614 1.077369 0.098278 0.145042 0.182348 0.004477 0.006168 0.002594 0.229760 0.002339 0.131328 0.001091 0.005537 0.315456 0.250213 0.007910 0.008037 0.011156 0.033112 0.023455 0.011988 0.047062 0.013144 0.008519 0.006358 0.045679 0.005695 0.011269 0.057148 0.001766 0.002795 0.114135 0.039292 0.006596 0.004797 0.022613 0.030552 0.001894 0.007865 0.000556 0.001532 0.000566 0.008894 0.027469 0.002475 0.016038 0.002462 0.000315 0.001513 0.004965 0.003354 0.000026 0.004638 0.002935 0.000109 0.002236 0.000541 
0.015054 0.016634 0.050149 0.021769 0.073984 0.009644 0.193185 0.083010 0.033772 0.090176 0.004543 0.059968 0.031363 0.230943 0.008408 0.127070 0.268608 0.097532 0.065902 0.013713 0.020052 0.008784 0.106200 0.007899 0.215945 0.003504 0.006080 0.131008 0.068978 0.025621 0.025486 0.030957 0.041046 0.032064 0.032929 0.025469 0.031555 0.029626 0.013351 0.013762 0.015023 0.005153 0.052038 0.004380 0.001439 0.056291 0.044995 0.018285 0.010828 0.014037 0.044952 0.006848 0.006303 0.001360 0.003728 0.001669 0.011995 0.013406 0.003498 0.017271 0.008018 0.003225 0.002500 0.003175 0.002075 0.000044 0.005723 0.001835 0.000160 0.002063 0.000952 
0.009499 0.011689 0.050008 0.013974 0.083940 0.009119 0.189032 0.052909 0.025872 0.065999 0.002708 0.066780 0.018238 0.137321 0.005826 0.161358 0.154038 0.143329 0.087746 0.008398 0.013741 0.005770 0.123967 0.005958 0.189437 0.002595 0.006310 0.158725 0.076775 0.018620 0.017210 0.021878 0.041304 0.030705 0.024285 0.027080 0.025496 0.022527 0.010473 0.015745 0.011857 0.005752 0.054485 0.003564 0.001567 0.056291 0.046870 0.017557 0.009369 0.014001 0.042949 0.005129 0.006907 0.001298 0.003497 0.001028 0.013181 0.015772 0.003202 0.022926 0.006818 0.003461 0.003004 0.003868 0.002223 0.000041 0.006611 0.002181 0.000167 0.002236 0.000887 
0.027779 0.031830 0.042097 0.044924 0.061883 0.009306 0.204927 0.214497 0.082750 0.120758 0.011858 0.059683 0.069033 0.768922 0.023666 0.101857 1.118170 0.086530 0.052191 0.044642 0.052440 0.021633 0.091077 0.015358 0.345719 0.006960 0.007048 0.108077 0.051157 0.052641 0.059816 0.069879 0.059298 0.053254 0.058603 0.019982 0.061666 0.048272 0.020374 0.007775 0.022248 0.003294 0.053765 0.005362 0.000878 0.028857 0.046870 0.018479 0.010800 0.007990 0.045704 0.005741 0.003853 0.001082 0.003526 0.001192 0.009760 0.007623 0.002395 0.013982 0.004041 0.002517 0.001995 0.001183 0.001000 0.000022 0.003306 0.000734 0.000095 0.001303 0.000649 
0.009678 0.014926 0.016387 0.018305 0.025121 0.002927 0.054275 0.081151 0.056681 0.022607 0.005557 0.013852 0.053351 0.212016 0.014991 0.031667 0.117881 0.021357 0.016232 0.029868 0.039009 0.015394 0.031195 0.014298 0.069420 0.005832 0.001776 0.039980 0.023152 0.040041 0.031671 0.029811 0.017447 0.017671 0.036119 0.009445 0.032860 0.038049 0.009684 0.004898 0.012388 0.002014 0.028214 0.004045 0.000478 0.021999 0.028434 0.017654 0.009622 0.006964 0.035937 0.005566 0.003072 0.001515 0.003757 0.001416 0.008802 0.006046 0.003121 0.014701 0.005871 0.003619 0.002478 0.001328 0.001371 0.000032 0.003750 0.001101 0.000136 0.001498 0.000779 
0.005735 0.007643 0.003814 0.010105 0.008578 0.000816 0.014321 0.028957 0.093415 0.006248 0.001891 0.004475 0.131759 0.052083 0.007554 0.009278 0.026748 0.006472 0.005310 0.008805 0.021719 0.014282 0.009359 0.036496 0.018564 0.012999 0.000461 0.012363 0.006365 0.053831 0.015776 0.011714 0.005979 0.005411 0.018986 0.002839 0.016780 0.031992 0.003883 0.001788 0.005865 0.000699 0.009429 0.002383 0.000181 0.005823 0.009999 0.009506 0.005021 0.002272 0.016528 0.003847 0.001030 0.001082 0.001994 0.000954 0.003466 0.001577 0.001534 0.006580 0.002904 0.001888 0.001118 0.000520 0.000537 0.000008 0.001480 0.000204 0.000065 0.000543 0.000584 
0.005914 0.011150 0.004662 0.015475 0.005974 0.000595 0.012172 0.037394 0.281035 0.005683 0.002985 0.002594 0.445561 0.069232 0.012825 0.004841 0.029361 0.003883 0.002957 0.012024 0.036579 0.026130 0.004408 0.179216 0.016146 0.047363 0.000356 0.005683 0.003739 0.129503 0.026980 0.014874 0.003995 0.004318 0.032106 0.001911 0.021021 0.063227 0.003574 0.000583 0.004909 0.000318 0.005398 0.002268 0.000107 0.002588 0.007109 0.007615 0.003899 0.000953 0.012772 0.003701 0.000550 0.001206 0.001821 0.000909 0.001961 0.000526 0.000834 0.003495 0.001263 0.000787 0.000504 0.000231 0.000241 0.000003 0.000543 0.000122 0.000048 0.000282 0.000195 
0.023836 0.028593 0.030090 0.035916 0.049016 0.006122 0.114994 0.182680 0.103487 0.062451 0.012219 0.033376 0.089658 0.567196 0.029342 0.066258 0.417767 0.051012 0.033909 0.061562 0.079803 0.033789 0.062594 0.023125 0.218535 0.011762 0.004367 0.084048 0.040257 0.080502 0.083390 0.088503 0.045098 0.046564 0.081139 0.016461 0.081568 0.082724 0.023499 0.006920 0.026604 0.003284 0.053909 0.008195 0.000801 0.033775 0.056400 0.030556 0.016242 0.009236 0.059602 0.009413 0.004030 0.002442 0.005578 0.001818 0.012953 0.007229 0.003982 0.015832 0.006440 0.002753 0.002850 0.001501 0.001186 0.000033 0.004737 0.001325 0.000180 0.001672 0.000909 
0.004480 0.003597 0.061309 0.005774 0.104619 0.009516 0.143063 0.018232 0.006320 0.023298 0.000841 0.033718 0.005966 0.042047 0.001611 0.259182 0.044695 0.049946 0.059114 0.002935 0.004096 0.001470 0.126002 0.001809 0.078227 0.000740 0.003207 0.198506 0.270262 0.007420 0.006065 0.008150 0.027220 0.017645 0.009724 0.047335 0.010114 0.008519 0.005183 0.089142 0.006035 0.016014 0.064993 0.001787 0.004077 0.197343 0.046792 0.009555 0.005863 0.032985 0.034184 0.002710 0.012712 0.000927 0.002341 0.000730 0.013090 0.054544 0.002125 0.026627 0.004041 0.001809 0.002675 0.008053 0.004799 0.000047 0.008733 0.004362 0.000129 0.004364 0.001082 
0.004480 0.007463 0.043651 0.008084 0.074290 0.007358 0.144208 0.027742 0.013232 0.031901 0.001450 0.038193 0.014829 0.069486 0.003254 0.201194 0.071094 0.074006 0.075715 0.004551 0.007645 0.003323 0.182831 0.002869 0.116391 0.001382 0.004548 0.260122 0.153310 0.011130 0.010278 0.014781 0.032681 0.026334 0.016104 0.041356 0.017992 0.017132 0.008725 0.026163 0.008160 0.009445 0.062402 0.003407 0.002332 0.093431 0.048276 0.014890 0.007854 0.021697 0.041822 0.003788 0.008629 0.001206 0.002977 0.001013 0.014139 0.025498 0.003363 0.024673 0.008144 0.002989 0.003508 0.005023 0.002927 0.000049 0.008536 0.002731 0.000197 0.003322 0.001255 
0.000179 0.000180 0.000565 0.000173 0.001685 0.000187 0.002291 0.000643 0.001185 0.001287 0.000072 0.001083 0.000341 0.002160 0.000181 0.002017 0.002875 0.001751 0.001848 0.000284 0.000405 0.000222 0.004747 0.000177 0.004404 0.000049 0.000140 0.004387 0.002069 0.000560 0.000747 0.000434 0.001437 0.000693 0.000720 0.000846 0.001119 0.000947 0.000278 0.000467 0.000574 0.000200 0.002015 0.000105 0.000050 0.001941 0.001953 0.000631 0.000365 0.000293 0.001628 0.000262 0.000231 0.000031 0.000202 0.000060 0.000593 0.000263 0.000215 0.001234 0.000253 0.000393 0.000175 0.000289 0.000130 0.000001 0.000395 0.000082 0.000003 0.000065 0.000022 
0.002151 0.002158 0.017234 0.002310 0.036762 0.003009 0.047258 0.008437 0.004740 0.009859 0.000493 0.012512 0.003579 0.019817 0.001088 0.066560 0.024569 0.018425 0.018820 0.001653 0.002596 0.001507 0.042656 0.001368 0.030911 0.000582 0.001340 0.065005 0.078764 0.005670 0.003914 0.005547 0.011699 0.009115 0.005300 0.018044 0.005920 0.006909 0.003311 0.034677 0.003740 0.006460 0.028862 0.001307 0.001807 0.080231 0.023669 0.007372 0.003815 0.015393 0.018407 0.001952 0.005752 0.000587 0.001300 0.000447 0.007343 0.026812 0.001614 0.015524 0.003977 0.001888 0.002061 0.004849 0.002353 0.000022 0.004441 0.002752 0.000099 0.002128 0.000541 
0.006810 0.007373 0.030937 0.010336 0.059738 0.005936 0.115567 0.030101 0.022317 0.032560 0.001538 0.036938 0.014659 0.082062 0.003713 0.134230 0.082769 0.080515 0.069364 0.005833 0.008954 0.004126 0.199921 0.004413 0.153864 0.001964 0.006626 0.242674 0.101995 0.013860 0.012519 0.016176 0.042052 0.028732 0.021918 0.036334 0.020835 0.020539 0.009932 0.018310 0.010667 0.007567 0.063194 0.003324 0.002083 0.075961 0.049760 0.015375 0.010295 0.018325 0.048458 0.004838 0.008451 0.001731 0.003555 0.001386 0.014732 0.018663 0.003713 0.024879 0.006692 0.003776 0.003179 0.004474 0.002538 0.000045 0.008388 0.002854 0.000241 0.002627 0.001363 
0.002688 0.003237 0.002684 0.004793 0.005055 0.000431 0.008736 0.016087 0.028242 0.004113 0.000953 0.003021 0.023863 0.028582 0.003585 0.006353 0.017425 0.003921 0.003428 0.004797 0.011074 0.009599 0.007324 0.012621 0.012779 0.005869 0.000345 0.008375 0.005967 0.033951 0.011593 0.008398 0.004283 0.004238 0.016259 0.002975 0.012725 0.024041 0.003218 0.001205 0.004547 0.000544 0.007845 0.001808 0.000172 0.006211 0.006562 0.006839 0.003142 0.001942 0.012021 0.002419 0.000888 0.000618 0.001185 0.000715 0.003375 0.001446 0.001507 0.005243 0.002399 0.000865 0.000855 0.000577 0.000426 0.000012 0.001431 0.000428 0.000068 0.000239 0.000368 
0.007348 0.012049 0.018647 0.015418 0.030482 0.003603 0.069884 0.063205 0.045819 0.027693 0.004138 0.020208 0.036136 0.165014 0.010158 0.053752 0.139575 0.032282 0.021945 0.019559 0.031031 0.014887 0.055066 0.015181 0.133832 0.006524 0.003309 0.071885 0.037313 0.052081 0.052914 0.069507 0.035642 0.039394 0.068019 0.017225 0.067818 0.063510 0.021101 0.007970 0.027093 0.003811 0.056069 0.008592 0.001116 0.038822 0.055541 0.032496 0.018149 0.012864 0.073501 0.010957 0.005646 0.003184 0.007051 0.002354 0.018289 0.010515 0.005892 0.028991 0.010796 0.005585 0.004297 0.002829 0.002316 0.000060 0.007697 0.001998 0.000285 0.002584 0.002207 
0.005556 0.007373 0.036446 0.009874 0.063568 0.006624 0.135473 0.038681 0.017775 0.043769 0.002023 0.044434 0.015511 0.105055 0.004321 0.176990 0.125984 0.092621 0.079479 0.007819 0.011884 0.005473 0.386482 0.004766 0.333631 0.002486 0.016182 0.535597 0.212105 0.019600 0.019899 0.028168 0.129805 0.078548 0.033032 0.102176 0.036822 0.025745 0.021039 0.030012 0.019315 0.015206 0.164607 0.005498 0.003875 0.138205 0.121158 0.024978 0.016551 0.035624 0.084520 0.006644 0.015890 0.001391 0.005549 0.001639 0.024629 0.032069 0.005865 0.040917 0.011680 0.004405 0.005021 0.006466 0.004502 0.000071 0.012433 0.004546 0.000214 0.004712 0.001558 
0.001434 0.001798 0.008900 0.002829 0.013020 0.001434 0.028068 0.012584 0.008492 0.009137 0.000657 0.008123 0.006818 0.032774 0.001451 0.027633 0.030233 0.014656 0.012401 0.002540 0.004239 0.001952 0.039469 0.002471 0.064757 0.001152 0.002127 0.054337 0.027527 0.006650 0.007350 0.009420 0.025812 0.016552 0.010496 0.012502 0.011420 0.012399 0.005523 0.005909 0.006587 0.002640 0.028286 0.002059 0.000834 0.026657 0.028278 0.009506 0.005358 0.008026 0.025794 0.002739 0.003302 0.000587 0.002370 0.000700 0.008073 0.006177 0.002529 0.014598 0.005177 0.001888 0.001973 0.001588 0.001408 0.000029 0.004144 0.001019 0.000099 0.001086 0.000714 
0.001971 0.002787 0.001413 0.004273 0.001991 0.000303 0.007447 0.011654 0.040486 0.002575 0.001062 0.001340 0.054545 0.023501 0.003532 0.004437 0.013504 0.002741 0.001277 0.004871 0.012003 0.010884 0.003323 0.142278 0.008634 0.030036 0.000214 0.004985 0.003660 0.162894 0.019899 0.013015 0.003334 0.003785 0.034061 0.001419 0.024517 0.107428 0.004053 0.000816 0.005865 0.000227 0.005758 0.003711 0.000083 0.002976 0.007343 0.011786 0.006059 0.000806 0.015401 0.006761 0.000710 0.002318 0.003497 0.001520 0.003694 0.000526 0.001803 0.004523 0.002652 0.001967 0.000855 0.000289 0.000296 0.000006 0.001233 0.000183 0.000092 0.000152 0.000368 
0.004660 0.005845 0.030796 0.005832 0.061423 0.006309 0.100387 0.022522 0.013430 0.024679 0.001338 0.028644 0.010398 0.059324 0.002892 0.149861 0.068829 0.054895 0.056392 0.004193 0.007121 0.003323 0.212128 0.003442 0.137718 0.001673 0.005864 0.401897 0.343536 0.012740 0.012609 0.018376 0.055590 0.039207 0.018317 0.113942 0.022979 0.022054 0.013521 0.043580 0.012877 0.021331 0.126100 0.003637 0.005249 0.188932 0.093974 0.018285 0.013661 0.044567 0.062107 0.006295 0.017240 0.001453 0.005289 0.001878 0.026088 0.039035 0.006107 0.048010 0.012501 0.004562 0.005460 0.008833 0.005447 0.000079 0.012976 0.005748 0.000285 0.005255 0.002121 
0.002509 0.002697 0.008476 0.004331 0.011794 0.001551 0.029930 0.016516 0.009677 0.008007 0.000945 0.007838 0.007329 0.039380 0.002102 0.026322 0.032324 0.013324 0.010888 0.003391 0.005311 0.002681 0.030721 0.003839 0.056296 0.001710 0.001513 0.043470 0.026334 0.014770 0.011832 0.015184 0.025898 0.038088 0.020735 0.010373 0.021767 0.020350 0.010783 0.005559 0.012261 0.002912 0.040738 0.004035 0.000923 0.031575 0.042573 0.015617 0.009566 0.009712 0.047081 0.006353 0.004385 0.001546 0.003930 0.001311 0.012725 0.008937 0.003794 0.017785 0.008334 0.003854 0.002785 0.002367 0.001649 0.000046 0.006858 0.001508 0.000163 0.001954 0.000974 
0.004301 0.003057 0.020625 0.003060 0.042889 0.004082 0.065588 0.014014 0.005727 0.013407 0.000681 0.017073 0.004773 0.030488 0.001697 0.106799 0.033892 0.027562 0.030145 0.002318 0.003977 0.001767 0.083413 0.001721 0.065189 0.000873 0.002305 0.137189 0.219344 0.007280 0.006693 0.009142 0.025380 0.019244 0.011011 0.048863 0.012585 0.011358 0.006482 0.110057 0.007650 0.022374 0.077805 0.002613 0.006077 0.307984 0.056556 0.011689 0.007967 0.049845 0.046705 0.003730 0.018181 0.001020 0.003468 0.001296 0.019064 0.075573 0.004681 0.040094 0.009154 0.003619 0.004232 0.012412 0.007318 0.000070 0.013371 0.007929 0.000217 0.005797 0.001536 
-0.000000 -0.000000 -0.000000 -0.000000 -0.000000 -0.000000 -0.000000 -0.000000 -0.000000 -0.000000 -0.000000 -0.000000 -0.000000 -0.000000 -0.000000 -0.000000 -0.000000 -0.000000 -0.000000 -0.000000 -0.000000 0.000012 -0.000000 0.000088 -0.000000 0.000012 -0.000000 -0.000000 -0.000000 0.000070 0.000030 0.000031 -0.000000 -0.000000 0.000103 -0.000000 -0.000000 -0.000000 -0.000000 -0.000000 -0.000000 0.000009 -0.000000 -0.000000 0.000003 -0.000000 -0.000000 -0.000000 -0.000000 -0.000000 -0.000000 -0.000000 -0.000000 -0.000000 -0.000000 -0.000000 -0.000000 -0.000000 -0.000000 -0.000000 -0.000000 -0.000000 -0.000000 -0.000000 -0.000000 -0.000000 -0.000000 -0.000000 -0.000000 -0.000000 -0.000000 
0.001255 0.002518 0.025993 0.002425 0.044880 0.003837 0.068023 0.008723 0.003357 0.011335 0.000445 0.015790 0.003068 0.021976 0.001014 0.114766 0.029536 0.029313 0.030582 0.001653 0.002429 0.001273 0.107895 0.000883 0.059577 0.000437 0.002453 0.181158 0.317759 0.004270 0.005169 0.006724 0.029634 0.023562 0.008901 0.078373 0.010021 0.009370 0.007194 0.229833 0.006991 0.051208 0.117535 0.002435 0.014857 0.899108 0.079522 0.010476 0.008303 0.114643 0.060980 0.003847 0.036432 0.000958 0.003034 0.000805 0.026727 0.172438 0.004897 0.053973 0.010543 0.003461 0.005438 0.023496 0.013655 0.000095 0.020032 0.014452 0.000214 0.010466 0.001623 
0.003584 0.002967 0.004238 0.003465 0.007352 0.000840 0.013605 0.015015 0.015800 0.004804 0.000986 0.004133 0.016875 0.037982 0.002497 0.013010 0.027270 0.007538 0.006251 0.004896 0.010312 0.006548 0.017768 0.013901 0.034710 0.006063 0.000855 0.023729 0.015991 0.070142 0.031999 0.032662 0.013596 0.016205 0.087828 0.008817 0.069123 0.261898 0.017033 0.004354 0.033616 0.001851 0.035340 0.031023 0.000641 0.022905 0.052182 0.122514 0.055234 0.008063 0.155768 0.083841 0.005220 0.022565 0.043263 0.017122 0.032154 0.006572 0.021040 0.046160 0.040217 0.026273 0.010305 0.003060 0.001927 0.000136 0.012335 0.002120 0.001121 0.003648 0.005432 
0.003226 0.003057 0.007346 0.005832 0.013020 0.001773 0.026923 0.018304 0.016590 0.010518 0.001050 0.008294 0.015852 0.043445 0.003052 0.028439 0.044870 0.015760 0.012770 0.005019 0.007906 0.004398 0.039401 0.007193 0.060786 0.002765 0.001826 0.058226 0.041132 0.026181 0.020437 0.029377 0.030410 0.036622 0.046101 0.019327 0.049314 0.057453 0.030291 0.010846 0.037441 0.005498 0.094719 0.014759 0.001712 0.059009 0.155998 0.074401 0.051868 0.024116 0.248802 0.022468 0.011665 0.005842 0.016791 0.005871 0.051583 0.016298 0.016520 0.074739 0.032325 0.012507 0.012607 0.005686 0.004669 0.000173 0.020081 0.004546 0.000799 0.006145 0.004350 
0.003584 0.002518 0.013561 0.004619 0.022210 0.002402 0.047115 0.014157 0.012047 0.013250 0.000961 0.011657 0.010568 0.042683 0.002198 0.053450 0.043476 0.023679 0.022920 0.003256 0.006311 0.003225 0.077378 0.004104 0.087034 0.001685 0.002832 0.116551 0.097539 0.014420 0.013714 0.019709 0.044897 0.042725 0.025777 0.059400 0.030716 0.032654 0.019229 0.029234 0.020420 0.017983 0.268539 0.007484 0.005976 0.195143 0.219662 0.039043 0.025723 0.075500 0.140491 0.013493 0.037267 0.003153 0.010664 0.003442 0.060203 0.049813 0.012941 0.102394 0.028600 0.009518 0.012629 0.015212 0.011135 0.000190 0.033945 0.010212 0.000537 0.011834 0.004458 
0.002509 0.002248 0.009465 0.002598 0.018075 0.001761 0.028928 0.012727 0.007307 0.007818 0.000549 0.008237 0.006307 0.022993 0.001376 0.035196 0.023611 0.015570 0.013779 0.002257 0.003596 0.001853 0.045979 0.001986 0.045762 0.000897 0.001541 0.071386 0.065875 0.009310 0.007948 0.009823 0.019316 0.017698 0.012657 0.031311 0.014356 0.016753 0.008524 0.026708 0.008670 0.014816 0.086298 0.003261 0.005457 0.171850 0.069601 0.017121 0.011445 0.060803 0.063359 0.005566 0.022797 0.001607 0.005029 0.001803 0.026271 0.038641 0.006780 0.049244 0.012374 0.004798 0.006468 0.010536 0.007559 0.000111 0.017022 0.007685 0.000340 0.007686 0.002337 
0.000179 0.000090 0.000424 0.000751 0.000613 0.000070 0.001289 0.000858 0.000790 0.000597 0.000116 0.000428 0.001875 0.003430 0.000256 0.002118 0.002091 0.000609 0.000672 0.000370 0.000834 0.000408 0.002374 0.000883 0.002418 0.000437 0.000077 0.001296 0.001432 0.004900 0.001823 0.002014 0.001092 0.000720 0.004013 0.000983 0.003076 0.013630 0.000913 0.000311 0.001487 0.000218 0.002879 0.001244 0.000065 0.002588 0.003671 0.005190 0.002132 0.000733 0.009892 0.003701 0.000426 0.002998 0.002659 0.001147 0.002144 0.001577 0.001507 0.002879 0.001957 0.002596 0.000767 0.000231 0.000204 0.000011 0.000395 0.000163 0.000088 0.000174 0.000433 
0.001971 0.001439 0.013985 0.002194 0.026806 0.002169 0.037520 0.006935 0.003357 0.007787 0.000393 0.010432 0.002727 0.017403 0.000811 0.065753 0.021084 0.018235 0.019324 0.001381 0.002310 0.001025 0.061102 0.001236 0.043862 0.000534 0.001807 0.112364 0.155856 0.004270 0.005468 0.008243 0.021328 0.018951 0.007872 0.050556 0.010021 0.008140 0.006389 0.158068 0.007586 0.033434 0.094503 0.002592 0.013329 0.945176 0.080069 0.013580 0.009678 0.134947 0.065988 0.004808 0.045931 0.001206 0.004017 0.001207 0.030831 0.211342 0.005892 0.066309 0.013763 0.003383 0.007652 0.034263 0.019380 0.000124 0.027285 0.021179 0.000258 0.014635 0.002272 
0.001434 0.003057 0.010030 0.003522 0.020679 0.002064 0.038236 0.013942 0.007110 0.010393 0.000837 0.010888 0.007670 0.028963 0.001942 0.050324 0.036157 0.019948 0.019189 0.003194 0.005406 0.002520 0.060899 0.002913 0.065448 0.001455 0.002349 0.100499 0.094834 0.012880 0.012310 0.015773 0.031359 0.031611 0.021352 0.047881 0.022886 0.023000 0.014078 0.033938 0.015427 0.019416 0.168350 0.005770 0.006792 0.220765 0.148264 0.030847 0.018654 0.093679 0.121584 0.010695 0.044599 0.002689 0.009190 0.003249 0.047342 0.050995 0.010574 0.097973 0.023107 0.008260 0.011336 0.016742 0.012062 0.000174 0.030689 0.011028 0.000547 0.012572 0.004133 
0.002509 0.002248 0.013985 0.003407 0.024355 0.002356 0.038379 0.010439 0.005925 0.010770 0.000601 0.010489 0.005625 0.031504 0.001750 0.058392 0.031975 0.020557 0.019223 0.002405 0.004168 0.001952 0.075886 0.003089 0.071924 0.001043 0.002596 0.119143 0.131511 0.008540 0.010338 0.013449 0.035383 0.033104 0.015847 0.064205 0.022560 0.018741 0.012887 0.055398 0.014789 0.033597 0.193037 0.005268 0.013973 0.425355 0.169590 0.027888 0.020253 0.209091 0.125215 0.009937 0.074054 0.002226 0.008641 0.002474 0.059474 0.091476 0.011973 0.126656 0.024812 0.009282 0.012783 0.025748 0.016193 0.000204 0.039866 0.016837 0.000496 0.017892 0.004501 
0.001255 0.000989 0.001836 0.001097 0.003370 0.000303 0.006444 0.004075 0.003555 0.002009 0.000244 0.001796 0.005454 0.010671 0.000864 0.005143 0.009148 0.003007 0.002218 0.001061 0.001977 0.001334 0.006103 0.002030 0.008893 0.001140 0.000307 0.008475 0.006206 0.010920 0.005348 0.007251 0.004312 0.003758 0.015024 0.002402 0.012026 0.034358 0.003759 0.001555 0.005759 0.000644 0.010364 0.004724 0.000175 0.009188 0.014764 0.021389 0.010744 0.002602 0.036438 0.019030 0.001367 0.005657 0.010924 0.004754 0.008574 0.001840 0.005596 0.014187 0.009660 0.008968 0.003092 0.000924 0.000630 0.000041 0.003947 0.000713 0.000343 0.000955 0.001450 
0.002151 0.002877 0.008617 0.004100 0.009650 0.001224 0.023056 0.012870 0.011455 0.007944 0.000873 0.006840 0.010909 0.038618 0.002561 0.020170 0.029623 0.011801 0.010384 0.003786 0.006573 0.003892 0.027940 0.006267 0.046539 0.002704 0.001428 0.040579 0.026175 0.022541 0.018734 0.024388 0.018626 0.023348 0.040956 0.014987 0.045772 0.066161 0.021210 0.007464 0.031024 0.003929 0.068664 0.016557 0.001326 0.043610 0.100770 0.101804 0.079022 0.018325 0.343215 0.030424 0.009801 0.007233 0.020692 0.007555 0.055278 0.016823 0.021389 0.076076 0.039269 0.017385 0.014471 0.005455 0.004076 0.000178 0.020081 0.003669 0.000931 0.005884 0.006211 
0.001434 0.003057 0.009889 0.003811 0.015011 0.001376 0.031935 0.013585 0.009875 0.008917 0.000905 0.009035 0.010057 0.038236 0.002155 0.032574 0.035373 0.016712 0.014955 0.003589 0.005906 0.003200 0.043741 0.004899 0.062513 0.002195 0.001902 0.068894 0.052589 0.015820 0.014312 0.019957 0.029807 0.032144 0.030151 0.029564 0.030297 0.037955 0.019369 0.017105 0.022652 0.009000 0.143446 0.008519 0.002961 0.100807 0.235364 0.045834 0.033382 0.042918 0.201722 0.017427 0.022708 0.004080 0.012831 0.004664 0.079815 0.030624 0.016224 0.124292 0.035608 0.012665 0.016423 0.011690 0.009338 0.000233 0.031725 0.007379 0.000812 0.010661 0.005886 
0.001075 0.001439 0.001413 0.001270 0.001991 0.000303 0.008163 0.005076 0.004542 0.002418 0.000429 0.002252 0.005966 0.010290 0.000950 0.005950 0.009410 0.003426 0.002857 0.001320 0.002548 0.001396 0.006917 0.002648 0.012002 0.001067 0.000329 0.011167 0.006046 0.012880 0.007738 0.007344 0.004800 0.004798 0.015435 0.003167 0.014170 0.034074 0.004502 0.001633 0.008011 0.001043 0.014035 0.005508 0.000282 0.011388 0.020232 0.030944 0.016214 0.003812 0.054093 0.040419 0.002876 0.010943 0.024940 0.011012 0.014549 0.003943 0.011461 0.023440 0.021276 0.018250 0.005767 0.001386 0.001278 0.000077 0.004835 0.001019 0.000652 0.001737 0.003830 
0.000179 0.000090 0.000141 0.000173 0.000919 0.000117 0.000859 0.000429 -0.000000 0.000283 0.000016 0.000371 0.000170 0.000889 0.000043 0.001412 0.000784 0.000533 0.000571 0.000111 0.000238 0.000074 0.001695 -0.000000 0.001122 0.000061 0.000038 0.001994 0.002307 0.000350 0.000269 0.000248 0.000661 0.000533 0.000515 0.000628 0.000466 0.000379 0.000325 0.001905 0.000191 0.000381 0.001008 0.000115 0.000169 0.007376 0.001172 0.000340 0.000281 0.001723 0.001878 0.000146 0.000746 0.000062 0.000202 0.000015 0.000593 0.007360 0.000269 0.001131 0.000253 0.000157 0.000285 0.001068 0.000482 0.000003 0.000493 0.000550 0.000017 0.000369 0.000108 
0.000358 0.000090 0.000848 0.000289 0.001225 0.000117 0.002005 0.000357 0.000395 0.000440 0.000036 0.000314 0.000341 0.002033 0.000053 0.002219 0.001133 0.000990 0.000504 0.000111 0.000310 0.000111 0.002306 0.000044 0.002418 0.000036 0.000079 0.004187 0.004614 0.000350 0.000269 0.000496 0.000776 0.000586 0.000515 0.001228 0.000746 0.001230 0.000495 0.002216 0.000510 0.000853 0.002447 0.000115 0.000214 0.010482 0.003671 0.001261 0.000533 0.003189 0.003130 0.000554 0.001296 0.000062 0.000318 0.000104 0.001459 0.006834 0.000242 0.003393 0.001136 0.000236 0.000373 0.001414 0.000852 0.000006 0.001283 0.000775 0.000027 0.000651 0.000238 
0.001613 0.001439 0.003673 0.002483 0.007506 0.000910 0.015896 0.011297 0.006715 0.004961 0.000621 0.004133 0.008352 0.028709 0.001718 0.016338 0.017948 0.007690 0.006822 0.002775 0.005001 0.003385 0.017971 0.005781 0.028580 0.002474 0.000866 0.029312 0.020288 0.022611 0.014371 0.019337 0.013423 0.015805 0.033495 0.010946 0.034678 0.063794 0.014418 0.005792 0.022673 0.002822 0.048007 0.015856 0.000976 0.035457 0.074054 0.096614 0.060788 0.015063 0.274972 0.057963 0.008877 0.014003 0.053435 0.016586 0.066452 0.012355 0.047272 0.105170 0.082390 0.037837 0.024140 0.005340 0.004484 0.000286 0.024966 0.003914 0.002080 0.006623 0.012487 
0.001971 0.002338 0.010312 0.002598 0.015624 0.001458 0.026207 0.010796 0.006912 0.009576 0.000609 0.008066 0.007500 0.030869 0.001419 0.028439 0.025528 0.013667 0.013073 0.002898 0.004477 0.002594 0.040893 0.003089 0.053101 0.001419 0.001817 0.065803 0.058158 0.013720 0.010487 0.017849 0.026185 0.028679 0.024388 0.030055 0.029411 0.035115 0.016723 0.020837 0.020080 0.010788 0.131642 0.008466 0.003819 0.144157 0.183104 0.050441 0.034335 0.062856 0.237909 0.018097 0.043605 0.004791 0.017022 0.005543 0.132356 0.043372 0.023380 0.233676 0.053475 0.015339 0.026991 0.019109 0.015860 0.000411 0.061082 0.014574 0.001254 0.020541 0.008829 
0.000896 0.000629 0.001836 0.000808 0.002757 0.000280 0.005728 0.002717 0.001185 0.001099 0.000132 0.001340 0.001534 0.007114 0.000523 0.006051 0.005837 0.002817 0.002117 0.000826 0.001024 0.000667 0.006171 0.000530 0.008462 0.000449 0.000241 0.009870 0.006683 0.004060 0.002659 0.003781 0.004312 0.003998 0.006637 0.003248 0.006945 0.008519 0.003094 0.002527 0.003931 0.000880 0.012236 0.001923 0.000338 0.012682 0.018826 0.011107 0.007574 0.004948 0.051463 0.005275 0.003018 0.001515 0.004451 0.001386 0.026590 0.003417 0.006323 0.032281 0.013195 0.004720 0.006227 0.001847 0.001482 0.000070 0.008190 0.001447 0.000319 0.002193 0.002078 
0.000179 0.000450 0.000283 0.000462 0.001072 0.000152 0.002864 0.002145 0.000987 0.001036 0.000084 0.001026 0.001705 0.003557 0.000320 0.003933 0.002962 0.001561 0.001176 0.000419 0.000881 0.000383 0.002984 0.000750 0.005612 0.000243 0.000151 0.004885 0.002944 0.003080 0.002151 0.002355 0.002041 0.001892 0.003756 0.001829 0.004102 0.006247 0.001253 0.001050 0.002189 0.000508 0.006694 0.001192 0.000175 0.005823 0.009686 0.008779 0.005302 0.002382 0.027297 0.004167 0.001349 0.001206 0.004913 0.001669 0.009213 0.002234 0.005650 0.014290 0.010291 0.004090 0.003355 0.000693 0.000852 0.000043 0.003503 0.000632 0.000285 0.001238 0.001666 
0.000538 0.000629 0.006922 0.002425 0.013173 0.001271 0.022627 0.008866 0.005135 0.006248 0.000429 0.006897 0.004773 0.019055 0.001131 0.030356 0.019778 0.010431 0.010653 0.002442 0.003144 0.001606 0.033976 0.002295 0.041099 0.001043 0.001439 0.060619 0.055134 0.010500 0.008754 0.011249 0.022679 0.022975 0.016259 0.029236 0.020276 0.023757 0.012299 0.028496 0.014598 0.012113 0.116887 0.005728 0.004659 0.186085 0.146858 0.036764 0.025219 0.089244 0.175927 0.016144 0.070503 0.004080 0.012802 0.004381 0.113246 0.070316 0.021443 0.277060 0.052086 0.014159 0.028942 0.034869 0.027903 0.000485 0.092955 0.025724 0.001196 0.036304 0.008483 
0.000896 0.001798 0.003390 0.001386 0.004902 0.000560 0.010884 0.007650 0.007110 0.004490 0.000409 0.003962 0.005795 0.017657 0.001088 0.010791 0.017251 0.006776 0.005646 0.001788 0.003548 0.002199 0.015733 0.002339 0.024349 0.001176 0.000707 0.024327 0.015832 0.012250 0.008485 0.010970 0.012015 0.011328 0.020632 0.008899 0.020229 0.033506 0.008849 0.006337 0.013727 0.002813 0.045056 0.007724 0.001047 0.039210 0.061165 0.045979 0.031642 0.015650 0.181061 0.024887 0.009889 0.007357 0.028611 0.009477 0.079222 0.013406 0.048482 0.143825 0.100762 0.032016 0.036682 0.005831 0.004947 0.000431 0.033452 0.004484 0.002059 0.008403 0.015949 
0.000179 0.000360 0.004803 0.000751 0.009803 0.000723 0.012745 0.001859 0.000395 0.002606 0.000080 0.003306 0.000511 0.003303 0.000181 0.025515 0.005837 0.005672 0.005679 0.000407 0.000405 0.000222 0.020209 0.000132 0.014074 0.000121 0.000551 0.036192 0.055691 0.001190 0.001076 0.001797 0.006640 0.005411 0.002727 0.015942 0.002703 0.002840 0.002568 0.095168 0.002380 0.011432 0.042753 0.000888 0.004555 0.319631 0.038824 0.004608 0.003591 0.077443 0.030427 0.001952 0.031479 0.000278 0.001618 0.000566 0.020889 1.373461 0.003605 0.055926 0.008207 0.001495 0.004780 0.084719 0.035036 0.000095 0.027482 0.044273 0.000156 0.020649 0.001277 
0.000358 0.000539 0.001978 0.000462 0.002757 0.000245 0.005442 0.001358 0.002567 0.001978 0.000136 0.001511 0.002045 0.008384 0.000373 0.006757 0.007667 0.003084 0.003327 0.000802 0.001119 0.000717 0.013495 0.001368 0.016492 0.000594 0.000565 0.018644 0.017344 0.006020 0.004571 0.007716 0.011382 0.013247 0.012143 0.012093 0.014403 0.026313 0.009978 0.010458 0.013217 0.004346 0.073055 0.007766 0.001665 0.060303 0.123345 0.055146 0.041909 0.035075 0.355861 0.032435 0.027715 0.008222 0.040691 0.012428 0.293765 0.028126 0.097019 1.003174 0.249191 0.050974 0.212682 0.015731 0.016026 0.002395 0.180927 0.011924 0.004482 0.035610 0.040555 
0.000538 0.000629 0.001554 0.000751 0.003523 0.000443 0.007447 0.004361 0.002765 0.002512 0.000280 0.002252 0.004432 0.010925 0.000736 0.008774 0.012895 0.003769 0.003428 0.001517 0.002429 0.001495 0.012953 0.002339 0.018305 0.001031 0.000606 0.017647 0.015753 0.012320 0.007499 0.009916 0.009457 0.011008 0.018060 0.008790 0.020229 0.033412 0.009437 0.005831 0.013408 0.002867 0.044697 0.008571 0.001080 0.039857 0.073039 0.053206 0.036018 0.017336 0.229269 0.036806 0.011842 0.011530 0.053522 0.017718 0.107545 0.014983 0.137376 0.250022 0.384298 0.076775 0.118291 0.008053 0.007355 0.001055 0.065473 0.006115 0.005848 0.013354 0.043260 
0.000538 0.000719 0.002825 0.000577 0.007046 0.000641 0.006874 0.001501 0.001185 0.002355 0.000080 0.001881 0.001364 0.004700 0.000245 0.017548 0.006099 0.004949 0.003898 0.000395 0.000834 0.000408 0.016276 0.000485 0.012002 0.000073 0.000513 0.027617 0.037631 0.001330 0.001912 0.001797 0.005720 0.006050 0.002212 0.012448 0.002703 0.003407 0.001965 0.050227 0.002741 0.007703 0.030301 0.000983 0.003116 0.165250 0.028981 0.004365 0.003086 0.050688 0.026671 0.001807 0.021767 0.000402 0.002196 0.000715 0.018107 0.650193 0.003282 0.047393 0.008144 0.001573 0.004692 0.080966 0.032127 0.000095 0.026446 0.043234 0.000228 0.018847 0.001558 
0.000538 0.000629 0.005227 0.000751 0.008118 0.000711 0.010311 0.002073 0.002172 0.002983 0.000196 0.002423 0.002216 0.007241 0.000395 0.018455 0.007406 0.005253 0.005276 0.000555 0.001024 0.000581 0.017429 0.000706 0.015628 0.000376 0.000592 0.026820 0.032937 0.003220 0.002659 0.002851 0.006668 0.006530 0.004322 0.011492 0.005453 0.005963 0.003094 0.031800 0.003400 0.006142 0.033252 0.001380 0.002528 0.136264 0.036168 0.008003 0.005105 0.041562 0.034559 0.002739 0.020471 0.000680 0.002659 0.000998 0.018335 0.252086 0.003901 0.046982 0.010480 0.003225 0.005788 0.072393 0.029218 0.000109 0.024818 0.039973 0.000268 0.018022 0.001926 
0.000358 0.000809 0.002967 0.001097 0.004748 0.000513 0.012172 0.004075 0.005530 0.002951 0.000296 0.002736 0.003920 0.012703 0.000779 0.010791 0.010019 0.004987 0.004335 0.001073 0.002000 0.001235 0.014106 0.001589 0.021759 0.001128 0.000606 0.022433 0.020208 0.009170 0.005946 0.009328 0.009112 0.012154 0.014304 0.010373 0.013564 0.022338 0.007859 0.009136 0.010773 0.003584 0.043905 0.005352 0.001329 0.051374 0.064602 0.036085 0.023928 0.023896 0.172421 0.019700 0.015837 0.006460 0.022715 0.008449 0.104809 0.018400 0.049720 0.360333 0.136496 0.036814 0.105179 0.013278 0.010690 0.001598 0.108891 0.009621 0.002831 0.022321 0.027982 
0.000538 0.000450 0.001130 0.000693 0.003064 0.000268 0.004296 0.002788 0.001382 0.001350 0.000120 0.001197 0.002727 0.004192 0.000416 0.004740 0.005402 0.002246 0.002084 0.000703 0.001238 0.000568 0.005697 0.000794 0.007166 0.000388 0.000189 0.007378 0.006046 0.003290 0.002570 0.002789 0.003047 0.003492 0.004682 0.002648 0.005780 0.009938 0.002785 0.001827 0.003804 0.001216 0.013171 0.001777 0.000362 0.014882 0.016873 0.010040 0.007378 0.005388 0.035937 0.006586 0.003604 0.002535 0.009017 0.003308 0.018791 0.004600 0.016627 0.050169 0.056884 0.015890 0.021531 0.002656 0.002131 0.000266 0.015048 0.001896 0.001308 0.003322 0.010063 
-0.000000 -0.000000 0.000141 0.000115 0.000306 0.000070 0.001146 0.001001 0.000592 0.000408 0.000028 0.000114 0.000682 0.001397 0.000107 0.000605 0.000784 0.000533 0.000235 0.000197 0.000214 0.000161 0.001221 0.000309 0.001554 0.000097 0.000055 0.001097 0.000796 0.001050 0.000896 0.000930 0.000862 0.000826 0.001492 0.000710 0.001818 0.002650 0.000866 0.000272 0.001084 0.000163 0.001871 0.000606 0.000062 0.001941 0.004453 0.003250 0.001683 0.001100 0.008014 0.002652 0.000426 0.002040 0.004017 0.002921 0.004378 0.000789 0.004493 0.007710 0.011490 0.054750 0.001973 0.000318 0.000333 0.000031 0.002319 0.000326 0.001013 0.000630 0.003289 
0.000358 0.000180 0.002684 0.000462 0.006280 0.000571 0.012029 0.002216 0.001382 0.001539 0.000076 0.002423 0.001364 0.005208 0.000203 0.013816 0.006360 0.004568 0.003999 0.000530 0.000619 0.000358 0.015191 0.000441 0.010448 0.000158 0.000496 0.021037 0.031585 0.001330 0.001643 0.002324 0.006467 0.005171 0.002778 0.011247 0.002843 0.002934 0.002259 0.038409 0.002316 0.006451 0.027710 0.000983 0.002745 0.142734 0.029294 0.006693 0.003254 0.044824 0.028925 0.002040 0.021590 0.000649 0.001994 0.000685 0.018426 0.417690 0.003578 0.049244 0.009028 0.002281 0.004714 0.098199 0.038482 0.000097 0.030146 0.051877 0.000194 0.021344 0.001601 
-0.000000 -0.000000 -0.000000 -0.000000 0.000153 0.000023 0.000286 0.000071 -0.000000 0.000126 0.000008 0.000086 -0.000000 0.000635 0.000032 -0.000000 0.000174 0.000114 0.000168 0.000012 0.000024 0.000012 0.000407 0.000088 0.000345 0.000036 0.000011 0.000598 0.000557 0.000070 0.000179 0.000124 0.000259 0.000213 0.000206 0.000164 0.000186 0.000284 0.000108 0.000350 0.000191 0.000064 0.000936 0.000105 0.000021 0.000776 0.000703 0.000388 0.000365 0.000367 0.001503 0.000233 0.000337 0.000062 0.000173 0.000104 0.000958 0.000526 0.000430 0.002673 0.001263 0.000236 0.000614 0.000173 0.000093 0.000015 0.001085 0.000061 0.000024 0.000261 0.000195 
0.000896 0.000360 0.001554 0.000635 0.002604 0.000338 0.004439 0.003003 0.002765 0.001476 0.000176 0.001796 0.002727 0.005335 0.000299 0.005849 0.006012 0.002551 0.002319 0.000629 0.001072 0.000581 0.005493 0.001280 0.008893 0.000461 0.000282 0.010170 0.005251 0.004690 0.002988 0.004028 0.003392 0.003865 0.007203 0.003030 0.007085 0.011074 0.002785 0.002877 0.003952 0.001080 0.014827 0.002624 0.000433 0.012682 0.020232 0.015666 0.008836 0.006157 0.050837 0.010141 0.003604 0.003678 0.013785 0.004545 0.023716 0.006309 0.026017 0.054487 0.092113 0.028869 0.024360 0.002684 0.002779 0.000344 0.018009 0.001998 0.002491 0.004321 0.023286 
0.000179 -0.000000 -0.000000 -0.000000 -0.000000 0.000012 -0.000000 -0.000000 -0.000000 0.000031 0.000008 -0.000000 -0.000000 -0.000000 -0.000000 0.000303 0.000087 0.000038 -0.000000 -0.000000 0.000024 0.000012 0.000068 -0.000000 -0.000000 -0.000000 -0.000000 -0.000000 -0.000000 0.000280 -0.000000 0.000031 0.000086 0.000027 0.000103 -0.000000 0.000047 0.000095 0.000031 0.000039 -0.000000 0.000009 0.000072 0.000021 -0.000000 0.000129 0.000156 -0.000000 0.000084 -0.000000 0.000250 0.000058 0.000018 -0.000000 0.000058 0.000015 0.000046 0.000263 0.000135 0.000103 0.000379 -0.000000 0.000088 -0.000000 0.000056 0.000002 0.000148 0.000020 0.000003 0.000043 -0.000000 
-0.000000 -0.000000 0.000424 0.000058 0.000766 0.000047 0.001432 0.000643 0.000395 0.000534 0.000016 0.000371 -0.000000 0.001524 0.000096 0.001614 0.000871 0.000685 0.000605 0.000160 0.000238 0.000086 0.001153 -0.000000 0.001641 0.000097 0.000052 0.002692 0.002785 0.000280 0.000388 0.000465 0.000776 0.000880 0.000875 0.000819 0.000886 0.000568 0.000232 0.002294 0.000297 0.000454 0.002159 0.000105 0.000178 0.008800 0.002500 0.001164 0.000505 0.002382 0.002880 0.000262 0.001225 0.000031 0.000231 0.000104 0.001140 0.027601 0.000323 0.003393 0.001200 0.000315 0.000482 0.003608 0.001871 0.000005 0.001974 0.001936 0.000010 0.001042 0.000173 
0.000538 0.000270 0.001130 0.000520 0.003370 0.000280 0.004296 0.002431 0.001185 0.001570 0.000152 0.001767 0.002557 0.007241 0.000405 0.008068 0.006622 0.003045 0.002756 0.000654 0.001310 0.000667 0.008680 0.001236 0.014419 0.000424 0.000458 0.015454 0.014559 0.004760 0.004691 0.005237 0.007962 0.008103 0.008129 0.008026 0.009835 0.016091 0.006033 0.008047 0.007161 0.003194 0.038075 0.004442 0.001205 0.051115 0.061477 0.027064 0.020702 0.025326 0.148129 0.016552 0.018198 0.005255 0.021039 0.007823 0.109233 0.022475 0.051092 0.433838 0.151206 0.038309 0.106100 0.015962 0.016193 0.003832 0.222371 0.013433 0.003867 0.039713 0.037915 
0.000538 0.000450 0.001978 0.000577 0.003217 0.000385 0.008879 0.003718 0.002172 0.001884 0.000208 0.002166 0.002045 0.008003 0.000437 0.011093 0.006273 0.003617 0.003260 0.000617 0.001215 0.000519 0.009901 0.000662 0.012174 0.000315 0.000417 0.017149 0.016628 0.003430 0.002450 0.003719 0.005432 0.005064 0.004425 0.006743 0.006153 0.008897 0.003171 0.009214 0.003974 0.003085 0.024256 0.001683 0.001222 0.049692 0.029372 0.010379 0.006199 0.021367 0.038191 0.004226 0.013156 0.001206 0.004826 0.001386 0.024720 0.037721 0.007453 0.074225 0.017173 0.006450 0.009472 0.027277 0.030775 0.000196 0.054421 0.025174 0.000404 0.061166 0.003939 
0.000179 0.000450 0.001695 0.000693 0.004136 0.000327 0.006587 0.002288 0.002172 0.001758 0.000144 0.001739 0.001705 0.004700 0.000352 0.007564 0.005489 0.002893 0.002890 0.000604 0.000857 0.000507 0.008070 0.000706 0.010189 0.000352 0.000329 0.012662 0.010024 0.001890 0.002570 0.003223 0.003909 0.004211 0.004270 0.004695 0.004614 0.006152 0.002599 0.005326 0.002932 0.002014 0.014899 0.001453 0.000662 0.033904 0.020310 0.007857 0.004657 0.013011 0.029551 0.003730 0.007563 0.001267 0.003497 0.001311 0.018061 0.015772 0.005327 0.059627 0.014584 0.004720 0.008266 0.012441 0.012173 0.000176 0.054026 0.009723 0.000347 0.031940 0.003289 
0.000358 0.000629 0.001554 0.000577 0.001991 0.000210 0.003867 0.002788 0.001382 0.001287 0.000152 0.001254 0.001705 0.004954 0.000352 0.004337 0.003311 0.002246 0.001748 0.000580 0.000786 0.000679 0.005697 0.000706 0.006044 0.000388 0.000211 0.007777 0.005092 0.003430 0.002868 0.003068 0.003650 0.003252 0.006895 0.002648 0.005873 0.009844 0.002738 0.001827 0.003315 0.000944 0.012020 0.002279 0.000436 0.014623 0.018435 0.012998 0.008135 0.005608 0.044451 0.008364 0.003125 0.003709 0.011271 0.004977 0.020798 0.005520 0.025129 0.052739 0.074246 0.030993 0.020106 0.002165 0.002038 0.000336 0.019538 0.002263 0.003758 0.004278 0.047437 
0.000538 0.000270 0.001271 0.000404 0.003370 0.000198 0.003723 0.001573 0.001185 0.001350 0.000072 0.001397 0.000341 0.003303 0.000192 0.007463 0.003921 0.001942 0.002117 0.000185 0.000500 0.000259 0.005697 0.000485 0.006907 0.000121 0.000192 0.010768 0.011934 0.001610 0.000807 0.001085 0.002386 0.002799 0.002984 0.003849 0.002237 0.002461 0.001191 0.009602 0.001360 0.002123 0.009789 0.000617 0.000771 0.041798 0.012655 0.002862 0.001964 0.012864 0.011395 0.001224 0.006072 0.000247 0.001156 0.000283 0.006340 0.087928 0.001641 0.017580 0.004546 0.001652 0.001886 0.026844 0.010598 0.000043 0.009128 0.015043 0.000085 0.006471 0.000736 
0.000896 0.000629 0.001554 0.000577 0.003829 0.000362 0.006301 0.002717 0.002172 0.001758 0.000124 0.001767 0.001193 0.003938 0.000267 0.009076 0.005140 0.003464 0.003226 0.000518 0.000976 0.000457 0.008748 0.000838 0.010620 0.000182 0.000332 0.017946 0.017901 0.002730 0.001912 0.002448 0.004973 0.005357 0.003962 0.007125 0.004801 0.006152 0.002723 0.013257 0.003166 0.003820 0.025767 0.001296 0.001347 0.069620 0.026091 0.007566 0.004657 0.026718 0.037690 0.003264 0.015979 0.000773 0.003150 0.001058 0.023899 0.067556 0.004977 0.061992 0.013953 0.004326 0.007893 0.078628 0.072536 0.000148 0.045096 0.076969 0.000364 0.039149 0.002792 
0.000538 0.000899 0.001554 0.000520 0.004136 0.000455 0.007447 0.002931 0.001975 0.001947 0.000128 0.001796 0.001705 0.006733 0.000501 0.007866 0.006360 0.003807 0.003932 0.000654 0.001429 0.000556 0.010511 0.000706 0.012779 0.000327 0.000356 0.017149 0.016310 0.003710 0.003018 0.004121 0.006553 0.005117 0.005454 0.007698 0.006013 0.008045 0.003558 0.007309 0.004122 0.003076 0.028070 0.002028 0.001125 0.051115 0.033434 0.012998 0.008416 0.021404 0.056848 0.006003 0.014115 0.002380 0.007109 0.002489 0.037581 0.031149 0.010870 0.132413 0.032009 0.009754 0.019668 0.021447 0.020807 0.000449 0.148905 0.018019 0.000816 0.062339 0.007293 
-0.000000 0.000180 0.002543 0.000635 0.003370 0.000315 0.006587 0.001287 0.001580 0.001664 0.000084 0.002337 0.001193 0.004573 0.000181 0.007866 0.005140 0.002969 0.002890 0.000530 0.000691 0.000247 0.008613 0.000530 0.010102 0.000230 0.000323 0.017348 0.016628 0.002380 0.001823 0.002758 0.004541 0.004611 0.003447 0.006251 0.003729 0.003691 0.002011 0.014423 0.002847 0.003248 0.022240 0.000868 0.001365 0.065350 0.023904 0.005869 0.003927 0.023933 0.027172 0.001574 0.013564 0.000587 0.002341 0.000820 0.016966 0.090425 0.003740 0.052019 0.009912 0.002832 0.005635 0.105444 0.049358 0.000125 0.031972 0.074278 0.000238 0.027663 0.001731 
