# Flux Network Reconstruction using RW method
# Walkers leave from emitting cells
# Probability involves emitting fluxes, then absorbing flux is shared among connections
# Seed: 1684941001
# Threshold: 0.5
# Precision: 100000.0
# Dt: 1.0
# Radius step: 10.000000
# Matrix output


0.022647 0.003259 0.000404 0.142681 0.001886 0.001861 0.310213 0.017478 0.103493 0.004909 0.000334 0.014634 0.001181 0.012037 0.000303 0.000321 0.008556 0.085245 0.000253 0.007344 0.012666 0.008114 0.000782 0.000078 0.000195 0.002950 0.000070 0.006062 0.008741 0.000174 0.017456 0.028734 0.000433 0.000192 0.000034 0.001711 0.000330 0.005445 0.000494 0.000019 0.000586 0.000149 0.014546 0.000480 0.001964 0.003790 0.000043 0.000403 0.001642 0.010618 0.000211 0.000171 0.001249 0.001396 0.000116 0.000467 0.001462 0.000044 0.000006 0.000056 -0.000000 0.000235 0.004480 0.000036 0.000706 0.000057 0.000110 0.000083 0.000612 0.000022 0.000232 0.000381 0.000083 
0.357674 0.419084 0.021602 0.012301 0.018864 0.078377 0.028564 0.020632 0.055001 0.088044 0.010951 0.028151 0.037688 0.008681 0.005643 0.007453 0.073301 0.020411 0.000059 0.038780 0.013046 0.005244 0.009034 0.003068 0.003515 0.003099 0.001795 0.017332 0.014825 0.004184 0.011007 0.008620 0.004084 0.002361 0.000457 0.003128 0.005781 0.002962 0.004449 0.000048 0.008500 0.000773 0.002271 0.003842 0.001332 0.004671 0.001009 0.000219 0.004613 0.004531 0.004431 0.001337 0.000686 0.003568 0.000486 0.000284 0.000934 0.000351 0.000115 0.000564 0.000097 0.000874 0.000618 0.000321 0.002016 0.000630 0.000357 0.000061 0.000255 0.000054 0.000425 0.000635 0.000194 
1.050375 0.335659 0.020571 0.030871 0.020750 0.084157 0.055132 0.045812 0.105408 0.129558 0.014290 0.056413 0.048317 0.015927 0.008244 0.008754 0.113527 0.037220 0.000090 0.060316 0.017094 0.008443 0.012421 0.003573 0.003364 0.003895 0.002098 0.024333 0.021595 0.004532 0.014618 0.013238 0.005384 0.002899 0.000592 0.004106 0.004790 0.004835 0.005214 0.000053 0.006888 0.000981 0.004541 0.004658 0.001309 0.006082 0.001181 0.000267 0.005707 0.006088 0.005064 0.001200 0.001004 0.005895 0.000417 0.000325 0.001787 0.000220 0.000138 0.000621 0.000097 0.000908 0.001854 0.000392 0.001210 0.000401 0.000192 0.000083 0.000051 0.000038 0.000387 0.001143 0.000277 
0.022647 0.044320 0.013903 0.001645 0.140671 0.044577 0.004116 0.003183 0.012123 0.045676 0.028647 0.008881 0.055189 0.002626 0.003345 0.006304 0.034863 0.007204 0.000020 0.016585 0.004142 0.001529 0.006949 0.002437 0.003379 0.001077 0.002215 0.009136 0.005142 0.006450 0.003440 0.002976 0.004889 0.002073 0.000427 0.001564 0.004074 0.001568 0.003236 0.000062 0.006449 0.000654 0.001206 0.002689 0.000587 0.003085 0.000623 0.000113 0.003049 0.002265 0.003481 0.001132 0.000416 0.004344 0.000718 0.000112 0.000487 0.000307 0.000121 0.000508 0.000157 0.000706 0.000618 0.000641 0.001311 0.000458 0.000110 0.000030 0.000102 0.000054 0.000309 0.000762 0.000166 
0.048419 0.080167 0.024593 0.004231 0.089469 0.086900 0.010852 0.005968 0.022970 0.084416 0.032120 0.015081 0.090085 0.004815 0.007051 0.011238 0.064617 0.013753 0.000037 0.027724 0.008809 0.003222 0.013898 0.004650 0.005527 0.002320 0.003986 0.015368 0.012768 0.010720 0.009115 0.006260 0.008726 0.004012 0.000686 0.002664 0.007322 0.003528 0.006023 0.000077 0.013044 0.000901 0.001703 0.004610 0.001287 0.007051 0.001696 0.000225 0.004769 0.003823 0.006224 0.001886 0.000784 0.006981 0.000648 0.000193 0.001544 0.000263 0.000219 0.001524 0.000109 0.001345 0.001854 0.000891 0.002420 0.001259 0.000494 0.000076 0.000255 0.000075 0.000425 0.001651 0.000360 
0.030457 0.034218 0.009780 0.002194 0.460010 0.036396 0.004366 0.002956 0.012889 0.057309 0.089147 0.009216 0.113707 0.002578 0.005340 0.011779 0.047633 0.006112 0.000023 0.018895 0.004238 0.001435 0.012132 0.004427 0.005347 0.001210 0.004895 0.010502 0.007370 0.011331 0.005503 0.004207 0.008850 0.003206 0.000558 0.001955 0.007377 0.001873 0.005258 0.000086 0.010845 0.000743 0.000710 0.003554 0.000745 0.004495 0.001267 0.000166 0.003753 0.003256 0.003903 0.001303 0.000416 0.005895 0.000625 0.000152 0.000528 0.000307 0.000161 0.000903 0.000109 0.000672 0.000772 0.000321 0.001109 0.000630 0.000357 0.000045 0.000102 0.000038 0.000464 0.000381 0.000249 
0.012495 0.002607 0.000202 0.012458 0.000269 0.001176 0.025446 0.004916 0.025012 0.006190 0.000735 0.006982 0.002040 0.003161 0.000342 0.000575 0.007662 0.011133 0.000033 0.005941 0.005380 0.002352 0.000955 0.000311 0.000421 0.001392 0.000373 0.006318 0.006341 0.000610 0.005245 0.005131 0.000743 0.000749 0.000157 0.001564 0.001156 0.002004 0.000989 0.000019 0.001905 0.000357 0.001987 0.001249 0.000768 0.002820 0.000365 0.000136 0.001798 0.003539 0.002004 0.001097 0.000710 0.002172 0.000417 0.000162 0.000812 0.000263 0.000133 0.000395 0.000060 0.000672 0.000772 0.000463 0.001311 0.000744 0.000192 0.000053 0.000102 0.000059 0.000425 0.000254 0.000166 
0.008590 0.024441 0.005294 0.000705 0.771265 0.020868 0.003243 0.001591 0.006125 0.033937 0.086810 0.004748 0.085253 0.001192 0.003501 0.007554 0.023753 0.002838 0.000008 0.009984 0.001667 0.000682 0.006254 0.002563 0.003710 0.000381 0.002471 0.004867 0.003771 0.008454 0.001978 0.001950 0.006250 0.001708 0.000277 0.000758 0.003028 0.000915 0.002022 0.000014 0.006595 0.000307 0.000284 0.001201 0.000384 0.001234 0.000601 0.000041 0.001095 0.000991 0.001793 0.000549 0.000098 0.002017 0.000347 0.000071 0.000122 0.000088 0.000040 0.000169 0.000060 0.000336 -0.000000 0.000107 0.000403 0.000114 0.000082 -0.000000 0.000051 0.000005 0.000116 0.000381 0.000028 
0.250684 0.277000 0.044315 0.020529 0.105099 0.269420 0.042160 0.033108 0.103621 0.504039 0.066643 0.078308 0.234608 0.019137 0.034111 0.040154 0.340709 0.041586 0.000121 0.142168 0.030045 0.010254 0.045400 0.013631 0.014839 0.005933 0.009161 0.049178 0.035648 0.018826 0.022271 0.017959 0.019370 0.008926 0.001791 0.008334 0.016296 0.007318 0.013348 0.000153 0.021398 0.002496 0.003761 0.010997 0.002280 0.016130 0.002641 0.000462 0.012509 0.010335 0.010338 0.003635 0.001396 0.014117 0.001250 0.000386 0.002519 0.000659 0.000283 0.001919 0.000422 0.001614 0.002317 0.000962 0.003529 0.001431 0.000659 0.000121 0.000459 0.000097 0.000658 0.001905 0.000499 
0.099180 0.070065 0.011640 0.013320 0.031260 0.058146 0.028689 0.015261 0.074143 0.225926 0.022704 0.050828 0.086971 0.013569 0.014943 0.017796 0.188616 0.037984 0.000109 0.081687 0.023426 0.010348 0.025538 0.007660 0.007825 0.006878 0.005665 0.037140 0.034192 0.012812 0.024507 0.019293 0.014419 0.007947 0.001296 0.007723 0.016957 0.009322 0.013573 0.000210 0.021398 0.002694 0.006244 0.010133 0.003567 0.019655 0.003950 0.000669 0.016966 0.014158 0.014769 0.005109 0.002449 0.019391 0.001713 0.000792 0.004631 0.000790 0.000490 0.003330 0.000471 0.003194 0.004017 0.001497 0.005545 0.003664 0.001235 0.000212 0.001020 0.000210 0.001315 0.003555 0.000748 
0.017181 0.003585 0.000445 0.016533 0.001617 0.001666 0.048147 0.006906 0.050024 0.010032 0.001536 0.017706 0.005154 0.010213 0.001105 0.001386 0.019411 0.071383 0.000282 0.018813 0.020379 0.012488 0.003011 0.000641 0.001066 0.007243 0.000932 0.024077 0.026993 0.001133 0.039297 0.055005 0.002537 0.001977 0.000442 0.006183 0.004625 0.015769 0.004539 0.000038 0.006888 0.001238 0.027816 0.004946 0.007021 0.018509 0.001674 0.001599 0.013995 0.037943 0.006751 0.003155 0.004139 0.014737 0.001042 0.001818 0.006296 0.000659 0.000398 0.001806 0.000241 0.003194 0.014986 0.001604 0.005444 0.002576 0.000714 0.000333 0.001938 0.000242 0.002089 0.006095 0.001718 
0.088247 0.012709 0.001071 0.145267 0.001078 0.008328 0.438315 0.045101 0.372372 0.029561 0.002538 0.069650 0.009556 0.060184 0.002171 0.002146 0.044823 0.509507 0.001758 0.050415 0.085849 0.054655 0.004777 0.001107 0.001352 0.023899 0.000816 0.054130 0.074639 0.001220 0.130788 0.211399 0.002661 0.002131 0.000494 0.012219 0.003689 0.043736 0.004629 0.000019 0.005130 0.001961 0.088698 0.005379 0.017676 0.034815 0.001073 0.003353 0.017748 0.093584 0.005486 0.001783 0.008695 0.014272 0.000509 0.003818 0.009993 0.000263 0.000196 0.000960 0.000097 0.003228 0.030900 0.000641 0.006452 0.001374 0.000933 0.000795 0.004489 0.000097 0.001586 0.005714 0.001746 
0.198361 0.025745 0.003132 0.198703 0.003234 0.015137 0.599097 0.101996 1.049993 0.069048 0.003940 0.159632 0.016857 0.140112 0.004401 0.004360 0.093861 0.730861 0.001732 0.096621 0.146653 0.083676 0.009179 0.002117 0.002163 0.027761 0.001212 0.078463 0.093406 0.002789 0.118234 0.148287 0.004889 0.003206 0.000772 0.014908 0.006056 0.031844 0.004944 0.000043 0.008354 0.001941 0.042504 0.005955 0.011310 0.027588 0.001589 0.002044 0.016262 0.052950 0.006224 0.001852 0.005266 0.012876 0.000602 0.002031 0.007556 0.000132 0.000260 0.000903 0.000072 0.002219 0.015604 0.000784 0.004335 0.001088 0.000439 0.000265 0.002193 0.000102 0.001122 0.004063 0.000887 
-0.000000 0.000978 0.000283 0.000705 0.009971 0.001029 0.000499 0.000256 0.001149 0.004482 0.014223 0.000894 0.009341 0.000219 0.000391 0.001065 0.003831 0.001201 0.000004 0.002063 0.000714 0.000259 0.000984 0.000417 0.000496 0.000215 0.000629 0.000939 0.001800 0.001917 0.000602 0.000308 0.001918 0.000442 0.000075 0.000342 0.000826 0.000436 0.000539 0.000029 0.001905 0.000188 0.000142 0.000720 0.000068 0.000881 0.000193 0.000041 0.000860 0.000708 0.001266 0.000377 0.000196 0.001706 0.000139 0.000020 0.000203 -0.000000 0.000035 0.000226 0.000084 0.000134 0.000154 0.000071 0.000202 0.000114 0.000110 -0.000000 -0.000000 -0.000000 0.000116 0.000254 0.000028 
0.041390 0.040084 0.007962 0.005720 0.052280 0.036249 0.014843 0.007673 0.036625 0.172886 0.070784 0.030497 0.372044 0.008049 0.019129 0.056648 0.167545 0.024777 0.000069 0.073353 0.016379 0.006538 0.050728 0.019175 0.023175 0.004624 0.013544 0.040043 0.028364 0.039831 0.022185 0.018677 0.033109 0.014224 0.002251 0.008969 0.024444 0.009148 0.020899 0.000335 0.048658 0.003239 0.004896 0.016136 0.002890 0.017452 0.004787 0.000598 0.014777 0.011326 0.021626 0.006206 0.002057 0.023890 0.002500 0.000640 0.003087 0.001273 0.000611 0.003669 0.000700 0.003026 0.003399 0.002209 0.007864 0.003377 0.001894 0.000197 0.000765 0.000242 0.001276 0.003936 0.001053 
0.009371 0.014339 0.002748 0.001567 0.039884 0.014598 0.005239 0.002387 0.008933 0.046210 0.205673 0.007987 0.160199 0.002456 0.005359 0.014534 0.045845 0.007968 0.000024 0.023598 0.005619 0.001928 0.017865 0.007553 0.011535 0.001458 0.015991 0.011868 0.007798 0.043143 0.005761 0.005131 0.027415 0.006028 0.000993 0.002737 0.011396 0.002701 0.008854 0.000206 0.028139 0.001307 0.001845 0.006771 0.000677 0.005641 0.002855 0.000172 0.004535 0.003681 0.009916 0.002572 0.000857 0.011634 0.001088 0.000173 0.001178 0.000659 0.000179 0.001693 0.000410 0.000908 0.000772 0.000927 0.002621 0.001488 0.000549 0.000030 0.000153 0.000102 0.000464 0.001270 0.000333 
0.018743 0.011406 0.003072 0.001880 0.037189 0.011952 0.005364 0.002558 0.013655 0.051012 0.116459 0.010277 0.165246 0.003185 0.005516 0.016038 0.054273 0.010478 0.000032 0.023681 0.005714 0.002658 0.019370 0.008845 0.013262 0.002155 0.015059 0.016137 0.011654 0.043318 0.008513 0.006978 0.029829 0.007083 0.001180 0.003788 0.016461 0.004008 0.012135 0.000215 0.034588 0.001783 0.001987 0.008548 0.001264 0.007316 0.003113 0.000243 0.008444 0.006654 0.012659 0.003806 0.001127 0.014117 0.002199 0.000254 0.002437 0.001186 0.000352 0.002088 0.000434 0.002152 0.000927 0.001069 0.003932 0.002118 0.001208 0.000151 0.000204 0.000124 0.001199 0.001778 0.000499 
0.074190 0.028678 0.004062 0.027032 0.013744 0.018468 0.062242 0.024924 0.166917 0.137242 0.014090 0.166111 0.055941 0.051138 0.010943 0.013773 0.234717 0.151608 0.000473 0.268658 0.129798 0.047341 0.031995 0.008767 0.010964 0.033313 0.006574 0.226340 0.201122 0.015950 0.126059 0.088562 0.021908 0.016873 0.003753 0.037929 0.033638 0.043562 0.034338 0.000268 0.052322 0.008557 0.024197 0.035585 0.012033 0.072363 0.009489 0.002772 0.060045 0.059888 0.045361 0.014264 0.009111 0.062826 0.004977 0.002417 0.015680 0.002503 0.001430 0.008410 0.000978 0.009313 0.016686 0.004847 0.020667 0.007957 0.004282 0.000855 0.002397 0.000570 0.004680 0.012951 0.003437 
0.078876 0.029329 0.003314 0.035416 0.009971 0.016508 0.085443 0.030039 0.231999 0.111736 0.009082 0.182197 0.043056 0.081047 0.009652 0.012050 0.180571 0.245367 0.000794 0.219976 0.276832 0.094988 0.026291 0.006602 0.008531 0.060328 0.005385 0.280726 0.298727 0.011941 0.196397 0.136794 0.017390 0.013956 0.003195 0.045359 0.028959 0.059679 0.027371 0.000177 0.039571 0.008082 0.032570 0.031071 0.016706 0.085408 0.008136 0.003483 0.060670 0.072771 0.031225 0.012996 0.011242 0.059258 0.004144 0.002924 0.015639 0.001712 0.001211 0.005701 0.000784 0.009851 0.016222 0.004561 0.019054 0.006926 0.003513 0.001060 0.002550 0.000505 0.003597 0.014856 0.002799 
0.015619 0.007495 0.000788 0.003683 0.004312 0.004899 0.009605 0.004149 0.024629 0.032443 0.004007 0.021113 0.017287 0.007027 0.003090 0.004157 0.055678 0.018883 0.000068 0.058501 0.012618 0.006115 0.010279 0.002553 0.003334 0.004508 0.002448 0.036115 0.028793 0.005229 0.017972 0.016625 0.007983 0.004761 0.001056 0.007356 0.010515 0.008930 0.009663 0.000134 0.015096 0.002219 0.003974 0.008020 0.003341 0.013574 0.003005 0.000782 0.015637 0.012601 0.012975 0.004869 0.002082 0.019856 0.001736 0.000650 0.003615 0.000659 0.000438 0.003556 0.000459 0.003060 0.004017 0.001497 0.005948 0.002633 0.001208 0.000265 0.000765 0.000113 0.001818 0.004190 0.000748 
0.044514 0.024441 0.003799 0.010578 0.021289 0.020623 0.024697 0.011282 0.056405 0.148127 0.027445 0.048537 0.103721 0.014055 0.016938 0.027783 0.273921 0.043987 0.000146 0.129213 0.031521 0.013452 0.095636 0.020398 0.024091 0.010127 0.013893 0.083159 0.065298 0.031203 0.043080 0.033967 0.042949 0.025493 0.004446 0.017987 0.049604 0.018165 0.039326 0.000478 0.074159 0.007329 0.010644 0.034433 0.005937 0.039487 0.011142 0.001268 0.038310 0.031147 0.045150 0.013921 0.005266 0.050726 0.005440 0.001188 0.007434 0.002503 0.001257 0.007902 0.001231 0.008069 0.007261 0.004668 0.015727 0.006926 0.003761 0.000545 0.001479 0.000495 0.003868 0.009523 0.001580 
0.014838 0.009451 0.001879 0.002977 0.018325 0.009944 0.005862 0.002956 0.013016 0.043755 0.039532 0.011059 0.103399 0.003818 0.005105 0.013148 0.051719 0.009496 0.000033 0.027311 0.007523 0.003316 0.020789 0.009039 0.019075 0.002503 0.027670 0.019040 0.015168 0.067112 0.011350 0.010262 0.049385 0.009809 0.001476 0.005083 0.024444 0.004487 0.016000 0.000421 0.050563 0.002377 0.002554 0.012294 0.001716 0.013221 0.004336 0.000426 0.011884 0.009911 0.016773 0.005246 0.001274 0.020787 0.003380 0.000315 0.003047 0.001493 0.000508 0.003443 0.000567 0.003093 0.001854 0.001746 0.005142 0.003206 0.001482 0.000106 0.000204 0.000172 0.000928 0.003682 0.000554 
0.082000 0.040409 0.005961 0.016846 0.023445 0.032086 0.030685 0.018870 0.106429 0.280460 0.040801 0.111485 0.155260 0.027210 0.031402 0.047489 0.632253 0.075094 0.000216 0.422625 0.062185 0.022812 0.153400 0.033699 0.041454 0.018563 0.020770 0.238037 0.154076 0.046978 0.070682 0.050797 0.076553 0.058241 0.010605 0.041277 0.094859 0.029796 0.077844 0.000641 0.116661 0.015322 0.011850 0.064063 0.008263 0.071393 0.016144 0.001653 0.062077 0.032705 0.064772 0.020471 0.006050 0.071824 0.006552 0.001269 0.009790 0.003117 0.001401 0.008354 0.001448 0.009111 0.007107 0.005025 0.018853 0.006755 0.002663 0.000568 0.001530 0.000409 0.002940 0.008888 0.001996 
0.009371 0.005866 0.001920 0.002116 0.015630 0.007495 0.004865 0.001506 0.009316 0.036178 0.047478 0.008825 0.091696 0.002116 0.004411 0.010596 0.041248 0.005894 0.000024 0.021206 0.003952 0.002117 0.016128 0.007398 0.016537 0.001442 0.038882 0.013063 0.011997 0.151481 0.006363 0.006670 0.056625 0.010308 0.001232 0.003886 0.022517 0.003180 0.014652 0.000631 0.055839 0.001852 0.001774 0.010661 0.000971 0.009078 0.003993 0.000261 0.009382 0.003681 0.015191 0.004698 0.000857 0.015823 0.002222 0.000203 0.001706 0.001229 0.000386 0.003048 0.000640 0.001984 0.001854 0.001746 0.005343 0.001488 0.000988 0.000083 0.000102 0.000097 0.000890 0.002920 0.000471 
0.019524 0.005214 0.000950 0.008619 0.002695 0.003772 0.021205 0.006337 0.051683 0.022518 0.003606 0.029826 0.012563 0.015003 0.002269 0.003262 0.040865 0.057958 0.000208 0.035315 0.044853 0.021260 0.007412 0.002107 0.002418 0.019756 0.002191 0.062754 0.078067 0.003399 0.063287 0.048437 0.007303 0.004818 0.001011 0.014395 0.010956 0.019864 0.010023 0.000067 0.015535 0.003011 0.014546 0.010229 0.006953 0.028557 0.003671 0.001505 0.023768 0.032280 0.017195 0.005555 0.005511 0.027923 0.002431 0.001269 0.007149 0.001010 0.000583 0.003725 0.000652 0.004741 0.007725 0.003065 0.010586 0.004637 0.002772 0.000477 0.001785 0.000306 0.002553 0.007491 0.001718 
0.026552 0.006518 0.000970 0.032908 0.002425 0.004262 0.088561 0.014408 0.119190 0.024759 0.002404 0.040774 0.009341 0.027794 0.001975 0.002670 0.040226 0.238163 0.001005 0.041751 0.058852 0.037440 0.006080 0.001718 0.002088 0.026220 0.001608 0.073170 0.098804 0.003225 0.175760 0.354042 0.006436 0.003609 0.001086 0.022875 0.008093 0.079935 0.010292 0.000077 0.016415 0.003991 0.151141 0.013206 0.039304 0.077916 0.004251 0.008097 0.049333 0.210244 0.020360 0.007441 0.021211 0.041884 0.002454 0.009586 0.029451 0.000922 0.000952 0.004516 0.000640 0.009111 0.066280 0.003172 0.020062 0.007327 0.003321 0.002339 0.008824 0.000559 0.005956 0.022347 0.004629 
0.037486 0.008147 0.001394 0.026483 0.003773 0.006466 0.064986 0.014948 0.126847 0.044182 0.004941 0.062613 0.019864 0.036888 0.003941 0.004969 0.076494 0.257482 0.001066 0.076818 0.101991 0.063921 0.011755 0.002971 0.003890 0.047202 0.003357 0.126105 0.165217 0.008454 0.267338 0.248137 0.011511 0.007506 0.001873 0.031771 0.018553 0.072312 0.017393 0.000177 0.026087 0.006260 0.052793 0.021659 0.026526 0.084614 0.005968 0.005414 0.058559 0.111564 0.032702 0.011418 0.015112 0.057707 0.003727 0.004996 0.020270 0.001273 0.001084 0.007338 0.001146 0.011835 0.024565 0.005060 0.022583 0.008300 0.004255 0.001242 0.004693 0.000688 0.005956 0.018665 0.003880 
0.017962 0.006844 0.000748 0.018100 0.002964 0.003282 0.060247 0.008412 0.068400 0.020384 0.002137 0.024744 0.009878 0.016389 0.001721 0.002400 0.029371 0.131634 0.000516 0.029374 0.038425 0.023189 0.005067 0.001262 0.001637 0.016491 0.001562 0.053447 0.067012 0.003225 0.109377 0.206370 0.004827 0.003417 0.000820 0.016692 0.009414 0.050096 0.008899 0.000057 0.014656 0.003219 0.126660 0.012630 0.029438 0.057115 0.003607 0.005959 0.037684 0.165789 0.017090 0.006104 0.018247 0.033507 0.002338 0.007585 0.023642 0.001098 0.000831 0.004685 0.000471 0.008069 0.059173 0.003207 0.021071 0.006812 0.003431 0.001878 0.007243 0.000516 0.005299 0.022220 0.004823 
0.006248 0.003911 0.000525 0.001175 0.004312 0.003870 0.003991 0.001506 0.009826 0.020597 0.009148 0.006926 0.026306 0.002237 0.002249 0.006236 0.028478 0.008514 0.000024 0.014687 0.005047 0.001952 0.011032 0.004146 0.009297 0.001823 0.011166 0.010843 0.014654 0.023271 0.007911 0.007183 0.025744 0.007487 0.001169 0.003617 0.015635 0.003833 0.010787 0.000220 0.032096 0.001763 0.002413 0.010949 0.001377 0.009872 0.003328 0.000391 0.008131 0.007504 0.014452 0.005109 0.001470 0.015358 0.002014 0.000284 0.002315 0.001405 0.000427 0.003669 0.000543 0.002017 0.001854 0.001782 0.003932 0.002633 0.000686 0.000114 0.000561 0.000183 0.000967 0.003809 0.000554 
0.049981 0.024767 0.003213 0.012301 0.014552 0.015626 0.025446 0.012021 0.066996 0.120807 0.019299 0.064624 0.081173 0.019478 0.013134 0.019705 0.222329 0.065162 0.000215 0.179133 0.047853 0.019590 0.059675 0.015379 0.023265 0.017237 0.016154 0.179808 0.126655 0.039047 0.080227 0.061778 0.058853 0.046973 0.011275 0.040666 0.097722 0.034370 0.091777 0.000736 0.129998 0.018234 0.018378 0.074676 0.010069 0.085848 0.021575 0.002583 0.077245 0.048561 0.084815 0.026300 0.009087 0.106107 0.010788 0.002346 0.015436 0.004786 0.002468 0.016031 0.002534 0.015365 0.012669 0.008196 0.028733 0.013395 0.005984 0.000901 0.002193 0.000941 0.006073 0.017268 0.003576 
0.032800 0.014665 0.001677 0.019588 0.005929 0.008866 0.050767 0.014096 0.115361 0.056882 0.006077 0.069930 0.027272 0.036888 0.005310 0.006963 0.110335 0.183698 0.000692 0.121540 0.117037 0.056349 0.019255 0.004466 0.006549 0.084509 0.004639 0.340150 0.537382 0.010110 0.525217 0.284670 0.015410 0.014148 0.003776 0.117600 0.033528 0.169629 0.035281 0.000335 0.044994 0.015401 0.055702 0.048167 0.040839 0.221937 0.011850 0.008210 0.138775 0.154038 0.057387 0.020539 0.025301 0.108744 0.005857 0.006032 0.034123 0.003074 0.002267 0.009426 0.001388 0.018559 0.033526 0.007234 0.035084 0.012822 0.006643 0.001855 0.005356 0.001032 0.010018 0.026029 0.006126 
0.014057 0.008147 0.000869 0.007208 0.002156 0.004360 0.017837 0.005769 0.046068 0.035004 0.004407 0.026978 0.016321 0.012256 0.002748 0.004580 0.045207 0.054465 0.000181 0.045464 0.033568 0.015028 0.010655 0.002961 0.004416 0.015712 0.003380 0.110395 0.123055 0.007060 0.080227 0.064035 0.010768 0.007928 0.001970 0.039078 0.018113 0.036330 0.021349 0.000172 0.028432 0.006448 0.017952 0.026029 0.009843 0.068397 0.007256 0.002369 0.051757 0.050260 0.034707 0.012413 0.008548 0.058638 0.003750 0.002356 0.014258 0.002283 0.001246 0.006491 0.001122 0.009246 0.013596 0.005025 0.023087 0.008243 0.004364 0.000818 0.002856 0.000462 0.004796 0.014602 0.003215 
0.004686 0.002933 0.000626 0.000784 0.005390 0.002988 0.002619 0.000767 0.005232 0.019103 0.015425 0.004971 0.036399 0.001264 0.001809 0.005374 0.025030 0.004039 0.000013 0.014522 0.002809 0.001435 0.010481 0.004515 0.011715 0.000928 0.056086 0.011014 0.006256 0.266704 0.004385 0.003079 0.132930 0.012554 0.001513 0.003006 0.034409 0.002135 0.021663 0.003495 0.148464 0.002179 0.000993 0.013639 0.000993 0.007316 0.007750 0.000195 0.008444 0.002973 0.024052 0.006206 0.000955 0.020787 0.004653 0.000183 0.001137 0.003513 0.000508 0.005927 0.001267 0.002253 0.000772 0.001782 0.004940 0.003492 0.000769 0.000083 0.000306 0.000156 0.000851 0.001524 0.000388 
0.020305 0.006518 0.001051 0.018961 0.002695 0.005878 0.045902 0.012305 0.095454 0.035111 0.004474 0.049766 0.015354 0.026821 0.003208 0.004309 0.065128 0.171800 0.000699 0.066587 0.076326 0.041697 0.011061 0.002884 0.003905 0.044832 0.002681 0.146937 0.207549 0.007147 0.412142 0.542146 0.011758 0.008062 0.002236 0.056503 0.021967 0.236234 0.024854 0.000158 0.035321 0.009607 0.096645 0.031311 0.063459 0.188620 0.009188 0.011349 0.121106 0.242241 0.044728 0.015739 0.033604 0.091370 0.005163 0.009647 0.044156 0.002415 0.001932 0.009144 0.001303 0.019937 0.057010 0.006450 0.043049 0.013109 0.007548 0.002816 0.008263 0.001016 0.010598 0.037838 0.007678 
0.017962 0.005214 0.000930 0.006817 0.004042 0.004899 0.016964 0.005655 0.035987 0.032336 0.006077 0.025693 0.021582 0.010529 0.003540 0.005408 0.061169 0.044205 0.000140 0.052725 0.025474 0.011900 0.013522 0.003854 0.005617 0.012066 0.004685 0.095539 0.084836 0.010720 0.063545 0.053055 0.019432 0.012574 0.003143 0.037880 0.036611 0.032192 0.036720 0.000268 0.047339 0.012796 0.016817 0.046102 0.011175 0.083557 0.012623 0.002719 0.073101 0.051535 0.063295 0.020299 0.011144 0.089043 0.008010 0.002275 0.015030 0.003117 0.001990 0.013208 0.001931 0.014793 0.013287 0.007662 0.031455 0.012593 0.006835 0.000825 0.002448 0.000865 0.006575 0.017395 0.003880 
0.011714 0.002607 0.000323 0.009011 0.001078 0.002792 0.022327 0.004575 0.040325 0.017716 0.001336 0.018767 0.008268 0.010602 0.001506 0.002231 0.023753 0.064944 0.000264 0.021040 0.024569 0.014252 0.004922 0.001573 0.001757 0.012049 0.001329 0.043714 0.050987 0.003225 0.079625 0.160704 0.005446 0.003628 0.000955 0.014981 0.009249 0.046437 0.008854 0.000100 0.016854 0.002892 0.118571 0.014647 0.032486 0.063020 0.003886 0.007671 0.042375 0.203307 0.019516 0.007269 0.021529 0.046073 0.002709 0.008662 0.027014 0.001142 0.001061 0.005870 0.000700 0.010591 0.054538 0.004383 0.024196 0.008071 0.004996 0.002097 0.008008 0.000747 0.006962 0.024759 0.005433 
0.027333 0.009451 0.001536 0.011753 0.006468 0.008523 0.027317 0.010032 0.061764 0.060510 0.008948 0.047979 0.035218 0.019016 0.005418 0.008602 0.104205 0.080443 0.000282 0.098271 0.054186 0.024882 0.023221 0.006126 0.009688 0.027496 0.007599 0.236329 0.198208 0.014991 0.140849 0.120272 0.032676 0.022997 0.006731 0.123685 0.066616 0.083420 0.067821 0.000521 0.093358 0.028614 0.036543 0.092157 0.026210 0.250053 0.025268 0.005977 0.201321 0.105618 0.119205 0.042039 0.021333 0.196545 0.012270 0.005108 0.035301 0.005401 0.003968 0.020490 0.003138 0.029250 0.024565 0.013186 0.055953 0.022725 0.011693 0.002097 0.006274 0.001699 0.013073 0.038472 0.007262 
0.014057 0.002607 0.000445 0.011204 0.002156 0.002645 0.031558 0.006195 0.046578 0.013874 0.001469 0.021113 0.007409 0.013155 0.001438 0.001639 0.025540 0.095505 0.000425 0.028549 0.034664 0.018697 0.004343 0.001107 0.001832 0.017767 0.001375 0.064461 0.077895 0.003486 0.142311 0.323974 0.004518 0.004319 0.001120 0.023461 0.012057 0.109296 0.010966 0.000072 0.019346 0.004843 0.320802 0.018249 0.097661 0.129125 0.005496 0.023906 0.080919 0.722334 0.029116 0.011658 0.061771 0.076012 0.003542 0.025396 0.070560 0.001229 0.001615 0.006717 0.000978 0.018693 0.147391 0.005951 0.045972 0.011906 0.007850 0.005398 0.021985 0.001258 0.014504 0.054217 0.012501 
0.003124 0.003259 0.000384 0.001019 0.001886 0.002253 0.004241 0.001336 0.011357 0.016542 0.004407 0.008378 0.012992 0.002675 0.001643 0.002687 0.019538 0.010151 0.000043 0.016585 0.007190 0.003316 0.007036 0.002078 0.004236 0.002834 0.005198 0.021089 0.019195 0.012812 0.014360 0.012725 0.028529 0.009771 0.002030 0.007698 0.041126 0.008146 0.031596 0.000913 0.151542 0.005576 0.005464 0.033904 0.003431 0.025208 0.025633 0.000823 0.026426 0.015574 0.105069 0.030175 0.003992 0.097109 0.024678 0.001168 0.006134 0.012689 0.003212 0.033585 0.005793 0.012642 0.004017 0.013257 0.025708 0.019291 0.007054 0.000341 0.001224 0.000908 0.005454 0.015871 0.002301 
-0.000000 0.000326 0.000040 0.000548 -0.000000 0.000147 -0.000000 0.000057 0.000893 0.000854 0.000401 0.000503 0.000429 0.000195 0.000108 0.000253 0.001149 0.001746 0.000005 0.001568 0.000714 0.000329 0.000203 0.000146 0.000105 0.000315 0.000186 0.002561 0.002142 0.000349 0.001548 0.001539 0.000743 0.000633 0.000105 0.000684 0.001321 0.000958 0.001393 0.000014 0.002198 0.000446 0.001135 0.003266 0.000293 0.003526 0.000945 0.000113 0.003362 0.002548 0.005591 0.001852 0.000637 0.008687 0.000718 0.000213 0.000853 0.000307 0.000144 0.000903 0.000145 0.001076 0.000927 0.000463 0.002924 0.001088 0.000439 0.000023 0.000051 0.000081 0.000309 0.001778 0.000194 
0.011714 0.004562 0.000465 0.007130 0.001617 0.003674 0.022078 0.004632 0.036625 0.027427 0.003940 0.024799 0.012455 0.011137 0.002269 0.003701 0.043163 0.066472 0.000257 0.043649 0.032521 0.015569 0.009902 0.002534 0.004326 0.019043 0.002844 0.099808 0.110973 0.008454 0.128467 0.157626 0.012810 0.010577 0.002881 0.051737 0.033088 0.121798 0.031821 0.000296 0.048951 0.015619 0.065210 0.054603 0.060728 0.451453 0.017947 0.015762 0.320863 0.262770 0.096103 0.039398 0.068654 0.242618 0.011714 0.012053 0.111751 0.004962 0.005185 0.022748 0.003343 0.058232 0.060409 0.018103 0.118056 0.036750 0.018665 0.004981 0.013619 0.003053 0.029318 0.092689 0.019458 
0.005467 0.003911 0.000465 0.004074 0.001347 0.002155 0.008357 0.003069 0.019269 0.012273 0.001603 0.009439 0.007409 0.005252 0.001007 0.001673 0.019028 0.030671 0.000112 0.017080 0.011999 0.007173 0.003880 0.001194 0.001923 0.006530 0.001888 0.030310 0.034020 0.002615 0.043940 0.057262 0.004270 0.003590 0.000933 0.012782 0.010791 0.033804 0.010472 0.000086 0.017734 0.003873 0.029944 0.013254 0.025578 0.070159 0.005388 0.007860 0.052461 0.129686 0.027744 0.010218 0.027506 0.057397 0.004005 0.005230 0.037454 0.001976 0.001540 0.007338 0.001050 0.013045 0.029664 0.006094 0.035185 0.011391 0.005792 0.001961 0.006121 0.001059 0.009438 0.028188 0.006181 
-0.000000 0.000652 0.000061 0.000078 0.000539 0.000196 0.000374 0.000171 0.001276 0.001494 0.000467 0.000614 0.001181 0.000267 0.000156 0.000270 0.002426 0.001091 0.000002 0.001403 0.000619 0.000400 0.000376 0.000184 0.000240 0.000249 0.000793 0.002476 0.001542 0.001743 0.001892 0.001437 0.002290 0.000787 0.000139 0.000684 0.002312 0.000915 0.001978 0.000215 0.012604 0.000337 0.001064 0.002209 0.000316 0.002115 0.001181 0.000071 0.002424 0.002407 0.007279 0.001714 0.000514 0.004964 0.002084 0.000030 0.000366 0.002151 0.000265 0.002427 0.000809 0.000874 -0.000000 0.001212 0.001815 0.001775 0.000604 0.000045 0.000204 0.000059 0.000580 0.000889 0.000194 
0.011714 0.002607 0.000202 0.007679 0.000808 0.001323 0.018710 0.003268 0.032031 0.011419 0.001736 0.012902 0.006442 0.008486 0.000851 0.001200 0.020049 0.063088 0.000258 0.018400 0.020617 0.011030 0.003880 0.001049 0.001292 0.011850 0.001166 0.043714 0.055015 0.002702 0.088654 0.187180 0.003713 0.003340 0.000798 0.019038 0.009304 0.077278 0.010068 0.000096 0.014070 0.004249 0.275672 0.015992 0.074250 0.110528 0.004809 0.023592 0.074587 0.961178 0.027955 0.010698 0.082762 0.080511 0.003750 0.046324 0.092131 0.001317 0.001724 0.007056 0.000978 0.022593 0.216915 0.007020 0.057969 0.014540 0.008235 0.008426 0.031013 0.001564 0.020732 0.071358 0.016963 
0.014838 0.003259 0.000525 0.006817 0.003773 0.002890 0.017962 0.004462 0.034711 0.022091 0.003740 0.019549 0.012563 0.008657 0.002122 0.003126 0.034096 0.054902 0.000211 0.033995 0.026426 0.012794 0.006283 0.002097 0.003289 0.013292 0.002821 0.065742 0.076267 0.005665 0.089944 0.129200 0.012687 0.007659 0.002045 0.029229 0.024774 0.077540 0.024180 0.000234 0.038252 0.009439 0.060031 0.034577 0.050862 0.212682 0.012108 0.014121 0.152691 0.261921 0.064666 0.025580 0.064735 0.162573 0.009006 0.012135 0.105089 0.003425 0.003685 0.016313 0.002812 0.036513 0.062572 0.015431 0.096380 0.028621 0.014301 0.004906 0.012395 0.002322 0.024367 0.075675 0.016298 
0.002343 0.002933 0.000121 0.001097 0.001078 0.000980 0.002495 0.001052 0.005615 0.007150 0.002538 0.004524 0.007731 0.001605 0.000910 0.001538 0.012004 0.006003 0.000024 0.011139 0.003952 0.001576 0.004112 0.001223 0.002283 0.001807 0.002657 0.011697 0.013882 0.008019 0.009115 0.010262 0.012625 0.005356 0.001045 0.004448 0.020756 0.005532 0.017573 0.000641 0.075918 0.003011 0.003335 0.017577 0.002212 0.014984 0.013246 0.000515 0.017435 0.010902 0.066354 0.019168 0.002572 0.059724 0.020697 0.000477 0.004265 0.011680 0.002053 0.027320 0.005322 0.007363 0.004944 0.010905 0.019054 0.013910 0.004584 0.000273 0.000357 0.000715 0.004100 0.005206 0.001802 
0.015619 0.004236 0.000606 0.006738 0.001347 0.002498 0.017712 0.003865 0.032669 0.017929 0.002137 0.016700 0.010200 0.009216 0.001946 0.002619 0.030010 0.050318 0.000215 0.026486 0.025045 0.011971 0.006833 0.001602 0.002959 0.012033 0.002261 0.056948 0.067698 0.004271 0.085300 0.124069 0.009654 0.005855 0.001701 0.024317 0.019985 0.075100 0.017933 0.000177 0.034002 0.007488 0.077131 0.030063 0.057725 0.168083 0.009446 0.018996 0.122669 0.327047 0.054539 0.019854 0.091433 0.122395 0.007038 0.014724 0.114392 0.003117 0.003068 0.015240 0.002172 0.033016 0.079566 0.013542 0.080754 0.022554 0.011693 0.005224 0.014282 0.002274 0.022588 0.075040 0.017185 
0.006248 0.001955 0.000445 0.001567 0.001347 0.002449 0.007609 0.002274 0.011868 0.015368 0.003673 0.010277 0.010200 0.003818 0.001438 0.002434 0.020815 0.015063 0.000063 0.017410 0.010332 0.004680 0.005472 0.001942 0.003244 0.004607 0.003170 0.030566 0.026394 0.007496 0.025281 0.022269 0.014296 0.007659 0.001824 0.010167 0.026206 0.014462 0.024180 0.000320 0.054080 0.008686 0.009579 0.041348 0.007111 0.045657 0.019214 0.001499 0.059341 0.030156 0.113931 0.053286 0.007911 0.232535 0.013728 0.001868 0.014827 0.005664 0.004279 0.022804 0.003355 0.023165 0.009115 0.015039 0.047888 0.024958 0.011446 0.000916 0.001938 0.001473 0.009979 0.025140 0.005183 
0.007809 0.001955 0.000424 0.002429 0.000808 0.001568 0.006237 0.001563 0.012378 0.011846 0.001736 0.007652 0.007409 0.003356 0.001154 0.001386 0.018134 0.017900 0.000057 0.013284 0.009285 0.004751 0.003735 0.001282 0.001712 0.003829 0.001608 0.021772 0.022195 0.004184 0.022357 0.028426 0.006684 0.003762 0.000933 0.009996 0.011892 0.016858 0.012539 0.000134 0.023156 0.004209 0.012772 0.018297 0.007698 0.059230 0.006870 0.002180 0.072085 0.040492 0.038715 0.013236 0.009160 0.075392 0.004676 0.002183 0.018564 0.002678 0.001984 0.009765 0.001472 0.016911 0.014368 0.007698 0.034782 0.013051 0.006258 0.000984 0.001836 0.000865 0.008277 0.020950 0.004213 
0.001562 0.000326 0.000303 0.001645 0.000808 0.001323 0.002370 0.001279 0.006253 0.008751 0.002404 0.004524 0.006550 0.001897 0.000998 0.001724 0.014686 0.010151 0.000026 0.009076 0.004666 0.002093 0.004025 0.001466 0.002163 0.002088 0.002891 0.014002 0.012511 0.006014 0.009889 0.010262 0.013739 0.006412 0.000974 0.005303 0.020535 0.007188 0.017169 0.000445 0.069029 0.003863 0.004683 0.021562 0.003522 0.022299 0.014813 0.000705 0.021266 0.015007 0.080490 0.023900 0.003356 0.095558 0.042690 0.000904 0.007028 0.021295 0.004020 0.068412 0.011308 0.013381 0.004480 0.019600 0.030043 0.026103 0.009442 0.000553 0.000816 0.001279 0.005531 0.015110 0.002633 
0.003124 0.000652 0.000242 0.002507 0.001078 0.001568 0.009355 0.001677 0.016717 0.007791 0.000668 0.007149 0.003865 0.003964 0.000743 0.000879 0.011238 0.023249 0.000098 0.013614 0.010761 0.005691 0.002027 0.000670 0.000931 0.005287 0.001002 0.020320 0.025194 0.001482 0.034051 0.064241 0.002971 0.002016 0.000494 0.007332 0.005340 0.022565 0.005798 0.000048 0.007768 0.002080 0.093168 0.007492 0.020160 0.041778 0.002533 0.005923 0.030804 0.172584 0.016351 0.006172 0.026918 0.037386 0.002199 0.022929 0.036072 0.000966 0.000969 0.004911 0.000736 0.011263 0.230665 0.004490 0.028934 0.008243 0.004996 0.005746 0.029432 0.000887 0.010598 0.040377 0.009895 
0.004686 0.002281 0.000283 0.002821 0.002425 0.001274 0.004865 0.001648 0.010209 0.012380 0.002337 0.008099 0.008590 0.002918 0.001252 0.002028 0.020815 0.014299 0.000049 0.014935 0.008713 0.003410 0.005530 0.001621 0.002613 0.003613 0.003263 0.022540 0.024594 0.008454 0.021841 0.022782 0.014605 0.007832 0.001716 0.009800 0.027637 0.012502 0.024630 0.000430 0.077237 0.006180 0.008089 0.036066 0.005395 0.045040 0.022670 0.001481 0.051210 0.029024 0.144312 0.052360 0.008646 0.237654 0.032804 0.001584 0.014908 0.014182 0.012129 0.071291 0.009256 0.033050 0.011433 0.042586 0.074302 0.057815 0.023469 0.000984 0.001836 0.002865 0.014311 0.034282 0.005987 
0.008590 0.004236 0.000546 0.004074 0.003234 0.001666 0.010852 0.002899 0.021949 0.013020 0.003472 0.014857 0.009127 0.006493 0.001790 0.002383 0.028222 0.031326 0.000127 0.027889 0.018808 0.008608 0.007094 0.001922 0.003184 0.009198 0.003217 0.051910 0.053473 0.006537 0.058128 0.071321 0.010644 0.008062 0.002034 0.022068 0.025821 0.048005 0.025439 0.000244 0.052028 0.010518 0.039311 0.041492 0.025555 0.161737 0.017711 0.007540 0.179117 0.152339 0.097052 0.040599 0.041467 0.271161 0.013821 0.009119 0.092699 0.006850 0.007215 0.030932 0.004405 0.091012 0.051911 0.027761 0.210202 0.058617 0.032719 0.004928 0.009641 0.005122 0.046492 0.124432 0.025694 
0.004686 0.003259 0.000121 0.002116 0.000808 0.001910 0.005364 0.001904 0.011996 0.010032 0.002270 0.007708 0.008053 0.003380 0.001125 0.001825 0.015580 0.015499 0.000061 0.014109 0.008523 0.004421 0.004054 0.001369 0.002088 0.003878 0.002471 0.025101 0.024937 0.004794 0.024851 0.025860 0.009469 0.005874 0.001169 0.010680 0.020095 0.018514 0.018202 0.000230 0.038398 0.006428 0.011921 0.027757 0.008082 0.049711 0.013460 0.002239 0.063016 0.044597 0.078064 0.029523 0.010557 0.215626 0.013381 0.002660 0.021895 0.006894 0.008196 0.030481 0.004815 0.070100 0.017149 0.029258 0.118862 0.054037 0.025281 0.001499 0.003316 0.003488 0.021660 0.046472 0.009202 
0.008590 0.002607 0.000505 0.003526 0.001347 0.001568 0.009230 0.002103 0.016972 0.011846 0.002137 0.010612 0.009449 0.005179 0.001262 0.001741 0.019666 0.029143 0.000108 0.021453 0.013808 0.006679 0.005009 0.001437 0.002238 0.007359 0.002121 0.036884 0.040362 0.005317 0.050561 0.066909 0.008231 0.005183 0.001450 0.016741 0.017177 0.037594 0.019146 0.000172 0.037079 0.007220 0.040517 0.029102 0.025894 0.116962 0.011292 0.007991 0.117275 0.157435 0.068147 0.025820 0.048031 0.169553 0.009723 0.011444 0.121094 0.005137 0.005468 0.024272 0.003403 0.064384 0.069833 0.024126 0.186309 0.046710 0.029590 0.008267 0.014537 0.005047 0.058172 0.172808 0.036476 
0.001562 0.000326 0.000202 0.000862 0.000539 0.000784 0.003617 0.000909 0.008422 0.005336 0.001803 0.003910 0.004402 0.001435 0.000626 0.001149 0.008045 0.007968 0.000029 0.008581 0.003952 0.002117 0.002027 0.000495 0.001202 0.002138 0.001445 0.012038 0.013197 0.004445 0.011780 0.013341 0.005632 0.002726 0.000719 0.004668 0.010570 0.007667 0.009573 0.000143 0.024915 0.002793 0.007096 0.015031 0.003386 0.024062 0.007750 0.001054 0.027442 0.020954 0.041142 0.017590 0.005144 0.092611 0.009492 0.001168 0.009993 0.005225 0.005675 0.022127 0.003439 0.023568 0.008034 0.024732 0.063413 0.047511 0.018446 0.000727 0.001275 0.002123 0.011642 0.024506 0.005322 
0.000781 0.000326 0.000061 0.002429 0.000539 0.000588 0.006736 0.001023 0.010847 0.003308 0.000267 0.003798 0.000752 0.002602 0.000215 0.000355 0.004853 0.019647 0.000093 0.004868 0.006809 0.003763 0.000984 0.000301 0.000360 0.003331 0.000280 0.012551 0.014568 0.000610 0.029236 0.069166 0.000990 0.000768 0.000303 0.005792 0.002477 0.025091 0.003146 0.000033 0.006155 0.001674 0.151921 0.004658 0.023456 0.042307 0.001889 0.008535 0.035182 0.277211 0.009494 0.004629 0.041295 0.033662 0.001296 0.046690 0.063533 0.000395 0.000929 0.004290 0.000422 0.013852 1.447027 0.003777 0.043149 0.009216 0.005353 0.022152 0.181183 0.001097 0.019765 0.088118 0.025500 
0.001562 0.000652 0.000020 0.000784 0.000269 0.000490 0.002245 0.000398 0.004211 0.002561 0.000200 0.002681 0.002470 0.000997 0.000274 0.000439 0.004980 0.006331 0.000025 0.007013 0.003285 0.001482 0.002143 0.000476 0.000721 0.002320 0.000886 0.015966 0.015253 0.002179 0.017714 0.022577 0.004703 0.003417 0.000944 0.009776 0.012332 0.016597 0.012225 0.000172 0.039571 0.005388 0.013908 0.027469 0.010046 0.082587 0.014512 0.002802 0.104453 0.059888 0.103381 0.043445 0.022583 0.374321 0.023452 0.005362 0.059227 0.010318 0.020797 0.071799 0.008737 0.212788 0.031827 0.114536 1.316157 0.305104 0.256127 0.004618 0.006427 0.030858 0.141757 0.230326 0.039165 
0.000781 0.000326 0.000141 0.000548 -0.000000 0.000245 0.000624 0.000455 0.001659 0.001601 0.000401 0.001173 0.001074 0.000486 0.000284 0.000270 0.004342 0.002510 0.000012 0.004456 0.001809 0.000776 0.001216 0.000340 0.000766 0.000978 0.001072 0.009136 0.008398 0.003748 0.007739 0.008825 0.006250 0.002400 0.000671 0.004717 0.011727 0.007318 0.010472 0.000301 0.043088 0.003546 0.004470 0.019690 0.003657 0.033141 0.014298 0.000971 0.046988 0.018264 0.108023 0.038953 0.006613 0.257200 0.039101 0.001493 0.016614 0.032931 0.022753 0.190166 0.028420 0.067915 0.008343 0.444567 0.230264 0.586795 0.146907 0.001597 0.002244 0.016818 0.044867 0.071866 0.013637 
0.003124 0.001629 0.000101 0.002037 0.000539 0.000539 0.004116 0.001137 0.008167 0.002134 0.000334 0.003631 0.001611 0.002480 0.000264 0.000304 0.004214 0.015390 0.000060 0.005363 0.005285 0.002869 0.000869 0.000223 0.000330 0.003182 0.000373 0.011185 0.013968 0.000697 0.021239 0.043203 0.001176 0.001094 0.000273 0.005719 0.003358 0.018122 0.002697 0.000019 0.005716 0.001763 0.073654 0.004946 0.016525 0.037636 0.002018 0.005402 0.031430 0.158002 0.013186 0.005075 0.027555 0.031180 0.001644 0.025985 0.050778 0.000834 0.000732 0.003556 0.000434 0.012305 0.676855 0.003777 0.038310 0.009617 0.005545 0.020781 0.187151 0.001285 0.020770 0.085325 0.023255 
-0.000000 -0.000000 0.000081 0.000157 -0.000000 0.000098 0.000125 0.000085 0.000128 0.000213 0.000067 0.000168 0.000644 0.000049 0.000029 0.000068 0.000894 0.000764 0.000003 0.000495 0.000238 0.000188 0.000261 0.000029 0.000015 0.000083 0.000070 0.000683 0.000428 0.000174 0.000516 0.000616 0.000619 0.000192 0.000030 0.000342 0.001101 0.000305 0.000360 0.000010 0.002052 0.000149 0.000355 0.000336 0.000203 0.000617 0.000537 0.000059 0.000625 0.000708 0.002004 0.000789 0.000245 0.002637 0.001042 0.000071 0.000284 0.001625 0.000288 0.003669 0.000724 0.000672 0.000309 0.001817 0.001916 0.002232 0.000686 0.000045 0.000051 0.000102 0.000503 0.001143 0.000083 
0.002343 0.000978 0.000081 0.002194 0.000808 0.000588 0.005613 0.001648 0.010719 0.004055 0.000801 0.005474 0.002684 0.002918 0.000460 0.000541 0.007407 0.012225 0.000061 0.007674 0.006285 0.003528 0.001679 0.000437 0.000736 0.003066 0.000583 0.015624 0.016025 0.001395 0.022615 0.037457 0.002352 0.001440 0.000363 0.006452 0.004239 0.017425 0.004494 0.000057 0.006449 0.001832 0.054993 0.007588 0.015487 0.039751 0.002941 0.004608 0.032055 0.143986 0.014558 0.005898 0.025718 0.038161 0.002246 0.018298 0.044034 0.001054 0.001211 0.004685 0.000821 0.013482 0.267590 0.005452 0.042948 0.010017 0.007329 0.018873 0.070086 0.001559 0.019842 0.086341 0.022950 
0.001562 0.000326 0.000141 0.000784 0.001617 0.000833 0.001497 0.000995 0.006125 0.004589 0.001269 0.003351 0.004080 0.001994 0.000538 0.000794 0.008301 0.010369 0.000035 0.007426 0.004761 0.002046 0.002316 0.000680 0.001217 0.002569 0.001259 0.018527 0.018853 0.003225 0.017456 0.023090 0.007364 0.003609 0.000895 0.008578 0.014094 0.015421 0.012180 0.000201 0.033415 0.005378 0.014901 0.023531 0.009166 0.061169 0.011099 0.002742 0.072867 0.056631 0.077325 0.032061 0.016459 0.244480 0.018173 0.004448 0.044806 0.009967 0.013184 0.060171 0.008436 0.106881 0.029973 0.087559 0.597841 0.217580 0.207515 0.004376 0.005458 0.032610 0.120909 0.207726 0.035977 
0.004686 0.001304 0.000081 0.000862 0.000808 0.000833 0.002245 0.000739 0.005232 0.004909 0.001068 0.002793 0.004188 0.001216 0.000509 0.000676 0.007790 0.006221 0.000020 0.006436 0.003952 0.001717 0.002027 0.000573 0.000946 0.001641 0.001142 0.009989 0.010026 0.002353 0.009803 0.012314 0.004641 0.002188 0.000457 0.003690 0.007047 0.007013 0.007955 0.000153 0.020665 0.002179 0.005677 0.010325 0.003635 0.020625 0.005410 0.000965 0.021344 0.019255 0.031225 0.011933 0.004115 0.070272 0.008658 0.001168 0.010562 0.004347 0.003778 0.026981 0.003753 0.020879 0.007570 0.034781 0.074100 0.083231 0.039691 0.000772 0.001785 0.005101 0.015549 0.034028 0.005932 
0.002343 0.000326 0.000121 0.000078 0.000539 -0.000000 0.000499 0.000199 0.001149 0.000854 0.000267 0.001117 0.000966 0.000292 0.000088 0.000186 0.002043 0.001965 0.000004 0.001073 0.000857 0.000588 0.000724 0.000194 0.000315 0.000315 0.000256 0.003074 0.002228 0.000610 0.001806 0.002771 0.001300 0.000825 0.000165 0.000831 0.003303 0.001133 0.002472 0.000048 0.007328 0.000515 0.000710 0.002977 0.000564 0.002997 0.001889 0.000130 0.004222 0.002690 0.009283 0.003978 0.000808 0.017995 0.003496 0.000203 0.001666 0.005093 0.001021 0.012362 0.003765 0.003295 0.001390 0.008446 0.011291 0.012937 0.004941 0.000106 0.000255 0.000624 0.002359 0.005333 0.000970 
0.001562 0.000652 0.000101 0.001567 0.001078 0.000441 0.003617 0.000824 0.007019 0.002988 0.000668 0.003407 0.000966 0.001945 0.000264 0.000389 0.005874 0.012880 0.000058 0.006023 0.004809 0.002516 0.000984 0.000214 0.000391 0.002304 0.000396 0.012636 0.013197 0.000697 0.019691 0.037867 0.001547 0.001152 0.000360 0.005083 0.003689 0.016597 0.003281 0.000043 0.006009 0.001505 0.061946 0.005667 0.014200 0.034110 0.001975 0.005177 0.027755 0.146392 0.012131 0.005041 0.027800 0.032266 0.001505 0.022604 0.047447 0.000966 0.001067 0.004008 0.000519 0.013583 0.464730 0.004205 0.040528 0.009273 0.006752 0.025498 0.167512 0.001510 0.020809 0.097514 0.029353 
0.001562 0.000652 0.000182 0.000862 0.001078 0.000588 0.001622 0.000710 0.003701 0.003415 0.000735 0.002625 0.001933 0.001337 0.000352 0.000625 0.005874 0.005348 0.000024 0.004621 0.002857 0.001270 0.001535 0.000301 0.000601 0.001127 0.000606 0.008538 0.007884 0.001656 0.007739 0.009031 0.002661 0.001574 0.000292 0.002982 0.005010 0.004574 0.005124 0.000072 0.009087 0.001555 0.005890 0.007155 0.003228 0.014191 0.003285 0.000835 0.016731 0.020529 0.019410 0.007612 0.004776 0.046073 0.004074 0.001117 0.010277 0.002064 0.001886 0.009596 0.001146 0.014793 0.009270 0.012366 0.079040 0.024843 0.017567 0.000961 0.001938 0.004069 0.021157 0.042535 0.007678 
0.002343 0.001304 0.000061 0.000705 -0.000000 0.000490 0.002120 0.000739 0.004977 0.003735 0.000735 0.002346 0.002577 0.001046 0.000342 0.000710 0.006768 0.004693 0.000024 0.004951 0.002904 0.001717 0.001506 0.000544 0.001036 0.001558 0.000862 0.010160 0.009855 0.002266 0.007739 0.010775 0.003837 0.001996 0.000435 0.003202 0.007818 0.005358 0.007820 0.000129 0.018173 0.001852 0.005535 0.010373 0.002912 0.017981 0.005023 0.000806 0.020797 0.018830 0.030276 0.010698 0.004433 0.062051 0.007894 0.001097 0.008368 0.006323 0.003610 0.023820 0.004139 0.017147 0.007416 0.034924 0.066740 0.073958 0.030057 0.000651 0.001326 0.005386 0.015936 0.031997 0.006708 
0.000781 0.000326 0.000040 0.000627 0.000269 0.000392 0.001247 0.000398 0.001914 0.002241 0.000401 0.001396 0.001288 0.000462 0.000127 0.000237 0.003959 0.003056 0.000011 0.002970 0.001952 0.000541 0.000579 0.000301 0.000406 0.000779 0.000443 0.003927 0.004199 0.000697 0.004127 0.004413 0.001609 0.000845 0.000187 0.001173 0.002973 0.001699 0.002562 0.000038 0.005276 0.001020 0.002129 0.004034 0.001445 0.007051 0.001954 0.000403 0.008835 0.007362 0.009389 0.004560 0.001788 0.023890 0.002477 0.000447 0.004225 0.002503 0.001286 0.007564 0.001171 0.007766 0.004326 0.010014 0.028733 0.019405 0.013834 0.000333 0.000612 0.002677 0.007581 0.015871 0.003049 
0.000781 0.000652 0.000121 0.001097 0.000539 0.000588 0.002495 0.000824 0.005487 0.004802 0.001202 0.004077 0.003114 0.001775 0.000499 0.000456 0.008556 0.007531 0.000035 0.008664 0.004666 0.002446 0.002403 0.000670 0.000961 0.002271 0.001119 0.014258 0.015253 0.002353 0.015994 0.021345 0.005879 0.002649 0.000671 0.007307 0.009855 0.013461 0.010652 0.000186 0.023889 0.003813 0.012063 0.017288 0.007585 0.047067 0.007814 0.002695 0.054572 0.053234 0.046838 0.021225 0.013153 0.149542 0.010649 0.004204 0.034651 0.006630 0.006852 0.038496 0.005262 0.058635 0.027037 0.049571 0.310111 0.117519 0.093739 0.003770 0.006121 0.032814 0.113831 0.209249 0.034730 
-0.000000 -0.000000 0.000040 0.000705 0.000269 0.000245 0.001123 0.000341 0.002297 0.001708 0.000601 0.001173 0.000752 0.000729 0.000235 0.000270 0.002682 0.003602 0.000013 0.002723 0.001667 0.000894 0.000463 0.000165 0.000180 0.000878 0.000163 0.003501 0.002999 0.000261 0.004643 0.006876 0.001238 0.000480 0.000131 0.001735 0.001762 0.003746 0.001978 0.000010 0.003517 0.000535 0.005819 0.002017 0.001941 0.007316 0.000880 0.000687 0.006098 0.016706 0.006224 0.002435 0.003845 0.012410 0.000995 0.001777 0.006662 0.000703 0.000404 0.001185 0.000290 0.003597 0.013750 0.002174 0.011493 0.004179 0.002361 0.002907 0.003367 0.000484 0.005802 0.032505 0.008177 
0.003905 0.000326 0.000141 0.001410 0.000269 0.000588 0.004490 0.000881 0.008295 0.003522 0.000467 0.004245 0.002577 0.002067 0.000352 0.000558 0.005363 0.011570 0.000049 0.007013 0.005095 0.002775 0.001650 0.000563 0.000721 0.002718 0.000653 0.012124 0.014311 0.001656 0.019949 0.029350 0.001980 0.001363 0.000461 0.005328 0.004845 0.016423 0.004944 0.000053 0.009087 0.001971 0.031080 0.008452 0.012304 0.039575 0.003027 0.004182 0.036668 0.106042 0.018355 0.007475 0.023709 0.048710 0.002940 0.012409 0.047000 0.001229 0.001667 0.006999 0.001014 0.019299 0.124062 0.008410 0.060691 0.016829 0.010348 0.039208 0.033411 0.002317 0.037325 0.175475 0.050390 
0.000781 0.000978 0.000040 0.000784 -0.000000 0.000294 0.000998 0.000398 0.002042 0.002348 0.000868 0.001285 0.002147 0.000729 0.000235 0.000304 0.004470 0.002838 0.000015 0.003631 0.001667 0.001035 0.001129 0.000340 0.000601 0.000862 0.000629 0.005464 0.005142 0.001656 0.004987 0.005234 0.002537 0.001536 0.000277 0.001906 0.005340 0.003659 0.004494 0.000081 0.014363 0.001080 0.002625 0.005859 0.001693 0.009167 0.003564 0.000444 0.010477 0.007787 0.020571 0.008195 0.001959 0.040953 0.006112 0.000416 0.004387 0.005269 0.002359 0.024554 0.004670 0.007867 0.003862 0.022487 0.031556 0.036006 0.012846 0.000348 0.000459 0.002215 0.007813 0.015237 0.002744 
0.002343 0.000326 0.000081 0.001802 0.000269 0.000735 0.002994 0.001393 0.007657 0.005229 0.000868 0.004580 0.003436 0.001945 0.000460 0.000608 0.007151 0.010697 0.000038 0.006518 0.005523 0.002422 0.001361 0.000398 0.000676 0.002569 0.000676 0.013746 0.012854 0.002353 0.017628 0.026989 0.003094 0.001708 0.000423 0.005792 0.006056 0.013809 0.006921 0.000105 0.013630 0.002080 0.021216 0.009172 0.009572 0.036754 0.003757 0.002950 0.032524 0.078859 0.023841 0.008675 0.017782 0.060344 0.003056 0.006844 0.041028 0.001888 0.002036 0.010442 0.001098 0.022156 0.053302 0.011938 0.084484 0.025130 0.016277 0.011462 0.013670 0.003537 0.058211 0.341808 0.108264 
0.001562 0.000326 0.000121 0.000470 0.000539 0.000539 0.001622 0.000426 0.003063 0.002881 0.001002 0.002290 0.002040 0.000802 0.000352 0.000541 0.005747 0.004366 0.000016 0.004291 0.002190 0.001035 0.001419 0.000408 0.000661 0.000895 0.000746 0.006660 0.005484 0.001830 0.006879 0.007389 0.003218 0.001747 0.000420 0.002468 0.006441 0.004966 0.004360 0.000067 0.015096 0.001694 0.004045 0.009701 0.002416 0.015160 0.004616 0.000640 0.014620 0.011326 0.025740 0.009944 0.003331 0.054139 0.006760 0.000751 0.007028 0.004786 0.003057 0.024497 0.004586 0.014390 0.005098 0.032002 0.053332 0.054266 0.023990 0.000734 0.000867 0.004209 0.013383 0.026918 0.004823 
0.003124 -0.000000 0.000081 0.001097 -0.000000 0.000245 0.001746 0.000398 0.004722 0.001387 0.000200 0.002122 0.001181 0.001070 0.000205 0.000338 0.003959 0.006440 0.000030 0.002310 0.003381 0.001152 0.000608 0.000311 0.000345 0.001110 0.000303 0.006489 0.006684 0.000349 0.008255 0.011596 0.001423 0.000537 0.000172 0.002224 0.002037 0.006186 0.002202 0.000038 0.003224 0.000693 0.014546 0.002977 0.004222 0.010665 0.001073 0.001368 0.010164 0.038793 0.007068 0.002229 0.008058 0.017529 0.000787 0.005341 0.012877 0.000527 0.000444 0.002540 0.000278 0.004303 0.090845 0.001960 0.013711 0.004064 0.002827 0.006397 0.051315 0.000462 0.006769 0.033267 0.008177 
0.000781 0.000326 -0.000000 0.000392 -0.000000 -0.000000 0.000873 0.000171 0.000510 0.001067 0.000267 0.000447 0.000859 0.000365 0.000108 0.000152 0.002043 0.002510 0.000007 0.001568 0.001048 0.000611 0.000318 0.000097 0.000135 0.000431 0.000070 0.002732 0.002999 0.000261 0.003268 0.003079 0.000557 0.000422 0.000086 0.001124 0.001266 0.001786 0.000809 -0.000000 0.002345 0.000347 0.001987 0.001633 0.001084 0.006170 0.000945 0.000373 0.005395 0.007362 0.003270 0.001612 0.001788 0.008222 0.000625 0.000650 0.003290 0.000395 0.000392 0.001863 0.000362 0.003295 0.005098 0.002316 0.012904 0.003950 0.002443 0.000575 0.000969 0.000607 0.009747 0.044440 0.007040 
0.001562 0.000326 0.000020 0.000940 -0.000000 0.000147 0.002120 0.000227 0.001659 0.000747 0.000134 0.001005 0.000537 0.000729 0.000108 0.000253 0.001788 0.006986 0.000025 0.002888 0.002238 0.001129 0.000347 0.000087 0.000135 0.001641 0.000093 0.005977 0.007884 0.000261 0.012296 0.027913 0.000805 0.000518 0.000191 0.003910 0.002092 0.012851 0.002697 0.000038 0.004104 0.001406 0.043143 0.004418 0.012371 0.036314 0.001717 0.004176 0.036902 0.117369 0.010127 0.004835 0.034584 0.047779 0.001921 0.019659 0.078685 0.001054 0.001742 0.006096 0.000640 0.026493 0.214443 0.006522 0.096078 0.017745 0.014054 0.074926 0.068913 0.003612 0.078479 0.438687 0.145377 
0.000781 0.000326 0.000101 0.000862 -0.000000 0.000392 0.002744 0.000483 0.004722 0.002668 0.000334 0.002513 0.001503 0.001337 0.000244 0.000237 0.004342 0.010042 0.000037 0.003796 0.003476 0.002211 0.000869 0.000311 0.000391 0.002138 0.000420 0.009050 0.008655 0.000784 0.012898 0.027195 0.001547 0.001305 0.000345 0.004448 0.004129 0.013940 0.003506 0.000029 0.006155 0.001446 0.034486 0.006003 0.010023 0.029879 0.002319 0.003530 0.028302 0.095282 0.015402 0.005109 0.022313 0.040178 0.001968 0.011982 0.045903 0.000878 0.001246 0.005757 0.000881 0.015029 0.150635 0.005880 0.060187 0.012708 0.009195 0.040722 0.051417 0.002268 0.034927 0.179919 0.052025 
