# Flux Network Reconstruction using RW method
# Walkers leave from emitting cells
# Probability involves emitting fluxes, then absorbing flux is shared among connections
# Seed: 1684941001
# Threshold: 0.5
# Precision: 100000.0
# Dt: 1.0
# Radius step: 10.000000
# Matrix output


0.012279 0.000848 0.000366 0.087475 0.000999 0.000321 0.266331 0.032048 0.085849 0.002848 0.003407 0.010737 0.014958 0.011896 0.000279 0.056029 0.009581 0.013086 0.000908 0.000001 0.003045 0.031120 0.000312 0.000064 0.011814 0.000118 0.007591 0.000510 0.020962 0.017146 0.000400 0.000976 0.001196 0.000268 0.002110 0.001107 0.003424 0.000478 0.004409 0.000090 0.002022 0.003308 0.000122 0.011302 0.000473 0.001539 0.000128 0.000165 0.000128 0.000504 0.000033 0.000049 0.000525 0.000449 0.000963 0.000051 0.000245 0.000098 0.000504 0.000184 0.003455 0.000546 -0.000000 0.000082 0.000093 0.000126 0.000012 0.000040 0.000251 0.000064 
0.012602 0.042987 0.002139 0.002508 0.028539 0.010101 0.004192 0.001943 0.012628 0.012223 0.032935 0.004547 0.002900 0.038248 0.020350 0.004669 0.014681 0.002890 0.006725 0.000004 0.001436 0.001362 0.001676 0.001027 0.003475 0.001058 0.006261 0.003878 0.004837 0.002422 0.002513 0.003749 0.001102 0.000350 0.000257 0.005334 0.001122 0.002521 0.000417 0.000315 0.002219 0.005926 0.001003 0.003971 0.000422 0.000860 0.001156 0.000802 0.000061 0.002518 0.000182 0.000490 0.000042 0.000110 0.000555 0.000406 0.000980 0.000980 0.000706 0.000627 0.000494 0.000873 0.000300 0.000247 0.000218 0.000072 0.000012 0.000119 0.000168 0.000148 
0.390353 0.119629 0.040713 0.025848 0.031607 0.014911 0.054603 0.021020 0.118860 0.053075 0.070128 0.042075 0.022895 0.166244 0.048505 0.028014 0.066990 0.012959 0.020051 0.000011 0.005322 0.005447 0.004445 0.002375 0.011172 0.002634 0.025043 0.008369 0.017938 0.007649 0.005140 0.010735 0.002628 0.000770 0.000875 0.013486 0.003247 0.005954 0.001200 0.000649 0.004191 0.010198 0.001297 0.005345 0.000703 0.001991 0.002141 0.000991 0.000112 0.003726 0.000364 0.001029 0.000167 0.000275 0.001148 0.000507 0.001079 0.001568 0.000673 0.000664 0.001316 0.001637 0.000240 0.000247 0.000156 0.000143 0.000024 0.000158 0.000126 0.000064 
0.006140 0.011501 0.000771 0.001177 0.012914 0.004810 0.002945 0.001438 0.007533 0.008690 0.021010 0.003253 0.002503 0.027406 0.011987 0.003891 0.010663 0.001652 0.005075 0.000003 0.001189 0.000706 0.001349 0.000792 0.002940 0.001058 0.005400 0.004184 0.006047 0.002295 0.001713 0.003184 0.000614 0.000339 0.000257 0.004328 0.001299 0.002043 0.000339 0.000309 0.002071 0.004686 0.000832 0.002138 0.000371 0.000769 0.001028 0.000660 0.000064 0.002719 0.000281 0.001176 0.000117 0.000156 0.000667 0.000355 0.000588 0.000686 0.000572 0.000811 0.001152 0.000764 0.000240 0.000453 0.000280 0.000161 0.000035 0.000238 0.000544 0.000064 
0.019388 0.033749 0.002871 0.003890 0.130139 0.044412 0.009289 0.003987 0.026253 0.036669 0.160982 0.012416 0.007784 0.103601 0.086696 0.012373 0.038247 0.006035 0.024300 0.000011 0.003103 0.002976 0.005510 0.003562 0.007110 0.004233 0.017217 0.014595 0.012597 0.005992 0.010565 0.013097 0.002644 0.000983 0.000525 0.013788 0.002922 0.007171 0.000939 0.000939 0.004931 0.012679 0.002104 0.007331 0.000958 0.002851 0.003126 0.001486 0.000159 0.007855 0.000645 0.001716 0.000133 0.000192 0.001444 0.001217 0.002549 0.002549 0.001379 0.000958 0.001810 0.003165 0.000540 0.000618 0.000529 0.000233 0.000053 0.000317 0.000712 0.000254 
-0.000000 0.000283 0.000013 0.000102 0.002140 0.016194 0.000113 0.000101 0.000443 0.000541 0.006530 0.000105 0.000183 0.002710 0.003345 0.000078 0.000309 -0.000000 0.000619 0.000000 0.000058 0.000050 0.000114 0.000107 -0.000000 0.000071 0.000391 0.000204 -0.000000 0.000191 0.000171 0.000411 0.000094 0.000016 0.000021 0.000302 0.000089 0.000174 0.000026 0.000026 0.000148 0.000551 0.000049 0.000153 -0.000000 0.000045 0.000128 0.000024 0.000003 0.000201 0.000050 -0.000000 -0.000000 0.000009 -0.000000 0.000101 0.000196 0.000098 0.000034 0.000074 -0.000000 -0.000000 -0.000000 -0.000000 0.000062 -0.000000 -0.000000 -0.000000 -0.000000 -0.000000 
0.006140 0.011312 0.001124 0.001791 0.127356 0.289562 0.004645 0.001539 0.012185 0.020985 0.354331 0.006121 0.003633 0.056770 0.152206 0.003891 0.018389 0.002890 0.019473 0.000007 0.001436 0.000958 0.004985 0.003316 0.003742 0.004280 0.008843 0.015921 0.005543 0.002295 0.007766 0.010067 0.001275 0.000464 0.000257 0.010467 0.001594 0.004433 0.000470 0.000521 0.002120 0.005513 0.001297 0.003207 0.000409 0.001131 0.001756 0.000944 0.000061 0.003424 0.000496 0.001373 0.000092 0.000055 0.000630 0.000507 0.000784 0.002647 0.000572 0.000442 0.000658 0.001528 0.000540 0.000453 0.000280 0.000126 0.000041 0.000119 0.000168 0.000085 
0.024559 0.003959 0.000816 0.019143 0.002711 0.001443 0.047239 0.017437 0.084188 0.008293 0.011357 0.017033 0.014500 0.041260 0.007527 0.024512 0.023257 0.011149 0.005941 0.000004 0.004075 0.007162 0.001378 0.000963 0.010905 0.001435 0.020034 0.002552 0.019954 0.012111 0.003027 0.005136 0.002785 0.000879 0.001008 0.009058 0.003749 0.003738 0.001383 0.000598 0.006262 0.013920 0.001908 0.013440 0.001150 0.003756 0.002869 0.001439 0.000216 0.006647 0.000645 0.001814 0.000358 0.000430 0.002703 0.001065 0.001912 0.002647 0.001480 0.001438 0.002468 0.004693 0.000540 0.000783 0.000529 0.000430 0.000059 0.000475 0.000963 0.000424 
0.001616 0.003959 0.000360 0.000768 0.044593 0.201379 0.001473 0.000530 0.006979 0.008942 0.203570 0.002728 0.001557 0.025900 0.091435 0.003424 0.008190 0.001366 0.010644 0.000004 0.000566 0.000757 0.002457 0.001883 0.002352 0.002446 0.006026 0.006124 0.003527 0.001466 0.004511 0.004725 0.000645 0.000213 0.000134 0.005636 0.000649 0.003216 0.000261 0.000225 0.000789 0.002756 0.000734 0.002138 0.000192 0.000588 0.001285 0.000590 0.000051 0.002820 0.000248 0.000637 0.000067 0.000055 0.000518 0.000457 0.000539 0.000882 0.000303 0.000479 0.000494 0.000764 0.000300 0.000082 0.000124 0.000072 0.000024 0.000277 0.000042 0.000106 
0.054934 0.053263 0.006340 0.011926 0.058149 0.027577 0.033419 0.010901 0.074883 0.097172 0.164673 0.034660 0.020026 0.264123 0.105094 0.030971 0.091329 0.015183 0.044928 0.000022 0.007192 0.007314 0.010140 0.006215 0.018229 0.007855 0.041008 0.021331 0.028419 0.012111 0.015476 0.026298 0.006027 0.001966 0.001173 0.031702 0.006760 0.014256 0.002009 0.001916 0.010157 0.026737 0.004869 0.015578 0.001942 0.005250 0.004924 0.003420 0.000368 0.013494 0.001373 0.003627 0.000358 0.000476 0.003037 0.001775 0.003726 0.004803 0.003363 0.002507 0.004772 0.006658 0.000660 0.001319 0.001244 0.000538 0.000142 0.000594 0.001047 0.000445 
0.005817 0.004148 0.000379 0.001280 0.003781 0.002245 0.004418 0.001565 0.010523 0.010601 0.014480 0.005001 0.003694 0.031321 0.010036 0.005292 0.013908 0.002319 0.006147 0.000003 0.001291 0.001816 0.001307 0.000792 0.004277 0.001270 0.005243 0.002143 0.004837 0.002932 0.002798 0.004058 0.001117 0.000382 0.000268 0.004931 0.001299 0.002825 0.000522 0.000334 0.002515 0.005513 0.001223 0.004582 0.000575 0.001765 0.001542 0.000896 0.000105 0.003827 0.000248 0.000931 0.000075 0.000192 0.001148 0.000203 0.001177 0.001862 0.000975 0.000848 0.000658 0.001965 0.000300 0.000495 0.000591 0.000126 0.000024 0.000436 0.000293 0.000169 
0.000969 0.000283 0.000039 0.002918 0.000214 0.000321 0.012688 0.002574 0.011742 0.001659 0.002555 0.003183 0.003907 0.008734 0.002788 0.015719 0.005795 0.004479 0.001485 0.000001 0.001798 0.011046 0.000298 0.000321 0.007003 0.000329 0.006809 0.000714 0.013806 0.007521 0.000971 0.002414 0.001526 0.000431 0.001358 0.003925 0.003011 0.001521 0.002165 0.000392 0.002712 0.007029 0.000758 0.011302 0.000792 0.002987 0.001584 0.000731 0.000169 0.002518 0.000281 0.000441 0.000466 0.000522 0.001852 0.000507 0.000686 0.001764 0.001211 0.001069 0.005430 0.001965 0.000240 0.000495 0.000436 0.000323 0.000041 0.000277 0.000754 0.000445 
0.002908 0.000471 0.000109 0.007627 0.000999 0.000321 0.024696 0.005451 0.025367 0.002885 0.004259 0.005771 0.007021 0.015359 0.002509 0.026380 0.009581 0.009783 0.002558 0.000002 0.002784 0.013417 0.000824 0.000396 0.011386 0.000517 0.010956 0.000919 0.020659 0.014788 0.001656 0.002876 0.002203 0.000573 0.001791 0.004730 0.004575 0.002956 0.002687 0.000501 0.005325 0.013644 0.001125 0.017869 0.001150 0.004118 0.001927 0.001392 0.000324 0.005438 0.000414 0.001520 0.000583 0.000623 0.003074 0.000710 0.002402 0.001862 0.001311 0.001585 0.004114 0.003602 0.000840 0.001031 0.000778 0.000484 0.000083 0.000158 0.001340 0.000487 
0.072383 0.012161 0.002531 0.136510 0.006849 0.004329 0.525525 0.169373 0.911663 0.028412 0.023565 0.112304 0.182276 0.136729 0.014496 0.446594 0.107014 0.134071 0.012707 0.000010 0.025985 0.094622 0.002784 0.001316 0.088952 0.001717 0.085851 0.003062 0.144212 0.093125 0.004226 0.011557 0.010213 0.002485 0.008057 0.013687 0.022611 0.006780 0.013122 0.001343 0.016123 0.028804 0.002104 0.056966 0.003335 0.010500 0.002783 0.001580 0.000767 0.007855 0.000414 0.001127 0.001416 0.001922 0.005332 0.000609 0.001569 0.002058 0.002253 0.001364 0.013493 0.005785 0.000180 0.000495 0.000529 0.000592 0.000041 0.000158 0.001256 0.000593 
0.003231 0.004525 0.000501 0.001177 0.030038 0.046176 0.002492 0.001161 0.007311 0.013269 0.694750 0.004232 0.002625 0.041712 0.275978 0.004436 0.013367 0.001874 0.015801 0.000005 0.001204 0.000908 0.004644 0.003648 0.002673 0.005691 0.006574 0.017861 0.005644 0.001976 0.009822 0.007653 0.000755 0.000404 0.000103 0.010165 0.001004 0.005129 0.000365 0.000463 0.002120 0.006891 0.001370 0.002596 0.000511 0.000860 0.001584 0.000802 0.000071 0.003424 0.000480 0.001569 0.000050 0.000146 0.000852 0.000609 0.000735 0.001960 0.000942 0.000811 0.000329 0.001528 0.000240 0.000206 0.000311 0.000143 0.000024 0.000317 0.000209 0.000085 
0.004847 0.001320 0.000148 0.013820 0.000642 0.000321 0.054150 0.010119 0.041097 0.002199 0.001987 0.007694 0.011844 0.013703 0.001115 0.067079 0.011590 0.017311 0.001692 0.000001 0.004379 0.134519 0.000327 0.000171 0.024857 0.000235 0.015574 0.000816 0.050086 0.057494 0.000457 0.002209 0.002848 0.000737 0.011772 0.003120 0.012486 0.001956 0.029584 0.000469 0.008727 0.011714 0.000612 0.075293 0.002351 0.009595 0.001242 0.000873 0.000994 0.004532 0.000248 0.000392 0.002982 0.003286 0.007628 0.000254 0.001226 0.001666 0.002287 0.000664 0.034884 0.006330 0.000120 0.000495 0.001089 0.000628 0.000047 0.000238 0.002136 0.000593 
0.033930 0.031392 0.003430 0.006347 0.117582 0.087221 0.012348 0.006435 0.048519 0.130957 1.193595 0.026896 0.012943 0.372543 0.829605 0.018598 0.108405 0.010132 0.176164 0.000050 0.006366 0.004338 0.041541 0.029844 0.012562 0.033936 0.039365 0.102877 0.019349 0.006948 0.058077 0.060197 0.005146 0.002474 0.000391 0.072160 0.004841 0.025991 0.000965 0.002501 0.007297 0.031147 0.006655 0.007331 0.001252 0.002987 0.006894 0.003727 0.000172 0.012588 0.001522 0.004902 0.000242 0.000247 0.002296 0.002435 0.003481 0.004705 0.002455 0.001954 0.001975 0.004148 0.001080 0.001031 0.000778 0.000305 0.000095 0.000357 0.000670 0.000318 
0.022943 0.013292 0.001683 0.007319 0.025186 0.017316 0.019938 0.006889 0.050623 0.104131 0.149625 0.029344 0.015996 0.327217 0.119312 0.027470 0.100601 0.012419 0.073849 0.000036 0.008338 0.007263 0.015452 0.009317 0.021971 0.011876 0.050164 0.032965 0.038799 0.016254 0.027297 0.037341 0.007412 0.002856 0.002027 0.053239 0.009682 0.022297 0.002713 0.002687 0.013017 0.037486 0.007365 0.022756 0.002773 0.008735 0.011005 0.005331 0.000473 0.022155 0.002532 0.007157 0.000383 0.000851 0.004592 0.003551 0.007206 0.008528 0.004338 0.003502 0.004772 0.011679 0.002281 0.002474 0.002707 0.001237 0.000195 0.000990 0.001717 0.000975 
-0.000000 0.000094 0.000026 0.000051 0.001142 0.000802 0.000680 0.000252 0.000554 0.001010 0.026404 0.000560 0.000336 0.003313 0.014217 0.000623 0.001854 0.000318 0.001939 0.000000 0.000218 0.000303 0.000369 0.000578 0.000535 0.000823 0.001017 0.002143 0.001310 0.000382 0.001313 0.001079 0.000157 0.000033 0.000031 0.001711 0.000148 0.000652 0.000130 0.000071 0.000394 0.001103 0.000171 0.000764 0.000038 0.000362 0.000599 0.000142 0.000017 0.000705 0.000017 0.000147 0.000025 0.000018 -0.000000 0.000101 0.000049 0.000392 0.000235 0.000221 0.000165 0.000873 -0.000000 0.000165 0.000124 0.000054 -0.000000 -0.000000 0.000168 0.000021 
0.001293 0.000848 0.000116 0.000563 0.002640 0.002084 0.002379 0.000833 0.004985 0.005733 0.015899 0.002098 0.001710 0.021533 0.013381 0.002724 0.007727 0.001842 0.009365 0.000003 0.001030 0.001059 0.001875 0.001102 0.002673 0.001246 0.004930 0.003164 0.003830 0.001976 0.003541 0.004058 0.000724 0.000410 0.000226 0.005837 0.001122 0.002782 0.000444 0.000296 0.001775 0.005513 0.001003 0.001985 0.000345 0.001267 0.001456 0.000778 0.000095 0.002820 0.000298 0.000882 0.000092 0.000064 0.000889 0.000710 0.000784 0.001372 0.000706 0.000442 0.000823 0.002074 0.000300 0.000453 0.000249 0.000126 0.000053 0.000396 0.000209 0.000191 
0.011956 0.007824 0.000848 0.003736 0.016267 0.014911 0.010422 0.003533 0.022155 0.033569 0.183980 0.013885 0.008883 0.128447 0.156109 0.014552 0.047055 0.008004 0.072405 0.000021 0.004423 0.004943 0.017014 0.011884 0.014433 0.014745 0.028252 0.041437 0.021768 0.009370 0.029753 0.032410 0.004721 0.001764 0.000864 0.046597 0.005136 0.018428 0.001644 0.002108 0.009270 0.034179 0.006557 0.011912 0.001955 0.005929 0.009121 0.004222 0.000331 0.019235 0.001903 0.005294 0.000342 0.000558 0.002666 0.003601 0.005981 0.006764 0.003531 0.003207 0.003291 0.010260 0.001441 0.002638 0.001556 0.000789 0.000154 0.000753 0.001256 0.000805 
0.019712 0.005091 0.001079 0.035062 0.004994 0.002084 0.116116 0.032502 0.192191 0.018641 0.022714 0.054631 0.077202 0.107366 0.020907 0.501922 0.081825 0.125463 0.013450 0.000009 0.032540 0.095228 0.003323 0.002107 0.141874 0.002752 0.113789 0.006838 0.252748 0.141504 0.009480 0.019312 0.018365 0.004899 0.013285 0.030092 0.046374 0.016255 0.020688 0.003047 0.038312 0.075937 0.006264 0.120804 0.008420 0.026747 0.009678 0.005472 0.001964 0.025176 0.001688 0.004608 0.003007 0.003918 0.016664 0.002891 0.006863 0.007058 0.008272 0.005935 0.027479 0.021174 0.001441 0.003216 0.002924 0.002152 0.000396 0.001466 0.005109 0.002182 
0.019065 0.005751 0.000983 0.012233 0.006350 0.006734 0.041689 0.013198 0.096262 0.027872 0.040033 0.062815 0.041913 0.168051 0.030385 0.071047 0.146729 0.042467 0.024259 0.000017 0.024637 0.019368 0.006931 0.004129 0.059604 0.005785 0.125372 0.015411 0.095536 0.037543 0.015247 0.028558 0.015847 0.004719 0.003694 0.047000 0.019453 0.022862 0.006313 0.003838 0.025541 0.074008 0.008001 0.045359 0.005699 0.016293 0.010791 0.007548 0.001078 0.030312 0.002763 0.006078 0.001266 0.001565 0.010257 0.004413 0.009216 0.012057 0.007667 0.006746 0.011025 0.016154 0.002641 0.003999 0.003889 0.001990 0.000325 0.001981 0.003853 0.001483 
0.027467 0.008390 0.001298 0.026002 0.006921 0.002886 0.080545 0.025588 0.199170 0.029855 0.038329 0.083415 0.100464 0.172719 0.030943 0.250261 0.144025 0.165198 0.024217 0.000016 0.056901 0.048522 0.006874 0.003637 0.154062 0.004515 0.183206 0.013472 0.227050 0.091659 0.014391 0.032102 0.023747 0.006527 0.007543 0.043578 0.037784 0.024644 0.013253 0.004570 0.042059 0.091511 0.008637 0.082012 0.008919 0.027969 0.013617 0.007808 0.001619 0.032427 0.002962 0.007255 0.002099 0.002875 0.016442 0.004717 0.011030 0.011861 0.009617 0.006156 0.019087 0.021938 0.002281 0.004123 0.004169 0.002474 0.000360 0.001823 0.005486 0.001970 
0.002908 0.002074 0.000289 0.003481 0.001498 0.000962 0.009969 0.004012 0.027582 0.005805 0.008234 0.013955 0.011875 0.031171 0.008642 0.025758 0.025189 0.014992 0.004744 0.000004 0.007729 0.006406 0.001946 0.000995 0.020367 0.001599 0.029034 0.003470 0.030233 0.014278 0.003883 0.007858 0.004485 0.001218 0.001276 0.011171 0.006937 0.005607 0.002374 0.001163 0.009072 0.018192 0.002618 0.016494 0.001738 0.007286 0.003169 0.002146 0.000358 0.009668 0.000811 0.001912 0.000383 0.000778 0.003222 0.001319 0.003628 0.003921 0.003194 0.001843 0.005430 0.004912 0.000720 0.001402 0.001213 0.000681 0.000071 0.000713 0.001549 0.000424 
0.039746 0.019325 0.002833 0.017352 0.025899 0.014430 0.050185 0.019229 0.156190 0.108350 0.128899 0.118110 0.066060 0.782430 0.116245 0.094081 0.730323 0.055839 0.097901 0.000089 0.041342 0.020730 0.025677 0.013061 0.081735 0.015804 0.273673 0.037252 0.120932 0.045638 0.043629 0.106013 0.031868 0.011551 0.003468 0.129928 0.025622 0.062457 0.004879 0.008974 0.041122 0.121555 0.019011 0.044595 0.007091 0.019732 0.022267 0.012690 0.000902 0.049245 0.004021 0.010000 0.001058 0.001474 0.009035 0.005529 0.011765 0.012547 0.008709 0.007225 0.008227 0.018555 0.002521 0.003834 0.004200 0.001416 0.000207 0.001941 0.002973 0.001356 
0.008725 0.004619 0.000597 0.002508 0.011630 0.008177 0.004985 0.001817 0.016838 0.018966 0.185399 0.009058 0.005678 0.076044 0.237787 0.009494 0.029979 0.005273 0.048022 0.000013 0.003118 0.003783 0.020209 0.020185 0.008179 0.030408 0.020582 0.093487 0.013605 0.007075 0.052652 0.036211 0.003604 0.001567 0.000648 0.053944 0.004605 0.018168 0.001174 0.001845 0.007840 0.027701 0.006215 0.011302 0.001278 0.003530 0.009763 0.004482 0.000250 0.017422 0.002118 0.005735 0.000317 0.000394 0.003629 0.003804 0.005393 0.008822 0.003127 0.003797 0.001645 0.006112 0.001921 0.002886 0.001524 0.000717 0.000195 0.001228 0.001466 0.000742 
0.006463 0.005091 0.000681 0.001638 0.017908 0.013789 0.004985 0.002044 0.012960 0.022643 0.375909 0.006540 0.004152 0.089898 0.684090 0.006848 0.032529 0.003240 0.059492 0.000015 0.002596 0.001564 0.024030 0.029962 0.006041 0.070882 0.017374 0.279952 0.009977 0.004207 0.087830 0.040371 0.003069 0.001491 0.000257 0.060083 0.002509 0.021601 0.000600 0.001781 0.005079 0.018192 0.007120 0.006567 0.000869 0.003485 0.007965 0.004529 0.000112 0.013595 0.002283 0.005147 0.000133 0.000192 0.001555 0.002485 0.004559 0.006469 0.001984 0.002249 0.001152 0.003493 0.001201 0.001567 0.001307 0.000305 0.000095 0.000594 0.000628 0.000233 
0.026821 0.014141 0.001895 0.011209 0.023117 0.014911 0.031833 0.011255 0.083744 0.083110 0.152181 0.060297 0.032603 0.547520 0.134365 0.057196 0.270587 0.031795 0.121252 0.000116 0.021418 0.014829 0.033545 0.016281 0.050410 0.021189 0.154797 0.053786 0.080218 0.032571 0.058363 0.131129 0.021387 0.009170 0.002933 0.151365 0.018567 0.071584 0.004461 0.009308 0.036339 0.107359 0.020210 0.046428 0.006363 0.018737 0.025821 0.014035 0.000933 0.053776 0.005857 0.014068 0.001000 0.001465 0.010257 0.008116 0.012599 0.020683 0.009953 0.008404 0.008885 0.021502 0.004142 0.005524 0.004573 0.002116 0.000437 0.001981 0.004313 0.001377 
0.014218 0.002168 0.000540 0.028664 0.001855 0.001764 0.100596 0.025133 0.128718 0.009158 0.010221 0.030113 0.044539 0.045024 0.009757 0.233841 0.040333 0.063716 0.006065 0.000004 0.019895 0.575501 0.001449 0.000866 0.120117 0.000870 0.071607 0.002858 0.246803 0.281925 0.004283 0.010581 0.014069 0.003244 0.041912 0.012882 0.058653 0.007519 0.070256 0.001993 0.038065 0.063396 0.003523 0.265281 0.010068 0.038740 0.005866 0.003444 0.003319 0.021954 0.000860 0.001961 0.007447 0.007708 0.022404 0.001319 0.004069 0.004803 0.006322 0.004202 0.068451 0.018446 0.000780 0.001938 0.002116 0.002026 0.000230 0.000634 0.006030 0.002542 
0.019388 0.004336 0.000822 0.019246 0.004495 0.002565 0.070010 0.019658 0.125838 0.017992 0.021294 0.044383 0.055101 0.100288 0.029828 0.248160 0.077962 0.095955 0.015595 0.000010 0.036542 0.078734 0.004644 0.002546 0.192925 0.003669 0.132963 0.011125 0.355944 0.160371 0.010850 0.021880 0.023023 0.005806 0.013604 0.035225 0.056174 0.019080 0.020166 0.003613 0.049258 0.100606 0.007976 0.133480 0.011346 0.035663 0.013189 0.008515 0.002308 0.038167 0.002581 0.007108 0.003382 0.004614 0.020663 0.005224 0.011226 0.009802 0.009852 0.006746 0.033897 0.030124 0.002641 0.004865 0.004449 0.003299 0.000431 0.001783 0.007873 0.002818 
0.000323 0.000189 0.000039 0.000614 0.000143 -0.000000 0.002152 0.000732 0.006536 0.001118 0.001420 0.002623 0.001954 0.007981 0.002230 0.005914 0.004636 0.003526 0.001031 0.000001 0.002103 0.002068 0.000426 0.000300 0.009248 0.000306 0.006887 0.000714 0.012194 0.004271 0.000799 0.001900 0.001542 0.000426 0.000401 0.004227 0.002775 0.001782 0.000913 0.000212 0.003304 0.007718 0.000514 0.007942 0.000626 0.002353 0.001071 0.000566 0.000149 0.003525 0.000215 0.000588 0.000158 0.000220 0.001333 0.000254 0.000882 0.001078 0.000975 0.000442 0.001152 0.002838 0.000180 0.000495 0.000436 0.000287 0.000035 0.000198 0.000419 0.000169 
0.011633 0.006033 0.000752 0.006910 0.009489 0.005131 0.025376 0.007419 0.053282 0.034614 0.062746 0.030078 0.020636 0.196812 0.061886 0.043733 0.115900 0.023346 0.050456 0.000035 0.015965 0.014577 0.016631 0.009552 0.043674 0.013217 0.112537 0.034088 0.073869 0.030659 0.040203 0.089987 0.020065 0.008154 0.003097 0.134860 0.017977 0.065847 0.005583 0.008537 0.037769 0.111356 0.019989 0.048719 0.007296 0.020637 0.028519 0.015356 0.001027 0.062538 0.006585 0.014951 0.001133 0.001767 0.011331 0.010550 0.018286 0.023623 0.012172 0.012201 0.011518 0.028815 0.003301 0.006637 0.007000 0.002761 0.000597 0.003051 0.004816 0.002521 
0.014864 0.004054 0.000771 0.014997 0.005280 0.004169 0.046333 0.014560 0.106342 0.023040 0.034354 0.055155 0.053025 0.144108 0.028155 0.164506 0.130117 0.090556 0.022732 0.000020 0.075694 0.061888 0.007058 0.003455 0.335333 0.005221 0.394819 0.013574 0.597304 0.175669 0.017246 0.045815 0.080621 0.016216 0.013974 0.068134 0.116952 0.039552 0.019097 0.008652 0.118633 0.228501 0.015218 0.166163 0.021287 0.064673 0.022909 0.014058 0.003201 0.071702 0.004087 0.009657 0.003024 0.004705 0.029884 0.005681 0.016570 0.015193 0.016813 0.010653 0.035542 0.040493 0.002641 0.005071 0.005818 0.003819 0.000561 0.001941 0.008082 0.003305 
0.002262 0.001697 0.000141 0.000205 0.003139 0.003367 0.002606 0.000707 0.004099 0.006959 0.064166 0.002798 0.001343 0.031020 0.103979 0.003191 0.012981 0.001207 0.021701 0.000007 0.001044 0.000857 0.011092 0.012537 0.003261 0.056842 0.009156 0.410181 0.005543 0.001848 0.123464 0.034721 0.002140 0.000907 0.000165 0.067732 0.001564 0.019385 0.000391 0.001485 0.003945 0.013920 0.008588 0.002902 0.000703 0.001675 0.008521 0.004529 0.000095 0.012789 0.003392 0.009461 0.000083 0.000156 0.000852 0.005224 0.004265 0.010488 0.002118 0.002433 0.000494 0.003274 0.001501 0.001319 0.001151 0.000323 0.000136 0.001070 0.000586 0.000275 
0.003231 0.001697 0.000302 0.005835 0.002854 0.001764 0.014161 0.003760 0.026918 0.008545 0.015048 0.013430 0.012394 0.042464 0.011708 0.032294 0.033070 0.016008 0.008870 0.000007 0.011586 0.012408 0.003110 0.001947 0.040520 0.002587 0.083268 0.008777 0.074474 0.029767 0.010907 0.018131 0.020741 0.004724 0.002964 0.031501 0.018449 0.015343 0.005609 0.003259 0.030324 0.076764 0.006557 0.047497 0.005941 0.019189 0.010919 0.006322 0.001017 0.030513 0.002532 0.006421 0.001291 0.001730 0.010739 0.005377 0.010001 0.011861 0.008003 0.005714 0.012670 0.016590 0.002281 0.004658 0.004076 0.002152 0.000402 0.001902 0.003685 0.001992 
0.010340 0.003677 0.000443 0.009367 0.002283 0.001443 0.028434 0.008782 0.064581 0.009843 0.019590 0.024273 0.023841 0.061890 0.018399 0.094315 0.043115 0.038115 0.010768 0.000009 0.019460 0.053565 0.003494 0.002097 0.109372 0.002987 0.093051 0.008267 0.255268 0.179175 0.008966 0.017515 0.021151 0.005582 0.014098 0.034319 0.079346 0.018472 0.022175 0.004030 0.058873 0.114113 0.008221 0.163261 0.014413 0.047747 0.015030 0.009199 0.002937 0.041994 0.003508 0.007451 0.003673 0.005328 0.027440 0.004819 0.012795 0.012645 0.013551 0.009584 0.038997 0.038419 0.002461 0.006596 0.007125 0.003694 0.000632 0.002892 0.009338 0.004131 
0.004201 0.001037 0.000270 0.002099 0.002711 0.002084 0.005551 0.002044 0.013071 0.006851 0.019023 0.006925 0.005586 0.039603 0.015053 0.012762 0.023412 0.005717 0.013491 0.000007 0.004104 0.004186 0.005496 0.003444 0.012348 0.004892 0.028799 0.015819 0.019651 0.011601 0.017475 0.038368 0.005319 0.002414 0.001039 0.074777 0.006140 0.037726 0.002139 0.003478 0.012475 0.046996 0.009860 0.021076 0.002747 0.008599 0.015458 0.007760 0.000473 0.028701 0.003590 0.008137 0.000516 0.000604 0.005444 0.004971 0.010001 0.014311 0.005884 0.005972 0.003785 0.014735 0.002401 0.003999 0.003516 0.001273 0.000313 0.001585 0.002513 0.001356 
0.000323 0.000471 0.000058 0.000563 0.000499 0.000160 0.000113 0.000252 0.002326 0.001695 0.006530 0.000979 0.000977 0.008583 0.010036 0.002412 0.005022 0.001239 0.004291 0.000002 0.000638 0.000605 0.002258 0.001348 0.002352 0.005268 0.004617 0.020106 0.003830 0.001721 0.019930 0.009553 0.000991 0.000393 0.000278 0.019826 0.001240 0.008649 0.000313 0.000720 0.003353 0.008269 0.004649 0.003054 0.000524 0.001856 0.006380 0.002996 0.000088 0.009869 0.002747 0.007794 0.000042 0.000073 0.001037 0.003906 0.004069 0.010880 0.002455 0.002175 0.001316 0.003929 0.001080 0.001690 0.001213 0.000412 0.000112 0.000911 0.000461 0.000360 
0.001939 0.000754 0.000135 0.001228 0.001855 0.000802 0.003059 0.001009 0.006868 0.003642 0.013628 0.003532 0.002442 0.020630 0.020907 0.005214 0.011358 0.002954 0.007715 0.000004 0.001827 0.002572 0.004076 0.002974 0.006415 0.006585 0.012678 0.018677 0.009775 0.005418 0.028953 0.021932 0.003022 0.001223 0.000617 0.061190 0.003454 0.023383 0.001044 0.002051 0.008530 0.026047 0.011866 0.011302 0.001955 0.004435 0.015159 0.007831 0.000304 0.021551 0.005179 0.012794 0.000258 0.000458 0.004036 0.008268 0.009854 0.016468 0.004943 0.005087 0.001645 0.012988 0.003481 0.004287 0.002738 0.001076 0.000408 0.002258 0.002219 0.001250 
0.007109 0.001226 0.000257 0.009162 0.001427 0.001122 0.028434 0.007394 0.041208 0.005228 0.007666 0.015039 0.016668 0.031622 0.007527 0.077428 0.026193 0.028301 0.005817 0.000004 0.012384 0.109098 0.001960 0.001016 0.069814 0.001505 0.056425 0.003980 0.162352 0.191349 0.004626 0.011557 0.015108 0.003725 0.063409 0.022141 0.069664 0.012822 0.107406 0.003118 0.065628 0.123208 0.006753 0.783471 0.020533 0.089248 0.011947 0.006958 0.008426 0.047432 0.002350 0.005343 0.016968 0.021394 0.063730 0.003398 0.012893 0.011273 0.018393 0.010874 0.144307 0.049880 0.002821 0.006678 0.006969 0.006921 0.000496 0.002179 0.020142 0.007182 
0.002908 0.001603 0.000257 0.002918 0.002426 0.000962 0.006117 0.002397 0.018388 0.006995 0.021578 0.007974 0.006350 0.044422 0.016168 0.017587 0.025189 0.008354 0.013491 0.000007 0.005293 0.007616 0.005127 0.002952 0.015823 0.005762 0.036078 0.013778 0.030938 0.016636 0.019473 0.037854 0.008703 0.003861 0.001811 0.081620 0.010066 0.044854 0.003287 0.009392 0.026083 0.100882 0.024491 0.030545 0.005443 0.015252 0.036012 0.020875 0.000706 0.066264 0.007859 0.017794 0.000925 0.001236 0.009443 0.010145 0.021766 0.027740 0.012475 0.013455 0.007734 0.028050 0.005943 0.008946 0.006253 0.002689 0.000709 0.003724 0.004564 0.002140 
0.003555 0.001508 0.000231 0.005067 0.002069 0.000802 0.018239 0.004542 0.033010 0.006130 0.013628 0.011402 0.013218 0.036140 0.010314 0.045990 0.026039 0.018041 0.007096 0.000005 0.009396 0.037324 0.002329 0.001230 0.045117 0.002493 0.050790 0.005103 0.100475 0.085030 0.007538 0.013200 0.013487 0.003785 0.014869 0.027274 0.049325 0.014169 0.024549 0.003375 0.057196 0.108600 0.007878 0.282080 0.016342 0.068656 0.015501 0.008610 0.004786 0.046123 0.003061 0.007353 0.005281 0.008193 0.039845 0.005224 0.013824 0.014409 0.017250 0.011169 0.056110 0.046278 0.004022 0.006967 0.007716 0.005343 0.000602 0.002892 0.012814 0.004958 
0.002262 0.001508 0.000231 0.005016 0.001284 0.000481 0.013481 0.004265 0.025810 0.006418 0.008234 0.009128 0.010562 0.032225 0.007248 0.038286 0.024339 0.014643 0.006560 0.000004 0.008222 0.034197 0.002230 0.001358 0.037527 0.001764 0.041947 0.005001 0.084149 0.068585 0.006396 0.011505 0.011189 0.003255 0.012534 0.027375 0.036485 0.011779 0.025071 0.003092 0.051230 0.112045 0.007193 0.354013 0.016559 0.073227 0.013831 0.008680 0.006722 0.044914 0.003491 0.007696 0.007097 0.010784 0.048955 0.005529 0.014364 0.017742 0.018595 0.010727 0.061211 0.048242 0.002641 0.008616 0.008493 0.005935 0.000803 0.003051 0.013526 0.006292 
0.005170 0.001508 0.000186 0.002918 0.001855 0.000802 0.008949 0.002851 0.017613 0.007968 0.018171 0.009653 0.007479 0.046982 0.013938 0.022723 0.026580 0.009846 0.011057 0.000007 0.005394 0.010491 0.004672 0.002642 0.021703 0.004327 0.045938 0.013472 0.045148 0.023584 0.015876 0.025835 0.012243 0.005107 0.002758 0.063505 0.017091 0.035379 0.005505 0.009134 0.047285 0.209482 0.024589 0.055439 0.010235 0.028648 0.046075 0.030806 0.001538 0.145015 0.008984 0.020098 0.001516 0.002252 0.018071 0.016028 0.036228 0.041561 0.028884 0.025398 0.017771 0.058502 0.008704 0.016160 0.013565 0.005200 0.001282 0.007290 0.009841 0.004322 
0.002908 0.001508 0.000161 0.001894 0.002569 0.001443 0.006570 0.001363 0.010634 0.006706 0.023565 0.005876 0.004518 0.036291 0.024810 0.012606 0.022948 0.005940 0.013532 0.000006 0.003843 0.004893 0.006135 0.003915 0.012830 0.008654 0.024417 0.026740 0.023683 0.011155 0.037633 0.041655 0.006232 0.003097 0.001235 0.115335 0.007350 0.051069 0.002661 0.005355 0.018687 0.084620 0.045386 0.025199 0.004753 0.014301 0.069841 0.030924 0.000693 0.091843 0.030328 0.077351 0.000858 0.001016 0.008628 0.042607 0.040738 0.092435 0.017452 0.024034 0.008556 0.040711 0.015727 0.018799 0.010889 0.003550 0.001453 0.007924 0.004816 0.002797 
0.004201 0.001037 0.000231 0.002969 0.001356 0.000481 0.010196 0.003356 0.015397 0.004687 0.008234 0.007485 0.007021 0.026352 0.009199 0.026380 0.017849 0.012070 0.006147 0.000004 0.005670 0.020024 0.001903 0.001230 0.029936 0.001834 0.036782 0.003776 0.061373 0.048570 0.005654 0.011659 0.009568 0.003026 0.007605 0.023550 0.028692 0.012126 0.013749 0.002771 0.046792 0.096058 0.007120 0.175937 0.017109 0.073136 0.013831 0.008185 0.004759 0.041390 0.002714 0.007108 0.003615 0.006207 0.038586 0.005630 0.014462 0.016958 0.015132 0.012201 0.040807 0.043658 0.003481 0.007874 0.007622 0.005415 0.000732 0.003209 0.012940 0.005191 
-0.000000 0.000094 0.000006 0.000102 0.000071 0.000321 0.001020 0.000101 0.001551 0.000649 0.001987 0.000630 0.000549 0.004517 0.002230 0.001245 0.002395 0.000572 0.001568 0.000001 0.000348 0.000656 0.000696 0.000449 0.001604 0.000776 0.003678 0.002654 0.002419 0.001020 0.004112 0.003493 0.000598 0.000300 0.000103 0.009561 0.001004 0.003260 0.000339 0.000476 0.001824 0.006753 0.003058 0.002749 0.000371 0.001720 0.004625 0.002170 0.000081 0.007654 0.002763 0.007157 0.000058 0.000082 0.000630 0.005579 0.003432 0.008822 0.001749 0.002654 0.000165 0.004366 0.001741 0.001938 0.001276 0.000359 0.000171 0.001109 0.000419 0.000254 
0.003231 0.000660 0.000103 0.004504 0.000499 0.000481 0.015860 0.004164 0.026142 0.003137 0.003691 0.008149 0.010196 0.019877 0.003066 0.049258 0.016149 0.016104 0.003589 0.000002 0.007888 0.088721 0.001065 0.000449 0.050784 0.000870 0.041712 0.001837 0.113576 0.132644 0.002570 0.006985 0.011299 0.002785 0.044300 0.012983 0.061162 0.009432 0.130729 0.002263 0.064099 0.109013 0.004575 1.442320 0.023970 0.109569 0.009292 0.005803 0.015189 0.043404 0.002184 0.004951 0.035784 0.056144 0.102427 0.003500 0.013432 0.010978 0.022731 0.011427 0.278248 0.072691 0.002581 0.004988 0.009458 0.010435 0.000514 0.002258 0.033291 0.011695 
0.001293 0.001037 0.000122 0.001228 0.001641 0.001603 0.004418 0.001413 0.009083 0.005661 0.014480 0.004896 0.003694 0.028159 0.019235 0.009105 0.014681 0.004733 0.010314 0.000005 0.002668 0.002724 0.004474 0.002856 0.009141 0.006467 0.018313 0.019596 0.018140 0.007458 0.027126 0.028044 0.004690 0.002103 0.001091 0.075884 0.006760 0.032380 0.001826 0.004204 0.014940 0.058572 0.030706 0.018632 0.003820 0.010092 0.050657 0.022668 0.000629 0.069788 0.030047 0.089165 0.000541 0.000879 0.006814 0.043672 0.034463 0.091357 0.013417 0.019905 0.005759 0.030561 0.018008 0.017727 0.010173 0.002958 0.001530 0.008201 0.003601 0.002267 
0.004847 0.001508 0.000270 0.003327 0.001998 0.001764 0.013141 0.003735 0.029576 0.008870 0.016751 0.014829 0.011783 0.055716 0.013659 0.035718 0.037242 0.018327 0.013862 0.000008 0.011325 0.022042 0.004999 0.002621 0.045117 0.004562 0.081625 0.014288 0.098661 0.057239 0.017760 0.033026 0.024078 0.009132 0.007831 0.079507 0.043274 0.040856 0.013801 0.011056 0.164045 0.546031 0.026424 0.165247 0.041449 0.112510 0.055368 0.034533 0.005043 0.211178 0.010920 0.027058 0.004115 0.006783 0.065137 0.017499 0.058680 0.052834 0.067789 0.044824 0.043276 0.145382 0.011645 0.023911 0.028187 0.013734 0.002185 0.009786 0.025837 0.012330 
0.004524 0.001508 0.000276 0.004811 0.001855 0.001283 0.015633 0.004492 0.024813 0.006562 0.012776 0.011192 0.011631 0.038850 0.010314 0.038286 0.026193 0.016930 0.006560 0.000005 0.009121 0.031877 0.002585 0.001337 0.042765 0.002164 0.053843 0.007246 0.098661 0.072409 0.007824 0.017052 0.015359 0.004533 0.012245 0.034218 0.048499 0.017385 0.026297 0.004596 0.084562 0.177095 0.010716 0.354166 0.030448 0.162701 0.021111 0.013846 0.011589 0.074018 0.004682 0.011568 0.007288 0.012523 0.094576 0.008826 0.024658 0.025094 0.032180 0.020016 0.070097 0.085789 0.005823 0.011749 0.014529 0.010113 0.001193 0.004873 0.024037 0.009619 
0.003231 0.002168 0.000328 0.002559 0.003068 0.001443 0.008836 0.002624 0.021379 0.009339 0.021862 0.009863 0.009005 0.054963 0.021186 0.023345 0.035697 0.011689 0.015182 0.000010 0.007685 0.011803 0.006490 0.003829 0.024964 0.006491 0.056660 0.020718 0.047869 0.026070 0.030952 0.046997 0.015753 0.007521 0.003560 0.131438 0.019777 0.066629 0.006574 0.015955 0.065529 0.301957 0.065155 0.079416 0.015013 0.044941 0.161863 0.123812 0.002112 0.520441 0.026870 0.057744 0.001808 0.003076 0.030254 0.040477 0.114027 0.110471 0.062678 0.063845 0.017771 0.122571 0.021609 0.038958 0.030116 0.009628 0.003166 0.014580 0.015410 0.008941 
0.003231 0.001037 0.000141 0.001228 0.001142 0.001283 0.004645 0.001363 0.009859 0.005120 0.009369 0.004442 0.004213 0.019877 0.011151 0.010350 0.014990 0.005146 0.007096 0.000004 0.003002 0.005145 0.002670 0.001904 0.011333 0.003292 0.021991 0.009900 0.021163 0.012047 0.012049 0.019056 0.005618 0.002458 0.001533 0.048811 0.008560 0.023948 0.003287 0.004551 0.022977 0.085998 0.025079 0.036348 0.005558 0.017198 0.059693 0.032693 0.001004 0.130916 0.021725 0.050146 0.000958 0.001510 0.011517 0.039209 0.094173 0.108217 0.028212 0.046851 0.010860 0.065488 0.019929 0.035371 0.022742 0.006240 0.002829 0.015848 0.008836 0.005275 
0.000323 0.000566 0.000103 0.002303 0.000713 0.000481 0.006457 0.001994 0.012296 0.003497 0.008234 0.005631 0.004518 0.019726 0.008920 0.014552 0.013522 0.006829 0.005446 0.000003 0.003625 0.009735 0.001775 0.001209 0.015556 0.001975 0.025904 0.005511 0.033256 0.020524 0.006053 0.011146 0.006468 0.002348 0.003344 0.024456 0.013460 0.011952 0.006131 0.002841 0.035353 0.095094 0.009028 0.066893 0.010886 0.037745 0.018627 0.010850 0.002109 0.064854 0.004269 0.011421 0.001941 0.003671 0.030624 0.008572 0.024855 0.021663 0.031238 0.019389 0.019746 0.084588 0.006063 0.013151 0.013845 0.007728 0.001223 0.005586 0.015159 0.007246 
-0.000000 -0.000000 0.000013 -0.000000 0.000071 0.000160 0.000113 0.000076 0.000665 0.000325 -0.000000 0.000455 0.000122 0.001506 0.000836 0.000934 0.000541 0.000286 0.000495 0.000000 0.000218 0.000151 0.000185 0.000150 0.000588 0.000329 0.001487 0.000510 0.001109 0.000510 0.001199 0.001079 0.000283 0.000104 0.000072 0.003221 0.000295 0.000739 0.000104 0.000148 0.000888 0.002481 0.001125 0.001375 0.000294 0.000769 0.001970 0.001227 0.000024 0.002920 0.001175 0.005343 0.000042 0.000064 0.000667 0.006036 0.002451 0.010292 0.000942 0.001180 0.000823 0.001091 0.003121 0.002061 0.000716 0.000179 0.000189 0.001189 0.000419 0.000212 
0.001939 0.001037 0.000135 0.001945 0.001213 0.000321 0.007024 0.001640 0.012296 0.004723 0.011073 0.005771 0.005006 0.024244 0.005854 0.013073 0.013753 0.006321 0.006230 0.000004 0.004220 0.008423 0.002656 0.001690 0.017587 0.002846 0.027234 0.007757 0.030435 0.020078 0.011478 0.016385 0.007837 0.002982 0.002634 0.038646 0.011807 0.019428 0.004539 0.004390 0.034614 0.127481 0.017714 0.054064 0.009200 0.029282 0.040337 0.025805 0.001788 0.158811 0.010407 0.025784 0.001783 0.002865 0.024736 0.021861 0.075887 0.062538 0.083392 0.063402 0.019581 0.135777 0.013686 0.034258 0.036120 0.011224 0.002847 0.012520 0.015996 0.009407 
0.002908 0.000283 0.000116 0.001791 0.000499 0.000641 0.005098 0.001464 0.008973 0.002452 0.004827 0.004547 0.005220 0.015510 0.005018 0.018598 0.011976 0.007909 0.004167 0.000003 0.005191 0.020125 0.001221 0.000802 0.023788 0.001293 0.036234 0.004184 0.056838 0.046849 0.005254 0.012224 0.012401 0.004386 0.008510 0.029085 0.035570 0.017081 0.020349 0.005792 0.099995 0.291207 0.013848 0.286356 0.040236 0.176097 0.034171 0.024083 0.012806 0.188922 0.007677 0.016666 0.009837 0.018941 0.258511 0.014253 0.068877 0.046561 0.143884 0.062665 0.118638 0.539399 0.012846 0.036072 0.059485 0.060048 0.003745 0.013312 0.126464 0.054873 
0.001616 0.000283 0.000058 0.001791 0.000285 -0.000000 0.005664 0.001615 0.008197 0.001046 0.002555 0.002308 0.002808 0.004668 0.001673 0.013073 0.004713 0.004637 0.000908 0.000001 0.002161 0.027993 0.000398 0.000246 0.012883 0.000235 0.010409 0.000306 0.029931 0.034802 0.001256 0.002774 0.003084 0.000956 0.011916 0.004630 0.014966 0.002564 0.048211 0.000784 0.020462 0.040380 0.002202 0.272764 0.008944 0.038695 0.004111 0.002642 0.005499 0.021349 0.000910 0.001667 0.051694 0.040664 0.058768 0.001826 0.007550 0.005195 0.013787 0.007151 1.432704 0.056101 0.001261 0.004617 0.006440 0.010095 0.000402 0.001902 0.044179 0.013051 
0.000969 0.000377 0.000096 0.000921 0.000499 0.001283 0.002492 0.001009 0.004652 0.002344 0.007950 0.002868 0.002290 0.012649 0.007248 0.007470 0.008345 0.003399 0.003589 0.000002 0.001407 0.003480 0.001221 0.001059 0.007484 0.001388 0.012287 0.005920 0.012396 0.008987 0.006110 0.009810 0.003604 0.001447 0.001163 0.025060 0.005727 0.011779 0.002191 0.002121 0.013609 0.053335 0.010839 0.023825 0.003501 0.013713 0.025564 0.013539 0.000733 0.072709 0.011880 0.032597 0.000825 0.001099 0.010443 0.033122 0.064122 0.099297 0.025556 0.047920 0.009050 0.067452 0.028632 0.082038 0.031329 0.006939 0.005458 0.027813 0.008919 0.005233 
-0.000000 0.000094 0.000006 0.000256 0.000285 0.000160 0.000680 0.000202 0.003212 0.001262 0.001420 0.001189 0.001221 0.005270 0.001673 0.004513 0.004945 0.001525 0.001857 0.000001 0.001378 0.004893 0.000909 0.000481 0.007003 0.000776 0.010722 0.001837 0.013202 0.010900 0.004911 0.007191 0.004847 0.002234 0.001976 0.022141 0.010243 0.011300 0.004487 0.004075 0.038509 0.154906 0.016344 0.063991 0.013148 0.047883 0.041836 0.028706 0.002836 0.238871 0.013799 0.033627 0.002291 0.004101 0.052472 0.035810 0.180306 0.115960 0.241769 0.244209 0.029618 1.183687 0.036976 0.147875 0.362417 0.070698 0.014471 0.049089 0.065744 0.048220 
0.000969 0.000377 0.000077 0.001024 0.001070 0.000481 0.002719 0.001110 0.005539 0.002885 0.006530 0.002553 0.002351 0.013402 0.006412 0.008871 0.009736 0.003526 0.004373 0.000003 0.002088 0.004943 0.001690 0.001091 0.010050 0.001881 0.016904 0.004593 0.019551 0.011282 0.006739 0.012070 0.005272 0.002037 0.001677 0.029790 0.007940 0.013865 0.003261 0.002777 0.021794 0.076764 0.015316 0.036806 0.005648 0.020004 0.034128 0.019743 0.001132 0.104733 0.013187 0.033578 0.001274 0.001895 0.018441 0.036723 0.094467 0.109883 0.049968 0.093371 0.013328 0.150621 0.035475 0.124335 0.088139 0.015312 0.009787 0.041720 0.016541 0.012585 
0.000646 0.000660 0.000058 0.001126 0.000499 0.000160 0.005777 0.001312 0.006979 0.001478 0.003407 0.002413 0.003175 0.009186 0.003903 0.011361 0.007031 0.005177 0.001815 0.000001 0.002349 0.013366 0.000810 0.000417 0.010959 0.000729 0.012287 0.001837 0.022776 0.021353 0.002398 0.005136 0.003258 0.001021 0.004610 0.009360 0.010715 0.004824 0.014062 0.001061 0.017652 0.041069 0.003230 0.122790 0.006133 0.027019 0.006423 0.003892 0.002940 0.021551 0.001605 0.004265 0.010329 0.013100 0.032772 0.003043 0.009216 0.009508 0.010895 0.008036 0.204202 0.042567 0.001921 0.005689 0.006565 0.007656 0.000467 0.002655 0.028392 0.009746 
0.001939 0.000189 0.000039 0.000921 0.000071 -0.000000 0.004305 0.000883 0.006757 0.001082 0.001704 0.002448 0.002381 0.005873 0.001115 0.011439 0.005795 0.004097 0.001403 0.000001 0.001769 0.018309 0.000355 0.000267 0.009676 0.000306 0.009235 0.000306 0.024489 0.027536 0.001199 0.002465 0.003478 0.000956 0.007327 0.005938 0.012575 0.003173 0.025775 0.000861 0.016912 0.038864 0.002520 0.184337 0.007079 0.032585 0.004068 0.002948 0.004187 0.018328 0.001109 0.002990 0.024631 0.024305 0.044918 0.002232 0.008873 0.005783 0.012912 0.007114 0.771557 0.049006 0.001681 0.004865 0.007560 0.009844 0.000413 0.001783 0.045058 0.012288 
0.001293 0.000283 0.000077 0.001280 0.000499 0.000802 0.002492 0.000757 0.005317 0.002308 0.006814 0.002833 0.001954 0.013251 0.005854 0.008171 0.008808 0.003049 0.003589 0.000003 0.001943 0.003884 0.001434 0.000952 0.007217 0.001787 0.014713 0.006226 0.014915 0.010071 0.007253 0.011454 0.004123 0.001677 0.001544 0.025261 0.006287 0.013300 0.002531 0.002738 0.019230 0.067806 0.013334 0.033752 0.004689 0.015795 0.032201 0.018045 0.000967 0.088922 0.014296 0.036078 0.001050 0.001639 0.015294 0.044129 0.083584 0.121646 0.039914 0.075382 0.011354 0.126500 0.048141 0.176155 0.077374 0.014021 0.013189 0.057013 0.014028 0.010424 
0.002585 0.000283 0.000077 0.001075 0.000428 0.000321 0.002266 0.000555 0.004320 0.001731 0.006246 0.002588 0.002106 0.011595 0.005018 0.007237 0.008963 0.003367 0.002888 0.000002 0.002349 0.006456 0.001236 0.000759 0.009996 0.001646 0.016200 0.004797 0.020155 0.012939 0.008395 0.009348 0.005303 0.002299 0.002171 0.027073 0.011483 0.012909 0.005009 0.003465 0.034712 0.117558 0.014240 0.067198 0.011193 0.038922 0.036269 0.023635 0.002646 0.166666 0.012260 0.031568 0.002357 0.004266 0.041993 0.032412 0.112703 0.093317 0.119909 0.132002 0.034226 0.672011 0.034455 0.109659 0.251225 0.061428 0.012746 0.045523 0.060384 0.043941 
-0.000000 -0.000000 0.000006 0.000205 0.000071 -0.000000 0.000340 0.000151 0.000775 0.000505 0.000852 0.000455 0.000397 0.001958 0.001115 0.001167 0.000773 0.000318 0.000330 0.000000 0.000247 0.000555 0.000312 0.000128 0.001336 0.000423 0.001487 0.000714 0.002217 0.001084 0.001371 0.002260 0.000535 0.000191 0.000165 0.003522 0.000915 0.001825 0.000339 0.000347 0.002022 0.007856 0.001688 0.003513 0.000549 0.001946 0.003811 0.002170 0.000095 0.007754 0.002101 0.006863 0.000117 0.000110 0.001592 0.011666 0.006471 0.022643 0.003161 0.004092 0.001481 0.008077 0.045800 0.009770 0.004013 0.000950 0.001441 0.015610 0.001298 0.000805 
-0.000000 -0.000000 0.000026 0.000205 0.000071 -0.000000 0.000680 0.000177 0.000997 0.000325 0.000568 0.000734 0.000580 0.003162 0.001394 0.001712 0.001854 0.000985 0.000784 0.000000 0.000421 0.001110 0.000170 0.000214 0.001390 0.000282 0.002583 0.001327 0.004132 0.001848 0.000914 0.001541 0.000582 0.000251 0.000401 0.004126 0.001004 0.001912 0.000626 0.000360 0.003304 0.009096 0.001713 0.003818 0.000741 0.002670 0.003854 0.001958 0.000183 0.010775 0.001274 0.003284 0.000175 0.000284 0.002555 0.004210 0.008628 0.010390 0.004775 0.008146 0.002797 0.018882 0.004022 0.009111 0.010671 0.001865 0.001211 0.005903 0.002764 0.001737 
0.001939 0.000377 0.000071 0.001228 0.000214 0.000481 0.003172 0.000757 0.007754 0.002344 0.005678 0.002448 0.002412 0.012800 0.004460 0.010038 0.008731 0.003970 0.003177 0.000002 0.002407 0.007414 0.001278 0.000610 0.011226 0.001388 0.015730 0.004389 0.021264 0.017082 0.005254 0.009143 0.005697 0.002190 0.002398 0.025261 0.010597 0.014082 0.006105 0.003330 0.033529 0.108049 0.012551 0.073918 0.009992 0.038786 0.031431 0.018894 0.002852 0.131520 0.009481 0.025588 0.002824 0.004751 0.042659 0.025361 0.080397 0.074203 0.095867 0.089758 0.035542 0.555225 0.024731 0.072144 0.139939 0.070644 0.009456 0.034746 0.065158 0.049364 
0.001616 0.000471 0.000026 0.001331 0.000143 0.000160 0.004531 0.001009 0.006093 0.001190 0.000568 0.002378 0.002931 0.006626 0.000836 0.009649 0.004018 0.003399 0.000908 0.000001 0.001885 0.016039 0.000227 0.000182 0.009729 0.000306 0.009313 0.000612 0.023078 0.024986 0.001542 0.002619 0.003022 0.000792 0.006853 0.005535 0.011188 0.002825 0.022462 0.000996 0.018145 0.038175 0.002422 0.175021 0.007321 0.035844 0.004710 0.002948 0.004546 0.022356 0.001092 0.002402 0.021616 0.022502 0.047103 0.002232 0.008383 0.006960 0.013854 0.007446 0.584304 0.056756 0.002581 0.004287 0.009116 0.012784 0.000549 0.002258 0.051842 0.016144 
0.000646 0.000377 0.000064 0.000717 0.000856 0.000481 0.003172 0.000707 0.006868 0.002091 0.005394 0.002518 0.002351 0.011294 0.005297 0.007004 0.008036 0.002986 0.003466 0.000002 0.002117 0.005548 0.001449 0.000717 0.008713 0.001199 0.013461 0.005307 0.020357 0.011665 0.005539 0.009451 0.004737 0.001655 0.001955 0.022544 0.007734 0.011214 0.004044 0.002243 0.022385 0.082415 0.009664 0.047344 0.006478 0.023398 0.023552 0.013516 0.001703 0.087512 0.007876 0.021862 0.001691 0.002627 0.024885 0.022064 0.057847 0.061656 0.052927 0.060121 0.023859 0.247106 0.022150 0.061013 0.108983 0.034175 0.008198 0.030388 0.036013 0.026059 
0.000969 0.000283 0.000084 0.000614 0.000214 -0.000000 0.001473 0.000580 0.003545 0.001298 0.003975 0.001714 0.001710 0.007830 0.004739 0.003268 0.004250 0.001461 0.002805 0.000001 0.001059 0.002522 0.000923 0.000578 0.004811 0.000964 0.008452 0.002756 0.008667 0.005099 0.004055 0.005496 0.002424 0.000819 0.000875 0.014392 0.003306 0.006041 0.001357 0.001176 0.010108 0.034454 0.005432 0.017258 0.002555 0.007739 0.012846 0.007501 0.000558 0.039174 0.004732 0.013872 0.000675 0.000980 0.008850 0.015876 0.028384 0.041169 0.016846 0.029379 0.007898 0.062759 0.018008 0.050254 0.032978 0.006598 0.007590 0.027417 0.008291 0.005254 
-0.000000 0.000094 0.000026 0.000358 0.000143 0.000160 0.002266 0.000530 0.003102 0.000721 0.001704 0.001364 0.001313 0.003765 0.001951 0.004047 0.003554 0.002255 0.000949 0.000001 0.000943 0.003783 0.000398 0.000321 0.004918 0.000376 0.006026 0.001531 0.009372 0.007521 0.001713 0.002414 0.001574 0.000437 0.001214 0.004428 0.003601 0.002130 0.003939 0.000489 0.006459 0.016400 0.001346 0.033599 0.002210 0.008825 0.003768 0.002217 0.000929 0.012085 0.000745 0.001422 0.002166 0.003158 0.010924 0.001522 0.004412 0.003333 0.004909 0.004202 0.034061 0.020738 0.001020 0.002845 0.003360 0.003030 0.000207 0.001307 0.015578 0.004915 
0.000646 -0.000000 0.000019 0.000563 0.000071 0.000160 0.002039 0.000707 0.004320 0.000649 0.001136 0.001399 0.001343 0.002560 0.001115 0.005836 0.002704 0.001620 0.000660 0.000000 0.000812 0.005700 0.000312 0.000257 0.005132 0.000282 0.004461 0.000408 0.009876 0.008605 0.000571 0.001849 0.001243 0.000410 0.002264 0.004931 0.004487 0.001478 0.007957 0.000386 0.007002 0.017778 0.000979 0.044443 0.002402 0.008463 0.002270 0.001368 0.000997 0.009265 0.000513 0.001225 0.005947 0.005584 0.011220 0.000558 0.002696 0.003823 0.003598 0.002433 0.197291 0.015826 0.000480 0.001814 0.002116 0.002438 0.000165 0.000911 0.010092 0.003411 
0.000323 0.000754 0.000045 0.001177 0.000285 -0.000000 0.003285 0.001085 0.007089 0.002091 0.001704 0.002238 0.002870 0.008734 0.005018 0.009805 0.006877 0.003907 0.001980 0.000001 0.002074 0.008373 0.000653 0.000396 0.009569 0.000988 0.012443 0.002245 0.020357 0.015425 0.003369 0.004674 0.003163 0.001081 0.003262 0.011976 0.008029 0.005389 0.007957 0.001170 0.018096 0.043688 0.004037 0.077583 0.006005 0.026611 0.008864 0.004859 0.002548 0.029305 0.001969 0.005392 0.004731 0.006655 0.031698 0.004210 0.013579 0.012449 0.018730 0.012386 0.067793 0.071600 0.003842 0.008245 0.011791 0.015294 0.000980 0.004279 0.075501 0.021780 
0.000323 0.000471 0.000032 0.000717 0.000499 0.000481 0.001926 0.000606 0.003656 0.001659 0.003123 0.002378 0.001771 0.010541 0.004181 0.005992 0.005409 0.002223 0.003135 0.000002 0.001508 0.003480 0.001008 0.000556 0.006254 0.001246 0.011035 0.002858 0.011690 0.007904 0.003940 0.007550 0.003289 0.001136 0.001420 0.020028 0.005254 0.008867 0.002818 0.002025 0.015384 0.053197 0.007829 0.033599 0.004728 0.014709 0.019013 0.010662 0.001044 0.061430 0.006916 0.018431 0.001041 0.001877 0.015109 0.019021 0.045101 0.055873 0.032213 0.045856 0.011683 0.137305 0.022870 0.062704 0.072334 0.019562 0.009456 0.035420 0.021650 0.016758 
0.001616 0.000189 0.000045 0.001126 0.000214 0.000160 0.004078 0.001035 0.005096 0.001586 0.003407 0.002728 0.002870 0.009637 0.002788 0.009883 0.004791 0.003557 0.002352 0.000002 0.001856 0.008877 0.000810 0.000439 0.009676 0.000658 0.014556 0.002245 0.021566 0.017592 0.002855 0.005547 0.004469 0.001256 0.003406 0.010467 0.010833 0.006433 0.008218 0.001626 0.025590 0.066014 0.004967 0.094383 0.007858 0.035572 0.010234 0.006770 0.003109 0.045619 0.003044 0.006716 0.004890 0.007845 0.047362 0.005782 0.022256 0.020879 0.030028 0.019795 0.070261 0.143309 0.005762 0.015088 0.023645 0.038209 0.001731 0.007805 0.318421 0.062140 
0.000323 0.000189 0.000006 0.000205 0.000143 -0.000000 0.001133 0.000328 0.001994 0.000721 0.002839 0.000804 0.000611 0.002710 0.001394 0.002568 0.002163 0.000953 0.000949 0.000000 0.000725 0.001059 0.000454 0.000321 0.002192 0.000541 0.004617 0.001327 0.004233 0.002422 0.001713 0.002671 0.001117 0.000360 0.000350 0.006743 0.002096 0.002956 0.000861 0.000649 0.004142 0.015711 0.002691 0.007483 0.001124 0.004435 0.006081 0.003774 0.000250 0.016213 0.002548 0.007206 0.000250 0.000494 0.003037 0.008166 0.013432 0.018330 0.008104 0.010395 0.003949 0.027832 0.010264 0.020654 0.011947 0.003030 0.005363 0.018423 0.003601 0.002352 
0.000323 0.000189 0.000058 0.000870 0.000428 0.000160 0.003399 0.000757 0.004209 0.001082 0.002271 0.001294 0.001618 0.004216 0.001115 0.006303 0.003709 0.002477 0.001279 0.000001 0.001334 0.007465 0.000270 0.000278 0.006094 0.000329 0.006965 0.000408 0.012698 0.013194 0.000914 0.002722 0.001983 0.000530 0.003005 0.004428 0.005520 0.002260 0.009444 0.000559 0.010059 0.022878 0.001762 0.069031 0.003501 0.014754 0.003683 0.002264 0.001707 0.012085 0.000761 0.002206 0.007322 0.007818 0.019923 0.001674 0.005442 0.005293 0.007364 0.004497 0.187418 0.027505 0.001261 0.003504 0.004076 0.005253 0.000360 0.001347 0.021943 0.007097 
-0.000000 -0.000000 0.000019 0.000614 0.000285 0.000160 0.001359 0.000379 0.002880 0.000577 0.000852 0.001049 0.001007 0.002710 0.000558 0.005681 0.003554 0.002668 0.000619 0.000000 0.001233 0.009230 0.000199 0.000171 0.006789 0.000141 0.007278 0.000306 0.016729 0.018166 0.000971 0.001695 0.002785 0.000770 0.004219 0.006340 0.010213 0.002608 0.013566 0.001061 0.020462 0.055402 0.002593 0.141880 0.007986 0.039646 0.006038 0.004600 0.004877 0.036757 0.001489 0.003235 0.011178 0.016917 0.073506 0.002840 0.015295 0.010390 0.028615 0.015961 0.212265 0.151604 0.004022 0.011172 0.021591 0.042942 0.001299 0.004952 0.278556 0.069174 
