# Flux Network Reconstruction using RW method
# Walkers leave from emitting cells
# Probability involves emitting fluxes, then absorbing flux is shared among connections
# Seed: 1684941001
# Threshold: 0.5
# Precision: 100000.0
# Dt: 1.0
# Radius step: 10.000000
# Matrix output


0.011132 0.001258 0.000792 0.418457 0.035262 0.000081 0.127436 0.113107 0.003718 0.003564 0.012572 0.014949 0.000200 0.001355 0.016578 0.058975 0.004185 0.012830 0.002589 0.000020 0.056135 0.000290 0.003489 0.012689 0.000249 0.009589 0.000413 0.026907 0.002966 0.000459 0.001226 0.002324 0.003043 0.001417 0.000297 0.000125 0.002581 0.000540 0.002934 0.005695 0.000272 0.000886 0.013190 0.000390 0.000057 0.000604 0.000400 0.000632 0.000538 0.000148 0.000066 0.000056 0.000102 0.000250 0.000034 0.000051 0.000234 0.000261 0.000056 0.003250 -0.000000 0.001225 0.000195 0.000097 0.000137 0.000011 -0.000000 -0.000000 0.001121 0.000068 
0.647667 0.071075 0.031966 0.033700 0.010106 0.004057 0.081651 0.006759 0.045691 0.065636 0.027965 0.011653 0.003113 0.032784 0.139518 0.019528 0.017335 0.007361 0.003805 0.000305 0.006572 0.003443 0.002988 0.008812 0.004684 0.022930 0.004338 0.014253 0.000882 0.011939 0.002415 0.005999 0.000699 0.010578 0.002165 0.001785 0.000574 0.002061 0.002934 0.011707 0.001145 0.000580 0.004146 0.001330 0.000683 0.000721 0.001438 0.000502 0.003226 0.000665 0.000375 0.000023 0.000025 0.000264 0.000512 0.000228 0.001229 0.000548 0.000373 0.001625 0.000084 0.001225 0.000546 0.000291 0.000366 0.000079 0.000062 -0.000000 0.000897 0.000118 
0.368024 0.054145 0.030310 0.066040 0.017778 0.004584 0.149566 0.011934 0.059635 0.068012 0.048328 0.020071 0.004035 0.036307 0.197636 0.029585 0.026080 0.012138 0.005598 0.000356 0.010667 0.004820 0.005233 0.013276 0.006726 0.035437 0.007849 0.023844 0.001282 0.014694 0.003496 0.008534 0.001304 0.014073 0.003205 0.002474 0.000942 0.002772 0.004685 0.014871 0.001340 0.000967 0.009987 0.002156 0.001309 0.001345 0.002477 0.000966 0.005483 0.000542 0.000441 0.000032 0.000077 0.000461 0.000614 0.000254 0.001990 0.000783 0.000429 0.001444 0.000144 0.001838 0.000624 0.000387 0.000640 0.000114 0.000062 0.000170 0.001345 0.000135 
0.003373 0.000681 0.000504 0.072992 0.008164 0.000041 0.029150 0.007076 0.002185 0.002376 0.004398 0.004434 0.000254 0.001626 0.012108 0.010643 0.002655 0.003155 0.001348 0.000025 0.006680 0.000326 0.001410 0.004112 0.000448 0.006566 0.001136 0.009324 0.000790 0.000918 0.000937 0.002366 0.000699 0.002078 0.000637 0.000407 0.000799 0.000638 0.002224 0.005854 0.000369 0.000564 0.007160 0.000849 0.000284 0.000604 0.001039 0.000520 0.002258 0.000345 0.000265 0.000015 0.000044 0.000435 0.000307 0.000279 0.001171 0.000444 0.000168 0.001264 0.000096 0.002083 0.000390 0.000484 0.000548 0.000114 0.000042 0.000085 0.001121 0.000101 
0.013156 0.005399 0.051189 0.001813 0.000443 0.059996 0.005647 0.000686 0.007669 0.095336 0.003155 0.001078 0.003247 0.041996 0.020490 0.001660 0.002030 0.000871 0.000349 0.000084 0.000539 0.001703 0.000371 0.000881 0.002143 0.003127 0.004028 0.001598 0.000115 0.004707 0.000433 0.001014 0.000124 0.002645 0.000446 0.000720 0.000102 0.000638 0.000662 0.002848 0.000485 0.000161 0.001507 0.000321 0.000284 0.000253 0.000440 0.000074 0.001075 0.000148 0.000132 0.000001 0.000006 0.000066 0.000068 0.000025 0.000234 0.000078 0.000075 -0.000000 0.000084 0.000368 0.000117 0.000194 -0.000000 -0.000000 0.000010 0.000085 0.000112 0.000051 
0.139991 0.060749 0.046221 0.014659 0.003713 0.006369 0.035560 0.004172 0.034257 0.081674 0.014962 0.007160 0.004275 0.046873 0.099283 0.013279 0.013087 0.005679 0.002697 0.000295 0.005818 0.003624 0.002858 0.007637 0.007922 0.020116 0.008675 0.016384 0.000939 0.014120 0.002649 0.006633 0.000792 0.013979 0.002802 0.002599 0.000655 0.002870 0.004685 0.015662 0.001281 0.000660 0.009610 0.001766 0.002105 0.001325 0.003236 0.000780 0.006666 0.001108 0.000816 0.000021 0.000083 0.000659 0.000512 0.000380 0.002342 0.001539 0.000727 0.001083 0.000252 0.003921 0.000585 0.000581 0.000731 0.000216 0.000125 0.000255 0.002017 0.000287 
0.166639 0.084598 0.199788 0.014508 0.003885 0.019390 0.034644 0.006495 0.054848 0.196314 0.018165 0.007519 0.009513 0.111629 0.154979 0.015134 0.016960 0.005378 0.003166 0.000491 0.007219 0.007212 0.003229 0.007754 0.011111 0.023868 0.016214 0.015985 0.000870 0.024682 0.003190 0.007097 0.000776 0.021724 0.004118 0.003851 0.000635 0.002919 0.004732 0.017719 0.001708 0.000789 0.008103 0.002431 0.001536 0.001150 0.003316 0.000966 0.008601 0.001157 0.000750 0.000012 0.000085 0.000699 0.000819 0.000634 0.002634 0.001305 0.000895 0.001444 0.000264 0.004411 0.000585 0.000872 0.000960 0.000136 0.000073 0.000085 0.002129 0.000237 
0.003036 0.000786 0.001368 0.014205 0.003959 0.000162 0.023656 0.003485 0.002464 0.002970 0.004732 0.002996 0.000134 0.002168 0.008569 0.007421 0.002530 0.002824 0.000999 0.000022 0.003771 0.000308 0.001373 0.002409 0.000498 0.005733 0.001549 0.006527 0.000424 0.001492 0.000739 0.001774 0.000326 0.002550 0.000425 0.000658 0.000389 0.000540 0.001609 0.003322 0.000272 0.000532 0.004146 0.000413 0.000171 0.000409 0.000320 0.000483 0.002258 0.000148 0.000198 0.000007 0.000033 0.000198 0.000102 0.000127 0.000527 0.000365 0.000205 0.002347 0.000084 0.000980 0.000273 0.000291 0.000503 0.000034 0.000042 -0.000000 0.000672 0.000186 
0.005397 0.001887 0.017063 0.000907 0.000320 0.073180 0.002289 0.000581 0.003300 0.056132 0.001291 0.000389 0.002058 0.023301 0.010990 0.001660 0.001312 0.000541 0.000397 0.000053 0.000754 0.001069 0.000334 0.000881 0.001594 0.002085 0.002788 0.001998 0.000046 0.003559 0.000342 0.000929 0.000031 0.001511 0.000318 0.000595 0.000102 0.000442 0.000568 0.002531 0.000447 0.000081 0.000942 0.000206 0.000114 0.000156 0.000360 0.000056 0.001398 0.000148 0.000198 0.000005 0.000019 0.000040 0.000034 0.000101 0.000351 0.000130 0.000130 -0.000000 0.000012 0.000368 0.000117 0.000097 0.000091 0.000045 0.000010 0.000085 0.000560 -0.000000 
0.037781 0.021752 0.142264 0.005894 0.002164 0.132000 0.016483 0.001743 0.028214 0.369760 0.008079 0.003116 0.012679 0.168256 0.080097 0.006542 0.007402 0.002464 0.001180 0.000403 0.002047 0.006179 0.001392 0.003642 0.011161 0.012924 0.013942 0.007459 0.000401 0.017105 0.001424 0.004943 0.000295 0.012279 0.002993 0.002724 0.000451 0.001693 0.002082 0.007277 0.001456 0.000306 0.003580 0.001032 0.001138 0.000468 0.001678 0.000241 0.002903 0.000665 0.000463 0.000016 0.000022 0.000237 0.000750 0.000431 0.001171 0.000365 0.000391 0.000361 0.000216 0.001103 0.000468 0.000097 0.000457 0.000079 0.000093 0.000085 0.000448 0.000085 
0.179121 0.050790 0.055149 0.035816 0.008901 0.010669 0.090808 0.009452 0.102584 0.153547 0.041971 0.015458 0.008163 0.098895 0.266184 0.034077 0.031733 0.012619 0.006622 0.000665 0.015300 0.009296 0.006532 0.017447 0.013752 0.048362 0.019003 0.037830 0.002279 0.036965 0.006128 0.015293 0.001956 0.029752 0.007005 0.005010 0.001639 0.006624 0.009275 0.029901 0.003378 0.001498 0.019786 0.004564 0.002048 0.002514 0.005754 0.001727 0.013332 0.001773 0.001918 0.000058 0.000157 0.001015 0.001705 0.001065 0.004098 0.001853 0.001156 0.004333 0.000492 0.007843 0.001677 0.002131 0.001737 0.000556 0.000166 0.000085 0.003026 0.000490 
0.053635 0.014729 0.016559 0.021913 0.005557 0.003610 0.059826 0.006653 0.061030 0.068903 0.027439 0.011054 0.003741 0.038203 0.176214 0.023727 0.021333 0.009164 0.004599 0.000359 0.012175 0.004639 0.005029 0.014627 0.007773 0.035542 0.010018 0.027440 0.001649 0.021467 0.003947 0.010097 0.001475 0.019457 0.004606 0.004039 0.001393 0.004195 0.007713 0.024680 0.002271 0.001546 0.015263 0.002821 0.002219 0.002280 0.004675 0.001282 0.012472 0.001773 0.001080 0.000050 0.000143 0.000897 0.001296 0.001420 0.003337 0.002244 0.001100 0.003791 0.000564 0.005637 0.001443 0.001453 0.002193 0.000465 0.000166 0.000764 0.002578 0.000355 
0.001687 0.000262 0.000432 0.012996 0.001992 0.000243 0.012820 0.013940 0.001255 0.001485 0.003251 0.003145 0.000107 0.000813 0.008196 0.014549 0.001687 0.004086 0.001228 0.000022 0.015300 0.000471 0.001874 0.005757 0.000548 0.006983 0.001239 0.012521 0.001237 0.001378 0.001027 0.002112 0.001677 0.002739 0.000425 0.000219 0.001721 0.000810 0.002177 0.007277 0.000544 0.001176 0.013944 0.000527 0.000284 0.000857 0.001279 0.000984 0.002903 0.000148 0.000198 0.000044 0.000091 0.000541 0.000307 0.000228 0.001581 0.000600 0.000224 0.003069 0.000132 0.002941 0.000429 0.000775 0.000777 0.000182 0.000042 0.000170 0.002017 0.000118 
0.044527 0.008858 0.007200 0.620507 0.137752 0.002191 1.032919 0.236246 0.034443 0.024354 0.130597 0.152061 0.001750 0.014089 0.164852 0.454422 0.040510 0.113573 0.026487 0.000282 0.163773 0.003642 0.030767 0.086707 0.004385 0.112774 0.005990 0.186221 0.014358 0.013546 0.011841 0.019898 0.011645 0.016907 0.004373 0.002724 0.008807 0.005152 0.017603 0.046354 0.002602 0.006267 0.069532 0.003830 0.001252 0.005574 0.003636 0.004012 0.010322 0.000936 0.000485 0.000193 0.000581 0.002228 0.000443 0.000583 0.002986 0.002687 0.000951 0.014804 0.000276 0.006250 0.001287 0.000484 0.001234 0.000193 0.000062 0.000085 0.004483 0.000558 
0.012144 0.004665 0.019295 0.002569 0.000713 0.024988 0.005494 0.001373 0.010923 0.363820 0.004063 0.002187 0.010755 0.194538 0.038000 0.003906 0.003811 0.001833 0.000915 0.000202 0.001401 0.003805 0.000798 0.002467 0.006577 0.006879 0.011774 0.004929 0.000321 0.012857 0.001135 0.002619 0.000233 0.008595 0.001783 0.002067 0.000246 0.001496 0.001845 0.005695 0.000893 0.000258 0.002638 0.000963 0.000967 0.000468 0.000999 0.000279 0.003226 0.000591 0.000353 0.000006 0.000022 0.000185 0.000307 0.000279 0.001405 0.000313 0.000503 0.000722 0.000156 0.001103 0.000390 0.000194 0.000503 0.000136 0.000062 0.000170 0.000448 0.000068 
0.004048 0.000524 0.000504 0.059995 0.009270 0.000081 0.050974 0.084909 0.002742 0.001188 0.008987 0.010635 0.000094 0.001084 0.013039 0.074110 0.004029 0.014452 0.003311 0.000034 0.252017 0.000381 0.006551 0.024849 0.000797 0.021471 0.000826 0.059143 0.009549 0.002066 0.003587 0.005281 0.016365 0.003400 0.000913 0.000626 0.021056 0.001864 0.009701 0.016295 0.000757 0.006460 0.085549 0.001605 0.000341 0.004093 0.001079 0.004198 0.005591 0.000542 0.000220 0.000450 0.000839 0.002202 0.000205 0.000330 0.001932 0.001696 0.000559 0.031774 0.000192 0.006372 0.000702 0.000194 0.001097 0.000227 0.000042 0.000509 0.005379 0.000490 
0.023613 0.007391 0.011735 0.012241 0.003295 0.003326 0.033423 0.006284 0.060054 0.076328 0.019551 0.008118 0.004369 0.054460 0.185528 0.022360 0.019521 0.006971 0.003648 0.000527 0.007650 0.006723 0.004751 0.013159 0.011709 0.036897 0.017557 0.029572 0.001695 0.025830 0.004524 0.012378 0.001428 0.025124 0.006517 0.004978 0.001167 0.005127 0.009180 0.028635 0.003320 0.001514 0.015263 0.004266 0.002503 0.002709 0.005354 0.001542 0.012042 0.002290 0.001852 0.000034 0.000121 0.001226 0.001364 0.001065 0.004683 0.002557 0.001435 0.003611 0.000588 0.008333 0.001872 0.001743 0.002559 0.000443 0.000218 0.000340 0.003474 0.000575 
0.054647 0.014938 0.029950 0.023424 0.006147 0.008316 0.060589 0.008237 0.099516 0.211461 0.034705 0.014919 0.013882 0.142517 0.355968 0.030073 0.035513 0.012048 0.006863 0.001725 0.016054 0.021438 0.007757 0.020972 0.031789 0.061598 0.043893 0.043558 0.002874 0.070372 0.008507 0.023193 0.002376 0.056859 0.012779 0.012931 0.001741 0.011137 0.013770 0.051259 0.007222 0.002513 0.022235 0.007156 0.005121 0.003976 0.010348 0.002953 0.022364 0.004087 0.002888 0.000061 0.000209 0.001951 0.003376 0.002891 0.008898 0.004592 0.002554 0.006499 0.000876 0.013602 0.003355 0.003099 0.003793 0.000783 0.000270 0.000849 0.005603 0.000795 
0.043178 0.013471 0.030742 0.020401 0.004303 0.010466 0.043954 0.005597 0.060937 0.320756 0.026291 0.011114 0.021177 0.225426 0.226880 0.025680 0.026424 0.008533 0.005237 0.001799 0.011637 0.027309 0.005845 0.017036 0.045242 0.051176 0.060830 0.034234 0.002290 0.081852 0.006759 0.019560 0.001708 0.062337 0.013076 0.013589 0.001147 0.009126 0.010836 0.042083 0.006601 0.001885 0.018655 0.006399 0.006543 0.003177 0.010748 0.001876 0.021181 0.004013 0.003197 0.000056 0.000149 0.001450 0.002933 0.002434 0.009015 0.003653 0.002274 0.005416 0.000888 0.009191 0.002692 0.002712 0.003610 0.000534 0.000332 0.000934 0.004034 0.000609 
0.019228 0.006866 0.025847 0.002720 0.001303 0.014238 0.012820 0.001373 0.028911 0.874059 0.006979 0.002097 0.049822 1.852176 0.089225 0.003515 0.009714 0.001863 0.001120 0.000959 0.001401 0.030752 0.001076 0.002996 0.083956 0.015947 0.141696 0.005728 0.000332 0.094594 0.001640 0.005745 0.000311 0.027580 0.005901 0.008454 0.000205 0.003189 0.002082 0.009018 0.002271 0.000226 0.001884 0.001560 0.003812 0.000507 0.002597 0.000260 0.005483 0.001280 0.000970 0.000006 0.000008 0.000198 0.001023 0.000583 0.001288 0.000522 0.000391 0.000181 0.000120 0.001348 0.000234 0.000484 0.000274 0.000102 0.000010 -0.000000 0.000448 0.000101 
0.018553 0.004560 0.005040 0.143112 0.027049 0.001298 0.242663 0.109199 0.021614 0.029106 0.069648 0.069380 0.001817 0.018424 0.127224 0.572568 0.029766 0.111680 0.025163 0.000254 0.189417 0.004530 0.048155 0.154263 0.006228 0.146856 0.008469 0.336210 0.024572 0.019745 0.021015 0.036585 0.019999 0.030791 0.007536 0.004947 0.016386 0.010205 0.038235 0.103783 0.005455 0.012791 0.146413 0.010343 0.002617 0.013681 0.009469 0.010495 0.032148 0.002979 0.002072 0.000394 0.001101 0.005564 0.002217 0.002181 0.008898 0.006862 0.003076 0.029247 0.001032 0.025121 0.003511 0.002034 0.004981 0.000965 0.000322 0.001443 0.015690 0.002080 
0.012144 0.003721 0.004608 0.028562 0.007131 0.001176 0.071578 0.012356 0.018778 0.022869 0.044982 0.021719 0.001911 0.019779 0.115675 0.053410 0.030640 0.020311 0.013159 0.000269 0.024997 0.004095 0.011895 0.035834 0.006876 0.082965 0.010534 0.070998 0.004179 0.021697 0.009840 0.020236 0.003431 0.023329 0.006623 0.005166 0.003031 0.008365 0.016799 0.050626 0.003980 0.003608 0.037498 0.006605 0.002731 0.004658 0.008151 0.003176 0.021181 0.002462 0.002469 0.000109 0.000325 0.002109 0.001637 0.001750 0.007084 0.003392 0.002144 0.009027 0.000948 0.015073 0.002887 0.002518 0.003107 0.000704 0.000405 0.000849 0.005603 0.000812 
0.026986 0.007128 0.006912 0.091731 0.021270 0.002069 0.225722 0.049319 0.033141 0.038015 0.099860 0.085138 0.002766 0.028720 0.183106 0.263826 0.051879 0.129858 0.051072 0.000439 0.085550 0.006759 0.060810 0.154792 0.010513 0.216793 0.012393 0.279997 0.015469 0.036047 0.026494 0.045288 0.012204 0.045903 0.011399 0.008673 0.008971 0.015063 0.038235 0.115332 0.006834 0.010101 0.104769 0.011490 0.004836 0.011537 0.013585 0.008712 0.039029 0.004013 0.002425 0.000276 0.000845 0.005854 0.003070 0.003043 0.011357 0.007097 0.003672 0.021303 0.001284 0.024753 0.004837 0.003196 0.005758 0.000988 0.000467 0.001528 0.012103 0.001572 
0.078260 0.021333 0.030958 0.071330 0.018787 0.006572 0.223891 0.026297 0.161987 0.174040 0.187291 0.061472 0.011998 0.103772 1.072187 0.110627 0.336136 0.053151 0.041128 0.002331 0.046546 0.028106 0.033012 0.085062 0.040458 0.421600 0.052774 0.162910 0.007729 0.119391 0.039416 0.102785 0.005621 0.152821 0.038252 0.024767 0.004445 0.034688 0.042257 0.170862 0.015667 0.006170 0.051254 0.019425 0.010697 0.009335 0.019978 0.004904 0.048813 0.006401 0.004652 0.000114 0.000429 0.003560 0.003547 0.003169 0.013055 0.007123 0.003393 0.007402 0.001536 0.023896 0.003472 0.002906 0.004753 0.000692 0.000301 0.000509 0.008629 0.001403 
0.005060 0.002778 0.003528 0.006649 0.001180 0.000892 0.015262 0.002587 0.011574 0.017820 0.009417 0.004494 0.001510 0.021676 0.062029 0.010252 0.009308 0.004176 0.002276 0.000256 0.004849 0.004204 0.002784 0.008165 0.007175 0.019699 0.008985 0.017450 0.000962 0.018138 0.002902 0.008449 0.000947 0.015490 0.004861 0.003883 0.000717 0.003655 0.005205 0.017877 0.002407 0.001192 0.010364 0.002936 0.002503 0.001325 0.003876 0.001245 0.010107 0.001822 0.001477 0.000026 0.000074 0.000778 0.001057 0.001116 0.003571 0.001983 0.001212 0.003250 0.000444 0.006005 0.001755 0.001065 0.001782 0.000272 0.000156 0.000255 0.002802 0.000338 
0.009445 0.003879 0.009863 0.006498 0.002090 0.003732 0.018619 0.002799 0.023380 0.166021 0.009943 0.004224 0.011878 0.173946 0.085127 0.010252 0.010338 0.004357 0.002540 0.000725 0.007003 0.025587 0.002839 0.009223 0.058545 0.024910 0.077767 0.015718 0.001031 0.083344 0.004181 0.010181 0.001025 0.040991 0.007791 0.011115 0.000881 0.007139 0.007240 0.025946 0.004698 0.001160 0.012060 0.004289 0.005064 0.001910 0.007152 0.001189 0.014085 0.002782 0.002072 0.000026 0.000094 0.001002 0.002797 0.001648 0.005035 0.002661 0.001286 0.002347 0.000732 0.008455 0.002107 0.001840 0.002102 0.000443 0.000260 0.000764 0.003250 0.000423 
0.020240 0.008439 0.024839 0.004534 0.001623 0.012413 0.016178 0.001743 0.040671 0.662895 0.011473 0.002936 0.046361 0.949931 0.147714 0.004687 0.015429 0.002283 0.001902 0.001911 0.001508 0.082778 0.001707 0.003818 0.286896 0.026995 0.547263 0.009458 0.000550 0.273681 0.003100 0.011956 0.000217 0.075749 0.013182 0.024516 0.000143 0.007605 0.004259 0.019301 0.005747 0.000290 0.003015 0.002981 0.009502 0.000702 0.004595 0.000353 0.011074 0.003398 0.002491 0.000010 0.000017 0.000303 0.001773 0.001242 0.003220 0.001096 0.000671 0.000722 0.000348 0.002451 0.000936 0.001743 0.000548 0.000193 0.000093 0.000255 0.000560 0.000203 
0.010794 0.001939 0.002376 0.117271 0.020483 0.000568 0.144224 0.168129 0.010923 0.012177 0.034083 0.037776 0.000735 0.005419 0.059235 0.268709 0.016398 0.052099 0.013472 0.000128 1.147167 0.001522 0.030359 0.105740 0.003438 0.098182 0.004131 0.276933 0.042216 0.007692 0.015013 0.024503 0.053381 0.014545 0.003672 0.002787 0.044897 0.006722 0.037951 0.080843 0.003029 0.021264 0.273228 0.006215 0.001821 0.017832 0.006473 0.014879 0.020213 0.001871 0.001080 0.000938 0.002235 0.008003 0.000784 0.001090 0.005444 0.005845 0.002088 0.068603 0.000612 0.023528 0.002614 0.000678 0.004433 0.000624 0.000312 0.000509 0.019948 0.002249 
0.048912 0.016773 0.023831 0.042616 0.011336 0.006896 0.117058 0.019749 0.110951 0.175822 0.085136 0.033282 0.011650 0.136014 0.671514 0.074012 0.111317 0.029144 0.019540 0.002373 0.034048 0.033398 0.019429 0.056101 0.051520 0.211269 0.067336 0.115622 0.006160 0.133970 0.027214 0.075578 0.005621 0.160282 0.037424 0.025831 0.004240 0.032750 0.037052 0.137955 0.017356 0.005896 0.051631 0.020045 0.014338 0.009023 0.025811 0.006390 0.058275 0.009577 0.007231 0.000153 0.000443 0.003718 0.005525 0.005756 0.018792 0.008297 0.004921 0.011554 0.002100 0.026224 0.005539 0.004939 0.006626 0.001305 0.000706 0.001698 0.012888 0.001708 
0.016192 0.004403 0.005184 0.086139 0.017237 0.001055 0.165743 0.065319 0.021846 0.025542 0.060422 0.051256 0.001790 0.017611 0.119773 0.312256 0.030578 0.089116 0.026042 0.000296 0.167221 0.004512 0.060328 0.218236 0.007474 0.172809 0.012187 0.471146 0.029816 0.022271 0.027449 0.044485 0.021334 0.034852 0.009850 0.007170 0.015956 0.013223 0.052383 0.126090 0.006834 0.015320 0.163937 0.012981 0.003755 0.016663 0.013385 0.013411 0.042685 0.004358 0.002800 0.000459 0.001313 0.007779 0.002694 0.002840 0.013113 0.008506 0.003784 0.036107 0.001440 0.034802 0.005071 0.003583 0.006946 0.001260 0.000509 0.001613 0.018379 0.002333 
0.013493 0.004770 0.006480 0.052742 0.011680 0.001460 0.111716 0.025874 0.025007 0.034452 0.054782 0.035769 0.002058 0.029533 0.134862 0.118927 0.035450 0.049816 0.028775 0.000336 0.056028 0.006089 0.045687 0.108207 0.009417 0.213875 0.011670 0.204869 0.010019 0.030077 0.024691 0.045753 0.008711 0.043164 0.011888 0.007671 0.006575 0.014106 0.039418 0.121027 0.007552 0.008409 0.089129 0.011284 0.005064 0.011109 0.012666 0.008062 0.039567 0.004702 0.003241 0.000266 0.000699 0.005115 0.003956 0.003423 0.014928 0.008193 0.003374 0.021303 0.001668 0.027817 0.005149 0.003971 0.007083 0.001339 0.000498 0.002207 0.015353 0.001809 
0.005397 0.001887 0.003528 0.005138 0.000836 0.001176 0.013888 0.001848 0.010598 0.035640 0.006931 0.003445 0.002605 0.028991 0.052529 0.008788 0.007277 0.002734 0.001758 0.000440 0.004418 0.010891 0.002115 0.006168 0.014400 0.016885 0.018383 0.012388 0.000676 0.036736 0.002577 0.007773 0.000854 0.027107 0.004989 0.006043 0.000942 0.004563 0.004732 0.018194 0.003242 0.001112 0.010175 0.003050 0.002390 0.001579 0.004235 0.001077 0.011612 0.001896 0.001543 0.000038 0.000118 0.000633 0.001773 0.001369 0.003805 0.001722 0.001137 0.002166 0.000504 0.006862 0.001560 0.002228 0.001737 0.000477 0.000166 0.000340 0.002465 0.000423 
0.013830 0.002464 0.005688 0.016321 0.003959 0.001176 0.038307 0.007815 0.021753 0.048410 0.023901 0.011084 0.002939 0.033326 0.130391 0.030562 0.024237 0.012289 0.007236 0.000479 0.019933 0.008716 0.009056 0.026964 0.014101 0.083695 0.019416 0.052216 0.003366 0.042476 0.012958 0.036881 0.003059 0.063754 0.016749 0.012180 0.002683 0.016731 0.020821 0.075622 0.008601 0.004124 0.037687 0.010779 0.005178 0.005515 0.015223 0.004105 0.035481 0.005638 0.004079 0.000103 0.000319 0.002518 0.004127 0.003524 0.015514 0.005688 0.003598 0.009207 0.001500 0.020955 0.004993 0.005811 0.005438 0.001033 0.000498 0.001443 0.008741 0.001420 
0.022938 0.005032 0.005976 0.061960 0.013500 0.001460 0.140409 0.045148 0.032165 0.038015 0.074572 0.050208 0.002418 0.029804 0.188881 0.217349 0.053222 0.077458 0.039298 0.000476 0.130695 0.007702 0.119283 0.395057 0.011609 0.562203 0.015182 0.901132 0.034224 0.035128 0.101090 0.134131 0.021380 0.071027 0.019721 0.010708 0.014891 0.030420 0.126392 0.309133 0.011610 0.022505 0.208973 0.025159 0.006600 0.031123 0.023933 0.018408 0.071715 0.005884 0.003946 0.000435 0.001522 0.011615 0.003649 0.003727 0.017153 0.013672 0.005015 0.034302 0.001932 0.047914 0.006593 0.004165 0.009139 0.001498 0.000685 0.001358 0.025776 0.002756 
0.006072 0.001206 0.004464 0.002418 0.000615 0.001785 0.006105 0.000950 0.009761 0.082268 0.004780 0.001498 0.005251 0.082638 0.044892 0.003808 0.006153 0.001472 0.001120 0.000458 0.001832 0.022634 0.001076 0.002878 0.123866 0.013966 0.397718 0.005461 0.000424 0.250491 0.002199 0.007013 0.000357 0.068949 0.010784 0.033189 0.000225 0.006501 0.003880 0.014713 0.007358 0.000338 0.003203 0.003738 0.017809 0.000974 0.007552 0.000557 0.013332 0.005638 0.003902 0.000003 0.000030 0.000475 0.003445 0.002383 0.005444 0.001644 0.001081 0.000361 0.000648 0.003921 0.001638 0.002421 0.001097 0.000409 0.000197 0.000594 0.000784 0.000169 
0.005735 0.000839 0.001440 0.011636 0.002262 0.000690 0.021367 0.005122 0.005206 0.010989 0.010325 0.006770 0.000561 0.008128 0.039304 0.024703 0.009745 0.008383 0.004575 0.000089 0.015946 0.001703 0.007924 0.023322 0.004036 0.062015 0.004957 0.057678 0.003057 0.013431 0.012814 0.018926 0.002345 0.016245 0.003587 0.003350 0.002601 0.005618 0.017035 0.047462 0.003669 0.003302 0.032411 0.005527 0.002447 0.004794 0.005674 0.003381 0.019461 0.002191 0.001742 0.000108 0.000319 0.002189 0.001569 0.001521 0.007025 0.004096 0.001715 0.006138 0.000828 0.011887 0.002848 0.002034 0.002696 0.000647 0.000457 0.000764 0.006276 0.000964 
0.022264 0.004560 0.008568 0.018135 0.004500 0.002921 0.046548 0.008290 0.031282 0.083159 0.025144 0.012103 0.005451 0.074781 0.160567 0.032515 0.027735 0.013791 0.006381 0.000980 0.017024 0.023811 0.009631 0.027610 0.042252 0.087864 0.059591 0.060209 0.003412 0.151420 0.014238 0.044105 0.003323 0.224131 0.046149 0.035945 0.003072 0.030003 0.025600 0.110586 0.019919 0.004108 0.040702 0.018072 0.018549 0.007211 0.028129 0.004402 0.060103 0.011399 0.009171 0.000124 0.000388 0.003454 0.008799 0.006897 0.022129 0.009497 0.005947 0.011013 0.002928 0.030635 0.009128 0.007942 0.009185 0.001907 0.000935 0.002462 0.012215 0.001843 
0.010120 0.002097 0.003456 0.042768 0.008238 0.000690 0.074935 0.031577 0.014595 0.020493 0.032745 0.025284 0.001229 0.011109 0.082333 0.112092 0.018397 0.034432 0.012449 0.000214 0.113348 0.003751 0.029579 0.114082 0.007075 0.118402 0.010018 0.334211 0.032152 0.023763 0.025178 0.042542 0.021148 0.037402 0.009361 0.007170 0.015710 0.014449 0.058393 0.145707 0.007572 0.020588 0.207465 0.014059 0.005747 0.020638 0.015383 0.015770 0.049566 0.005269 0.003219 0.000560 0.001695 0.009717 0.004195 0.003601 0.015923 0.010045 0.005387 0.040259 0.001968 0.038968 0.006476 0.004165 0.009002 0.001862 0.000634 0.001953 0.027120 0.003128 
0.023613 0.006552 0.009935 0.022517 0.005975 0.003286 0.057690 0.011300 0.044947 0.104840 0.035900 0.017585 0.006213 0.076135 0.232469 0.051750 0.043290 0.018718 0.010595 0.001225 0.028122 0.026602 0.014122 0.044000 0.049078 0.150504 0.065891 0.094576 0.005771 0.171165 0.026656 0.096363 0.004906 0.362123 0.097754 0.051569 0.003994 0.061281 0.046374 0.191903 0.038033 0.007024 0.061052 0.035663 0.026969 0.012141 0.052302 0.007114 0.108701 0.018367 0.014683 0.000173 0.000600 0.005761 0.013199 0.011182 0.036179 0.015081 0.008631 0.014623 0.003971 0.044973 0.012522 0.009491 0.013344 0.002883 0.001444 0.005094 0.014569 0.002401 
0.000675 0.000210 0.000432 0.003627 0.000689 0.000081 0.007631 0.002112 0.001766 0.002079 0.002247 0.001468 0.000187 0.002709 0.007637 0.008495 0.001437 0.002073 0.001023 0.000019 0.007865 0.000652 0.002357 0.008635 0.000997 0.011986 0.000620 0.023977 0.001763 0.002526 0.002685 0.004689 0.001304 0.004817 0.001168 0.000845 0.001393 0.002036 0.006767 0.016295 0.001184 0.001853 0.018843 0.001812 0.001195 0.002436 0.002078 0.001895 0.006666 0.000665 0.000507 0.000050 0.000165 0.001173 0.000580 0.000659 0.002400 0.001122 0.000783 0.002347 0.000336 0.005759 0.001248 0.000581 0.001188 0.000318 0.000125 0.000170 0.002690 0.000254 
0.001687 0.000577 0.000792 0.001209 0.000344 0.000325 0.003663 0.000211 0.002324 0.012177 0.001769 0.001019 0.000735 0.011651 0.014529 0.002441 0.001655 0.000721 0.000494 0.000098 0.001401 0.003352 0.000854 0.002232 0.011460 0.006566 0.021482 0.003330 0.000389 0.043050 0.001226 0.004056 0.000202 0.024935 0.004437 0.013464 0.000307 0.003287 0.002319 0.011233 0.004601 0.000419 0.004522 0.002110 0.018890 0.000916 0.005434 0.000464 0.010967 0.003865 0.003020 0.000016 0.000047 0.000396 0.002933 0.002409 0.005327 0.001670 0.001305 0.001083 0.000648 0.005269 0.002302 0.003196 0.001691 0.000363 0.000145 0.001019 0.001793 0.000338 
0.001687 0.000786 0.001008 0.009823 0.002410 0.000325 0.020756 0.010033 0.003393 0.005346 0.007648 0.005512 0.000281 0.002709 0.019186 0.024313 0.004810 0.007361 0.002564 0.000042 0.043529 0.001196 0.005252 0.020208 0.002192 0.026474 0.001549 0.050884 0.006595 0.008036 0.004362 0.011026 0.014207 0.009823 0.002547 0.002067 0.014010 0.004097 0.016089 0.046671 0.002699 0.011953 0.162618 0.004564 0.002048 0.008614 0.005794 0.009845 0.014945 0.002068 0.001433 0.000435 0.001238 0.005063 0.001569 0.001268 0.006791 0.004357 0.001808 0.032135 0.000912 0.018014 0.004330 0.002615 0.004113 0.000965 0.000239 0.000764 0.013672 0.001657 
0.001012 0.000367 0.001080 0.006649 0.001303 0.000122 0.012820 0.005016 0.002556 0.001782 0.005163 0.003924 0.000361 0.002168 0.015647 0.015037 0.003998 0.004327 0.001987 0.000044 0.023489 0.000942 0.003507 0.014040 0.001794 0.018969 0.001756 0.038896 0.004030 0.004477 0.005281 0.008196 0.005776 0.008878 0.002102 0.001816 0.004875 0.003655 0.015616 0.041450 0.002077 0.009569 0.089129 0.003624 0.001479 0.007152 0.004954 0.006984 0.014622 0.001502 0.001124 0.000231 0.000630 0.004048 0.001535 0.001293 0.005327 0.004331 0.001846 0.016248 0.000768 0.017156 0.002458 0.001840 0.003519 0.000590 0.000301 0.000934 0.009974 0.001099 
0.002699 0.000891 0.001512 0.005592 0.001549 0.000243 0.012057 0.005492 0.004137 0.005940 0.005880 0.004853 0.000441 0.005690 0.018068 0.017478 0.004279 0.005498 0.002528 0.000065 0.018317 0.001268 0.004509 0.013922 0.002342 0.028454 0.002375 0.043824 0.003172 0.009069 0.006903 0.013519 0.003633 0.014923 0.004076 0.003162 0.003953 0.006280 0.035490 0.087013 0.003825 0.007024 0.062560 0.008394 0.002503 0.014889 0.009270 0.007542 0.032363 0.003250 0.002557 0.000187 0.000619 0.005432 0.002046 0.002992 0.010479 0.007828 0.003244 0.017331 0.001356 0.025979 0.005773 0.003196 0.007403 0.001317 0.000488 0.001189 0.013784 0.002316 
0.007084 0.001520 0.002664 0.022971 0.004500 0.000487 0.043801 0.016264 0.008599 0.012177 0.016157 0.011444 0.000802 0.013547 0.048617 0.054191 0.011338 0.016345 0.006646 0.000155 0.076392 0.003099 0.013880 0.051930 0.005082 0.082965 0.007539 0.145860 0.014221 0.020090 0.019465 0.038951 0.019502 0.032963 0.009340 0.006575 0.017738 0.016633 0.082053 0.204718 0.008795 0.047378 0.370837 0.019769 0.005405 0.061974 0.020657 0.049020 0.078488 0.006771 0.005049 0.000962 0.003336 0.026882 0.005491 0.004970 0.025114 0.020769 0.008985 0.067339 0.003264 0.081000 0.013341 0.006683 0.019741 0.003315 0.001122 0.004330 0.058163 0.006949 
0.006747 0.001939 0.003024 0.009218 0.001475 0.001095 0.018162 0.004805 0.012550 0.035046 0.010373 0.005782 0.002351 0.025740 0.055882 0.016892 0.011681 0.006009 0.003046 0.000359 0.010451 0.009894 0.004843 0.013746 0.022571 0.042212 0.036973 0.031570 0.002107 0.116062 0.009336 0.028896 0.001879 0.160755 0.033455 0.077212 0.002130 0.034713 0.024512 0.118654 0.053816 0.003544 0.028830 0.027292 0.098945 0.006451 0.083706 0.004737 0.126442 0.073639 0.055777 0.000094 0.000380 0.003995 0.044951 0.035244 0.065859 0.017768 0.015678 0.009568 0.008435 0.054531 0.023016 0.031573 0.020792 0.004836 0.003240 0.011122 0.015690 0.002824 
0.002361 0.000419 0.000648 0.017379 0.003590 0.000162 0.028540 0.027247 0.002556 0.003564 0.009178 0.008508 0.000254 0.004064 0.020490 0.055948 0.005497 0.013851 0.004286 0.000058 0.188770 0.001015 0.012006 0.043706 0.001445 0.046381 0.001756 0.148657 0.025763 0.005740 0.013733 0.022559 0.069700 0.012562 0.003184 0.001659 0.113144 0.007826 0.065207 0.126723 0.003611 0.096495 2.083320 0.010894 0.001422 0.048644 0.007831 0.081434 0.041072 0.002782 0.001521 0.005547 0.018733 0.039500 0.001603 0.001851 0.011708 0.016647 0.004828 0.315394 0.001308 0.085289 0.006046 0.002324 0.011379 0.002032 0.000550 0.001104 0.101310 0.009603 
0.002361 0.001677 0.001944 0.006045 0.001500 0.000771 0.010378 0.002851 0.007716 0.021978 0.006453 0.003595 0.001136 0.016257 0.038745 0.012693 0.007215 0.003545 0.002276 0.000194 0.007758 0.005183 0.003452 0.009634 0.013004 0.026161 0.020965 0.022245 0.001534 0.053841 0.005551 0.016772 0.001413 0.069043 0.017364 0.036602 0.001659 0.017001 0.015048 0.059802 0.023491 0.002191 0.024496 0.013531 0.063498 0.004365 0.039316 0.002861 0.069994 0.038974 0.033841 0.000073 0.000267 0.002347 0.031616 0.021882 0.036823 0.010515 0.009880 0.008305 0.005771 0.033209 0.015643 0.021791 0.014258 0.002951 0.001963 0.009593 0.009526 0.001826 
0.005735 0.001887 0.003024 0.019041 0.004377 0.000649 0.036018 0.014046 0.012550 0.022572 0.019790 0.011833 0.001390 0.018153 0.071529 0.051555 0.016679 0.014933 0.007742 0.000280 0.056459 0.006107 0.017351 0.056512 0.010663 0.124031 0.014459 0.142263 0.012000 0.039835 0.033468 0.083521 0.012825 0.080944 0.023159 0.017377 0.012044 0.048573 0.206410 0.792925 0.024792 0.025163 0.229889 0.073780 0.014793 0.064410 0.071440 0.034921 0.277182 0.018219 0.012611 0.000649 0.002348 0.029084 0.013165 0.013870 0.078797 0.064447 0.025800 0.053258 0.008159 0.208933 0.032183 0.017239 0.041996 0.007764 0.002524 0.007216 0.083155 0.012224 
0.004723 0.001153 0.001512 0.015414 0.003098 0.000568 0.028387 0.009346 0.005996 0.010692 0.011234 0.007519 0.000655 0.008941 0.036882 0.034467 0.007340 0.009915 0.004695 0.000104 0.044068 0.002138 0.008017 0.031840 0.004733 0.048466 0.005990 0.076859 0.008175 0.014579 0.011192 0.023658 0.011210 0.024935 0.006390 0.004697 0.011573 0.010279 0.049970 0.126248 0.005805 0.026838 0.223294 0.012362 0.004552 0.036736 0.014584 0.036556 0.053867 0.005047 0.004255 0.000609 0.002141 0.019552 0.004093 0.004133 0.020138 0.015759 0.006133 0.048022 0.002400 0.068623 0.009713 0.006005 0.014303 0.002770 0.000810 0.002038 0.040232 0.005258 
0.007759 0.001258 0.002736 0.011183 0.002951 0.000811 0.027013 0.007234 0.014549 0.034155 0.015201 0.007160 0.001830 0.020863 0.067058 0.029097 0.016273 0.008743 0.005153 0.000346 0.024351 0.007720 0.009724 0.026964 0.015097 0.082444 0.024373 0.073396 0.005130 0.064402 0.019645 0.066242 0.004596 0.138181 0.036788 0.034254 0.005080 0.077226 0.071785 0.348052 0.061893 0.009166 0.085360 0.106392 0.036699 0.020814 0.236696 0.012780 0.613284 0.046040 0.031548 0.000248 0.000966 0.011523 0.031548 0.030680 0.137221 0.054871 0.035177 0.021303 0.013894 0.149378 0.041818 0.028861 0.044875 0.009308 0.004507 0.012819 0.044491 0.007304 
0.002024 0.000891 0.001224 0.005743 0.000984 0.000446 0.010378 0.003432 0.004741 0.011880 0.005832 0.003505 0.000775 0.008941 0.030176 0.012498 0.005029 0.004176 0.001866 0.000112 0.012822 0.002899 0.003285 0.012160 0.005830 0.025327 0.008985 0.026241 0.001924 0.021697 0.006110 0.014068 0.002127 0.039480 0.010147 0.012775 0.002294 0.016142 0.017177 0.076730 0.016153 0.003770 0.034672 0.016536 0.017809 0.006392 0.046628 0.004421 0.114937 0.026491 0.017990 0.000135 0.000407 0.003573 0.020020 0.022440 0.087988 0.019230 0.020189 0.011193 0.010295 0.066417 0.029413 0.022663 0.026505 0.005766 0.003168 0.008744 0.015802 0.003483 
0.003711 0.001048 0.002664 0.013601 0.002680 0.000406 0.027013 0.008713 0.008367 0.017820 0.012620 0.007999 0.000975 0.010838 0.039490 0.033589 0.009589 0.010546 0.004358 0.000139 0.035125 0.003117 0.008313 0.031546 0.005979 0.053677 0.008262 0.074728 0.006881 0.021812 0.014148 0.033839 0.008788 0.037780 0.010147 0.008391 0.009627 0.020680 0.070318 0.225443 0.013202 0.016963 0.152819 0.028255 0.008762 0.035586 0.035161 0.024556 0.140849 0.011744 0.008113 0.000540 0.001841 0.021991 0.010777 0.010954 0.053039 0.051714 0.018381 0.051091 0.007475 0.193493 0.029725 0.014528 0.037746 0.007310 0.002461 0.005433 0.085732 0.011700 
-0.000000 0.000052 -0.000000 0.000151 -0.000000 -0.000000 0.000153 0.000106 0.000186 -0.000000 0.000191 0.000030 0.000013 0.000271 0.000559 0.000098 0.000250 0.000090 0.000036 0.000003 0.000215 0.000145 0.000074 0.000176 0.000249 0.000625 -0.000000 0.000666 0.000011 0.000574 -0.000000 0.000253 0.000047 0.000850 0.000170 0.000282 -0.000000 0.000221 0.000284 0.000791 0.000155 0.000113 0.000188 0.000115 0.001309 0.000156 0.000719 0.000111 0.001398 0.000517 0.000639 0.000001 0.000008 0.000066 0.001432 0.000811 0.001171 0.000417 0.000186 -0.000000 0.000156 0.000980 0.000468 0.001743 0.000274 0.000079 0.000125 0.000340 0.000560 0.000034 
0.005060 0.000681 0.000936 0.006045 0.001402 0.000406 0.012209 0.004541 0.003997 0.009207 0.005115 0.003685 0.000668 0.006774 0.022353 0.012596 0.004466 0.004447 0.002119 0.000091 0.012068 0.002084 0.003915 0.012278 0.004285 0.024598 0.005370 0.028772 0.002462 0.015498 0.005695 0.015842 0.002841 0.024935 0.006941 0.007045 0.002970 0.012585 0.021673 0.080843 0.009222 0.004962 0.047862 0.014907 0.007795 0.009199 0.027489 0.006799 0.112679 0.010168 0.007363 0.000172 0.000515 0.005590 0.010470 0.010345 0.058483 0.039190 0.020990 0.015165 0.007055 0.104038 0.025512 0.014721 0.031029 0.005925 0.002139 0.006877 0.031939 0.004548 
-0.000000 0.000419 0.000792 0.006196 0.001549 0.000081 0.011752 0.008079 0.003207 0.003861 0.005880 0.003445 0.000361 0.003522 0.020117 0.021774 0.005185 0.006520 0.003203 0.000093 0.044176 0.001649 0.007052 0.025671 0.002441 0.047111 0.005370 0.084052 0.008965 0.011824 0.014995 0.036036 0.013229 0.028524 0.008279 0.006356 0.015505 0.022005 0.116171 0.352956 0.012716 0.037148 0.336354 0.039355 0.006486 0.084035 0.039556 0.073614 0.219445 0.011251 0.006614 0.001486 0.006107 0.098024 0.008765 0.009432 0.084944 0.118665 0.033313 0.136123 0.010583 0.658538 0.047514 0.015012 0.089567 0.014246 0.003531 0.007386 0.395040 0.050198 
0.001012 0.000419 0.000216 0.008614 0.001451 0.000162 0.013583 0.009082 0.001673 0.003564 0.003824 0.003235 0.000147 0.001355 0.010245 0.020114 0.002624 0.005048 0.001794 0.000032 0.053765 0.000453 0.004621 0.013981 0.000747 0.018552 0.001136 0.038496 0.006229 0.003559 0.004596 0.009041 0.014704 0.005950 0.002080 0.001472 0.029536 0.003606 0.022619 0.056321 0.002097 0.018880 0.294333 0.005779 0.001138 0.016390 0.005234 0.026748 0.025804 0.001403 0.000926 0.005215 0.009230 0.016757 0.001330 0.001572 0.009542 0.009732 0.003933 1.181057 0.001308 0.057104 0.005734 0.001646 0.009734 0.001623 0.000717 0.000849 0.094585 0.008995 
0.001349 0.000262 0.000360 0.001662 0.000295 0.000122 0.003968 0.001954 0.001580 0.003861 0.002868 0.001228 0.000254 0.001084 0.007265 0.007421 0.002124 0.002073 0.000855 0.000043 0.010559 0.000834 0.002041 0.007872 0.001893 0.020012 0.002995 0.022112 0.002187 0.011250 0.006380 0.015335 0.003354 0.021346 0.005816 0.006544 0.003400 0.014081 0.040222 0.155991 0.012425 0.008538 0.076881 0.027728 0.008648 0.021652 0.045989 0.015622 0.256969 0.019278 0.014198 0.000348 0.001258 0.019684 0.021248 0.025406 0.194592 0.166439 0.103853 0.037010 0.034687 1.236811 0.195360 0.052493 0.465428 0.062760 0.012961 0.028780 0.193318 0.041152 
0.002361 0.000157 0.000504 0.004231 0.001549 0.000162 0.010988 0.005016 0.002464 0.002079 0.003776 0.002726 0.000254 0.002168 0.010245 0.014939 0.002780 0.003545 0.001373 0.000040 0.023381 0.000870 0.002802 0.011220 0.001495 0.016259 0.001962 0.028239 0.003412 0.004707 0.003749 0.007604 0.006521 0.008689 0.002038 0.001628 0.010262 0.003680 0.015521 0.049202 0.002427 0.009215 0.129454 0.004954 0.001935 0.010056 0.005514 0.014173 0.020751 0.002462 0.001499 0.001297 0.003212 0.010218 0.001944 0.001699 0.010947 0.007697 0.003747 0.203823 0.001488 0.042154 0.005734 0.002906 0.008728 0.001555 0.000447 0.001358 0.067689 0.006323 
0.001012 0.000524 0.000432 0.004231 0.000787 0.000041 0.008394 0.005808 0.001906 0.004455 0.003155 0.002666 0.000107 0.001084 0.010059 0.014841 0.002186 0.002794 0.001204 0.000033 0.040512 0.000562 0.003118 0.010809 0.001046 0.014071 0.001136 0.031969 0.004202 0.002526 0.003839 0.007435 0.009704 0.006517 0.001719 0.001816 0.018618 0.003729 0.017650 0.048569 0.001961 0.012823 0.203320 0.004724 0.001024 0.012180 0.005234 0.019634 0.023654 0.001871 0.001213 0.002822 0.006225 0.014278 0.001467 0.001724 0.009308 0.009158 0.002983 0.717264 0.001452 0.053428 0.005422 0.003293 0.009916 0.001873 0.000540 0.001698 0.104560 0.009553 
0.001012 0.000629 0.000576 0.001209 0.000418 0.000203 0.004426 0.001214 0.001673 0.004752 0.002629 0.001108 0.000267 0.003251 0.010059 0.005761 0.002280 0.001412 0.000819 0.000056 0.006034 0.001540 0.001614 0.005463 0.003039 0.012090 0.004338 0.015452 0.001374 0.012743 0.003875 0.011956 0.001506 0.030696 0.007217 0.009518 0.001454 0.011358 0.017840 0.070243 0.012134 0.003302 0.029772 0.014884 0.020256 0.006996 0.040515 0.005164 0.131387 0.029963 0.023634 0.000132 0.000435 0.005432 0.051329 0.055757 0.155662 0.039764 0.056913 0.014984 0.086412 0.189081 0.264056 0.153604 0.158890 0.058504 0.034999 0.078785 0.051215 0.010787 
0.003036 0.000524 0.000792 0.005289 0.000959 0.000162 0.010683 0.004594 0.003347 0.008613 0.004780 0.003116 0.000534 0.004877 0.019745 0.012303 0.004123 0.004447 0.001794 0.000083 0.013037 0.001631 0.003247 0.010398 0.003288 0.020533 0.004751 0.029971 0.002439 0.011939 0.005425 0.015420 0.003540 0.024085 0.005328 0.006888 0.003257 0.010941 0.026736 0.089228 0.008717 0.005751 0.063314 0.015251 0.008990 0.011186 0.024732 0.008656 0.096766 0.012064 0.009370 0.000249 0.000867 0.008425 0.013131 0.014326 0.066796 0.041773 0.028689 0.024914 0.013714 0.292629 0.065302 0.027118 0.135219 0.021840 0.005805 0.012565 0.077439 0.015791 
0.001012 0.000629 0.000504 0.004987 0.001008 0.000365 0.011294 0.003591 0.003672 0.004752 0.004732 0.002786 0.000428 0.006503 0.015461 0.012693 0.004279 0.003786 0.001758 0.000087 0.013791 0.001341 0.003619 0.012630 0.003787 0.025223 0.004647 0.032635 0.003195 0.011595 0.007263 0.016814 0.003913 0.023235 0.006262 0.006387 0.004527 0.011505 0.031988 0.108371 0.009629 0.008570 0.081592 0.017820 0.009445 0.016254 0.028208 0.013393 0.115797 0.014009 0.010009 0.000328 0.001222 0.013501 0.013267 0.015721 0.078211 0.057010 0.035009 0.037551 0.015718 0.489308 0.075796 0.030992 0.149293 0.025960 0.007405 0.016555 0.151964 0.031228 
-0.000000 -0.000000 -0.000000 0.000151 -0.000000 -0.000000 0.000153 0.000158 0.000139 -0.000000 0.000096 0.000090 0.000013 -0.000000 0.000186 0.000293 0.000062 0.000030 0.000096 0.000003 0.000323 -0.000000 0.000111 0.000294 0.000100 0.000417 0.000103 0.000799 0.000034 0.000459 0.000108 0.000507 0.000093 0.000189 0.000191 0.000219 0.000041 0.000343 0.000473 0.001898 0.000214 0.000081 0.000565 0.000321 0.000455 0.000117 0.000479 0.000093 0.001290 0.000517 0.000617 0.000001 0.000003 0.000119 0.001160 0.001014 0.001639 0.000470 0.000391 0.000181 0.000324 0.001716 0.000897 0.011913 0.000777 0.000295 0.000571 0.006282 0.000672 0.000085 
0.000675 0.000262 0.000288 0.003929 0.001082 0.000041 0.008241 0.005967 0.001209 0.001188 0.002342 0.002397 0.000174 0.001084 0.008755 0.013279 0.002436 0.003425 0.001204 0.000033 0.030923 0.000435 0.002858 0.010457 0.001046 0.014800 0.001962 0.030504 0.003767 0.002755 0.003911 0.008365 0.008509 0.005478 0.001656 0.001378 0.017656 0.003753 0.020111 0.052524 0.001825 0.014047 0.214060 0.005527 0.001309 0.013486 0.005514 0.021919 0.022149 0.001822 0.001499 0.002676 0.006220 0.016533 0.001773 0.002231 0.009952 0.011324 0.004064 0.582224 0.001620 0.066908 0.006164 0.001743 0.011059 0.002179 0.000509 0.001698 0.137171 0.012123 
0.001687 0.000262 0.000432 0.002871 0.000639 0.000041 0.005799 0.002059 0.001952 0.005643 0.002868 0.001977 0.000160 0.005148 0.009872 0.007421 0.002467 0.001983 0.001023 0.000044 0.006896 0.000942 0.002078 0.006991 0.002043 0.011152 0.003202 0.016917 0.001454 0.005970 0.003046 0.007520 0.001677 0.013601 0.002845 0.003851 0.001680 0.005422 0.011546 0.042874 0.004756 0.003157 0.033730 0.006192 0.004154 0.004911 0.012306 0.004774 0.039782 0.005490 0.004365 0.000120 0.000410 0.004034 0.006582 0.006846 0.028978 0.016281 0.011651 0.009207 0.006371 0.109552 0.030193 0.015302 0.054700 0.010681 0.002607 0.006877 0.036646 0.008318 
0.000675 0.000367 0.000504 0.001058 0.000369 0.000041 0.002137 0.001584 0.001069 0.003267 0.001338 0.001078 0.000174 0.002709 0.004098 0.003710 0.001093 0.001172 0.000566 0.000020 0.003987 0.000526 0.000835 0.003642 0.000897 0.007192 0.002066 0.008658 0.000710 0.004133 0.001496 0.002957 0.000761 0.008312 0.001804 0.002192 0.000574 0.003165 0.005773 0.020725 0.002504 0.001305 0.013944 0.003394 0.002959 0.002105 0.007951 0.001950 0.024192 0.004284 0.003902 0.000046 0.000149 0.001477 0.005457 0.006364 0.021543 0.008010 0.007550 0.004874 0.005903 0.034679 0.025356 0.017046 0.026185 0.010466 0.004362 0.008829 0.010198 0.002266 
0.001349 0.000629 0.000144 0.005138 0.001033 -0.000000 0.008547 0.006231 0.001720 0.002970 0.003298 0.002486 0.000187 0.002709 0.010990 0.013572 0.002343 0.004146 0.001445 0.000038 0.031893 0.000580 0.003693 0.012689 0.001445 0.016468 0.001136 0.032902 0.004683 0.005740 0.004668 0.008660 0.008183 0.009823 0.002505 0.002442 0.012781 0.005495 0.024985 0.068503 0.002834 0.014563 0.180331 0.007454 0.002333 0.016916 0.008710 0.023906 0.041287 0.002856 0.002646 0.001636 0.004797 0.021437 0.002728 0.002764 0.017680 0.016464 0.006767 0.227654 0.002412 0.109675 0.011859 0.005424 0.019604 0.003666 0.001111 0.002802 0.255852 0.022284 
-0.000000 0.000052 -0.000000 0.004231 0.000418 0.000041 0.004731 0.002640 0.000697 0.000594 0.002295 0.001348 0.000147 0.001084 0.004098 0.007421 0.000968 0.001532 0.000590 0.000017 0.017994 0.000236 0.001522 0.006286 0.000399 0.006462 0.000723 0.014253 0.002027 0.001607 0.002199 0.003295 0.004829 0.002739 0.000913 0.000595 0.008541 0.002159 0.008281 0.022623 0.000990 0.005493 0.082722 0.001926 0.000683 0.005691 0.002637 0.009213 0.010429 0.000886 0.000595 0.001181 0.002474 0.005616 0.000750 0.000558 0.004215 0.004096 0.001659 0.360347 0.000672 0.025979 0.002497 0.001453 0.003930 0.000897 0.000260 0.000849 0.045051 0.003753 
0.000675 0.000367 0.000360 0.003627 0.000738 0.000284 0.008394 0.003221 0.002417 0.004455 0.004063 0.002816 0.000254 0.004064 0.011921 0.007909 0.002530 0.003125 0.001433 0.000057 0.012606 0.001359 0.002542 0.010163 0.001644 0.016155 0.002479 0.020247 0.002359 0.007692 0.003821 0.009759 0.002935 0.012845 0.003630 0.003475 0.003318 0.006550 0.018266 0.062333 0.004368 0.005799 0.055023 0.009105 0.004609 0.009803 0.013345 0.008210 0.047308 0.005490 0.003924 0.000259 0.000914 0.008253 0.005662 0.006415 0.031144 0.021943 0.011539 0.025816 0.005087 0.160407 0.025083 0.010266 0.042727 0.008445 0.002441 0.007386 0.135378 0.032377 
0.001687 0.000314 0.000432 0.001965 0.000492 0.000243 0.005036 0.001848 0.001859 0.002970 0.002056 0.001438 0.000281 0.003793 0.010059 0.004491 0.002155 0.001622 0.000987 0.000035 0.006034 0.001142 0.001410 0.005581 0.002491 0.013028 0.004647 0.012255 0.000973 0.009758 0.002523 0.007435 0.001258 0.014262 0.004182 0.005354 0.001721 0.006648 0.011593 0.044614 0.005863 0.002110 0.022800 0.007935 0.008535 0.004716 0.018699 0.003678 0.057522 0.012704 0.011266 0.000075 0.000347 0.003230 0.021930 0.020817 0.053331 0.017795 0.019462 0.007582 0.020121 0.093254 0.071856 0.075834 0.068866 0.024371 0.024800 0.052976 0.028689 0.006526 
0.001012 0.000419 0.000432 0.005440 0.000984 0.000162 0.009004 0.003591 0.002278 0.002673 0.004398 0.002187 0.000227 0.002980 0.010059 0.012010 0.002374 0.003395 0.001421 0.000042 0.015623 0.000888 0.002895 0.009458 0.001196 0.017302 0.002375 0.025842 0.002863 0.004362 0.003587 0.008154 0.004705 0.011334 0.003078 0.002223 0.006903 0.004808 0.019165 0.048253 0.002640 0.007459 0.098739 0.006284 0.002333 0.010329 0.007871 0.012798 0.030858 0.003274 0.002227 0.000635 0.002092 0.011141 0.003752 0.003727 0.017387 0.013959 0.005555 0.079255 0.002652 0.086637 0.011664 0.004939 0.018599 0.003383 0.001018 0.003311 0.229067 0.019579 
0.001349 0.000367 0.000432 0.003325 0.000566 0.000081 0.005342 0.001637 0.001580 0.003564 0.003107 0.001348 0.000227 0.003522 0.009872 0.005858 0.002186 0.002344 0.000915 0.000037 0.006249 0.000906 0.001652 0.005404 0.001993 0.011673 0.002788 0.015452 0.001111 0.007232 0.003082 0.006379 0.001211 0.011617 0.003354 0.003162 0.001925 0.005937 0.011641 0.042399 0.004155 0.002835 0.024496 0.006789 0.004893 0.005009 0.013425 0.003957 0.047523 0.006943 0.005732 0.000116 0.000405 0.003744 0.008492 0.010168 0.037115 0.016516 0.013664 0.010832 0.009419 0.104895 0.042794 0.021888 0.063245 0.019240 0.005753 0.016300 0.037991 0.007896 
-0.000000 0.000052 0.000072 0.000604 -0.000000 -0.000000 0.000305 0.000106 0.000139 0.000594 0.000191 0.000060 0.000013 -0.000000 0.000373 0.000195 0.000062 0.000060 0.000060 0.000001 0.000108 0.000054 0.000130 0.000294 0.000100 0.000521 0.000103 0.001066 0.000034 0.000689 0.000126 0.000380 0.000186 0.000661 0.000106 0.000282 0.000082 0.000368 0.000189 0.003322 0.000272 0.000258 0.000565 0.000482 0.000284 0.000253 0.000440 0.000223 0.001828 0.000320 0.000441 0.000006 0.000011 0.000145 0.000341 0.000558 0.001346 0.000835 0.000708 0.000542 0.000420 0.002941 0.001638 0.001646 0.001691 0.000579 0.000488 0.001953 0.001457 0.000186 
0.001349 0.000367 0.000288 0.004685 0.000664 0.000162 0.008089 0.002799 0.002045 0.002673 0.002629 0.001977 0.000281 0.002709 0.009500 0.010936 0.002311 0.003365 0.001360 0.000038 0.017994 0.000507 0.003062 0.012160 0.001196 0.017406 0.002272 0.029172 0.003572 0.006084 0.004740 0.010477 0.005372 0.009917 0.002823 0.002348 0.008234 0.006256 0.024748 0.074515 0.003922 0.011760 0.127946 0.008853 0.002902 0.016487 0.012706 0.021844 0.056662 0.004038 0.003131 0.000853 0.002760 0.020145 0.004127 0.004513 0.026988 0.027240 0.011278 0.097489 0.004811 0.197537 0.023289 0.008813 0.039528 0.007458 0.002036 0.004669 1.153853 0.064636 
0.000337 0.000157 0.000432 0.003929 0.000639 0.000041 0.005494 0.004277 0.000744 0.001485 0.002056 0.001528 0.000107 0.001626 0.005588 0.010643 0.001562 0.002133 0.000783 0.000023 0.021226 0.000290 0.001930 0.008107 0.000598 0.009693 0.000929 0.018649 0.002599 0.002640 0.002343 0.004140 0.005869 0.004817 0.001337 0.000939 0.010282 0.002281 0.012587 0.034172 0.001281 0.008586 0.116263 0.003463 0.001138 0.008926 0.003676 0.013096 0.014300 0.001206 0.001036 0.001522 0.003644 0.010851 0.001125 0.001395 0.007727 0.007097 0.002498 0.323337 0.000912 0.043870 0.005110 0.002228 0.007997 0.001396 0.000447 0.000934 0.104672 0.009265 
