# Flux Network Reconstruction using RW method
# Walkers leave from emitting cells
# Probability involves emitting fluxes, then absorbing flux is shared among connections
# Seed: 1684941001
# Threshold: 0.5
# Precision: 100000.0
# Dt: 1.0
# Radius step: 10.000000
# Matrix output


0.001254 0.002872 0.005600 0.000122 0.007170 0.028345 0.000355 0.034905 0.013677 0.001511 0.013541 0.048902 0.023209 0.006479 0.001517 0.002321 0.023533 0.005002 0.003724 0.000722 0.001625 0.002469 0.001704 0.004818 0.003703 0.005499 0.002216 0.002031 0.002653 0.006771 0.001222 0.000142 0.000284 0.000562 0.000124 0.000251 0.000290 0.001404 0.000025 0.000539 0.000210 -0.000000 0.000030 0.000233 0.000005 0.000760 0.000082 0.000386 0.000266 0.000078 0.000150 0.000529 0.000444 0.000003 0.000265 0.000333 0.000113 0.000572 0.000080 0.000155 -0.000000 0.000158 0.000212 0.000183 0.000255 0.000007 
0.254885 0.265259 0.078084 0.004481 0.115646 0.013516 0.012720 0.000453 0.007301 0.013904 0.002246 0.006846 0.007694 0.000357 0.005835 0.000378 0.015115 0.007909 0.035779 0.003778 0.004234 0.005373 0.021123 0.002224 0.009875 0.001678 0.011817 0.015086 0.001675 0.005642 0.000987 0.000129 0.000385 0.004025 0.001907 0.001577 0.000949 0.001754 0.000023 0.002234 0.000967 0.002150 0.000060 0.000326 0.000128 0.001521 0.000348 0.000540 0.000310 0.000823 0.000150 0.002222 0.000710 0.000006 0.000221 0.000600 0.000113 0.001143 0.000639 0.001085 0.000094 0.000473 0.000424 0.000366 0.000510 0.000007 
0.006546 0.008616 0.030487 0.000499 0.033769 0.118499 0.000963 0.061423 0.049163 0.006801 0.032118 0.081178 0.058275 0.011215 0.007352 0.003211 0.056823 0.014330 0.008419 0.001853 0.004362 0.003049 0.005281 0.011118 0.009011 0.008762 0.003570 0.002611 0.005585 0.009592 0.001692 0.000197 0.000669 0.000843 0.000249 0.000896 0.000290 0.001404 0.000025 0.000231 0.000210 0.000512 0.000038 0.000186 0.000014 0.001901 0.000041 0.000694 0.000488 0.000157 0.000299 0.000212 0.000710 -0.000000 0.000177 0.000200 0.000454 0.000381 0.000160 0.000310 -0.000000 0.000158 0.000106 -0.000000 0.000170 0.000007 
0.000975 0.003077 0.005289 0.000128 0.006014 0.003937 0.000304 0.000227 0.002033 0.000907 0.000749 0.001467 0.001892 0.000223 0.000895 0.000189 0.004018 0.000946 0.001943 0.000457 0.000556 0.000944 0.001363 0.000371 0.000864 0.000373 0.000985 0.000725 0.000349 0.001975 0.000141 0.000043 0.000142 0.000562 0.000207 0.000179 0.000105 0.000702 0.000016 0.000385 0.000168 0.000102 0.000008 0.000163 0.000038 0.000570 0.000102 0.000463 0.000089 0.000118 0.000200 0.000106 0.000089 0.000003 0.000132 0.000267 0.000113 -0.000000 -0.000000 -0.000000 0.000188 0.000105 0.000212 -0.000000 0.000170 -0.000000 
0.011700 0.018464 0.049308 0.000894 0.050884 0.130047 0.001520 0.031731 0.053969 0.012091 0.025109 0.066018 0.056004 0.008266 0.009414 0.002267 0.061032 0.019400 0.019589 0.002887 0.005945 0.006825 0.009199 0.007968 0.012097 0.010626 0.005909 0.004932 0.007330 0.016363 0.002632 0.000302 0.000710 0.001779 0.001244 0.001075 0.000712 0.002924 0.000070 0.001156 0.000757 0.001024 0.000090 0.000513 0.000043 0.004182 0.000164 0.001003 0.000443 0.000274 0.000299 0.001270 0.000621 0.000008 0.000397 0.000600 0.000454 0.000953 0.000240 0.000620 0.000188 0.000105 0.000955 0.000183 0.000170 0.000021 
0.275499 0.601705 0.090061 0.009552 0.241931 0.016404 0.167692 0.000907 0.005914 0.037784 0.001429 0.001956 0.004793 0.000402 0.012060 0.000108 0.013201 0.007976 0.138907 0.011164 0.007185 0.013577 0.069162 0.000741 0.012591 0.001398 0.036805 0.069336 0.001675 0.003103 0.000752 0.000129 0.000243 0.022841 0.005432 0.002258 0.001160 0.003743 0.000012 0.007550 0.002480 0.011980 0.000011 0.000489 0.000199 0.002091 0.001085 0.000463 0.000089 0.004470 0.000150 0.002751 0.000266 -0.000000 0.000132 0.001000 -0.000000 -0.000000 0.001717 0.006042 0.000094 0.000053 0.001379 -0.000000 0.000255 0.000014 
0.042063 0.067905 0.157879 0.003113 0.182952 0.203010 0.006740 0.032411 0.086497 0.031537 0.027355 0.073842 0.083754 0.010947 0.025131 0.002968 0.117855 0.041977 0.051159 0.009624 0.016251 0.022218 0.033559 0.013342 0.030120 0.016405 0.024249 0.019582 0.013124 0.038650 0.005827 0.000900 0.002028 0.006366 0.003358 0.003548 0.002266 0.010176 0.000107 0.004776 0.003026 0.004198 0.000218 0.001748 0.000294 0.010645 0.000798 0.003241 0.001596 0.001451 0.001048 0.004232 0.003105 0.000030 0.001590 0.002133 0.001021 0.002668 0.001358 0.001549 0.000094 0.000893 0.002970 0.000732 0.001190 0.000142 
0.035795 0.048826 0.110438 0.002669 0.139007 0.215739 0.006183 0.042158 0.093613 0.026902 0.032594 0.084601 0.094224 0.013851 0.023808 0.003535 0.124743 0.043667 0.050997 0.008806 0.015995 0.020693 0.035603 0.017975 0.036045 0.019295 0.020803 0.023644 0.013263 0.044857 0.006814 0.000832 0.002170 0.006553 0.003524 0.003798 0.002925 0.013334 0.000133 0.005008 0.002774 0.005222 0.000256 0.001888 0.000256 0.011786 0.000982 0.003395 0.002040 0.001216 0.001946 0.004232 0.003726 0.000030 0.002429 0.002599 0.002723 0.003811 0.000998 0.002324 0.000188 0.001208 0.002546 0.001647 0.001445 0.000121 
0.000836 0.001846 0.002489 0.000067 0.003701 0.016141 0.000203 0.070942 0.010997 0.001763 0.013609 0.073842 0.019173 0.008043 0.001595 0.003157 0.017602 0.004123 0.003562 0.000553 0.001240 0.001888 0.002385 0.008524 0.004197 0.004940 0.001723 0.001451 0.003630 0.009310 0.001457 0.000154 0.000446 0.000655 0.000332 0.000466 0.000290 0.002573 0.000037 0.000924 0.000420 0.000614 0.000045 0.000350 0.000052 0.001521 0.000143 0.001157 0.000532 0.000118 0.000349 0.001058 0.000976 0.000006 0.000397 0.000267 0.000794 0.000572 0.000080 0.000310 -0.000000 0.000210 0.000742 -0.000000 0.000340 0.000021 
0.012675 0.017848 0.039198 0.000997 0.051809 0.152225 0.002027 0.131232 0.093521 0.012947 0.075600 0.243044 0.123740 0.032081 0.014316 0.009930 0.126274 0.034812 0.027037 0.005365 0.012702 0.014884 0.022827 0.029464 0.029009 0.028895 0.016002 0.011749 0.016963 0.056424 0.007613 0.000980 0.002839 0.003370 0.002737 0.003082 0.002767 0.009708 0.000203 0.003390 0.002690 0.003072 0.000312 0.001818 0.000237 0.013497 0.000737 0.004553 0.002128 0.000823 0.001746 0.002962 0.003016 0.000025 0.001590 0.002666 0.002609 0.004192 0.000998 0.001704 0.000471 0.001156 0.002864 0.001647 0.001530 0.000149 
0.007660 0.009027 0.016799 0.000486 0.022435 0.068107 0.001824 0.026065 0.036133 0.007204 0.020958 0.053792 0.041751 0.007417 0.006302 0.002402 0.050701 0.012911 0.016675 0.002647 0.006372 0.007769 0.013117 0.008524 0.014566 0.009135 0.011202 0.008848 0.009354 0.023698 0.003760 0.000431 0.001703 0.003464 0.001907 0.002688 0.001476 0.007018 0.000093 0.003467 0.001555 0.003277 0.000173 0.001445 0.000194 0.007984 0.000737 0.003318 0.001197 0.000588 0.001247 0.003280 0.003105 0.000019 0.001546 0.002266 0.000908 0.004383 0.000719 0.000775 0.000283 0.000788 0.003500 0.001098 0.001020 0.000085 
0.004457 0.008206 0.012599 0.000353 0.015728 0.040025 0.001520 0.069356 0.029202 0.005290 0.028171 0.115409 0.044652 0.013628 0.004668 0.004668 0.042856 0.012100 0.011495 0.002334 0.005774 0.006898 0.012095 0.010192 0.014689 0.013329 0.007632 0.007398 0.009773 0.023698 0.003854 0.000474 0.001379 0.001966 0.001327 0.001792 0.001449 0.005965 0.000093 0.002157 0.001261 0.002355 0.000128 0.001026 0.000123 0.008174 0.000614 0.003781 0.001552 0.000627 0.001297 0.002433 0.001863 0.000019 0.000751 0.002333 0.001248 0.002858 0.000599 0.001239 0.000188 0.001208 0.002333 0.001098 0.001020 0.000085 
0.002229 0.004103 0.007622 0.000237 0.010177 0.031101 0.000709 0.166137 0.019961 0.003123 0.028171 0.177026 0.033552 0.017917 0.003268 0.006395 0.031760 0.010410 0.008095 0.001853 0.003379 0.005010 0.005281 0.012786 0.007406 0.011092 0.005909 0.004642 0.005724 0.019748 0.002632 0.000327 0.000770 0.001591 0.000746 0.001147 0.000685 0.002924 0.000072 0.001156 0.000799 0.001126 0.000124 0.000816 0.000052 0.003042 0.000348 0.001466 0.000931 0.000118 0.000549 0.001270 0.001597 0.000008 0.000662 0.001333 0.001021 0.001906 0.000160 0.000775 0.000094 0.000788 0.000424 0.000915 0.000850 0.000092 
0.001950 0.002667 0.004511 0.000140 0.007864 0.017060 0.000355 0.161830 0.013862 0.001814 0.021571 0.139371 0.021569 0.013092 0.002334 0.005829 0.020663 0.006151 0.003886 0.000842 0.002309 0.003558 0.005792 0.008709 0.005555 0.008203 0.001846 0.003191 0.005375 0.013260 0.001504 0.000265 0.000669 0.001217 0.000580 0.000717 0.000422 0.003626 0.000046 0.000924 0.000546 0.001229 0.000086 0.000373 0.000081 0.003422 0.000102 0.000926 0.000443 0.000235 0.000848 0.000846 0.000976 0.000011 0.000574 0.000933 0.000454 0.003049 0.000160 0.000465 0.000094 0.000263 0.000955 0.000549 0.000595 0.000057 
0.024096 0.042261 0.075595 0.002213 0.110558 0.351298 0.004865 0.073209 0.170407 0.026801 0.071517 0.164311 0.188195 0.024575 0.028282 0.007907 0.227484 0.068137 0.060711 0.011357 0.025104 0.028825 0.047017 0.035764 0.057153 0.040174 0.032743 0.029446 0.027504 0.082943 0.012454 0.001614 0.005170 0.008706 0.005722 0.006450 0.006009 0.023743 0.000343 0.008551 0.006136 0.010546 0.000474 0.003519 0.000503 0.024522 0.001740 0.009028 0.003281 0.001529 0.002595 0.009098 0.008516 0.000047 0.004151 0.005532 0.004198 0.009338 0.002156 0.003718 0.000565 0.002206 0.006576 0.003294 0.003401 0.000255 
0.219229 0.564778 0.156946 0.014423 0.433210 0.044355 0.456604 0.004760 0.025875 0.097886 0.005852 0.010758 0.025606 0.001832 0.038474 0.000729 0.055675 0.032446 0.403608 0.034984 0.027798 0.056197 0.253482 0.004262 0.068880 0.007550 0.148328 0.238180 0.008517 0.019184 0.004888 0.000955 0.002514 0.089305 0.027489 0.012399 0.006114 0.024796 0.000131 0.036979 0.011894 0.049763 0.000207 0.003519 0.001560 0.012736 0.005628 0.003781 0.000754 0.013450 0.000748 0.020101 0.002306 0.000025 0.003135 0.004865 0.001361 0.002858 0.008225 0.023705 -0.000000 0.000788 0.007637 0.000366 0.002041 0.000284 
0.191373 0.407018 0.247785 0.017919 0.695726 0.097502 0.065627 0.013599 0.061454 0.154007 0.015651 0.042545 0.058275 0.005987 0.067767 0.001754 0.133161 0.068069 0.403446 0.047279 0.050679 0.079649 0.230655 0.014083 0.110356 0.019854 0.137865 0.145055 0.019267 0.072222 0.011185 0.002286 0.005657 0.044933 0.020773 0.015301 0.009856 0.036258 0.000312 0.029044 0.014164 0.033585 0.000594 0.006316 0.001475 0.026994 0.005854 0.009337 0.002527 0.008117 0.003143 0.023592 0.008161 0.000058 0.007375 0.008664 0.002836 0.009147 0.007187 0.013479 0.000942 0.003310 0.011879 0.002928 0.005527 0.000284 
0.017132 0.028516 0.049308 0.001374 0.072626 0.195924 0.004257 0.173390 0.172440 0.021814 0.202098 0.425938 0.308403 0.065324 0.027309 0.018431 0.246999 0.064216 0.048731 0.009263 0.026515 0.030422 0.044973 0.075049 0.058017 0.071492 0.026958 0.022483 0.042164 0.135134 0.018328 0.001996 0.006853 0.007957 0.005514 0.007776 0.004427 0.027252 0.000452 0.008937 0.005128 0.008806 0.000748 0.004032 0.000593 0.030795 0.001985 0.011806 0.004567 0.001255 0.004740 0.007935 0.008960 0.000085 0.005034 0.007798 0.006921 0.010481 0.001957 0.003099 0.000942 0.002889 0.008061 0.003111 0.005016 0.000383 
0.011282 0.020105 0.027221 0.001040 0.040939 0.091335 0.003041 0.099274 0.096201 0.015970 0.156235 0.301726 0.184033 0.044681 0.016339 0.014221 0.170278 0.045087 0.040150 0.008012 0.019117 0.026211 0.040373 0.063745 0.044068 0.069162 0.028065 0.020018 0.038394 0.119336 0.017012 0.001935 0.006326 0.008799 0.005597 0.006952 0.004717 0.025498 0.000435 0.007781 0.006010 0.009215 0.000654 0.003426 0.000493 0.028894 0.001719 0.011575 0.006562 0.001804 0.004590 0.007088 0.008427 0.000124 0.005476 0.006132 0.007147 0.013721 0.001917 0.003254 0.001225 0.003730 0.007743 0.004391 0.004081 0.000447 
0.010585 0.020925 0.026909 0.000790 0.048803 0.082411 0.003699 0.043517 0.090471 0.015819 0.060357 0.138882 0.188700 0.021938 0.018011 0.007205 0.190941 0.045289 0.036750 0.007892 0.018390 0.025630 0.040543 0.042064 0.046044 0.052198 0.032128 0.023644 0.036300 0.101844 0.017811 0.001916 0.007279 0.008987 0.005722 0.009209 0.005402 0.022573 0.000412 0.008474 0.006556 0.008089 0.000643 0.004615 0.000607 0.033457 0.001863 0.011729 0.005720 0.001921 0.004540 0.011320 0.012508 0.000096 0.005652 0.008065 0.006921 0.011053 0.002396 0.004958 0.001319 0.003783 0.006682 0.002379 0.004251 0.000362 
0.002925 0.004924 0.010266 0.000310 0.015497 0.038450 0.001216 0.206708 0.043896 0.005542 0.099076 1.374639 0.094854 0.115366 0.007236 0.133223 0.086287 0.019873 0.011818 0.002502 0.009879 0.009003 0.011584 0.344668 0.022219 0.121267 0.007632 0.007108 0.040279 0.129774 0.015509 0.001251 0.004765 0.002434 0.001327 0.002580 0.002161 0.009474 0.000314 0.001618 0.001723 0.002765 0.000496 0.001748 0.000123 0.015018 0.000594 0.006250 0.003680 0.000549 0.003742 0.002327 0.006653 0.000083 0.001943 0.002333 0.004084 0.007623 0.000439 0.000930 0.000565 0.001891 0.002864 0.002013 0.002041 0.000106 
0.027717 0.062776 0.047753 0.002487 0.108707 0.032938 0.023970 0.009746 0.027354 0.039598 0.008642 0.022006 0.029642 0.003977 0.026025 0.001052 0.069259 0.029675 0.267129 0.026370 0.029039 0.051914 0.185853 0.009636 0.075299 0.014820 0.110046 0.111837 0.015218 0.046267 0.009587 0.001811 0.005069 0.037819 0.018451 0.013115 0.009303 0.037778 0.000305 0.027503 0.015761 0.031742 0.000549 0.006200 0.001527 0.031366 0.005526 0.010726 0.003813 0.006548 0.003543 0.022005 0.010290 0.000058 0.007860 0.011064 0.006694 0.009528 0.005630 0.011310 0.001225 0.004360 0.013576 0.002928 0.006122 0.000575 
0.035378 0.080419 0.098150 0.003429 0.188272 0.200779 0.017585 0.053264 0.209590 0.075719 0.073014 0.168223 0.261102 0.027255 0.099744 0.009930 0.744440 0.347377 0.197028 0.041384 0.147802 0.145648 0.196414 0.073381 0.317367 0.096846 0.135526 0.096751 0.111134 0.302994 0.053575 0.007363 0.021675 0.033606 0.019819 0.028595 0.021952 0.098949 0.001186 0.027734 0.022443 0.028363 0.002150 0.012749 0.001807 0.091626 0.006324 0.028474 0.011706 0.006431 0.010029 0.027824 0.028032 0.000209 0.014882 0.019795 0.017131 0.024202 0.005750 0.012085 0.002544 0.008826 0.021637 0.009881 0.011223 0.001079 
0.005293 0.006565 0.010110 0.000401 0.016653 0.026639 0.001926 0.023572 0.032067 0.006851 0.029600 0.090469 0.055878 0.012600 0.007430 0.004560 0.066772 0.018319 0.019104 0.003513 0.009451 0.011907 0.023679 0.037246 0.025552 0.042504 0.015387 0.012330 0.024852 0.077864 0.011984 0.001146 0.003994 0.004119 0.003027 0.004264 0.002978 0.016608 0.000256 0.005085 0.002816 0.006246 0.000545 0.002820 0.000341 0.017489 0.001105 0.007485 0.004212 0.001059 0.003543 0.006453 0.006565 0.000058 0.003709 0.005332 0.004084 0.007432 0.001038 0.002169 0.000471 0.002259 0.006046 0.002745 0.003656 0.000241 
0.060030 0.109550 0.107171 0.005053 0.245401 0.128866 0.029241 0.024252 0.101468 0.125292 0.035180 0.094870 0.122226 0.013628 0.123163 0.004075 0.302100 0.151416 0.425949 0.103172 0.187447 0.268934 0.399302 0.032243 0.383778 0.053782 0.244464 0.173050 0.058220 0.157140 0.031816 0.005773 0.014457 0.055137 0.032921 0.034544 0.022295 0.092516 0.000781 0.044374 0.026772 0.047920 0.001405 0.013705 0.002589 0.077559 0.008289 0.023844 0.007937 0.007725 0.007335 0.044010 0.022266 0.000160 0.012850 0.019662 0.009870 0.022868 0.008026 0.017507 0.001508 0.007092 0.022804 0.008051 0.013009 0.001050 
0.009610 0.018669 0.009799 0.000675 0.027986 0.007611 0.017078 0.001813 0.005637 0.008161 0.002177 0.004890 0.005928 0.001430 0.005330 0.000351 0.015115 0.006962 0.037074 0.004596 0.006030 0.012488 0.043610 0.003335 0.020985 0.003076 0.028927 0.047723 0.003770 0.016081 0.003196 0.000591 0.001460 0.022467 0.009412 0.004873 0.002952 0.016375 0.000079 0.012172 0.006514 0.017816 0.000177 0.002377 0.000782 0.008744 0.002599 0.004630 0.001685 0.004745 0.001098 0.011426 0.003105 0.000033 0.003312 0.003799 0.003290 0.005336 0.003594 0.011310 0.000094 0.001524 0.005834 0.001647 0.002721 0.000220 
0.050977 0.104216 0.077929 0.004159 0.192204 0.062465 0.035576 0.016999 0.060992 0.080807 0.019121 0.051347 0.066095 0.008400 0.058858 0.002375 0.137944 0.065704 0.512240 0.071388 0.070779 0.146520 0.473404 0.022978 0.200715 0.027590 0.264283 0.205397 0.031902 0.100434 0.021806 0.003678 0.009672 0.066838 0.034953 0.029455 0.018658 0.075791 0.000575 0.050846 0.028958 0.047715 0.001127 0.011747 0.002751 0.059690 0.009210 0.021221 0.007582 0.010077 0.005838 0.042847 0.016323 0.000094 0.012365 0.016862 0.012026 0.022296 0.009743 0.020761 0.001885 0.006357 0.021107 0.007319 0.010373 0.001050 
0.004178 0.008206 0.015088 0.000365 0.024054 0.044880 0.001875 0.112193 0.046391 0.008363 0.077233 0.569221 0.086151 0.067513 0.009259 0.045658 0.093940 0.026836 0.017323 0.003513 0.011504 0.014739 0.018909 0.397850 0.029996 0.139722 0.012802 0.009429 0.049982 0.160807 0.019503 0.002027 0.006428 0.004587 0.002944 0.004838 0.003663 0.020819 0.000473 0.003929 0.003068 0.004403 0.000793 0.003030 0.000209 0.027184 0.001085 0.011498 0.006208 0.001255 0.004590 0.005184 0.008516 0.000121 0.003224 0.005532 0.007828 0.015817 0.001158 0.001394 0.002073 0.002995 0.006258 0.003111 0.003911 0.000298 
0.010307 0.018669 0.022554 0.000809 0.046027 0.056034 0.004662 0.029238 0.062748 0.016524 0.038650 0.109052 0.106459 0.016532 0.017272 0.005829 0.161668 0.047250 0.046626 0.009071 0.022666 0.034343 0.053831 0.051330 0.065177 0.068603 0.033358 0.026545 0.056056 0.166167 0.023404 0.002803 0.009266 0.012825 0.006800 0.010607 0.005982 0.035322 0.000596 0.013251 0.008742 0.013413 0.001037 0.005291 0.000692 0.046003 0.002784 0.014584 0.008469 0.002392 0.007734 0.013118 0.015169 0.000124 0.007772 0.013063 0.009530 0.020009 0.002316 0.004183 0.001414 0.004623 0.014319 0.007136 0.007142 0.000617 
0.024514 0.049441 0.028154 0.002067 0.075632 0.020078 0.042468 0.005666 0.014601 0.024786 0.005172 0.017605 0.019677 0.001921 0.015872 0.000729 0.044004 0.018927 0.117051 0.014364 0.018775 0.035432 0.140880 0.006115 0.060239 0.010067 0.093428 0.152597 0.012216 0.041471 0.008271 0.001386 0.003751 0.077323 0.025831 0.014226 0.008038 0.032632 0.000252 0.044220 0.018367 0.051708 0.000477 0.006409 0.001911 0.033457 0.007389 0.010958 0.003592 0.012665 0.003842 0.036605 0.008427 0.000063 0.006845 0.010997 0.004538 0.011053 0.009184 0.024015 0.001131 0.003835 0.014849 0.004757 0.007312 0.000553 
0.003203 0.006155 0.009333 0.000328 0.012721 0.020603 0.001824 0.034451 0.019591 0.005239 0.031710 0.149152 0.039228 0.020866 0.005174 0.010443 0.048214 0.012843 0.012466 0.002791 0.007057 0.008931 0.017716 0.139905 0.017282 0.062917 0.012556 0.012040 0.024084 0.086328 0.012407 0.001220 0.003711 0.004868 0.002446 0.003834 0.003110 0.011930 0.000291 0.002388 0.002984 0.005324 0.000496 0.001935 0.000351 0.021481 0.000901 0.008411 0.003946 0.000706 0.003992 0.005819 0.007540 0.000072 0.003930 0.003732 0.005446 0.009147 0.000679 0.002634 0.001319 0.002154 0.004349 0.004025 0.002636 0.000255 
0.031478 0.060930 0.046197 0.002159 0.114721 0.058528 0.017230 0.015186 0.049902 0.051688 0.017284 0.040100 0.052220 0.006434 0.045982 0.002914 0.138710 0.062189 0.198323 0.043526 0.071250 0.166123 0.249393 0.020013 0.195407 0.030666 0.157191 0.117349 0.030855 0.113129 0.020678 0.003561 0.009611 0.037819 0.024172 0.023794 0.016075 0.069475 0.000590 0.033127 0.021645 0.038909 0.001180 0.010931 0.002224 0.059120 0.007757 0.020681 0.007671 0.007450 0.006985 0.034701 0.016500 0.000132 0.012144 0.016196 0.009190 0.019438 0.006748 0.014409 0.001319 0.006987 0.018561 0.006770 0.010713 0.000965 
0.013928 0.024003 0.026909 0.001155 0.053428 0.056691 0.006436 0.027878 0.066444 0.019597 0.035316 0.084601 0.100909 0.012823 0.021163 0.005181 0.195915 0.060904 0.057311 0.010322 0.029937 0.041894 0.067118 0.045585 0.079496 0.060214 0.041852 0.034668 0.058639 0.165039 0.029654 0.003370 0.010726 0.015820 0.007795 0.012255 0.010014 0.044913 0.000683 0.012557 0.010549 0.015052 0.001210 0.006573 0.000887 0.050375 0.003316 0.020140 0.009046 0.003176 0.008233 0.015869 0.018895 0.000099 0.008743 0.012130 0.009757 0.022296 0.002755 0.007282 0.002356 0.005779 0.011985 0.005489 0.006802 0.000667 
0.051813 0.121449 0.079173 0.004852 0.196136 0.064564 0.049917 0.012919 0.051104 0.083578 0.015447 0.034721 0.059284 0.006792 0.056835 0.001943 0.136796 0.063202 0.528754 0.064218 0.070266 0.164817 0.837444 0.020198 0.216516 0.028429 0.439199 0.383234 0.036230 0.105230 0.019409 0.004393 0.010584 0.101381 0.053237 0.039238 0.023586 0.094271 0.000547 0.069874 0.037994 0.076180 0.001146 0.016571 0.003784 0.069955 0.013754 0.022301 0.007848 0.016390 0.007185 0.060303 0.018363 0.000110 0.014131 0.020195 0.010324 0.020009 0.013616 0.033930 0.001131 0.007355 0.027152 0.005306 0.012499 0.001164 
0.002507 0.004308 0.006377 0.000225 0.012952 0.015616 0.001166 0.021079 0.017466 0.004333 0.020346 0.098782 0.028885 0.013002 0.004629 0.006368 0.041517 0.012100 0.014409 0.002382 0.005517 0.008132 0.016524 0.209210 0.018022 0.065620 0.011325 0.012040 0.026946 0.095920 0.012689 0.001121 0.004603 0.004306 0.002446 0.003010 0.003004 0.012515 0.000356 0.003544 0.003320 0.004710 0.000635 0.002051 0.000266 0.021861 0.001187 0.008874 0.004878 0.000627 0.004690 0.005184 0.008161 0.000105 0.003135 0.005932 0.007261 0.012958 0.000958 0.002014 0.000942 0.002942 0.005940 0.004025 0.003061 0.000326 
0.016575 0.029952 0.034376 0.001502 0.080027 0.074406 0.009933 0.029238 0.071250 0.027356 0.036269 0.103184 0.106837 0.015326 0.031938 0.005208 0.219448 0.083008 0.088234 0.017083 0.050037 0.073115 0.097441 0.056703 0.147018 0.081186 0.076811 0.054976 0.095427 0.294531 0.051084 0.006931 0.021026 0.026398 0.014802 0.023435 0.016813 0.085499 0.001237 0.026116 0.017190 0.024165 0.002198 0.011374 0.001574 0.101511 0.005792 0.036114 0.013036 0.004392 0.013422 0.029622 0.028920 0.000198 0.016869 0.020461 0.017131 0.033921 0.005031 0.009761 0.002450 0.010034 0.027046 0.011710 0.014369 0.000993 
0.000836 0.001231 0.004200 0.000085 0.004857 0.013648 0.000557 0.020852 0.012014 0.002166 0.021503 0.110030 0.027624 0.012823 0.003151 0.007205 0.030229 0.009396 0.004857 0.001275 0.004063 0.005591 0.006814 0.474196 0.010863 0.088550 0.005170 0.003191 0.031623 0.140495 0.014710 0.000924 0.004015 0.001404 0.000663 0.001684 0.001581 0.009357 0.000392 0.001233 0.001555 0.001843 0.000684 0.000956 0.000066 0.016348 0.000327 0.007794 0.006075 0.000314 0.005289 0.002010 0.009936 0.000127 0.001766 0.002933 0.006467 0.012387 0.000280 0.000155 0.001508 0.002101 0.002546 0.003660 0.002296 0.000156 
0.037327 0.075906 0.063307 0.003131 0.148258 0.067320 0.030153 0.018359 0.057480 0.068112 0.025109 0.062106 0.077574 0.008668 0.064266 0.002941 0.186923 0.085780 0.324440 0.054834 0.113803 0.322155 0.651080 0.037432 0.457967 0.049029 0.539890 0.333190 0.060663 0.207921 0.042719 0.008164 0.022040 0.103066 0.066008 0.082167 0.050282 0.187722 0.001135 0.089596 0.064766 0.087239 0.002277 0.030486 0.005136 0.123372 0.018768 0.037194 0.011795 0.016155 0.011027 0.075960 0.035218 0.000201 0.023625 0.037590 0.014976 0.030300 0.016211 0.032226 0.002639 0.010612 0.037971 0.010430 0.018535 0.001731 
0.011282 0.027695 0.020221 0.001113 0.049728 0.029133 0.008767 0.010879 0.025136 0.020857 0.011228 0.028363 0.030147 0.004379 0.018867 0.001889 0.075764 0.031973 0.079977 0.013811 0.032075 0.081682 0.129978 0.014269 0.134427 0.020972 0.095275 0.075573 0.024712 0.089149 0.016261 0.002890 0.008212 0.029862 0.016958 0.022862 0.016234 0.068656 0.000482 0.025577 0.019039 0.028977 0.000898 0.010698 0.001854 0.057979 0.006120 0.017131 0.007671 0.005921 0.005389 0.028882 0.016500 0.000094 0.009847 0.015929 0.009303 0.016960 0.006309 0.011310 0.000848 0.006042 0.019940 0.007868 0.010968 0.000859 
0.006964 0.011078 0.013221 0.000596 0.022898 0.037269 0.002686 0.030145 0.034100 0.009824 0.032050 0.118343 0.058149 0.017426 0.010037 0.008527 0.088774 0.026025 0.031408 0.005678 0.014199 0.022581 0.041395 0.184379 0.043698 0.181480 0.030035 0.020743 0.090960 0.363932 0.046667 0.003838 0.013767 0.007957 0.005556 0.009173 0.008828 0.041989 0.001232 0.009784 0.007943 0.012185 0.001984 0.005151 0.000616 0.068434 0.002538 0.030095 0.016983 0.002235 0.016415 0.013118 0.028210 0.000330 0.010554 0.015529 0.020535 0.041353 0.001996 0.004493 0.003958 0.009299 0.014319 0.010613 0.011393 0.000809 
0.041227 0.089445 0.058952 0.003527 0.145020 0.043305 0.052350 0.011333 0.039552 0.061613 0.013745 0.028852 0.047175 0.004647 0.041197 0.001916 0.119577 0.056578 0.359896 0.046557 0.063552 0.181226 0.766748 0.021125 0.254782 0.027404 0.711113 0.929800 0.034206 0.118489 0.023968 0.005792 0.012774 0.215586 0.135001 0.085141 0.045328 0.158482 0.000762 0.166404 0.079602 0.157992 0.001537 0.029437 0.008313 0.103032 0.027017 0.029632 0.008513 0.029840 0.006586 0.112882 0.021379 0.000118 0.021594 0.035124 0.010891 0.021725 0.026712 0.057945 0.001131 0.010297 0.045926 0.008783 0.020321 0.001802 
0.008218 0.017027 0.016488 0.000681 0.026599 0.019422 0.005169 0.011333 0.017928 0.012494 0.007417 0.018583 0.020056 0.003128 0.010931 0.000971 0.050701 0.019333 0.047598 0.008493 0.020400 0.041821 0.075806 0.013342 0.084063 0.013329 0.058223 0.040325 0.018290 0.074197 0.014663 0.002619 0.006732 0.019658 0.012107 0.017057 0.011833 0.041404 0.000424 0.018720 0.013533 0.022526 0.000815 0.008787 0.001261 0.048284 0.004134 0.016668 0.005232 0.004156 0.005039 0.020101 0.011887 0.000099 0.008214 0.013996 0.008849 0.015626 0.004632 0.006042 0.001037 0.004886 0.015804 0.007136 0.009608 0.000653 
0.012257 0.023387 0.024576 0.001113 0.051809 0.050523 0.006943 0.025159 0.053506 0.021764 0.034295 0.097315 0.089304 0.014655 0.022874 0.005613 0.157459 0.057389 0.062006 0.013474 0.036865 0.051478 0.085346 0.076531 0.114677 0.102811 0.065240 0.052655 0.186387 0.620095 0.112790 0.010985 0.039883 0.024058 0.015714 0.026230 0.020793 0.100470 0.002190 0.023574 0.019838 0.028670 0.003908 0.015872 0.001736 0.153787 0.005628 0.057721 0.023412 0.005097 0.021754 0.031738 0.048525 0.000374 0.021240 0.031325 0.031199 0.055836 0.005989 0.009451 0.004523 0.017127 0.030971 0.020310 0.019896 0.001391 
0.018246 0.036517 0.034842 0.001520 0.073782 0.046455 0.012163 0.016092 0.049348 0.030529 0.025109 0.068952 0.072654 0.008847 0.030343 0.003832 0.147319 0.062932 0.119965 0.020379 0.055084 0.107675 0.183638 0.036135 0.227996 0.051918 0.138111 0.113723 0.075602 0.267730 0.057852 0.011712 0.030739 0.046150 0.031843 0.059699 0.043035 0.211583 0.001552 0.048534 0.041062 0.052016 0.003003 0.028854 0.003424 0.161771 0.011666 0.052705 0.020353 0.009803 0.016415 0.057975 0.048258 0.000275 0.029277 0.042322 0.025186 0.048975 0.010022 0.017662 0.004052 0.017179 0.045608 0.021225 0.023297 0.002384 
0.024514 0.045338 0.025510 0.001794 0.064762 0.023490 0.035728 0.004080 0.017096 0.025592 0.006805 0.016138 0.021822 0.002368 0.015561 0.000890 0.052040 0.022036 0.142793 0.017853 0.023308 0.055762 0.192837 0.008524 0.083076 0.012024 0.152636 0.308821 0.015358 0.062066 0.011843 0.002360 0.007097 0.329043 0.083339 0.031247 0.018579 0.065849 0.000378 0.139980 0.043290 0.185229 0.000759 0.014847 0.005918 0.056458 0.025870 0.018134 0.006385 0.042388 0.004740 0.095426 0.014105 0.000088 0.015765 0.023261 0.008282 0.018294 0.030665 0.077931 0.001790 0.007092 0.032668 0.006404 0.014964 0.001504 
0.026603 0.052518 0.025821 0.001934 0.080258 0.016010 0.056455 0.002040 0.012106 0.028262 0.004491 0.012715 0.016398 0.001743 0.015249 0.000702 0.040561 0.021360 0.165620 0.018551 0.021170 0.055399 0.216005 0.007412 0.076287 0.009507 0.170854 0.371920 0.011309 0.044010 0.008882 0.002119 0.004704 0.478821 0.106392 0.032107 0.017947 0.063042 0.000259 0.174647 0.046988 0.287315 0.000673 0.014684 0.006834 0.051136 0.030516 0.014970 0.003503 0.088932 0.003493 0.123568 0.011355 0.000050 0.012762 0.023461 0.005105 0.012577 0.057377 0.154468 0.000942 0.005254 0.034153 0.005855 0.015559 0.001448 
0.020474 0.045338 0.029398 0.001824 0.067306 0.033069 0.023008 0.009746 0.031143 0.032343 0.012044 0.024940 0.034183 0.004557 0.024430 0.001484 0.076912 0.039071 0.159306 0.021558 0.039174 0.092573 0.271539 0.018716 0.147882 0.025912 0.244095 0.294606 0.030436 0.115104 0.025190 0.004947 0.012409 0.136766 0.100090 0.070270 0.040110 0.141874 0.000797 0.130427 0.080149 0.127991 0.001642 0.028621 0.007958 0.104933 0.026116 0.036577 0.010553 0.023723 0.009330 0.110026 0.031847 0.000193 0.024994 0.039790 0.015543 0.032206 0.021881 0.043381 0.003581 0.013292 0.050699 0.013906 0.025082 0.002122 
0.023539 0.050262 0.032976 0.002061 0.077945 0.024671 0.036995 0.005893 0.018760 0.030479 0.007961 0.020050 0.024344 0.002994 0.019490 0.000837 0.056249 0.030283 0.157849 0.020500 0.027627 0.070356 0.250926 0.011118 0.104061 0.016032 0.199535 0.416597 0.021989 0.077300 0.014005 0.003000 0.008435 0.401404 0.150674 0.048913 0.025721 0.099066 0.000531 0.215709 0.067246 0.259464 0.001026 0.020114 0.008726 0.076608 0.034528 0.021761 0.007361 0.042741 0.005738 0.127482 0.021823 0.000118 0.019253 0.030859 0.010211 0.021153 0.036814 0.082889 0.001696 0.009404 0.044759 0.009149 0.017600 0.001852 
0.000696 0.003898 0.002022 0.000091 0.002776 0.006824 0.000405 0.006800 0.007301 0.001914 0.008778 0.031297 0.014758 0.004066 0.002256 0.002671 0.022576 0.006760 0.005504 0.000914 0.003507 0.005954 0.005962 0.085055 0.013208 0.049308 0.006647 0.004352 0.028133 0.147830 0.017576 0.001201 0.004785 0.001685 0.001119 0.002903 0.002187 0.012515 0.000627 0.001233 0.002017 0.001434 0.001056 0.002121 0.000142 0.030415 0.000573 0.013890 0.012371 0.000314 0.012823 0.002539 0.016411 0.000481 0.004416 0.003399 0.018266 0.027251 0.000799 0.001239 0.003110 0.004308 0.003924 0.008417 0.003911 0.000284 
0.002368 0.008616 0.010888 0.000274 0.015265 0.008267 0.003243 0.004080 0.008872 0.005693 0.004559 0.008313 0.012109 0.001385 0.005991 0.000756 0.022959 0.011086 0.022989 0.003874 0.010606 0.020039 0.033900 0.007598 0.033823 0.009414 0.027081 0.026255 0.010122 0.044575 0.009446 0.001768 0.004522 0.014229 0.007836 0.013724 0.010673 0.046317 0.000326 0.011556 0.009835 0.012594 0.000628 0.007179 0.000820 0.035928 0.003377 0.014353 0.003991 0.002666 0.003443 0.018726 0.010823 0.000083 0.007993 0.011997 0.006353 0.011625 0.002835 0.002324 0.001037 0.003677 0.012834 0.005855 0.006207 0.000724 
0.005571 0.010873 0.014310 0.000529 0.021510 0.031364 0.003345 0.023345 0.031882 0.010731 0.026334 0.088024 0.060924 0.013181 0.010659 0.006557 0.092409 0.027782 0.033351 0.006400 0.017278 0.026792 0.039862 0.150283 0.054931 0.137299 0.030650 0.024514 0.111413 0.648871 0.083229 0.005958 0.024980 0.010484 0.007961 0.014047 0.011622 0.065381 0.002663 0.012557 0.010297 0.014540 0.004419 0.009766 0.000958 0.144472 0.003438 0.066749 0.044164 0.002313 0.040016 0.017139 0.063960 0.000985 0.019297 0.026393 0.052641 0.094902 0.003673 0.005268 0.009895 0.020804 0.022273 0.033119 0.019726 0.001696 
0.003900 0.006155 0.008711 0.000420 0.017116 0.009186 0.002585 0.001813 0.009980 0.005088 0.004491 0.020050 0.015010 0.002502 0.005330 0.000837 0.030038 0.009869 0.022827 0.003465 0.009109 0.016336 0.034922 0.010933 0.032218 0.013795 0.029666 0.027705 0.016614 0.086892 0.019409 0.003654 0.009611 0.012450 0.008666 0.015194 0.012281 0.075674 0.000799 0.015023 0.012104 0.016178 0.001947 0.011444 0.001067 0.117859 0.004667 0.033953 0.012593 0.003451 0.010278 0.022005 0.031137 0.000146 0.018723 0.023594 0.014635 0.034492 0.004592 0.005113 0.002167 0.010560 0.023970 0.013540 0.015985 0.001114 
0.002925 0.005949 0.006066 0.000280 0.013415 0.011942 0.001723 0.004080 0.010073 0.004181 0.006669 0.022984 0.016145 0.003262 0.004863 0.001187 0.028125 0.011356 0.020075 0.003104 0.006971 0.011472 0.023508 0.024275 0.021355 0.022743 0.019080 0.014070 0.029249 0.157422 0.026271 0.002797 0.010503 0.008706 0.004768 0.006916 0.006615 0.034270 0.001416 0.009245 0.006893 0.011366 0.002698 0.006223 0.000654 0.087444 0.002661 0.042750 0.031172 0.001961 0.029638 0.015658 0.044533 0.000575 0.013380 0.019462 0.042771 0.072415 0.002356 0.004338 0.005937 0.015340 0.019410 0.025800 0.015219 0.001213 
0.011003 0.022361 0.012599 0.000930 0.037007 0.017191 0.011554 0.004306 0.015802 0.012444 0.005580 0.020539 0.020560 0.002100 0.011709 0.000890 0.045918 0.016967 0.074472 0.010129 0.018261 0.035650 0.113283 0.011304 0.066041 0.016778 0.092197 0.125182 0.020244 0.075325 0.014522 0.003253 0.008151 0.096139 0.070154 0.039668 0.024957 0.093218 0.000520 0.140596 0.081704 0.122052 0.001308 0.021513 0.011102 0.093147 0.032829 0.030172 0.009578 0.018900 0.008632 0.129915 0.024928 0.000124 0.024597 0.037057 0.013274 0.030109 0.021961 0.040128 0.001414 0.011190 0.051865 0.012076 0.025762 0.002136 
0.013928 0.026259 0.024732 0.001003 0.049959 0.025589 0.012771 0.011786 0.020238 0.018036 0.009731 0.034232 0.024975 0.003932 0.016650 0.001565 0.061798 0.026160 0.084834 0.012608 0.026515 0.057432 0.151953 0.018531 0.105666 0.023303 0.122109 0.133160 0.031483 0.125260 0.025284 0.005939 0.015978 0.092020 0.063437 0.088617 0.056132 0.195091 0.000904 0.114172 0.146975 0.110789 0.002243 0.050250 0.009660 0.174317 0.031765 0.053013 0.015963 0.021958 0.011925 0.157422 0.048525 0.000237 0.043585 0.062984 0.025073 0.045545 0.023518 0.039818 0.005277 0.018860 0.078806 0.017017 0.039791 0.003513 
0.015878 0.031183 0.016488 0.001107 0.043945 0.011417 0.036792 0.000227 0.008687 0.016272 0.003062 0.005379 0.009712 0.000626 0.009025 0.000216 0.024107 0.014939 0.101995 0.010250 0.015054 0.040006 0.162685 0.002965 0.058017 0.006152 0.137988 0.318395 0.008307 0.029058 0.007613 0.001972 0.004420 0.637024 0.151254 0.040886 0.022743 0.073802 0.000270 0.368708 0.080695 1.046866 0.000601 0.020021 0.013601 0.057789 0.074828 0.014893 0.004567 0.182686 0.002944 0.276017 0.015436 0.000069 0.018812 0.032991 0.004084 0.014102 0.135598 0.264315 0.001131 0.008773 0.061941 0.005123 0.024572 0.002242 
0.002786 0.005129 0.004666 0.000274 0.015959 0.010892 0.001571 0.007026 0.009888 0.004584 0.007485 0.021028 0.016398 0.003530 0.004201 0.001403 0.028507 0.009125 0.016190 0.002550 0.006672 0.013142 0.019079 0.022607 0.023701 0.030573 0.018341 0.014505 0.026806 0.154036 0.025613 0.002563 0.009996 0.008331 0.005929 0.007238 0.007221 0.035088 0.001365 0.009322 0.007313 0.010342 0.002766 0.006596 0.000640 0.093907 0.002579 0.047457 0.040794 0.002196 0.037421 0.015446 0.054113 0.000776 0.014572 0.021128 0.050259 0.095473 0.001917 0.004648 0.009989 0.017442 0.022486 0.030374 0.017770 0.001341 
0.002786 0.003282 0.002644 0.000116 0.008558 0.008530 0.001267 0.005666 0.008594 0.003577 0.006056 0.020050 0.013623 0.003038 0.003384 0.001403 0.026594 0.007300 0.013923 0.001949 0.006030 0.010746 0.016865 0.031131 0.019627 0.027124 0.013540 0.012040 0.026527 0.150933 0.024438 0.002150 0.008597 0.006459 0.003939 0.006056 0.005561 0.030644 0.001193 0.006702 0.005464 0.006963 0.002446 0.005034 0.000545 0.073567 0.002067 0.044911 0.046824 0.001921 0.064065 0.012061 0.053581 0.002299 0.015147 0.020461 0.095186 0.151309 0.001837 0.002479 0.017905 0.021907 0.022698 0.048123 0.020576 0.001277 
0.004736 0.011899 0.005911 0.000450 0.017809 0.007086 0.006487 0.001587 0.004713 0.006297 0.002382 0.005868 0.010343 0.000849 0.004668 0.000594 0.013775 0.006760 0.024284 0.004066 0.007270 0.013505 0.035092 0.002965 0.025182 0.006059 0.032128 0.052220 0.005585 0.026519 0.004747 0.000937 0.002940 0.062719 0.023841 0.011001 0.007801 0.030410 0.000217 0.052155 0.019291 0.083757 0.000436 0.006829 0.002931 0.032696 0.014859 0.011806 0.004079 0.041407 0.003642 0.071517 0.011000 0.000058 0.009847 0.016929 0.006126 0.013721 0.040847 0.063677 0.001414 0.005411 0.025243 0.006221 0.010373 0.001015 
0.008078 0.013335 0.011821 0.000815 0.032381 0.016141 0.008514 0.006346 0.016727 0.011940 0.007961 0.022495 0.021065 0.004066 0.010503 0.000837 0.043813 0.018386 0.055045 0.008132 0.016936 0.036666 0.095226 0.013527 0.064313 0.020693 0.078780 0.099362 0.027644 0.125260 0.026835 0.005508 0.014984 0.070208 0.042872 0.054181 0.042745 0.185266 0.001195 0.089596 0.082755 0.099731 0.003127 0.057103 0.007640 0.255298 0.032215 0.075469 0.023811 0.021292 0.022552 0.223755 0.077888 0.000352 0.091144 0.151561 0.038347 0.073177 0.030865 0.048494 0.007162 0.040347 0.204492 0.036961 0.094122 0.008153 
0.003064 0.006565 0.005755 0.000207 0.009252 0.007874 0.002280 0.002720 0.007393 0.003275 0.004287 0.015160 0.011100 0.001832 0.004590 0.000810 0.018558 0.007571 0.018132 0.003056 0.006287 0.011690 0.026745 0.010006 0.022590 0.010253 0.019080 0.021613 0.015078 0.073633 0.013394 0.002126 0.008090 0.012076 0.008127 0.011144 0.009408 0.048188 0.000818 0.013020 0.010465 0.015154 0.002153 0.010605 0.001034 0.145043 0.004216 0.063045 0.024964 0.003529 0.022852 0.024227 0.092791 0.000459 0.038816 0.050987 0.050145 0.101381 0.004312 0.006042 0.009141 0.045023 0.061199 0.040804 0.052205 0.003874 
0.002229 0.004103 0.004511 0.000188 0.010871 0.008005 0.002483 0.003400 0.004621 0.004181 0.002994 0.009780 0.008325 0.001251 0.003423 0.000432 0.019898 0.006895 0.018294 0.002671 0.005560 0.010020 0.022316 0.007227 0.020985 0.009228 0.020064 0.021468 0.008726 0.046832 0.008224 0.001676 0.005353 0.016850 0.009288 0.012399 0.008907 0.039533 0.000442 0.017873 0.014668 0.020991 0.001112 0.011724 0.001451 0.080981 0.005567 0.026082 0.010464 0.004862 0.009380 0.037028 0.027766 0.000184 0.034091 0.065050 0.015543 0.035826 0.006349 0.009141 0.002733 0.016496 0.071911 0.016102 0.037411 0.002938 
0.005293 0.011283 0.008244 0.000420 0.016190 0.010892 0.006993 0.004986 0.008964 0.007053 0.004083 0.012226 0.013244 0.001474 0.005446 0.000890 0.026785 0.010072 0.032055 0.005005 0.009794 0.020911 0.055194 0.007598 0.035674 0.011372 0.042098 0.053380 0.011448 0.058963 0.012689 0.002415 0.006691 0.042406 0.025292 0.023400 0.016603 0.071931 0.000548 0.049767 0.035388 0.064303 0.001300 0.018995 0.003984 0.103412 0.019219 0.033953 0.011750 0.013646 0.011326 0.141870 0.034331 0.000138 0.032589 0.053253 0.019173 0.041353 0.020284 0.035325 0.003016 0.017705 0.089836 0.017566 0.041152 0.004151 
0.005432 0.011694 0.006066 0.000420 0.013415 0.005512 0.008412 0.001587 0.004251 0.006045 0.001769 0.003912 0.005045 0.000581 0.003851 0.000297 0.011862 0.006016 0.027684 0.003850 0.005431 0.012851 0.047187 0.001853 0.023330 0.003822 0.037421 0.069771 0.005724 0.026519 0.004418 0.000881 0.002494 0.091084 0.029355 0.012470 0.007985 0.031813 0.000165 0.065714 0.023956 0.128094 0.000376 0.008274 0.003542 0.034027 0.020406 0.010803 0.003148 0.118693 0.002794 0.097965 0.010290 0.000055 0.010819 0.019728 0.004311 0.011243 0.116831 0.576659 0.001319 0.006199 0.036910 0.005489 0.015474 0.001604 
0.001393 0.005334 0.004355 0.000274 0.008327 0.006824 0.003041 0.004306 0.007947 0.003778 0.006464 0.008802 0.011731 0.002100 0.003812 0.000944 0.023915 0.010275 0.019751 0.003320 0.009280 0.018442 0.031856 0.017048 0.035921 0.021998 0.033482 0.031187 0.029878 0.145573 0.031769 0.005114 0.016525 0.023496 0.014387 0.026159 0.022954 0.120002 0.001989 0.029968 0.030681 0.037578 0.006227 0.032304 0.002831 0.523712 0.011789 0.215680 0.084824 0.008078 0.074892 0.084424 0.350406 0.001229 0.192577 0.261999 0.162008 0.368745 0.013376 0.019521 0.030061 0.277808 0.359557 0.183525 0.382098 0.024879 
0.003064 0.006565 0.005133 0.000188 0.010408 0.006036 0.002483 0.002493 0.006192 0.004383 0.003198 0.009291 0.008451 0.001162 0.003929 0.000702 0.017410 0.006422 0.018942 0.002599 0.005731 0.012343 0.025553 0.006300 0.021479 0.009414 0.017602 0.025675 0.011309 0.052192 0.009963 0.001750 0.006448 0.016850 0.009453 0.011646 0.009276 0.040352 0.000554 0.020030 0.015635 0.021810 0.001541 0.010605 0.001570 0.100750 0.006365 0.039432 0.017382 0.004980 0.014619 0.040942 0.048436 0.000259 0.038639 0.066449 0.029157 0.070128 0.006948 0.014409 0.006597 0.037300 0.156869 0.033851 0.126771 0.011361 
0.002229 0.006565 0.003578 0.000128 0.008558 0.003937 0.003699 0.001133 0.003512 0.002872 0.000817 0.002934 0.003910 0.000447 0.002762 0.000135 0.011288 0.004191 0.012790 0.002430 0.002908 0.007841 0.022146 0.000927 0.014936 0.003076 0.020926 0.028141 0.003560 0.013824 0.003008 0.000678 0.001845 0.037070 0.012770 0.007346 0.004533 0.019649 0.000114 0.026270 0.013659 0.051504 0.000274 0.004335 0.001669 0.019010 0.009006 0.009337 0.002173 0.036663 0.002395 0.050570 0.007629 0.000047 0.007286 0.011864 0.003630 0.006479 0.046796 0.198159 0.001131 0.003677 0.019516 0.005489 0.009523 0.000944 
0.002089 0.004513 0.004200 0.000158 0.009020 0.006168 0.001976 0.002946 0.004990 0.003123 0.002858 0.012715 0.006937 0.001251 0.002801 0.000594 0.012819 0.005678 0.012628 0.001853 0.004362 0.009003 0.018398 0.008339 0.017158 0.008575 0.016741 0.016101 0.010960 0.057552 0.010997 0.001436 0.005495 0.010578 0.006634 0.008493 0.007221 0.036843 0.000583 0.011094 0.010087 0.013209 0.001635 0.008158 0.000958 0.102081 0.003848 0.043522 0.021860 0.003686 0.023950 0.025285 0.062097 0.000410 0.029145 0.041856 0.058541 0.120819 0.003913 0.008056 0.011780 0.079329 0.067669 0.072275 0.091911 0.006358 
0.003343 0.010052 0.004822 0.000286 0.012027 0.004855 0.004004 0.002040 0.004251 0.003879 0.001701 0.001956 0.005424 0.000536 0.002840 0.000270 0.011479 0.005205 0.021370 0.003368 0.004405 0.011399 0.033048 0.002409 0.015554 0.004288 0.027081 0.041486 0.005515 0.020312 0.005076 0.000850 0.002616 0.049333 0.019487 0.011539 0.006667 0.031229 0.000203 0.038828 0.017568 0.073723 0.000466 0.007155 0.002537 0.035548 0.015002 0.010340 0.003813 0.043486 0.002944 0.076807 0.011177 0.000055 0.010422 0.017862 0.005559 0.015817 0.071712 0.163919 0.000565 0.006567 0.035531 0.005123 0.014879 0.001561 
-0.000000 0.000615 -0.000000 0.000018 0.001156 0.001444 0.000051 0.000453 0.000739 0.000403 0.000476 0.000489 0.000883 0.000134 0.000272 0.000081 0.002105 0.000946 0.001943 0.000168 0.000470 0.001089 0.002044 0.001112 0.001481 0.001119 0.001723 0.002176 0.001117 0.005360 0.001081 0.000117 0.000608 0.001030 0.000580 0.000860 0.000817 0.003275 0.000095 0.001464 0.000757 0.001843 0.000188 0.000699 0.000081 0.009695 0.000287 0.004784 0.003326 0.000157 0.003493 0.002116 0.006742 0.000105 0.002340 0.003866 0.013955 0.024011 0.000559 0.000465 0.007633 0.006987 0.003394 0.067152 0.007907 0.000454 
0.002368 0.006360 0.003889 0.000298 0.010639 0.003806 0.005372 0.000907 0.003050 0.004232 0.001361 0.002934 0.005298 0.000357 0.003034 0.000270 0.007270 0.004867 0.022827 0.002623 0.005175 0.010818 0.034752 0.003335 0.017158 0.004101 0.028804 0.044097 0.004398 0.019184 0.004230 0.000924 0.002068 0.060941 0.021934 0.011037 0.006931 0.029591 0.000170 0.054852 0.021813 0.097990 0.000395 0.008484 0.003215 0.031936 0.018113 0.009183 0.002882 0.067757 0.002744 0.104313 0.010557 0.000061 0.011967 0.023994 0.006353 0.014864 0.106809 0.304752 0.001319 0.006935 0.043062 0.006770 0.017345 0.001852 
0.002646 0.002872 0.003422 0.000170 0.008558 0.005118 0.001166 0.000907 0.003604 0.002872 0.002041 0.006357 0.005424 0.000894 0.003151 0.000324 0.012245 0.004259 0.010685 0.001901 0.003550 0.007696 0.017546 0.005003 0.015554 0.007084 0.012063 0.013345 0.007958 0.044575 0.007989 0.001337 0.004542 0.010672 0.006344 0.007382 0.006746 0.033451 0.000517 0.010708 0.010423 0.013823 0.001210 0.007342 0.000896 0.080030 0.003889 0.036500 0.018801 0.002941 0.019609 0.023486 0.053226 0.000506 0.027467 0.038790 0.047309 0.094140 0.003953 0.008211 0.011780 0.057054 0.073290 0.072824 0.108576 0.007862 
0.001254 0.002667 0.001711 0.000097 0.004163 0.002231 0.002635 0.001133 0.002680 0.001461 0.001837 0.005379 0.003532 0.000313 0.002101 0.000216 0.009758 0.004259 0.011009 0.001299 0.004277 0.010020 0.020101 0.004633 0.018146 0.005965 0.017110 0.029446 0.008447 0.044010 0.010527 0.002163 0.006711 0.022841 0.013309 0.018634 0.015285 0.076960 0.000685 0.031817 0.030681 0.043005 0.002074 0.024496 0.003201 0.213477 0.015002 0.072074 0.029088 0.012861 0.026544 0.135311 0.113106 0.000484 0.101742 0.191884 0.062058 0.151881 0.023199 0.031916 0.017339 0.131129 0.705538 0.107224 0.659276 0.083080 
0.000418 0.003077 0.000622 0.000055 0.002544 0.001837 0.000608 0.000453 0.001201 0.000856 0.000953 0.002445 0.002397 0.000313 0.000778 0.000135 0.004783 0.002501 0.005828 0.000986 0.001197 0.003485 0.005792 0.002594 0.004938 0.002703 0.004801 0.006673 0.002304 0.016363 0.003196 0.000468 0.001582 0.004306 0.002239 0.002616 0.002425 0.009357 0.000144 0.004930 0.003909 0.005632 0.000470 0.002843 0.000322 0.024142 0.001371 0.011806 0.004611 0.000941 0.005239 0.009839 0.014548 0.000094 0.008214 0.012263 0.010097 0.022106 0.001877 0.002944 0.002262 0.014447 0.022698 0.014821 0.038516 0.002704 
0.003064 0.003282 0.004355 0.000213 0.007864 0.003674 0.001723 0.001587 0.003881 0.003023 0.002858 0.009291 0.005550 0.000804 0.003346 0.000486 0.013775 0.005475 0.013599 0.002021 0.003849 0.008568 0.018228 0.005189 0.015307 0.006618 0.017233 0.021613 0.008586 0.036393 0.007049 0.001208 0.003487 0.014603 0.008292 0.008994 0.007511 0.037194 0.000338 0.016794 0.012819 0.022322 0.000936 0.008857 0.001385 0.063682 0.006427 0.026159 0.009844 0.005490 0.009031 0.036605 0.026613 0.000171 0.024597 0.037857 0.017585 0.033158 0.008824 0.013634 0.003110 0.022433 0.106170 0.021042 0.070145 0.007529 
0.002507 0.004718 0.002955 0.000140 0.006939 0.003674 0.002078 0.001587 0.004343 0.002519 0.002518 0.007335 0.006685 0.000804 0.002373 0.000324 0.011479 0.006016 0.012790 0.001973 0.004576 0.010746 0.026064 0.006671 0.018516 0.008855 0.019695 0.021178 0.010820 0.059245 0.011373 0.002237 0.007441 0.022186 0.011278 0.016484 0.013730 0.063042 0.000764 0.027349 0.022948 0.033380 0.002187 0.020557 0.002366 0.184963 0.011707 0.076009 0.030551 0.010391 0.029687 0.094157 0.106098 0.000633 0.078691 0.137364 0.066709 0.148641 0.015612 0.028043 0.017811 0.116839 0.419696 0.117105 0.539562 0.060451 
0.001950 0.003898 0.002800 0.000122 0.005782 0.001312 0.004612 -0.000000 0.000647 0.001864 0.000340 0.002934 0.002523 0.000134 0.001400 0.000054 0.003444 0.002163 0.012142 0.001660 0.002138 0.005663 0.021123 0.000927 0.007777 0.001119 0.016495 0.031042 0.001955 0.007617 0.001175 0.000351 0.001135 0.045776 0.013890 0.006235 0.004111 0.013334 0.000058 0.035284 0.013785 0.064303 0.000199 0.004964 0.002106 0.015778 0.012035 0.003858 0.001375 0.063052 0.001048 0.066121 0.004879 0.000022 0.006182 0.011064 0.002609 0.004192 0.080496 0.485094 0.000565 0.003257 0.024395 0.001647 0.012328 0.001086 
0.002507 0.005129 0.003422 0.000176 0.006476 0.004724 0.002128 0.001587 0.003234 0.002972 0.001565 0.003423 0.003027 0.000447 0.001984 0.000324 0.006505 0.003853 0.011495 0.001420 0.003250 0.007261 0.016694 0.002965 0.013332 0.003169 0.015510 0.018857 0.003909 0.013260 0.004136 0.000770 0.001845 0.017880 0.009661 0.006271 0.004559 0.021755 0.000170 0.020955 0.010297 0.030718 0.000402 0.005244 0.001518 0.028514 0.006795 0.009337 0.004257 0.010783 0.003044 0.043481 0.009758 0.000036 0.008523 0.015396 0.005786 0.009909 0.018407 0.026648 0.000848 0.005411 0.029910 0.003842 0.014624 0.001405 
0.001671 0.006975 0.006688 0.000213 0.008558 0.006430 0.002686 0.002720 0.005083 0.004786 0.002109 0.006357 0.006433 0.001028 0.003462 0.000297 0.013010 0.006016 0.016028 0.002599 0.005517 0.011399 0.027767 0.002594 0.020121 0.006898 0.020310 0.029881 0.008377 0.040625 0.007519 0.001559 0.004461 0.023684 0.012397 0.014369 0.010304 0.047486 0.000463 0.027349 0.019711 0.034302 0.001033 0.010861 0.002200 0.086113 0.010315 0.028397 0.010154 0.010234 0.009680 0.069718 0.035129 0.000209 0.028836 0.051920 0.016450 0.044021 0.014135 0.022620 0.004146 0.025532 0.149020 0.024336 0.085449 0.008387 
0.003621 0.007796 0.004200 0.000280 0.009252 0.004987 0.004358 0.001360 0.004343 0.003879 0.001565 0.003423 0.005802 0.000804 0.003034 0.000189 0.010331 0.004664 0.017161 0.002719 0.005004 0.012416 0.025723 0.003150 0.016541 0.003915 0.025727 0.038585 0.006771 0.022005 0.004841 0.000967 0.002859 0.042593 0.017373 0.012721 0.007774 0.033802 0.000186 0.042602 0.021729 0.066965 0.000579 0.009253 0.002836 0.040490 0.016517 0.015356 0.004567 0.031526 0.003493 0.098177 0.013839 0.000069 0.014705 0.023527 0.008282 0.017723 0.059613 0.106439 0.001225 0.009614 0.050062 0.007685 0.026187 0.002335 
0.002925 0.006975 0.003578 0.000310 0.010177 0.004462 0.004814 0.001360 0.003512 0.004030 0.002382 0.003912 0.006055 0.000491 0.003307 0.000135 0.010714 0.005205 0.022989 0.002262 0.005046 0.011472 0.031174 0.003891 0.019504 0.003728 0.033112 0.042211 0.004817 0.023134 0.005686 0.001140 0.003366 0.052048 0.020565 0.013366 0.008828 0.044211 0.000272 0.044760 0.024209 0.079252 0.000571 0.010372 0.003656 0.052656 0.018379 0.019292 0.005676 0.035918 0.004989 0.126530 0.017653 0.000088 0.019253 0.034524 0.007034 0.019057 0.062089 0.115580 0.002544 0.011295 0.077533 0.009515 0.035030 0.003690 
0.000836 0.002052 0.001867 0.000109 0.002082 0.003018 0.001115 0.001133 0.001941 0.001310 0.001633 0.003423 0.003658 0.000938 0.001362 0.000189 0.007462 0.003380 0.005343 0.001083 0.001796 0.003195 0.009540 0.004262 0.009628 0.005033 0.007755 0.006527 0.006632 0.029058 0.006062 0.000912 0.002474 0.004400 0.002778 0.004228 0.003452 0.016492 0.000280 0.006317 0.005001 0.007782 0.000808 0.003706 0.000451 0.051326 0.001781 0.022996 0.015431 0.001451 0.016016 0.010579 0.033266 0.000470 0.011702 0.021195 0.046855 0.097570 0.001837 0.004183 0.018093 0.041608 0.035425 0.137598 0.051184 0.003314 
0.001950 0.002257 0.002955 0.000122 0.004395 0.002887 0.001267 0.001133 0.003327 0.001713 0.002177 0.007824 0.004919 0.000849 0.001323 0.000270 0.010140 0.003447 0.007447 0.001299 0.002096 0.004429 0.011073 0.006300 0.009999 0.005313 0.008740 0.010734 0.007679 0.035547 0.006485 0.000980 0.003285 0.006178 0.004146 0.005518 0.004322 0.024562 0.000396 0.007550 0.007229 0.010546 0.000936 0.004708 0.000721 0.062922 0.003131 0.026777 0.014411 0.002392 0.015617 0.017350 0.037791 0.000393 0.016604 0.027326 0.045040 0.081181 0.003234 0.004648 0.013005 0.044550 0.044759 0.073190 0.070060 0.005067 
0.001114 0.003077 0.002955 0.000073 0.004395 0.002231 0.001318 0.002267 0.002218 0.001763 0.001361 0.001956 0.003153 0.000670 0.001712 0.000243 0.006888 0.002907 0.010361 0.001347 0.002480 0.005736 0.011754 0.003521 0.010369 0.002610 0.010340 0.012475 0.004049 0.022287 0.002961 0.000635 0.001663 0.012544 0.005888 0.005124 0.004296 0.017895 0.000145 0.011248 0.007943 0.016280 0.000387 0.004545 0.000811 0.028894 0.004298 0.009414 0.003769 0.004352 0.003293 0.029093 0.012774 0.000052 0.009803 0.016396 0.007034 0.014864 0.007187 0.010845 0.001319 0.006147 0.037865 0.007502 0.019896 0.001937 
0.001393 0.005129 0.001867 0.000176 0.006476 0.004199 0.001470 0.002040 0.005083 0.003275 0.002041 0.006357 0.006559 0.000938 0.002101 0.000324 0.011862 0.004799 0.012952 0.001588 0.003935 0.006607 0.019250 0.006856 0.018763 0.007643 0.018218 0.016246 0.010960 0.050217 0.010621 0.001676 0.005333 0.013667 0.008873 0.011001 0.009276 0.043626 0.000571 0.016101 0.014584 0.024370 0.001330 0.010279 0.001418 0.110826 0.005690 0.044911 0.022747 0.004862 0.022453 0.041789 0.061920 0.000454 0.039037 0.062784 0.055024 0.105192 0.007706 0.011930 0.015172 0.070293 0.153050 0.071727 0.222933 0.018627 
0.000975 0.004308 0.001555 0.000170 0.006707 0.001444 0.005422 0.000453 0.001941 0.002267 0.000953 0.000489 0.002649 0.000134 0.001478 0.000081 0.005166 0.003245 0.016513 0.001756 0.003464 0.008713 0.029982 0.002409 0.016788 0.003635 0.027696 0.043661 0.004049 0.016645 0.004324 0.001054 0.002960 0.067774 0.025997 0.017630 0.013150 0.052165 0.000259 0.073649 0.043794 0.136080 0.000673 0.019508 0.006103 0.080981 0.038274 0.022455 0.007449 0.060895 0.005339 0.290828 0.027411 0.000113 0.040008 0.076713 0.012820 0.026298 0.124418 0.192736 0.002733 0.024219 0.235356 0.018115 0.095482 0.009984 
0.001811 0.004513 0.002644 0.000176 0.005320 0.003018 0.003395 0.000453 0.002495 0.002418 0.000408 0.002445 0.004415 0.000223 0.001828 0.000081 0.005357 0.002974 0.016513 0.001805 0.002609 0.006535 0.022657 0.000556 0.009011 0.003169 0.016618 0.034233 0.002443 0.012131 0.002867 0.000672 0.001825 0.042968 0.015797 0.006844 0.004849 0.016492 0.000107 0.037210 0.013827 0.063381 0.000274 0.005454 0.002001 0.023762 0.013078 0.006173 0.002927 0.041603 0.002345 0.067814 0.008516 0.000041 0.008169 0.015729 0.003063 0.008957 0.067040 0.216441 0.000660 0.004571 0.031713 0.004574 0.014709 0.001320 
0.000418 0.001846 0.001244 0.000036 0.002082 0.002100 0.000608 -0.000000 0.002033 0.000907 0.001157 0.003912 0.001135 0.000268 0.000584 0.000108 0.003444 0.001960 0.002914 0.000505 0.001411 0.002178 0.005111 0.002038 0.003950 0.003076 0.003447 0.005367 0.003002 0.018902 0.002914 0.000444 0.001622 0.003370 0.001824 0.002293 0.001871 0.010877 0.000165 0.002773 0.002396 0.003686 0.000481 0.002214 0.000237 0.029845 0.000839 0.014199 0.008868 0.000549 0.010628 0.006136 0.023153 0.000333 0.008346 0.011730 0.031880 0.063840 0.001078 0.002324 0.013759 0.024061 0.021743 0.131377 0.028993 0.002029 
0.002925 0.005129 0.005289 0.000213 0.008327 0.004068 0.002838 0.000907 0.003696 0.003678 0.002382 0.008802 0.005298 0.000849 0.002645 0.000459 0.009184 0.005475 0.017485 0.002574 0.005688 0.009729 0.027256 0.006671 0.020985 0.006898 0.024003 0.028141 0.007888 0.034700 0.007519 0.001725 0.004582 0.029675 0.014761 0.013509 0.010515 0.048071 0.000426 0.033743 0.024545 0.048637 0.000992 0.013425 0.002708 0.091626 0.013038 0.032024 0.010952 0.014077 0.008582 0.098600 0.036460 0.000176 0.035592 0.059785 0.021215 0.047832 0.023638 0.035634 0.003581 0.028369 0.170339 0.025434 0.099478 0.009643 
0.002368 0.005744 0.004511 0.000195 0.009252 0.003543 0.003142 0.001587 0.003512 0.002620 0.001361 0.004401 0.004667 0.000491 0.002606 0.000162 0.010331 0.003785 0.017161 0.002214 0.003635 0.009511 0.026745 0.003335 0.013085 0.002796 0.021172 0.034233 0.004468 0.016645 0.004982 0.000856 0.002474 0.035666 0.015465 0.009532 0.007642 0.027135 0.000193 0.032664 0.017232 0.056521 0.000391 0.007458 0.002305 0.034787 0.013774 0.012501 0.004212 0.025056 0.003293 0.082837 0.013661 0.000085 0.012144 0.022661 0.006467 0.012768 0.046876 0.091100 0.000942 0.008143 0.049744 0.008234 0.024147 0.002249 
