# Flux Network Reconstruction using RW method
# Walkers leave from emitting cells
# Probability involves emitting fluxes, then absorbing flux is shared among connections
# Seed: 1684941001
# Threshold: 0.5
# Precision: 100000.0
# Dt: 1.0
# Radius step: 10.000000
# Matrix output


0.010446 0.016320 0.012186 0.011074 0.000470 0.007972 0.006191 0.013396 0.006697 0.002036 0.000791 0.004060 0.002363 0.000218 0.008777 0.005446 0.002566 0.004205 0.000480 0.000235 0.002166 0.000303 0.002820 0.000603 0.003016 0.000488 0.001208 0.000884 0.000442 0.000978 0.002482 0.000696 0.000346 0.001127 0.000672 0.000171 0.001273 0.000384 0.001584 0.000218 0.001414 0.000181 0.000057 0.000552 0.001010 0.000063 0.000049 0.000012 0.000556 0.000171 0.000312 0.000840 0.001026 0.000081 0.000090 0.000260 0.000141 0.000023 -0.000000 0.000025 0.000040 0.000025 0.000131 0.000019 
0.005364 0.007563 0.348708 0.006617 0.000470 0.273442 0.076709 0.120125 0.005982 0.000776 0.000778 0.014960 0.001323 0.000103 0.010895 0.032280 0.031868 0.006646 0.003250 0.000267 0.009421 0.000273 0.006966 0.000164 0.021359 0.000244 0.023610 0.000544 0.000537 0.000652 0.006709 0.000563 0.000189 0.014646 0.000504 0.001333 0.005888 0.000240 0.002971 0.001283 0.011210 0.000151 0.000148 0.002806 0.001212 0.000032 0.000312 0.000012 0.001112 0.000086 0.000273 0.004619 0.001254 0.000027 -0.000000 0.000260 0.000141 0.000006 0.001830 0.000025 0.000030 0.000123 0.000655 0.000074 
0.477702 0.449790 0.039183 0.228369 0.009392 0.024941 0.023231 0.072281 0.080093 0.017164 0.008088 0.026699 0.019945 0.001893 0.056091 0.024309 0.009723 0.023571 0.001632 0.002306 0.012545 0.003032 0.010615 0.002138 0.014755 0.003826 0.006159 0.004592 0.002006 0.003817 0.010110 0.003113 0.001729 0.002817 0.003149 0.000477 0.005649 0.001271 0.003235 0.000519 0.002626 0.000665 0.000215 0.001334 0.003736 0.000153 0.000117 0.000112 0.001446 0.000364 0.001014 0.001260 0.001482 0.000149 0.000316 0.000520 0.000518 0.000029 0.000166 0.000033 0.000035 0.000123 0.000655 0.000019 
0.321009 0.438247 0.068054 0.234581 0.012680 0.050338 0.047582 0.152511 0.115720 0.020752 0.010910 0.042454 0.025995 0.002497 0.093316 0.038752 0.015259 0.037693 0.002586 0.003320 0.019497 0.003487 0.018079 0.003125 0.019239 0.004192 0.011231 0.005647 0.002717 0.006052 0.017095 0.004736 0.002264 0.003028 0.004115 0.000711 0.009150 0.001391 0.005216 0.001092 0.006968 0.001012 0.000272 0.001288 0.005554 0.000127 0.000166 0.000162 0.002280 0.000620 0.000975 0.001260 0.002052 0.000108 0.000181 0.000468 0.000847 0.000032 0.000998 0.000066 0.000071 0.000160 0.000458 0.000130 
0.036138 0.342716 0.006374 0.130323 0.095803 0.005125 0.004540 0.012955 0.037502 0.039176 0.005717 0.006355 0.025901 0.001733 0.032989 0.007577 0.003736 0.010384 0.000615 0.002647 0.004988 0.003214 0.005639 0.004550 0.005625 0.005006 0.002657 0.004218 0.001596 0.003584 0.006985 0.002915 0.001603 0.001127 0.002645 0.000324 0.002546 0.001199 0.002773 0.000259 0.002525 0.000574 0.000177 0.000966 0.003635 0.000148 0.000058 0.000075 0.001279 0.000406 0.000819 0.000840 0.002394 0.000189 0.000090 0.000572 0.000329 0.000020 -0.000000 0.000066 0.000035 0.000111 0.000655 0.000167 
0.044326 0.362221 0.008811 0.159494 0.031934 0.006605 0.005896 0.020757 0.047770 0.027442 0.005826 0.009400 0.024766 0.001762 0.037226 0.011996 0.005401 0.014278 0.000699 0.003000 0.007154 0.003366 0.007906 0.003947 0.008152 0.004436 0.004348 0.005409 0.002054 0.005586 0.009191 0.003676 0.001855 0.001549 0.003485 0.000450 0.004853 0.002062 0.005150 0.000587 0.004039 0.000801 0.000301 0.001426 0.004443 0.000185 0.000102 0.000124 0.001891 0.000620 0.001443 0.002239 0.003078 0.000324 0.000271 0.000884 0.001083 0.000044 0.001331 0.000115 0.000050 0.000135 0.000720 0.000185 
0.005082 0.015922 0.026622 0.008238 0.001096 0.020614 0.019929 0.053585 0.012679 0.002230 0.001411 0.010459 0.002836 0.000292 0.015132 0.013733 0.008192 0.009190 0.001046 0.000534 0.007104 0.000697 0.006911 0.000987 0.008234 0.001180 0.005012 0.001769 0.000648 0.002234 0.007537 0.001623 0.000943 0.002183 0.002351 0.000504 0.004296 0.000911 0.003631 0.000614 0.003938 0.000710 0.000267 0.001932 0.003736 0.000132 0.000127 0.000050 0.002280 0.000428 0.000897 0.000980 0.003990 0.000257 0.000361 0.000884 0.000565 0.000029 0.001165 0.000115 0.000060 0.000147 0.000589 0.000185 
0.033315 0.240419 0.005249 0.120329 0.327954 0.005353 0.003597 0.018696 0.064378 0.135758 0.008721 0.008605 0.051612 0.003257 0.047415 0.009944 0.003151 0.014174 0.000678 0.005081 0.006902 0.007459 0.007132 0.008552 0.005136 0.008302 0.002717 0.006497 0.002733 0.006238 0.007628 0.004405 0.002924 0.001408 0.003905 0.000288 0.004296 0.001967 0.003829 0.000300 0.002626 0.000740 0.000181 0.000874 0.003837 0.000142 0.000107 0.000124 0.001390 0.000578 0.000780 0.000840 0.002166 0.000135 0.000316 0.000520 0.000188 0.000026 0.000499 0.000049 0.000055 0.000049 0.000327 0.000111 
0.011011 0.081201 0.002062 0.042541 0.259233 0.002050 0.002123 0.007361 0.023394 0.074279 0.003941 0.003266 0.022167 0.001339 0.018764 0.004735 0.001440 0.006230 0.000219 0.002231 0.003073 0.003608 0.003760 0.003454 0.002772 0.003744 0.001208 0.003028 0.001264 0.003072 0.004320 0.001557 0.001258 0.000775 0.001890 0.000144 0.001671 0.000791 0.001386 0.000273 0.001313 0.000438 0.000091 0.000736 0.001818 0.000069 0.000024 0.000050 0.000500 0.000235 0.000351 0.000560 0.001026 0.000081 -0.000000 0.000156 0.000424 0.000015 -0.000000 0.000008 0.000030 0.000012 -0.000000 0.000037 
0.208359 0.837884 0.047807 0.627711 0.054633 0.040430 0.038855 0.142795 0.450022 0.088049 0.044784 0.066064 0.114284 0.010202 0.277527 0.057062 0.022506 0.087328 0.003971 0.012073 0.037886 0.013553 0.034832 0.011732 0.032690 0.015750 0.014552 0.020411 0.008215 0.016665 0.040991 0.011890 0.006885 0.006408 0.012891 0.001477 0.017901 0.004629 0.013534 0.001133 0.007574 0.002463 0.000721 0.004094 0.013027 0.000375 0.000288 0.000162 0.004949 0.001454 0.002848 0.003919 0.006497 0.000513 0.000768 0.002444 0.000894 0.000058 0.001497 0.000148 0.000126 0.000258 0.001441 0.000370 
0.039526 0.164790 0.020623 0.098316 0.008923 0.020158 0.017335 0.062123 0.130899 0.020558 0.013549 0.027361 0.033605 0.003278 0.097452 0.031727 0.012063 0.038057 0.002275 0.004366 0.020454 0.005336 0.021728 0.005263 0.020625 0.008628 0.009661 0.008981 0.004629 0.009636 0.024448 0.007220 0.003898 0.004929 0.007516 0.001189 0.015674 0.003022 0.010233 0.001474 0.009190 0.001798 0.000616 0.004140 0.011613 0.000422 0.000288 0.000224 0.004560 0.001433 0.002692 0.002659 0.007523 0.000770 0.000452 0.001976 0.002165 0.000093 0.000998 0.000272 0.000166 0.000454 0.002095 0.000444 
0.002541 0.007165 0.026059 0.006212 0.000783 0.030294 0.015035 0.045341 0.007322 0.001067 0.000876 0.010194 0.002741 0.000263 0.010391 0.025335 0.020660 0.009242 0.002529 0.000502 0.011789 0.000940 0.010837 0.000548 0.023478 0.001506 0.018900 0.002994 0.001390 0.003026 0.015441 0.002683 0.001069 0.017392 0.003359 0.002053 0.013128 0.001391 0.008913 0.002538 0.018481 0.001012 0.000472 0.006855 0.007574 0.000227 0.000595 0.000174 0.005394 0.001305 0.001756 0.009377 0.007409 0.000392 0.000452 0.001560 0.001741 0.000088 0.005490 0.000189 0.000176 0.000614 0.002161 0.000556 
0.016375 0.037018 0.328461 0.022148 0.001565 0.389493 0.195810 0.458564 0.031162 0.003491 0.003625 0.071095 0.007562 0.000748 0.046002 0.194626 0.189725 0.039407 0.020468 0.001601 0.063277 0.001213 0.053132 0.001316 0.162065 0.002767 0.147334 0.005477 0.003160 0.005819 0.047333 0.004372 0.001383 0.095342 0.008608 0.008717 0.040974 0.002278 0.021127 0.009798 0.077053 0.001541 0.001274 0.021438 0.012017 0.000195 0.002174 0.000124 0.006951 0.001069 0.001560 0.031631 0.010373 0.000419 0.000542 0.002028 0.002071 0.000073 0.013144 0.000165 0.000287 0.001400 0.004191 0.000907 
0.031621 0.073638 0.354708 0.047402 0.004540 0.400085 0.298579 0.916834 0.067771 0.009600 0.007346 0.135923 0.015219 0.001507 0.090391 0.274497 0.184729 0.068845 0.024566 0.003042 0.087309 0.002971 0.071101 0.001809 0.135815 0.005006 0.088098 0.010171 0.005703 0.009450 0.063877 0.008280 0.003458 0.046263 0.011883 0.005835 0.040815 0.003597 0.027002 0.007205 0.050291 0.002342 0.001422 0.016562 0.017471 0.000412 0.001472 0.000162 0.008118 0.001604 0.003160 0.019735 0.010373 0.000540 0.000768 0.002340 0.003106 0.000093 0.010315 0.000296 0.000267 0.001154 0.005369 0.001148 
0.007058 0.044581 0.003187 0.022418 0.026612 0.001481 0.001887 0.008538 0.020358 0.130909 0.003333 0.005075 0.020560 0.001458 0.019975 0.005604 0.001936 0.006646 0.000516 0.002466 0.004232 0.004973 0.004257 0.005811 0.003832 0.004558 0.001449 0.004797 0.001517 0.004422 0.006434 0.002981 0.002578 0.001127 0.002981 0.000216 0.004774 0.001175 0.002971 0.000273 0.001818 0.000650 0.000200 0.001242 0.003635 0.000158 0.000039 0.000100 0.001112 0.000492 0.000624 0.000560 0.002736 0.000135 0.000316 0.000520 0.000329 0.000029 0.000166 0.000049 0.000030 0.000098 0.000458 0.000204 
0.006211 0.031446 0.003750 0.017151 0.004696 0.003417 0.003066 0.008538 0.027323 0.021915 0.004062 0.005119 0.032849 0.001865 0.025927 0.006866 0.002836 0.010384 0.000558 0.003106 0.005088 0.005033 0.006469 0.004660 0.006114 0.005860 0.003019 0.004933 0.001975 0.004934 0.009650 0.004471 0.002578 0.001620 0.003275 0.000459 0.005092 0.001871 0.004820 0.000559 0.003232 0.000801 0.000253 0.001472 0.005251 0.000206 0.000132 0.000124 0.002447 0.000684 0.000858 0.001400 0.002508 0.000216 0.000497 0.001248 0.001083 0.000055 0.000832 0.000132 0.000081 0.000246 0.000851 0.000222 
0.010164 0.035426 0.037870 0.019717 0.002661 0.042024 0.032723 0.128074 0.031341 0.005236 0.004123 0.048853 0.009642 0.001035 0.042673 0.109467 0.044922 0.030944 0.008097 0.002199 0.036274 0.002850 0.034721 0.002960 0.052092 0.004884 0.027776 0.007994 0.004060 0.009543 0.036488 0.007254 0.003930 0.013238 0.010119 0.002656 0.024584 0.003406 0.017165 0.003139 0.022217 0.002236 0.001012 0.009339 0.014138 0.000359 0.000653 0.000373 0.007562 0.002053 0.003745 0.008398 0.011855 0.001040 0.000858 0.003745 0.003530 0.000193 0.003827 0.000371 0.000307 0.000774 0.003994 0.001037 
0.002541 0.018708 0.002437 0.009859 0.005009 0.001594 0.001651 0.003828 0.010000 0.062449 0.001873 0.002383 0.012667 0.000858 0.011904 0.002920 0.001620 0.004569 0.000205 0.002306 0.002972 0.004973 0.003262 0.006304 0.003587 0.004640 0.001027 0.004048 0.001216 0.003678 0.005882 0.003047 0.001886 0.000915 0.002729 0.000135 0.001909 0.001487 0.002443 0.000341 0.001616 0.000680 0.000162 0.000828 0.003434 0.000158 0.000063 0.000062 0.002002 0.000556 0.000663 0.000280 0.002394 0.000243 0.000271 0.000572 0.000800 0.000035 0.000166 0.000066 0.000055 0.000049 0.000524 0.000148 
0.007905 0.049756 0.004125 0.026470 0.014871 0.005808 0.003479 0.013102 0.032412 0.124315 0.005656 0.008076 0.039418 0.002682 0.037024 0.009471 0.004096 0.013447 0.000685 0.007034 0.008514 0.016828 0.010062 0.016282 0.008315 0.014081 0.004710 0.010920 0.003792 0.011545 0.013327 0.007949 0.005282 0.001901 0.007096 0.000585 0.008036 0.003382 0.006272 0.000655 0.004847 0.001617 0.000429 0.002070 0.009190 0.000327 0.000190 0.000311 0.002836 0.001283 0.001873 0.001400 0.005015 0.000513 0.000542 0.001196 0.001553 0.000093 0.000998 0.000181 0.000116 0.000233 0.001179 0.000296 
0.019763 0.103492 0.004874 0.072117 0.042892 0.003303 0.004835 0.015457 0.073218 0.594038 0.012966 0.010415 0.147275 0.008449 0.068903 0.008997 0.003016 0.023312 0.000537 0.031105 0.008565 0.099544 0.012993 0.120660 0.006114 0.064790 0.003200 0.030344 0.008152 0.024625 0.015349 0.014375 0.016599 0.000422 0.011043 0.000243 0.005888 0.004797 0.005678 0.000341 0.001616 0.001979 0.000224 0.001242 0.008180 0.000549 0.000044 0.000348 0.002447 0.000770 0.001014 0.000560 0.001824 0.000243 0.000858 0.000676 0.000706 0.000020 0.000333 0.000082 0.000035 0.000012 0.000393 0.000093 
0.011576 0.049358 0.126172 0.025254 0.002974 0.134500 0.093630 0.310617 0.049735 0.008436 0.006045 0.084157 0.012761 0.001565 0.079394 0.293360 0.345556 0.065211 0.033729 0.003277 0.118192 0.003457 0.096755 0.003180 0.273505 0.006634 0.180303 0.014934 0.008025 0.015734 0.104868 0.013977 0.004967 0.074851 0.019105 0.012319 0.082107 0.006211 0.050704 0.014206 0.097755 0.004080 0.002863 0.034826 0.030599 0.000639 0.002851 0.000373 0.019350 0.003508 0.006554 0.034990 0.027585 0.001607 0.001761 0.006241 0.007389 0.000225 0.014807 0.000543 0.000726 0.002100 0.008709 0.001981 
0.034162 0.144490 0.027747 0.085757 0.018472 0.024713 0.019693 0.080230 0.195009 0.074764 0.035442 0.046734 0.121752 0.015041 0.291348 0.058246 0.020976 0.104669 0.004522 0.032728 0.051992 0.030260 0.061038 0.028123 0.046793 0.043180 0.022945 0.059770 0.023587 0.051764 0.080328 0.036367 0.021126 0.010281 0.035817 0.002458 0.039065 0.015277 0.030964 0.003630 0.020702 0.006920 0.001775 0.010351 0.034840 0.001451 0.000531 0.001207 0.014402 0.004385 0.006983 0.007558 0.017212 0.001566 0.002438 0.004577 0.005413 0.000242 0.005324 0.000560 0.000408 0.000896 0.004977 0.001296 
0.030492 0.097919 0.065055 0.057666 0.008297 0.067193 0.056367 0.238189 0.128399 0.024727 0.015751 0.156576 0.037150 0.004152 0.214879 0.233693 0.078951 0.199163 0.016271 0.009543 0.184089 0.010279 0.166861 0.009484 0.138750 0.018517 0.062013 0.031603 0.017441 0.035891 0.138966 0.026629 0.012198 0.027321 0.034179 0.005808 0.072321 0.012399 0.054005 0.007451 0.044434 0.006951 0.002939 0.019368 0.044030 0.001235 0.001326 0.000609 0.021130 0.005347 0.009441 0.013296 0.027129 0.001958 0.002122 0.007541 0.007342 0.000304 0.008319 0.000733 0.000801 0.001314 0.008185 0.001611 
0.025692 0.085182 0.099551 0.056316 0.006888 0.100562 0.078359 0.326368 0.106344 0.018133 0.012856 0.185437 0.031289 0.003294 0.181992 0.493589 0.143678 0.164740 0.032126 0.007824 0.291096 0.008308 0.207387 0.007510 0.224021 0.014122 0.101503 0.028711 0.016114 0.030584 0.171134 0.023781 0.009274 0.038376 0.031240 0.008195 0.086404 0.010408 0.059947 0.009812 0.060693 0.005878 0.003197 0.023508 0.042919 0.001061 0.001720 0.000634 0.021296 0.005048 0.008231 0.021834 0.027357 0.001863 0.001897 0.006189 0.007060 0.000292 0.012811 0.000692 0.000716 0.001658 0.008120 0.001667 
0.000565 0.000398 0.000187 0.000810 -0.000000 -0.000000 0.000118 0.000147 0.002411 0.000388 0.000280 0.000397 0.001418 0.000164 0.001614 0.000552 0.000270 0.000779 0.000042 0.000470 0.000554 0.000485 0.000829 0.000384 0.000082 0.000651 0.000423 0.000510 0.000316 0.000512 0.000460 0.000232 0.000189 0.000141 0.000336 0.000009 0.000796 0.000216 0.000264 0.000014 0.000202 0.000060 0.000024 0.000276 0.000404 0.000021 0.000010 -0.000000 0.000167 0.000064 0.000078 0.000140 0.000114 0.000027 0.000045 0.000156 0.000235 -0.000000 -0.000000 0.000016 0.000010 0.000012 0.000065 0.000056 
0.023998 0.092346 0.026059 0.070766 0.015967 0.028358 0.021521 0.081850 0.143400 0.044315 0.023620 0.044616 0.073070 0.009032 0.253417 0.063455 0.021831 0.105656 0.004649 0.020922 0.053201 0.022680 0.064190 0.022038 0.050217 0.032680 0.022764 0.053273 0.022497 0.053208 0.080512 0.035241 0.017354 0.013238 0.034515 0.003053 0.046703 0.014294 0.035453 0.003657 0.020803 0.007238 0.001937 0.010811 0.038072 0.001504 0.000653 0.000721 0.014791 0.004984 0.008231 0.009657 0.020859 0.002174 0.002167 0.006709 0.007060 0.000298 0.005823 0.000725 0.000428 0.000995 0.004977 0.001444 
0.006211 0.039804 0.005062 0.016476 0.007044 0.007175 0.004186 0.014574 0.033305 0.049552 0.005181 0.007326 0.032801 0.002637 0.035712 0.010970 0.004501 0.015732 0.000848 0.009938 0.009522 0.030230 0.011113 0.029329 0.009701 0.025192 0.004951 0.016261 0.005782 0.018993 0.021139 0.010466 0.009086 0.002957 0.009741 0.000585 0.010423 0.004365 0.009177 0.001119 0.005857 0.002357 0.000468 0.002760 0.011209 0.000580 0.000102 0.000373 0.005171 0.001647 0.003550 0.002379 0.005699 0.000689 0.000858 0.002600 0.002542 0.000114 0.001165 0.000321 0.000116 0.000282 0.001702 0.000463 
0.042914 0.149665 0.042932 0.105204 0.016750 0.037127 0.032782 0.156192 0.286264 0.065552 0.046194 0.103707 0.117168 0.015632 0.643730 0.116097 0.043031 0.372988 0.008733 0.042975 0.138344 0.036052 0.186598 0.033331 0.093261 0.059133 0.035445 0.125425 0.057711 0.094405 0.214147 0.072038 0.029300 0.013660 0.068106 0.003611 0.075186 0.023383 0.062323 0.004326 0.024944 0.010411 0.002987 0.012743 0.053018 0.002079 0.000751 0.001107 0.019072 0.005433 0.007763 0.006718 0.020517 0.001769 0.001535 0.005409 0.003859 0.000213 0.005158 0.000519 0.000333 0.000933 0.004584 0.001111 
0.001129 0.007563 0.001687 0.007023 0.001722 0.001481 0.001415 0.005594 0.009554 0.015903 0.001508 0.002471 0.010209 0.000657 0.012106 0.002841 0.001890 0.004361 0.000367 0.002615 0.002872 0.014493 0.004202 0.019900 0.002690 0.008872 0.001751 0.005103 0.002054 0.006052 0.005698 0.004240 0.003584 0.001267 0.003149 0.000162 0.002944 0.001751 0.002641 0.000368 0.002121 0.000907 0.000196 0.001196 0.004140 0.000222 0.000078 0.000187 0.001557 0.000535 0.001170 0.001260 0.002622 0.000284 0.000181 0.000884 0.000894 0.000047 0.000166 0.000107 0.000066 0.000061 0.000393 0.000222 
0.004235 0.016718 0.025684 0.014450 0.001096 0.027105 0.020342 0.068895 0.020537 0.004364 0.002676 0.022992 0.007184 0.000743 0.030567 0.070558 0.054824 0.024817 0.007977 0.001676 0.040304 0.002335 0.037375 0.002248 0.093016 0.004233 0.056035 0.006872 0.004218 0.009124 0.046690 0.008181 0.003395 0.024434 0.011379 0.004151 0.038746 0.004868 0.023833 0.005459 0.034234 0.002886 0.001484 0.013433 0.021308 0.000596 0.001253 0.000323 0.011844 0.002802 0.005033 0.013436 0.017896 0.001229 0.001174 0.006189 0.004518 0.000242 0.006988 0.000502 0.000418 0.001068 0.005107 0.001370 
0.007623 0.024281 0.086802 0.012154 0.002348 0.089743 0.055188 0.167232 0.025358 0.004655 0.003685 0.044440 0.006806 0.000821 0.038436 0.140563 0.126258 0.036915 0.015197 0.001911 0.068416 0.002850 0.063526 0.001645 0.213423 0.005046 0.246362 0.009797 0.005703 0.009962 0.085016 0.009506 0.003835 0.184698 0.014066 0.018704 0.087756 0.005396 0.052090 0.022967 0.176020 0.004216 0.002882 0.049225 0.028276 0.000496 0.005074 0.000386 0.018572 0.003615 0.006710 0.067181 0.026673 0.001323 0.001219 0.007333 0.006213 0.000257 0.030280 0.000741 0.000963 0.003389 0.015715 0.002944 
0.001129 0.002786 0.000750 0.001891 0.000470 0.001025 0.000472 0.001472 0.002679 0.002715 0.000632 0.001015 0.003403 0.000255 0.003329 0.001342 0.000675 0.002025 0.000092 0.001324 0.001461 0.002122 0.001714 0.002302 0.000978 0.002564 0.000966 0.001939 0.000964 0.002607 0.002298 0.001490 0.001226 0.000352 0.001344 0.000072 0.002069 0.000791 0.001651 0.000177 0.000505 0.000287 0.000067 0.000644 0.002424 0.000127 0.000039 0.000075 0.001056 0.000535 0.000468 0.000420 0.000570 0.000135 0.000135 0.000364 0.000282 0.000018 0.000333 0.000082 0.000030 0.000012 0.000196 0.000093 
0.006211 0.024679 0.024185 0.012290 0.002035 0.025511 0.016863 0.062418 0.026341 0.005915 0.003296 0.023125 0.007846 0.000858 0.038638 0.071742 0.041096 0.026998 0.007482 0.002231 0.053907 0.002729 0.046000 0.003125 0.098886 0.005413 0.042268 0.009899 0.005608 0.010614 0.056064 0.008810 0.004464 0.019857 0.014402 0.004403 0.039940 0.005660 0.030105 0.005254 0.037062 0.003566 0.001661 0.015182 0.024944 0.000670 0.001062 0.000410 0.013123 0.003037 0.006437 0.013016 0.017896 0.001458 0.001400 0.005461 0.005271 0.000295 0.006655 0.000642 0.000519 0.001203 0.005042 0.001352 
0.004800 0.011543 0.033558 0.008913 0.000939 0.036444 0.022523 0.071987 0.015894 0.002618 0.001873 0.019109 0.004585 0.000616 0.026129 0.057141 0.040736 0.017081 0.005589 0.001441 0.030127 0.002153 0.030187 0.001699 0.079320 0.003826 0.083751 0.006463 0.003744 0.007634 0.043932 0.006459 0.003427 0.086540 0.010623 0.009113 0.045350 0.003909 0.026144 0.010358 0.082506 0.003007 0.001775 0.027695 0.020702 0.000565 0.002754 0.000261 0.012177 0.003187 0.005462 0.035130 0.023253 0.001269 0.000768 0.006501 0.005977 0.000213 0.020797 0.000618 0.000731 0.002136 0.008643 0.001981 
0.008752 0.030649 0.035808 0.022418 0.004383 0.030294 0.023290 0.085236 0.040448 0.009697 0.005437 0.043689 0.014463 0.001704 0.067289 0.099760 0.046542 0.047973 0.008726 0.004377 0.116781 0.005731 0.126168 0.005427 0.132717 0.010256 0.059658 0.018914 0.011122 0.021320 0.117643 0.018945 0.008708 0.024364 0.024480 0.006457 0.071924 0.010624 0.050704 0.008324 0.055341 0.006467 0.003125 0.024245 0.039183 0.001092 0.001501 0.000759 0.022853 0.005540 0.010767 0.018195 0.031346 0.002444 0.002213 0.009050 0.009319 0.000400 0.009151 0.000881 0.000832 0.001719 0.007727 0.002111 
0.025692 0.079211 0.032621 0.060637 0.010175 0.034166 0.026591 0.102607 0.129828 0.041406 0.020689 0.064960 0.058891 0.007106 0.219217 0.091709 0.039655 0.147814 0.007270 0.022480 0.103733 0.024924 0.144800 0.023792 0.091141 0.049325 0.044019 0.109335 0.063066 0.102412 0.219846 0.083267 0.033167 0.022040 0.087757 0.005259 0.099770 0.031345 0.083714 0.006209 0.039183 0.015866 0.004461 0.022634 0.083213 0.002939 0.001272 0.001754 0.034530 0.009582 0.015722 0.012736 0.038869 0.003686 0.005057 0.011026 0.009460 0.000616 0.007986 0.001260 0.000857 0.001915 0.009560 0.002037 
0.016657 0.043785 0.056056 0.027955 0.004070 0.056943 0.042747 0.154131 0.058306 0.013382 0.008027 0.069329 0.020796 0.002177 0.099571 0.204176 0.109964 0.091378 0.019126 0.006159 0.209380 0.007307 0.234976 0.006743 0.463613 0.013674 0.174023 0.030616 0.018484 0.036868 0.305872 0.032194 0.014147 0.067387 0.049043 0.017560 0.206303 0.017339 0.124779 0.019296 0.120275 0.011166 0.006404 0.054010 0.075740 0.001873 0.003329 0.001057 0.040536 0.008941 0.015800 0.035690 0.052775 0.003443 0.002935 0.012430 0.012567 0.000613 0.021629 0.001614 0.001426 0.003683 0.015846 0.003222 
0.004800 0.022689 0.015186 0.012695 0.001565 0.015716 0.011792 0.040483 0.024287 0.007079 0.003260 0.021271 0.009736 0.000957 0.037730 0.044750 0.022596 0.028608 0.004303 0.002775 0.048415 0.003548 0.065683 0.003783 0.070842 0.007488 0.033452 0.012145 0.007441 0.015874 0.097239 0.012983 0.005502 0.014858 0.019189 0.004331 0.054181 0.006859 0.039810 0.005568 0.032518 0.004170 0.002252 0.016102 0.031306 0.000876 0.001136 0.000572 0.017571 0.004492 0.007646 0.012597 0.024393 0.001850 0.001490 0.008165 0.007766 0.000371 0.004825 0.000725 0.000615 0.001277 0.008054 0.001704 
0.001129 0.015524 0.001500 0.007023 0.002974 0.002050 0.000766 0.005741 0.014197 0.019006 0.002189 0.003398 0.015692 0.001199 0.018865 0.005525 0.001890 0.007580 0.000318 0.007066 0.004534 0.057913 0.006690 0.147522 0.004565 0.078505 0.003261 0.018948 0.006067 0.027977 0.012867 0.013182 0.029269 0.000915 0.011253 0.000288 0.005808 0.008034 0.005942 0.000396 0.002727 0.003113 0.000391 0.001242 0.014037 0.001214 0.000093 0.000796 0.005004 0.002481 0.003316 0.000980 0.004787 0.000770 0.001580 0.001664 0.001883 0.000111 0.000499 0.000214 0.000086 0.000160 0.000917 0.000315 
0.008470 0.024679 0.041808 0.016206 0.002348 0.039405 0.025943 0.099515 0.031251 0.008436 0.004257 0.035922 0.010918 0.001376 0.052358 0.104179 0.069633 0.040186 0.010760 0.003437 0.077988 0.004487 0.087909 0.004386 0.275461 0.008099 0.212185 0.016159 0.009447 0.020250 0.142458 0.018217 0.006948 0.074288 0.027629 0.020198 0.139949 0.010984 0.082790 0.022707 0.144512 0.007646 0.005196 0.055068 0.058673 0.001309 0.003914 0.000684 0.035198 0.007615 0.013342 0.040029 0.049470 0.002984 0.003477 0.011910 0.013320 0.000517 0.024457 0.001589 0.001462 0.003966 0.018465 0.004759 
0.003388 0.013932 0.008249 0.005807 0.001252 0.008769 0.005660 0.020610 0.014286 0.004364 0.002250 0.011518 0.006853 0.000678 0.021992 0.022335 0.011388 0.016407 0.001950 0.002220 0.021260 0.002971 0.030132 0.003454 0.030163 0.006390 0.018115 0.011600 0.006303 0.012755 0.101375 0.012917 0.006256 0.008943 0.020953 0.002368 0.038110 0.008226 0.034199 0.003302 0.020298 0.004186 0.001799 0.009937 0.030296 0.000982 0.000531 0.000410 0.015792 0.004470 0.007997 0.010217 0.019606 0.001404 0.001626 0.006657 0.006354 0.000248 0.007154 0.000881 0.000499 0.000933 0.005762 0.001130 
0.001694 0.003980 0.003375 0.002026 0.000626 0.004555 0.002712 0.009863 0.003572 0.000582 0.000547 0.003486 0.001512 0.000144 0.004741 0.009076 0.006617 0.003894 0.000883 0.000395 0.006146 0.000364 0.006800 0.000384 0.012473 0.000936 0.016605 0.001905 0.001090 0.002188 0.009375 0.001424 0.001163 0.019505 0.002687 0.002359 0.012014 0.001295 0.008121 0.003835 0.026862 0.000876 0.000415 0.007085 0.005958 0.000174 0.000702 0.000124 0.004170 0.001091 0.001912 0.008678 0.007637 0.000459 0.000587 0.001820 0.002212 0.000073 0.003660 0.000305 0.000171 0.000688 0.002750 0.000537 
-0.000000 0.001990 -0.000000 0.000405 -0.000000 0.000683 0.000413 0.000736 0.001250 0.000582 0.000280 0.000485 0.001182 0.000074 0.000605 0.000789 0.000540 0.000883 0.000092 0.000374 0.000856 0.001516 0.001437 0.001754 0.001549 0.002767 0.000302 0.001565 0.000569 0.002793 0.001471 0.001325 0.003207 0.000282 0.001218 0.000135 0.001193 0.001151 0.001386 0.000082 0.000606 0.000423 0.000072 0.000598 0.002828 0.000216 0.000039 0.000162 0.000500 0.000449 0.000819 0.000560 0.001710 0.000149 0.000406 0.000468 0.000471 0.000047 0.000166 0.000091 0.000030 0.000098 0.000393 0.000056 
0.005082 0.012737 0.033746 0.009318 0.001096 0.033141 0.021049 0.067865 0.015358 0.003394 0.002189 0.022595 0.005199 0.000706 0.027743 0.064244 0.057210 0.022066 0.007376 0.001847 0.043528 0.002183 0.049925 0.002248 0.148451 0.004802 0.196304 0.006804 0.005924 0.009171 0.091265 0.009969 0.003647 0.325176 0.019021 0.040649 0.131515 0.006883 0.070576 0.056578 0.521798 0.005168 0.005001 0.121176 0.048372 0.000929 0.013096 0.000597 0.042482 0.006673 0.012874 0.137722 0.067822 0.002970 0.002303 0.013678 0.015955 0.000496 0.079860 0.001400 0.001819 0.008791 0.032085 0.006111 
0.002259 0.012339 0.004687 0.008643 0.002348 0.006833 0.004304 0.016488 0.017144 0.008824 0.002688 0.008782 0.009027 0.001060 0.026835 0.015469 0.007742 0.016355 0.001335 0.004974 0.016273 0.011279 0.021397 0.013486 0.022011 0.027308 0.013103 0.027759 0.014598 0.056187 0.048987 0.036301 0.054388 0.007323 0.047742 0.002080 0.035246 0.045327 0.038358 0.003166 0.017067 0.020293 0.002577 0.010075 0.097957 0.009108 0.000580 0.005908 0.029860 0.017839 0.023212 0.006998 0.043087 0.008208 0.011876 0.019867 0.015532 0.001116 0.004492 0.002520 0.001008 0.001130 0.007661 0.002722 
0.002541 0.009155 0.004499 0.005537 0.001096 0.004214 0.004245 0.011630 0.008393 0.004364 0.001411 0.006884 0.004537 0.000559 0.013316 0.013338 0.005671 0.009397 0.001187 0.001633 0.012091 0.002335 0.013380 0.002083 0.018913 0.006186 0.012560 0.009287 0.005403 0.015641 0.039245 0.013050 0.006979 0.008098 0.023556 0.001918 0.036598 0.011895 0.041395 0.002934 0.018683 0.009232 0.002519 0.011363 0.061299 0.001367 0.000531 0.000796 0.022909 0.007957 0.012328 0.008398 0.030662 0.002727 0.003432 0.011234 0.009225 0.000470 0.004326 0.001062 0.000751 0.001080 0.005304 0.002037 
0.005364 0.020300 0.020060 0.012019 0.002661 0.020272 0.016568 0.059326 0.021430 0.006012 0.003174 0.024051 0.008129 0.001031 0.041463 0.064086 0.040871 0.034163 0.006486 0.003277 0.063932 0.005549 0.081772 0.004057 0.158967 0.010785 0.115814 0.021534 0.014424 0.027744 0.243282 0.028915 0.011663 0.078161 0.056181 0.029212 0.508875 0.022400 0.293462 0.042931 0.225503 0.019130 0.022054 0.156186 0.177534 0.003145 0.006916 0.001443 0.127223 0.019956 0.037295 0.075159 0.168471 0.006723 0.007315 0.035418 0.037088 0.001495 0.048082 0.003532 0.004345 0.009970 0.050223 0.011370 
0.003106 0.009951 0.014061 0.006888 0.000783 0.012983 0.007665 0.036656 0.015894 0.004364 0.002056 0.013239 0.005530 0.000669 0.028651 0.037252 0.021606 0.017341 0.003554 0.002039 0.028213 0.002759 0.033284 0.002905 0.069782 0.005942 0.060745 0.011192 0.005909 0.013220 0.071413 0.012685 0.005816 0.053445 0.020995 0.017065 0.104942 0.009617 0.067671 0.029858 0.153399 0.007026 0.005306 0.091733 0.056855 0.001351 0.004372 0.000709 0.043093 0.007935 0.016073 0.046187 0.066340 0.003821 0.003341 0.018515 0.016944 0.000809 0.032942 0.001820 0.002011 0.004776 0.023769 0.005889 
0.000847 0.001592 0.000937 0.002431 0.000157 0.001367 0.001002 0.002355 0.002947 0.001261 0.000341 0.001015 0.001560 0.000160 0.003934 0.002526 0.001035 0.002129 0.000233 0.000854 0.002166 0.001819 0.002599 0.002248 0.002935 0.003988 0.001932 0.003300 0.001295 0.006424 0.005974 0.004273 0.007828 0.001267 0.005795 0.000279 0.004455 0.003621 0.004357 0.000491 0.002727 0.001843 0.000320 0.001702 0.009897 0.001219 0.000107 0.001841 0.003948 0.002246 0.003667 0.001400 0.005699 0.001040 0.002754 0.003485 0.002400 0.000164 0.000499 0.000296 0.000192 0.000246 0.000917 0.000444 
0.003106 0.004378 0.017248 0.005402 0.000783 0.019589 0.011792 0.046224 0.008572 0.001842 0.001314 0.013989 0.002789 0.000292 0.015031 0.042461 0.039655 0.013759 0.004373 0.000865 0.029724 0.001152 0.033837 0.001480 0.116005 0.002645 0.147092 0.005477 0.004281 0.007308 0.075273 0.006260 0.002515 0.391507 0.014612 0.040046 0.122922 0.005732 0.070378 0.075218 1.027640 0.004896 0.005607 0.209552 0.049584 0.000707 0.031324 0.000348 0.043872 0.006973 0.011665 0.271385 0.087313 0.002565 0.002303 0.014875 0.015485 0.000619 0.151068 0.001532 0.002959 0.015347 0.052253 0.009759 
0.005647 0.018310 0.008249 0.011344 0.002661 0.008086 0.006839 0.027234 0.023305 0.009309 0.003588 0.012974 0.012100 0.001355 0.041160 0.025019 0.013729 0.025908 0.002134 0.005679 0.024989 0.010885 0.035495 0.012006 0.036033 0.027308 0.022160 0.036638 0.020285 0.066056 0.100640 0.055345 0.044202 0.013308 0.107072 0.004340 0.077811 0.101566 0.086355 0.005431 0.033326 0.075672 0.006332 0.021484 0.263776 0.011921 0.001179 0.006070 0.070673 0.037110 0.053524 0.012457 0.093240 0.014742 0.016843 0.039059 0.032052 0.001992 0.008319 0.004117 0.001925 0.002910 0.018007 0.004666 
0.005082 0.012737 0.012374 0.007293 0.001878 0.012869 0.010613 0.029590 0.012768 0.004267 0.001910 0.013327 0.005341 0.000563 0.018865 0.030859 0.019445 0.016303 0.003151 0.001985 0.026198 0.003548 0.031459 0.003289 0.058043 0.006064 0.050540 0.010171 0.006335 0.013081 0.074630 0.012685 0.006413 0.037602 0.021918 0.012067 0.113852 0.010336 0.074933 0.020360 0.108056 0.007434 0.005769 0.071583 0.059784 0.001346 0.003670 0.001020 0.044261 0.009540 0.017438 0.035270 0.074547 0.003942 0.004019 0.019399 0.018921 0.000771 0.024956 0.002338 0.001920 0.005157 0.024490 0.005926 
0.005082 0.008757 0.013873 0.005537 0.001096 0.014464 0.009139 0.032975 0.014286 0.004364 0.001995 0.012445 0.005246 0.000567 0.021791 0.031412 0.019625 0.016199 0.003321 0.002017 0.024586 0.002729 0.032620 0.002905 0.063179 0.004884 0.051748 0.008709 0.006003 0.013872 0.067277 0.010764 0.005565 0.048727 0.020701 0.015498 0.101759 0.008802 0.066747 0.027538 0.151177 0.007344 0.005277 0.108617 0.058168 0.001361 0.004674 0.000908 0.042593 0.009048 0.016424 0.047447 0.076713 0.003780 0.004245 0.018411 0.019015 0.000885 0.029448 0.002182 0.002152 0.005636 0.027895 0.006481 
0.001976 0.009155 0.004312 0.004187 0.001252 0.004214 0.002653 0.010894 0.010715 0.006109 0.001727 0.005869 0.005577 0.000633 0.017654 0.011444 0.004906 0.009917 0.000975 0.003064 0.011184 0.007520 0.016144 0.008388 0.016630 0.016686 0.008393 0.017724 0.008499 0.033423 0.031617 0.023152 0.031249 0.005704 0.030442 0.001639 0.023073 0.027268 0.024296 0.002238 0.012522 0.014732 0.001890 0.009339 0.075235 0.009836 0.000570 0.006704 0.023910 0.014930 0.022627 0.005598 0.037843 0.007466 0.011289 0.015707 0.013131 0.000987 0.004658 0.002141 0.000842 0.001166 0.006483 0.002278 
0.001976 0.007961 0.004125 0.004187 0.000783 0.003303 0.002476 0.010305 0.007054 0.003200 0.001277 0.003972 0.005010 0.000497 0.014224 0.010102 0.003916 0.008047 0.000770 0.002252 0.008162 0.004093 0.012108 0.005263 0.012554 0.011884 0.008091 0.012757 0.006382 0.022670 0.028216 0.016792 0.020372 0.005915 0.023976 0.001423 0.021879 0.019378 0.022447 0.002306 0.012219 0.013342 0.001866 0.008281 0.074326 0.012522 0.000424 0.007488 0.025578 0.016791 0.025202 0.003359 0.034652 0.008978 0.020771 0.020180 0.015155 0.001230 0.003827 0.002413 0.000816 0.000872 0.006941 0.002518 
0.001694 0.005175 0.013123 0.003781 0.000783 0.012641 0.007960 0.025909 0.007947 0.002036 0.000937 0.007723 0.002883 0.000279 0.010794 0.023125 0.017059 0.008878 0.002409 0.000897 0.015920 0.001273 0.019351 0.000713 0.044592 0.002238 0.052473 0.004116 0.002891 0.006238 0.038785 0.004637 0.002735 0.167306 0.009532 0.013282 0.054500 0.004173 0.035585 0.024127 0.226311 0.003218 0.002739 0.081198 0.029589 0.000580 0.020114 0.000448 0.027302 0.004962 0.009402 0.370197 0.055511 0.002039 0.001806 0.011130 0.013979 0.000523 0.188169 0.001359 0.002157 0.011787 0.039812 0.006648 
0.000282 0.000398 0.000750 0.000405 0.000157 0.000342 0.000649 0.001767 0.001697 0.000679 0.000158 0.000750 0.000331 0.000045 0.002018 0.001263 0.000540 0.000623 0.000071 0.000181 0.000957 0.000364 0.001659 0.000274 0.001467 0.000773 0.001087 0.000953 0.000632 0.001862 0.002849 0.001524 0.001132 0.000915 0.002225 0.000189 0.003580 0.001367 0.003169 0.000355 0.002727 0.001647 0.000224 0.001656 0.010806 0.000580 0.000068 0.000286 0.003725 0.002695 0.003043 0.000280 0.005813 0.001026 0.000948 0.003381 0.001930 0.000128 0.000499 0.000255 0.000106 0.000111 0.001244 0.000333 
0.002541 0.006767 0.005812 0.003241 0.000470 0.006719 0.005012 0.013543 0.007054 0.002133 0.001168 0.006620 0.003119 0.000304 0.012711 0.016732 0.008597 0.007684 0.001434 0.001014 0.012041 0.001577 0.016863 0.001699 0.027799 0.004110 0.024697 0.005579 0.003365 0.008239 0.035293 0.006161 0.003175 0.026194 0.011757 0.005952 0.050044 0.005372 0.036509 0.010003 0.071398 0.004291 0.003087 0.060772 0.038173 0.000982 0.002905 0.000323 0.029359 0.005839 0.012523 0.033171 0.058817 0.002741 0.003341 0.016851 0.014779 0.000616 0.022128 0.001795 0.001890 0.004801 0.024621 0.005537 
0.001694 0.012737 0.012561 0.008238 0.000626 0.011503 0.008903 0.031209 0.015269 0.004945 0.002360 0.014828 0.007279 0.000711 0.024716 0.031648 0.018905 0.020041 0.003243 0.002434 0.029875 0.004063 0.042019 0.004276 0.068315 0.009116 0.051144 0.014118 0.010237 0.026208 0.110474 0.021727 0.012292 0.048516 0.043081 0.012922 0.179968 0.021560 0.156139 0.021684 0.124718 0.020565 0.017502 0.098036 0.199750 0.004111 0.005351 0.002090 0.216913 0.030907 0.063550 0.054585 0.328166 0.012596 0.011605 0.066988 0.071682 0.002751 0.041760 0.007567 0.006991 0.012413 0.072290 0.018851 
0.002259 0.010349 0.007312 0.007158 0.000939 0.006150 0.005601 0.020315 0.010804 0.004848 0.001751 0.008694 0.006144 0.000604 0.021891 0.021467 0.011973 0.014849 0.001964 0.002487 0.018993 0.004821 0.027478 0.004769 0.037989 0.010337 0.026810 0.016091 0.008973 0.024905 0.072240 0.021727 0.014587 0.021829 0.043249 0.005538 0.080198 0.027364 0.094079 0.008570 0.051604 0.025400 0.008890 0.037448 0.267411 0.005773 0.002227 0.003557 0.215189 0.056318 0.124448 0.020014 0.265359 0.022235 0.019236 0.094969 0.082271 0.004205 0.017968 0.009576 0.004823 0.006041 0.044527 0.011629 
0.000282 0.003582 0.001875 0.002701 0.000626 0.002392 0.001533 0.003386 0.003393 0.001648 0.000584 0.002736 0.002032 0.000205 0.004943 0.003946 0.002026 0.003167 0.000424 0.000758 0.003476 0.001577 0.005142 0.001754 0.006277 0.004029 0.003744 0.005613 0.002433 0.007727 0.012132 0.006161 0.007199 0.002817 0.009406 0.000675 0.011139 0.008082 0.009903 0.001078 0.006564 0.005273 0.000864 0.004140 0.030700 0.003757 0.000219 0.006729 0.013178 0.008577 0.014668 0.002239 0.021885 0.006278 0.020591 0.014563 0.010919 0.000745 0.001830 0.001639 0.000474 0.000491 0.004191 0.001389 
0.000847 0.002388 0.003562 0.002836 0.000626 0.002164 0.001120 0.007361 0.003572 0.001648 0.000766 0.002648 0.001938 0.000271 0.006759 0.005761 0.003106 0.004569 0.000410 0.000769 0.005491 0.002122 0.006635 0.001535 0.007418 0.004436 0.005193 0.005239 0.002938 0.011358 0.014705 0.007254 0.008174 0.003310 0.011421 0.001009 0.015355 0.009449 0.016043 0.001365 0.007776 0.006573 0.001097 0.005521 0.042616 0.004343 0.000366 0.003620 0.016181 0.013304 0.018180 0.004619 0.031118 0.008910 0.016888 0.015915 0.013226 0.001081 0.001497 0.001935 0.000746 0.000663 0.005566 0.002037 
0.003106 0.009155 0.011061 0.006077 0.001565 0.009680 0.006957 0.028412 0.009197 0.001939 0.001362 0.010106 0.004065 0.000485 0.019470 0.025492 0.019490 0.013914 0.002868 0.001772 0.023830 0.002486 0.034334 0.001974 0.067826 0.006105 0.056579 0.011056 0.006525 0.017084 0.094666 0.015335 0.007859 0.068443 0.034011 0.015228 0.168989 0.016716 0.138907 0.028862 0.186522 0.015443 0.013986 0.165847 0.163597 0.002739 0.009480 0.001430 0.187720 0.027998 0.060507 0.098533 0.439188 0.011678 0.009663 0.071668 0.090837 0.002798 0.074702 0.008349 0.012913 0.027613 0.153289 0.034110 
0.001129 0.001194 0.006374 0.000945 -0.000000 0.007403 0.004127 0.015163 0.003572 0.000679 0.000365 0.004987 0.001418 0.000090 0.005448 0.013338 0.011208 0.005659 0.001554 0.000256 0.010832 0.000546 0.011500 0.000274 0.032446 0.000814 0.042993 0.001769 0.001280 0.002793 0.026837 0.002815 0.001195 0.139774 0.005795 0.010068 0.047657 0.002230 0.028125 0.020060 0.197429 0.002100 0.002615 0.084281 0.023227 0.000359 0.021610 0.000199 0.025800 0.003508 0.008036 1.215842 0.058133 0.001647 0.001129 0.010350 0.012284 0.000345 0.565007 0.001227 0.002696 0.020823 0.061290 0.010388 
-0.000000 0.003582 0.003375 0.002296 0.000470 0.003986 0.002064 0.009127 0.006697 0.001552 0.000912 0.003266 0.002174 0.000251 0.006961 0.007103 0.004321 0.006438 0.000834 0.000929 0.007607 0.001607 0.009288 0.001535 0.012880 0.003012 0.010567 0.004660 0.003239 0.006890 0.025091 0.006558 0.003835 0.008379 0.010287 0.002062 0.026733 0.006835 0.025352 0.003098 0.019086 0.005666 0.002357 0.014307 0.051806 0.001282 0.000887 0.000759 0.045707 0.012299 0.027776 0.011197 0.127778 0.005927 0.004922 0.033650 0.034923 0.001440 0.005823 0.003615 0.002117 0.002578 0.015781 0.005500 
0.000847 0.001990 0.002437 0.001080 0.000313 0.002961 0.001297 0.006772 0.003036 0.001261 0.000389 0.002824 0.000945 0.000193 0.005952 0.006945 0.004366 0.004984 0.000629 0.000619 0.009471 0.001789 0.012882 0.001590 0.018016 0.003744 0.014733 0.005647 0.003807 0.011405 0.042278 0.008479 0.007294 0.016407 0.026117 0.003953 0.061660 0.016788 0.069388 0.006973 0.046858 0.018842 0.007983 0.042600 0.215100 0.005330 0.002515 0.003346 0.250776 0.070221 0.212263 0.027852 0.987346 0.040487 0.031021 0.419973 0.535941 0.012853 0.024124 0.032614 0.016541 0.011197 0.086172 0.033221 
0.001412 0.004378 0.003750 0.002701 0.000626 0.002392 0.002889 0.009127 0.004554 0.002036 0.000803 0.004413 0.002316 0.000304 0.008474 0.009471 0.005536 0.006438 0.000791 0.001046 0.008061 0.002426 0.010173 0.002741 0.013533 0.004965 0.009239 0.006293 0.003871 0.011219 0.027481 0.009042 0.007765 0.007675 0.017467 0.001864 0.028244 0.011248 0.029115 0.003248 0.020601 0.010154 0.002496 0.014952 0.081193 0.003045 0.000741 0.002562 0.049599 0.028982 0.066398 0.008258 0.103043 0.028053 0.022442 0.096009 0.062739 0.006393 0.005989 0.011066 0.002797 0.002492 0.018858 0.006055 
0.001694 0.005175 0.002625 0.002566 0.000313 0.003303 0.001828 0.010599 0.005893 0.003200 0.000730 0.004590 0.003025 0.000251 0.010391 0.009865 0.004231 0.006853 0.000841 0.001377 0.009018 0.002577 0.012108 0.002577 0.015652 0.005616 0.010386 0.007688 0.004818 0.012615 0.032168 0.011592 0.011506 0.010069 0.020785 0.002476 0.035962 0.014773 0.036906 0.003644 0.022621 0.014219 0.002973 0.016286 0.109671 0.005441 0.000902 0.004254 0.061888 0.044875 0.094877 0.011057 0.141001 0.056795 0.045516 0.131219 0.087072 0.009763 0.009151 0.016954 0.003452 0.003180 0.022198 0.008870 
0.000847 0.003582 0.004874 0.001350 -0.000000 0.006492 0.003125 0.011335 0.002857 0.000679 0.000414 0.003663 0.001276 0.000136 0.005952 0.009787 0.008417 0.004465 0.001286 0.000310 0.007759 0.000606 0.009067 0.000329 0.024212 0.001424 0.027233 0.002075 0.001690 0.003352 0.021966 0.002782 0.001540 0.069711 0.005795 0.006826 0.030392 0.002422 0.023107 0.012814 0.110176 0.001949 0.002004 0.051847 0.022722 0.000443 0.011756 0.000236 0.021519 0.003273 0.007841 0.525414 0.051750 0.001634 0.001761 0.010194 0.011343 0.000374 0.524745 0.001276 0.002258 0.017729 0.050551 0.009574 
0.000847 0.002388 0.006374 0.001486 0.000157 0.005808 0.004068 0.013102 0.004464 0.001067 0.000645 0.004590 0.001512 0.000205 0.008171 0.014443 0.009227 0.004413 0.001300 0.000715 0.009925 0.000910 0.010173 0.001261 0.028777 0.001831 0.030856 0.003402 0.002054 0.004515 0.026654 0.003975 0.002421 0.069640 0.006844 0.007879 0.044236 0.003501 0.031030 0.015366 0.130778 0.003657 0.002634 0.067627 0.033022 0.000575 0.012721 0.000398 0.028803 0.005155 0.011118 0.359980 0.070671 0.002174 0.002077 0.013990 0.018497 0.000593 0.329255 0.001713 0.003478 0.025071 0.072290 0.012481 
0.000847 0.001990 0.001875 0.001215 0.000313 0.001822 0.001474 0.006183 0.002500 0.001358 0.000499 0.001853 0.001654 0.000173 0.004237 0.003867 0.003016 0.003738 0.000579 0.000555 0.004937 0.001031 0.005971 0.001261 0.007418 0.002686 0.005133 0.003232 0.001991 0.005726 0.011856 0.004538 0.004024 0.003873 0.007558 0.000855 0.013525 0.004916 0.013402 0.001747 0.010604 0.004216 0.001164 0.006487 0.038274 0.001636 0.000317 0.001231 0.022575 0.011657 0.025241 0.005179 0.050724 0.013068 0.013140 0.044364 0.031487 0.003840 0.003327 0.006488 0.001532 0.001363 0.009495 0.003537 
-0.000000 0.001592 -0.000000 0.000135 -0.000000 0.000228 0.000236 0.000589 0.000179 0.000194 0.000024 0.000177 0.000331 0.000025 0.000807 0.000631 0.000180 0.000104 0.000049 0.000075 0.000403 0.000182 0.000719 0.000055 0.000815 0.000366 0.000845 0.000544 0.000158 0.001117 0.002298 0.000563 0.000692 0.000211 0.000924 0.000072 0.001591 0.000767 0.001188 0.000191 0.000808 0.000680 0.000162 0.000690 0.004847 0.000259 0.000073 0.000460 0.002391 0.001369 0.002068 0.000840 0.003876 0.000851 0.013908 0.003329 0.002165 0.000222 0.000832 0.000387 0.000106 0.000086 0.000786 0.000278 
0.000565 0.001592 0.003562 0.001215 0.000157 0.005011 0.002771 0.012513 0.002768 0.000679 0.000268 0.002515 0.000520 0.000078 0.004641 0.009944 0.007517 0.003894 0.000982 0.000288 0.007557 0.000424 0.008459 0.000603 0.026413 0.000895 0.028380 0.001667 0.001311 0.002514 0.020036 0.002517 0.000786 0.077456 0.005836 0.007393 0.036439 0.002230 0.023899 0.014547 0.137342 0.001979 0.002300 0.070571 0.020702 0.000385 0.014899 0.000224 0.027024 0.004021 0.009090 0.580139 0.073065 0.001742 0.001490 0.011962 0.014590 0.000488 0.732213 0.001392 0.003311 0.034059 0.089119 0.013740 
0.000847 0.002786 0.004125 0.002971 0.000626 0.003758 0.002476 0.011777 0.006072 0.002909 0.000827 0.004766 0.002600 0.000214 0.009685 0.009155 0.006617 0.006646 0.000996 0.001174 0.009471 0.001698 0.012661 0.002522 0.020136 0.003866 0.016786 0.006293 0.004187 0.010939 0.036120 0.010268 0.007356 0.014435 0.018223 0.003746 0.049805 0.010217 0.047271 0.006605 0.047767 0.011015 0.004595 0.034688 0.101491 0.002707 0.002188 0.001903 0.097141 0.028170 0.074903 0.025613 0.394277 0.019548 0.019597 0.168041 0.244037 0.006714 0.017303 0.022956 0.014888 0.009884 0.084666 0.031887 
0.000282 0.002786 0.001125 0.001486 0.000157 0.000911 0.001120 0.003828 0.002143 0.000776 0.000207 0.001809 0.001371 0.000074 0.003834 0.002999 0.002386 0.001765 0.000473 0.000331 0.002922 0.000334 0.004312 0.000329 0.007174 0.001058 0.005736 0.001225 0.000711 0.002002 0.006893 0.001888 0.001069 0.009929 0.002603 0.001405 0.011775 0.001319 0.007988 0.002443 0.020601 0.001315 0.000668 0.011731 0.009493 0.000222 0.001457 0.000162 0.008841 0.001818 0.004057 0.027292 0.020062 0.000702 0.000587 0.005357 0.005271 0.000234 0.029116 0.000700 0.001033 0.007674 0.019448 0.003759 
0.001694 0.002388 0.003937 0.001756 0.000470 0.003075 0.002417 0.007655 0.003661 0.002133 0.000693 0.003839 0.002316 0.000275 0.008575 0.008208 0.005041 0.005503 0.000996 0.000971 0.007658 0.001637 0.010560 0.001864 0.017283 0.003948 0.010809 0.005987 0.003665 0.007867 0.030789 0.007419 0.005407 0.014365 0.015494 0.003494 0.041770 0.009017 0.040933 0.005677 0.033326 0.009323 0.003760 0.027465 0.086747 0.002718 0.002003 0.002239 0.086187 0.026501 0.064604 0.023793 0.317679 0.019670 0.018965 0.171422 0.213539 0.007313 0.018301 0.028893 0.015181 0.008951 0.084208 0.034110 
0.000282 0.001592 0.002625 0.001756 0.000313 0.002733 0.002182 0.005447 0.004643 0.001842 0.000584 0.002383 0.001323 0.000181 0.006557 0.003946 0.003421 0.004309 0.000523 0.000769 0.005441 0.001152 0.006358 0.001480 0.009375 0.002645 0.007004 0.004218 0.002212 0.006843 0.015349 0.006028 0.004527 0.005915 0.010665 0.001297 0.018617 0.006283 0.018684 0.002061 0.013532 0.005289 0.001651 0.007867 0.044939 0.002037 0.000565 0.001542 0.029137 0.015614 0.032731 0.007138 0.074205 0.015404 0.020365 0.067976 0.049513 0.006007 0.005657 0.015299 0.002570 0.002185 0.017418 0.006555 
0.000282 -0.000000 -0.000000 -0.000000 -0.000000 0.000228 0.000118 0.000294 0.000357 -0.000000 0.000061 0.000132 0.000189 0.000004 0.000404 0.000395 0.000180 0.000260 0.000021 0.000021 0.000101 0.000061 0.000332 0.000055 0.000163 0.000081 0.000181 0.000238 0.000079 0.000186 0.000919 0.000166 0.000063 0.000141 0.000462 0.000045 0.000955 0.000168 0.000660 0.000068 0.000404 0.000181 0.000048 0.000276 0.001212 0.000047 0.000019 0.000037 0.001056 0.000257 0.000741 0.000140 0.003762 0.000419 0.000361 0.002028 0.002447 0.000111 -0.000000 0.000428 0.000091 0.000147 0.000655 0.000352 
-0.000000 0.003184 0.002062 0.001756 0.000157 0.002619 0.001238 0.003828 0.002947 0.000679 0.000547 0.001809 0.001134 0.000168 0.003934 0.003709 0.002161 0.002856 0.000311 0.000523 0.003375 0.001001 0.004091 0.001535 0.004728 0.002157 0.004046 0.003878 0.001833 0.006098 0.010937 0.005564 0.003993 0.002817 0.009028 0.000801 0.014798 0.006427 0.014525 0.001583 0.008180 0.005485 0.001222 0.006211 0.038274 0.002654 0.000327 0.003147 0.022186 0.014459 0.028674 0.003919 0.050952 0.016889 0.059379 0.042127 0.032240 0.003382 0.004991 0.007583 0.001406 0.001658 0.009953 0.003796 
0.000565 0.001194 0.002250 0.001891 0.000157 0.003644 0.001710 0.006919 0.003929 0.000970 0.000499 0.003266 0.001276 0.000131 0.004338 0.008287 0.003961 0.003531 0.000678 0.000438 0.006902 0.000819 0.007630 0.000493 0.011250 0.001506 0.013103 0.002449 0.001580 0.002514 0.015165 0.002882 0.001729 0.018449 0.004829 0.002963 0.020209 0.002710 0.016175 0.004763 0.040092 0.002357 0.001503 0.022220 0.020601 0.000512 0.002880 0.000236 0.017793 0.003743 0.008778 0.055425 0.047190 0.001836 0.002122 0.012638 0.012190 0.000491 0.053905 0.001573 0.002636 0.026078 0.061486 0.010592 
0.002541 0.001990 0.003375 0.001621 0.000313 0.004100 0.002241 0.009716 0.004286 0.000776 0.000584 0.004148 0.001371 0.000156 0.007163 0.009708 0.006302 0.005296 0.000947 0.000427 0.009270 0.001122 0.010505 0.000932 0.021766 0.001913 0.018538 0.003810 0.002275 0.006331 0.026102 0.005001 0.003018 0.027603 0.009070 0.004809 0.040656 0.005708 0.033406 0.009075 0.066954 0.004745 0.003102 0.046879 0.044232 0.001008 0.004455 0.000721 0.047875 0.008427 0.020949 0.068021 0.144990 0.004914 0.005328 0.035730 0.043818 0.001370 0.060228 0.004512 0.010297 0.047761 0.360404 0.048183 
0.000565 0.001990 0.001500 0.000945 0.000313 0.001594 0.001651 0.006477 0.004732 0.001552 0.000462 0.002515 0.001512 0.000185 0.004641 0.004183 0.002611 0.002596 0.000438 0.000512 0.003577 0.001213 0.005695 0.001645 0.008967 0.002442 0.005374 0.003436 0.002006 0.006517 0.014797 0.004538 0.004433 0.004366 0.008986 0.001063 0.016867 0.006020 0.015251 0.001910 0.012522 0.005802 0.001298 0.008189 0.043020 0.002069 0.000590 0.001791 0.026134 0.014095 0.027659 0.006718 0.063262 0.014513 0.026100 0.061163 0.044054 0.004839 0.004159 0.013907 0.002102 0.002038 0.014602 0.005389 
0.001129 0.003184 0.000937 0.001486 -0.000000 0.002506 0.001946 0.005741 0.002857 0.000970 0.000499 0.002074 0.001607 0.000168 0.004136 0.004735 0.003466 0.003063 0.000459 0.000502 0.004786 0.000606 0.005584 0.000767 0.008723 0.001302 0.007850 0.002517 0.001201 0.003212 0.011305 0.003213 0.001446 0.009084 0.004157 0.001531 0.017583 0.002638 0.013996 0.002989 0.021914 0.002690 0.001255 0.014307 0.022419 0.000544 0.001145 0.000311 0.019462 0.004770 0.011352 0.017915 0.057563 0.002889 0.002574 0.016747 0.019674 0.000812 0.011813 0.002363 0.004607 0.007404 0.095994 0.023925 
-0.000000 0.001194 0.001687 0.001891 0.000313 0.002278 0.001061 0.003680 0.001964 0.000582 0.000182 0.001368 0.000756 0.000045 0.002926 0.003709 0.002296 0.001454 0.000417 0.000160 0.002872 0.000364 0.003428 0.000384 0.006196 0.000651 0.007548 0.001225 0.000427 0.001722 0.007445 0.001590 0.000723 0.013731 0.002519 0.001711 0.008036 0.001295 0.008979 0.002866 0.023833 0.000771 0.000568 0.011041 0.009998 0.000174 0.001740 0.000075 0.007006 0.001155 0.002575 0.072640 0.014818 0.000702 0.000993 0.003953 0.004283 0.000202 0.123450 0.000560 0.000615 0.005046 0.016632 0.002611 
0.000847 0.000796 0.003000 0.001621 0.000313 0.002847 0.002123 0.008097 0.003125 0.001261 0.000377 0.003045 0.000851 0.000111 0.004439 0.008129 0.005446 0.004569 0.000756 0.000374 0.005441 0.000728 0.008127 0.000713 0.014674 0.001262 0.016485 0.002415 0.001374 0.003259 0.016635 0.003279 0.001761 0.028659 0.006634 0.004106 0.027290 0.002686 0.021523 0.008024 0.062006 0.002372 0.001837 0.035240 0.022924 0.000470 0.005069 0.000386 0.026190 0.004428 0.008856 0.110709 0.062122 0.002322 0.001897 0.014719 0.017132 0.000660 0.126112 0.001976 0.004007 0.038025 0.100512 0.016592 
